0.06527777777777778 0.06458333333333334 0.06944444444444445 0.06388888888888888 0.06458333333333334 0.06597222222222222 0.06666666666666667 0.06875 0.06736111111111111 0.06944444444444445 0.06388888888888888 0.06388888888888888 0.06527777777777778 0.07152777777777777 0.06944444444444445
0.05449735449735442 0.05873015873015864 0.058730158730158646 0.08994708994708986 0.05767195767195762 0.06190476190476183 0.0576719576719576 0.05767195767195758 0.056084656084656015 0.07248677248677238 0.056084656084656 0.05555555555555547 0.10582010582010572 0.057671957671957604 0.09947089947089942
0.06805555555555555 0.06736111111111111 0.06666666666666667 0.06666666666666667 0.06527777777777778 0.06944444444444445 0.06388888888888888 0.06736111111111111 0.06944444444444445 0.06527777777777778 0.06458333333333334 0.06597222222222222 0.06666666666666667 0.06527777777777778 0.06805555555555555
0.10052910052910043 0.058730158730158646 0.05238095238095231 0.050264550264550185 0.0539682539682539 0.06243386243386235 0.05502645502645494 0.12328042328042318 0.05555555555555548 0.05555555555555548 0.06084656084656076 0.05396825396825389 0.06613756613756602 0.052380952380952306 0.09894179894179884
0.06611111111111101 0.05944444444444436 0.0677777777777777 0.06999999999999992 0.06666666666666658 0.0788888888888888 0.06055555555555547 0.05999999999999991 0.06444444444444433 0.06222222222222214 0.06166666666666658 0.0638888888888888 0.06833333333333323 0.05888888888888881 0.09111111111111102
0.06535947712418286 0.06797385620915018 0.06666666666666654 0.06470588235294103 0.06405228758169922 0.06862745098039202 0.06535947712418287 0.06535947712418289 0.07058823529411752 0.0640522875816992 0.06535947712418286 0.07058823529411751 0.06274509803921556 0.06862745098039204 0.06993464052287568
0.060233918128654945 0.06081871345029237 0.06081871345029237 0.05380116959064327 0.061403508771929786 0.06783625730994146 0.0584795321637427 0.06374269005847949 0.06081871345029237 0.06198830409356722 0.06666666666666662 0.06081871345029237 0.07426900584795315 0.06491228070175438 0.12339181286549701
0.07916666666666666 0.06666666666666667 0.06736111111111111 0.0625 0.06388888888888888 0.06597222222222222 0.07013888888888889 0.06666666666666667 0.06736111111111111 0.06805555555555555 0.06527777777777778 0.06388888888888888 0.06388888888888888 0.06458333333333334 0.06458333333333334
0.05847953216374267 0.06023391812865496 0.06257309941520464 0.05730994152046782 0.059649122807017535 0.06842105263157897 0.0567251461988304 0.05789473684210525 0.0567251461988304 0.059649122807017535 0.07368421052631574 0.10292397660818714 0.05789473684210525 0.09532163742690061 0.07251461988304089
0.059876543209876426 0.05925925925925915 0.061728395061728274 0.05679012345679001 0.059876543209876426 0.0604938271604937 0.0574074074074073 0.09691358024691345 0.058641975308641854 0.05555555555555545 0.06234567901234556 0.13086419753086398 0.058641975308641854 0.058024691358024585 0.06358024691358014
0.061728395061728274 0.06234567901234556 0.0574074074074073 0.05679012345679001 0.058641975308641854 0.08271604938271596 0.058641975308641875 0.06358024691358014 0.08641975308641964 0.0641975308641974 0.07654320987654309 0.05987654320987645 0.07345679012345666 0.05987654320987644 0.07777777777777767
0.05128205128205124 0.061965811965811905 0.07136752136752131 0.04700854700854699 0.05598290598290592 0.06068376068376065 0.0457264957264957 0.08290598290598283 0.07051282051282043 0.07692307692307687 0.07008547008547004 0.05299145299145292 0.05726495726495722 0.07435897435897428 0.1209401709401708
0.059876543209876426 0.059876543209876426 0.05925925925925915 0.05864197530864187 0.05987654320987644 0.1074074074074072 0.058641975308641854 0.09753086419753074 0.05987654320987644 0.05987654320987644 0.061728395061728274 0.07716049382716036 0.06049382716049371 0.05925925925925914 0.06049382716049372
0.06172839506172829 0.0679012345679011 0.06481481481481469 0.062345679012345556 0.05864197530864187 0.07530864197530851 0.06049382716049371 0.06851851851851838 0.06728395061728382 0.06913580246913568 0.06728395061728384 0.06975308641975296 0.062345679012345556 0.06604938271604925 0.07839506172839494
0.061437908496731884 0.06470588235294103 0.0614379084967319 0.06013071895424824 0.06732026143790838 0.11503267973856188 0.059477124183006415 0.0614379084967319 0.0640522875816992 0.06078431372549007 0.06013071895424824 0.06078431372549007 0.06078431372549007 0.0751633986928103 0.06732026143790837
0.06470588235294104 0.061437908496731905 0.062091503267973726 0.05882352941176457 0.0594771241830064 0.1156862745098037 0.06013071895424824 0.06732026143790834 0.06797385620915021 0.06470588235294106 0.068627450980392 0.06274509803921555 0.060784313725490056 0.0614379084967319 0.06405228758169923
0.06993464052287568 0.06666666666666653 0.06470588235294104 0.0614379084967319 0.06666666666666653 0.06601307189542469 0.0679738562091502 0.06470588235294106 0.072549019607843 0.07124183006535935 0.06274509803921555 0.07189542483660118 0.06339869281045739 0.06339869281045737 0.06666666666666651
0.057575757575757634 0.05505050505050511 0.06010101010101016 0.053030303030303046 0.05808080808080812 0.11464646464646466 0.06010101010101016 0.05505050505050508 0.06262626262626267 0.05505050505050511 0.06060606060606069 0.07121212121212128 0.06060606060606065 0.10252525252525257 0.0737373737373738
0.0679012345679011 0.06296296296296283 0.06728395061728383 0.05864197530864187 0.05864197530864187 0.06481481481481469 0.05740740740740729 0.06543209876543196 0.07345679012345666 0.0641975308641974 0.06543209876543199 0.06790123456790113 0.07777777777777767 0.07962962962962951 0.06851851851851841
0.0594771241830064 0.06013071895424823 0.061437908496731905 0.05882352941176457 0.0594771241830064 0.11307189542483635 0.06013071895424823 0.060784313725490056 0.06013071895424823 0.05882352941176457 0.06797385620915017 0.07973856209150311 0.06078431372549007 0.07908496732026131 0.06013071895424824
0.06257309941520463 0.06549707602339178 0.06549707602339178 0.059649122807017535 0.09239766081871344 0.06666666666666667 0.06198830409356722 0.05789473684210522 0.07602339181286544 0.06491228070175435 0.0695906432748538 0.0608187134502924 0.06315789473684208 0.06257309941520464 0.07076023391812862
0.06805555555555555 0.06597222222222222 0.06458333333333334 0.06319444444444444 0.06597222222222222 0.06527777777777778 0.06736111111111111 0.06319444444444444 0.06527777777777778 0.06527777777777778 0.06458333333333334 0.06458333333333334 0.0763888888888889 0.07569444444444444 0.06458333333333334
0.07291666666666667 0.06527777777777778 0.06527777777777778 0.06527777777777778 0.06597222222222222 0.06875 0.06319444444444444 0.06666666666666667 0.06666666666666667 0.06666666666666667 0.06527777777777778 0.06597222222222222 0.06875 0.06458333333333334 0.06875
0.06319444444444444 0.0625 0.08888888888888889 0.06388888888888888 0.06458333333333334 0.06527777777777778 0.0625 0.06319444444444444 0.0625 0.08472222222222223 0.06458333333333334 0.06319444444444444 0.06458333333333334 0.06319444444444444 0.06319444444444444
0.07291666666666667 0.06388888888888888 0.06458333333333334 0.06388888888888888 0.06527777777777778 0.06805555555555555 0.06944444444444445 0.06597222222222222 0.06527777777777778 0.06736111111111111 0.06736111111111111 0.06736111111111111 0.06597222222222222 0.06458333333333334 0.06805555555555555
0.06078431372549007 0.0640522875816992 0.06339869281045737 0.06209150326797373 0.06666666666666654 0.11307189542483638 0.0614379084967319 0.06601307189542471 0.06535947712418286 0.0640522875816992 0.06274509803921555 0.061437908496731905 0.06078431372549007 0.062091503267973726 0.0660130718954247
0.06319444444444444 0.06319444444444444 0.06388888888888888 0.0625 0.06458333333333334 0.06388888888888888 0.0625 0.06458333333333334 0.06458333333333334 0.06458333333333334 0.10902777777777778 0.06319444444444444 0.06319444444444444 0.06388888888888888 0.06319444444444444
0.05864197530864187 0.06543209876543199 0.06296296296296283 0.11111111111111094 0.062345679012345556 0.05925925925925915 0.06481481481481469 0.06851851851851841 0.06296296296296285 0.061111111111111005 0.06666666666666655 0.05925925925925915 0.05987654320987642 0.07098765432098753 0.06604938271604927
0.05730994152046784 0.0573099415204678 0.060818713450292376 0.057309941520467825 0.057309941520467825 0.06315789473684208 0.07368421052631577 0.060233918128654945 0.07076023391812862 0.06959064327485373 0.12573099415204678 0.05964912280701752 0.059649122807017514 0.05964912280701749 0.06783625730994146
0.06959064327485379 0.06842105263157894 0.06140350877192982 0.0590643274853801 0.06725146198830403 0.06608187134502923 0.05906432748538009 0.08596491228070172 0.06959064327485376 0.06549707602339173 0.0654970760233918 0.06374269005847953 0.06666666666666662 0.06491228070175434 0.06725146198830406
0.06388888888888888 0.06319444444444444 0.09652777777777778 0.0625 0.06319444444444444 0.08055555555555556 0.06458333333333334 0.06319444444444444 0.06527777777777778 0.06319444444444444 0.06388888888888888 0.0625 0.0625 0.0625 0.0625
0.06319444444444444 0.06388888888888888 0.06805555555555555 0.06319444444444444 0.0625 0.0763888888888889 0.06319444444444444 0.08680555555555555 0.06458333333333334 0.06388888888888888 0.07430555555555556 0.0625 0.0625 0.0625 0.0625
0.06458333333333334 0.06597222222222222 0.07013888888888889 0.0625 0.0625 0.0763888888888889 0.0625 0.0875 0.06319444444444444 0.0625 0.06944444444444445 0.0625 0.06388888888888888 0.0625 0.06388888888888888
0.06535947712418286 0.062091503267973726 0.06666666666666654 0.06078431372549007 0.06078431372549007 0.0679738562091502 0.0614379084967319 0.0614379084967319 0.0614379084967319 0.0614379084967319 0.06339869281045739 0.06405228758169922 0.08300653594771228 0.09215686274509789 0.06797385620915018
0.059999999999999915 0.06444444444444436 0.06722222222222216 0.053333333333333253 0.06333333333333324 0.07722222222222208 0.06333333333333326 0.10055555555555558 0.06944444444444432 0.06333333333333324 0.07555555555555545 0.07611111111111106 0.05499999999999991 0.05333333333333326 0.0577777777777777
0.05789473684210524 0.058479532163742666 0.061403508771929786 0.057309941520467825 0.056140350877193 0.0666666666666666 0.0596491228070175 0.13216374269005846 0.06608187134502916 0.067251461988304 0.06315789473684207 0.07836257309941524 0.05964912280701752 0.05614035087719299 0.05964912280701752
0.06458333333333334 0.06527777777777778 0.06944444444444445 0.0625 0.06388888888888888 0.07708333333333334 0.0625 0.08472222222222223 0.0625 0.0625 0.07291666666666667 0.06319444444444444 0.0625 0.0625 0.06388888888888888
0.06111111111111102 0.06055555555555547 0.06444444444444436 0.05777777777777768 0.05999999999999991 0.07388888888888877 0.057222222222222126 0.10388888888888889 0.06222222222222213 0.06277777777777768 0.0649999999999999 0.057222222222222126 0.06666666666666658 0.07444444444444435 0.07277777777777768
0.061403508771929814 0.06140350877192984 0.061403508771929814 0.05906432748538012 0.059649122807017514 0.06315789473684205 0.059649122807017535 0.1181286549707601 0.0707602339181286 0.07485380116959058 0.061403508771929786 0.06783625730994151 0.0614035087719298 0.05847953216374269 0.061403508771929814
0.06296296296296285 0.05925925925925915 0.06851851851851841 0.05679012345679001 0.06543209876543198 0.07345679012345664 0.058024691358024585 0.0796296296296295 0.06913580246913567 0.06111111111111099 0.07160493827160481 0.059876543209876426 0.06604938271604927 0.08148148148148134 0.06666666666666655
0.061437908496731884 0.06470588235294106 0.06535947712418287 0.10457516339869263 0.0633986928104574 0.06274509803921557 0.06013071895424823 0.06013071895424824 0.06339869281045737 0.06535947712418289 0.06928104575163384 0.06274509803921555 0.06732026143790835 0.0640522875816992 0.06535947712418286
0.06458333333333334 0.06388888888888888 0.07013888888888889 0.0625 0.0625 0.07430555555555556 0.06319444444444444 0.08888888888888889 0.06388888888888888 0.06388888888888888 0.07152777777777777 0.0625 0.06319444444444444 0.0625 0.0625
0.06597222222222222 0.06597222222222222 0.06666666666666667 0.06666666666666667 0.06458333333333334 0.06597222222222222 0.06458333333333334 0.06527777777777778 0.07083333333333333 0.06875 0.06458333333333334 0.06944444444444445 0.06875 0.06527777777777778 0.06666666666666667
0.06222222222222214 0.05944444444444435 0.06333333333333327 0.058333333333333244 0.05555555555555547 0.10444444444444441 0.056111111111111 0.07499999999999991 0.08611111111111101 0.06333333333333324 0.07611111111111099 0.05722222222222214 0.05444444444444436 0.05555555555555547 0.07277777777777766
0.05847953216374267 0.05847953216374265 0.1415204678362573 0.055555555555555546 0.0590643274853801 0.08830409356725137 0.06023391812865496 0.059649122807017535 0.05730994152046782 0.0643274853801169 0.06081871345029239 0.061403508771929814 0.05672514619883039 0.05964912280701752 0.058479532163742715
0.06111111111111099 0.05987654320987642 0.08395061728395052 0.05679012345679001 0.06358024691358014 0.06419753086419741 0.06358024691358012 0.059876543209876426 0.06049382716049371 0.0604938271604937 0.059876543209876426 0.059876543209876426 0.06419753086419741 0.11913580246913563 0.06296296296296287
0.06319444444444444 0.0625 0.07013888888888889 0.0625 0.07083333333333333 0.06458333333333334 0.06666666666666667 0.06527777777777778 0.06805555555555555 0.06944444444444445 0.06388888888888888 0.06527777777777778 0.06597222222222222 0.07708333333333334 0.06458333333333334
0.07708333333333334 0.06458333333333334 0.07152777777777777 0.06597222222222222 0.06597222222222222 0.06736111111111111 0.06319444444444444 0.06458333333333334 0.06666666666666667 0.06805555555555555 0.06458333333333334 0.06458333333333334 0.06527777777777778 0.06597222222222222 0.06458333333333334
0.058479532163742694 0.05555555555555554 0.05497076023391813 0.05321637426900585 0.053801169590643266 0.07894736842105265 0.053801169590643266 0.05321637426900586 0.07192982456140361 0.052631578947368425 0.1362573099415204 0.054970760233918115 0.06608187134502917 0.058479532163742694 0.09766081871345031
0.06481481481481469 0.06296296296296285 0.06543209876543198 0.06049382716049373 0.0679012345679011 0.06172839506172829 0.06543209876543198 0.06419753086419741 0.06913580246913567 0.06296296296296286 0.06358024691358014 0.10123456790123443 0.06049382716049371 0.06111111111111099 0.06851851851851838
0.06535947712418286 0.06274509803921555 0.06405228758169922 0.059477124183006415 0.0594771241830064 0.0771241830065358 0.06274509803921555 0.062091503267973726 0.06013071895424824 0.05882352941176457 0.10261437908496711 0.06013071895424824 0.059477124183006415 0.06470588235294104 0.08104575163398679
0.06666666666666651 0.06535947712418286 0.06928104575163388 0.06078431372549007 0.06535947712418289 0.06732026143790837 0.06666666666666653 0.06535947712418289 0.07385620915032666 0.06732026143790835 0.06862745098039201 0.06405228758169922 0.06405228758169922 0.06928104575163387 0.06601307189542471
0.0614379084967319 0.0614379084967319 0.0614379084967319 0.12941176470588214 0.0594771241830064 0.0705882352941175 0.06013071895424824 0.06274509803921555 0.06078431372549007 0.0614379084967319 0.06209150326797373 0.06078431372549007 0.061437908496731905 0.06013071895424824 0.06666666666666653
0.0625 0.06458333333333334 0.06875 0.06319444444444444 0.06319444444444444 0.06666666666666667 0.06319444444444444 0.06319444444444444 0.07083333333333333 0.06666666666666667 0.07916666666666666 0.06319444444444444 0.06319444444444444 0.07152777777777777 0.07013888888888889
0.05864197530864187 0.06049382716049372 0.06296296296296283 0.12777777777777763 0.05679012345679001 0.06419753086419742 0.059876543209876426 0.05864197530864187 0.06666666666666655 0.06666666666666655 0.07407407407407396 0.0574074074074073 0.059876543209876426 0.06172839506172827 0.06419753086419742
0.06319444444444444 0.06597222222222222 0.06875 0.06319444444444444 0.06736111111111111 0.07013888888888889 0.06458333333333334 0.06666666666666667 0.06666666666666667 0.06875 0.06319444444444444 0.06736111111111111 0.07083333333333333 0.06458333333333334 0.06875
0.06319444444444444 0.06458333333333334 0.06388888888888888 0.10486111111111111 0.06458333333333334 0.06458333333333334 0.0625 0.06666666666666667 0.06458333333333334 0.0625 0.06388888888888888 0.06458333333333334 0.0625 0.06319444444444444 0.06388888888888888
0.06535947712418289 0.07647058823529398 0.06797385620915018 0.0640522875816992 0.06666666666666653 0.07189542483660119 0.06470588235294104 0.061437908496731884 0.06078431372549007 0.06601307189542471 0.06666666666666651 0.06666666666666651 0.0679738562091502 0.06666666666666654 0.06666666666666654
0.0594771241830064 0.05882352941176457 0.05882352941176457 0.17254901960784289 0.05882352941176457 0.05882352941176457 0.05882352941176457 0.05882352941176457 0.05882352941176457 0.0594771241830064 0.0594771241830064 0.05882352941176457 0.0594771241830064 0.05882352941176457 0.06013071895424824
0.06013071895424824 0.062091503267973726 0.0614379084967319 0.12091503267973833 0.08104575163398677 0.062091503267973726 0.060784313725490056 0.06339869281045737 0.05882352941176457 0.060784313725490056 0.06013071895424824 0.06078431372549007 0.0614379084967319 0.0614379084967319 0.06470588235294103
0.06470588235294104 0.06732026143790837 0.06666666666666653 0.07058823529411751 0.08692810457516326 0.06274509803921555 0.0594771241830064 0.06339869281045739 0.06535947712418287 0.06209150326797371 0.0640522875816992 0.06601307189542471 0.06405228758169922 0.06339869281045739 0.07320261437908483
0.05132275132275125 0.055555555555555476 0.061375661375661285 0.18624338624338602 0.06031746031746025 0.0629629629629629 0.051322751322751256 0.06243386243386235 0.05873015873015866 0.057671957671957576 0.0597883597883597 0.05502645502645497 0.05291005291005283 0.06349206349206342 0.06084656084656077
0.06527777777777778 0.06805555555555555 0.06597222222222222 0.06527777777777778 0.06458333333333334 0.06666666666666667 0.06527777777777778 0.06944444444444445 0.06597222222222222 0.06805555555555555 0.06805555555555555 0.06527777777777778 0.06875 0.06597222222222222 0.06736111111111111
0.05617283950617273 0.05864197530864187 0.05555555555555545 0.16049382716049362 0.05617283950617273 0.05679012345679001 0.05864197530864187 0.05617283950617273 0.06049382716049371 0.0574074074074073 0.05740740740740729 0.09444444444444426 0.05740740740740729 0.05679012345679001 0.0574074074074073
0.0594771241830064 0.0614379084967319 0.08300653594771228 0.10653594771241807 0.06405228758169922 0.061437908496731905 0.06013071895424824 0.0594771241830064 0.05882352941176457 0.0816993464052286 0.06013071895424823 0.05882352941176457 0.06339869281045739 0.06078431372549007 0.06078431372549007
0.06319444444444444 0.06388888888888888 0.0625 0.11458333333333333 0.0625 0.06458333333333334 0.06319444444444444 0.06319444444444444 0.0625 0.06458333333333334 0.06319444444444444 0.0625 0.06458333333333334 0.0625 0.0625
0.07450980392156846 0.060784313725490056 0.06339869281045739 0.11568627450980366 0.06078431372549007 0.060784313725490056 0.06405228758169922 0.06078431372549007 0.06535947712418287 0.062091503267973726 0.0614379084967319 0.062091503267973726 0.06013071895424824 0.06405228758169922 0.06405228758169923
0.05499999999999991 0.05166666666666658 0.08722222222222209 0.05444444444444435 0.05555555555555547 0.0705555555555555 0.05222222222222214 0.05333333333333324 0.06055555555555546 0.10611111111111111 0.06944444444444435 0.0527777777777777 0.05444444444444437 0.11388888888888879 0.0627777777777777
0.06049382716049371 0.05740740740740729 0.05740740740740729 0.16790123456790101 0.05679012345679001 0.058024691358024585 0.05617283950617273 0.05740740740740729 0.05740740740740729 0.07654320987654308 0.05864197530864187 0.0574074074074073 0.062345679012345556 0.05679012345679001 0.05925925925925915
0.04973544973544966 0.052380952380952306 0.05661375661375653 0.214285714285714 0.05185185185185177 0.05767195767195762 0.05291005291005284 0.06190476190476183 0.05449735449735442 0.05449735449735441 0.06243386243386236 0.05238095238095231 0.06507936507936497 0.05661375661375656 0.05714285714285708
0.06535947712418287 0.06339869281045739 0.0660130718954247 0.06666666666666651 0.062091503267973726 0.06601307189542469 0.0614379084967319 0.06274509803921555 0.06405228758169922 0.062091503267973726 0.06013071895424824 0.11111111111111091 0.062091503267973726 0.06274509803921555 0.06405228758169923
0.05679012345679001 0.07345679012345666 0.05925925925925915 0.16543209876543188 0.05925925925925914 0.05925925925925914 0.05679012345679002 0.05864197530864187 0.05925925925925916 0.058024691358024585 0.05740740740740729 0.061728395061728274 0.05925925925925916 0.058641975308641854 0.05679012345679001
0.053333333333333253 0.050555555555555465 0.05388888888888881 0.24777777777777774 0.05111111111111102 0.056111111111111 0.07333333333333322 0.05166666666666657 0.053888888888888806 0.0527777777777777 0.05111111111111103 0.04999999999999991 0.05055555555555547 0.052222222222222135 0.05166666666666659
0.06527777777777778 0.06875 0.06666666666666667 0.06597222222222222 0.06805555555555555 0.06527777777777778 0.06666666666666667 0.06597222222222222 0.06458333333333334 0.06458333333333334 0.06736111111111111 0.06805555555555555 0.06736111111111111 0.06805555555555555 0.06736111111111111
0.055555555555555594 0.044888888888888916 0.04844444444444448 0.23155555555555535 0.044444444444444474 0.05022222222222226 0.0417777777777778 0.048000000000000036 0.045777777777777806 0.14399999999999993 0.04844444444444448 0.054666666666666704 0.047111111111111145 0.046222222222222255 0.04888888888888892
0.05964912280701754 0.05672514619883037 0.07602339181286534 0.11871345029239758 0.054970760233918115 0.05730994152046782 0.0543859649122807 0.05321637426900584 0.056725146198830366 0.13099415204678352 0.05614035087719295 0.05789473684210522 0.05380116959064329 0.05964912280701752 0.05380116959064327
0.1093567251461988 0.05614035087719299 0.08713450292397668 0.05906432748538009 0.05614035087719299 0.0847953216374268 0.07602339181286548 0.06666666666666667 0.06023391812865496 0.059649122807017514 0.05614035087719299 0.05847953216374267 0.0573099415204678 0.05614035087719296 0.056725146198830394
0.09444444444444434 0.04215686274509797 0.0866013071895424 0.1421568627450979 0.041176470588235245 0.052614379084967244 0.04117647058823522 0.04640522875816987 0.07222222222222212 0.0970588235294117 0.06045751633986919 0.036601307189542416 0.04019607843137248 0.10032679738562081 0.04640522875816986
0.05617283950617273 0.12037037037037011 0.05679012345679001 0.08395061728395048 0.1006172839506171 0.05987654320987644 0.05864197530864187 0.05925925925925916 0.0574074074074073 0.05740740740740729 0.05925925925925915 0.0574074074074073 0.0574074074074073 0.058641975308641854 0.05679012345679002
0.06257309941520468 0.05906432748538011 0.05730994152046779 0.12222222222222211 0.06081871345029239 0.06257309941520467 0.058479532163742666 0.06842105263157892 0.05964912280701754 0.06432748538011691 0.06549707602339179 0.07134502923976606 0.06257309941520466 0.05672514619883037 0.06842105263157891
0.06388888888888888 0.07222222222222222 0.06597222222222222 0.06527777777777778 0.06736111111111111 0.06805555555555555 0.06527777777777778 0.06875 0.06388888888888888 0.06805555555555555 0.06527777777777778 0.06805555555555555 0.06736111111111111 0.06666666666666667 0.06388888888888888
0.061403508771929786 0.0695906432748538 0.06842105263157892 0.05789473684210523 0.06081871345029239 0.06666666666666664 0.05614035087719297 0.06081871345029237 0.09824561403508765 0.07777777777777771 0.07602339181286549 0.060233918128654945 0.05847953216374267 0.07134502923976606 0.05614035087719298
0.06666666666666667 0.06597222222222222 0.06527777777777778 0.06597222222222222 0.06666666666666667 0.06597222222222222 0.06458333333333334 0.07013888888888889 0.06736111111111111 0.06458333333333334 0.06805555555555555 0.06875 0.06666666666666667 0.06666666666666667 0.06666666666666667
0.06013071895424823 0.061437908496731884 0.06601307189542469 0.06078431372549007 0.060784313725490056 0.0699346405228757 0.06339869281045739 0.06862745098039202 0.07973856209150314 0.061437908496731884 0.07450980392156847 0.05882352941176457 0.060784313725490056 0.06732026143790837 0.08627450980392141
0.06111111111111099 0.06419753086419742 0.07469135802469128 0.058641975308641854 0.05679012345679002 0.07407407407407395 0.05925925925925915 0.061111111111110984 0.09135802469135791 0.07037037037037022 0.06913580246913567 0.06604938271604927 0.06358024691358014 0.06728395061728383 0.06234567901234556
0.07058823529411752 0.06339869281045739 0.06405228758169922 0.06470588235294104 0.06732026143790837 0.06732026143790837 0.06078431372549007 0.0660130718954247 0.07320261437908483 0.06470588235294103 0.07450980392156849 0.0679738562091502 0.0640522875816992 0.06470588235294104 0.06666666666666653
0.06543209876543199 0.05987654320987644 0.06296296296296283 0.05679012345679001 0.05925925925925915 0.06481481481481469 0.05802469135802457 0.06790123456790112 0.06975308641975296 0.09382716049382703 0.06543209876543198 0.059876543209876426 0.09567901234567891 0.05864197530864187 0.061728395061728274
0.06049382716049371 0.06419753086419741 0.06604938271604928 0.06111111111111099 0.06481481481481469 0.06111111111111099 0.06358024691358014 0.0753086419753085 0.0728395061728394 0.06728395061728382 0.06543209876543199 0.06543209876543199 0.0759259259259258 0.06913580246913567 0.06728395061728384
0.06527777777777778 0.06388888888888888 0.08611111111111111 0.06527777777777778 0.06458333333333334 0.06527777777777778 0.06458333333333334 0.06597222222222222 0.06458333333333334 0.07291666666666667 0.06597222222222222 0.06319444444444444 0.06319444444444444 0.06458333333333334 0.06458333333333334
0.06805555555555555 0.06666666666666667 0.06736111111111111 0.06597222222222222 0.06458333333333334 0.06666666666666667 0.06597222222222222 0.06875 0.06527777777777778 0.06805555555555555 0.06666666666666667 0.06527777777777778 0.06458333333333334 0.06805555555555555 0.06805555555555555
0.06274509803921555 0.06339869281045737 0.06470588235294107 0.0594771241830064 0.06013071895424824 0.0660130718954247 0.06470588235294103 0.06274509803921556 0.0640522875816992 0.08431372549019593 0.06078431372549007 0.06013071895424823 0.09019607843137238 0.072549019607843 0.06405228758169922
0.05873015873015863 0.06719576719576711 0.05925925925925918 0.05291005291005284 0.0597883597883597 0.07354497354497348 0.056084656084656015 0.09523809523809519 0.06455026455026446 0.05767195767195762 0.065079365079365 0.10317460317460309 0.05555555555555547 0.07354497354497345 0.0576719576719576
0.06862745098039202 0.06274509803921555 0.06535947712418287 0.06797385620915018 0.06928104575163385 0.0699346405228757 0.06274509803921555 0.06339869281045737 0.06928104575163384 0.06666666666666653 0.07320261437908483 0.06862745098039202 0.06274509803921556 0.06470588235294104 0.06470588235294104
0.07830687830687824 0.10529100529100521 0.06296296296296289 0.052380952380952306 0.0634920634920634 0.0592592592592592 0.06402116402116395 0.05132275132275125 0.06825396825396816 0.060846560846560746 0.05873015873015863 0.09523809523809514 0.06031746031746024 0.05449735449735442 0.065079365079365
0.0640522875816992 0.06470588235294104 0.08235294117647046 0.060784313725490056 0.062091503267973726 0.08039215686274494 0.06013071895424823 0.06470588235294104 0.07516339869281032 0.06078431372549007 0.06535947712418287 0.06666666666666655 0.06535947712418289 0.0633986928104574 0.0640522875816992
0.06140350877192979 0.060818713450292376 0.06959064327485373 0.05497076023391813 0.05789473684210526 0.0637426900584795 0.0619883040935672 0.06842105263157894 0.09941520467836255 0.0590643274853801 0.08362573099415202 0.06374269005847952 0.05789473684210525 0.05730994152046784 0.08011695906432739
0.06597222222222222 0.06597222222222222 0.06805555555555555 0.06875 0.06875 0.06875 0.07013888888888889 0.06527777777777778 0.06736111111111111 0.06597222222222222 0.06388888888888888 0.06666666666666667 0.06458333333333334 0.06597222222222222 0.06388888888888888
0.06209150326797373 0.06013071895424824 0.09542483660130704 0.06013071895424824 0.06078431372549007 0.09738562091503249 0.06013071895424823 0.06405228758169922 0.062091503267973726 0.0614379084967319 0.0640522875816992 0.0614379084967319 0.062091503267973726 0.06078431372549007 0.0679738562091502
0.06666666666666667 0.06805555555555555 0.06597222222222222 0.06597222222222222 0.06388888888888888 0.07291666666666667 0.06388888888888888 0.06458333333333334 0.06666666666666667 0.06805555555555555 0.06736111111111111 0.07222222222222222 0.06458333333333334 0.0625 0.06666666666666667
0.05789473684210524 0.06549707602339179 0.06023391812865497 0.05730994152046786 0.06374269005847949 0.06608187134502919 0.05964912280701756 0.06491228070175437 0.06257309941520466 0.06081871345029236 0.06374269005847949 0.059649122807017535 0.061403508771929786 0.13625730994152033 0.06023391812865492
0.06172839506172829 0.05987654320987642 0.062345679012345556 0.05679012345679001 0.058641975308641854 0.07592592592592583 0.05864197530864187 0.06358024691358012 0.09876543209876534 0.0679012345679011 0.07654320987654306 0.05802469135802457 0.05864197530864187 0.08148148148148134 0.061111111111111005
0.06388888888888888 0.06319444444444444 0.06458333333333334 0.06388888888888888 0.06458333333333334 0.06458333333333334 0.06388888888888888 0.06527777777777778 0.06666666666666667 0.0625 0.0625 0.0625 0.06388888888888888 0.09791666666666667 0.07013888888888889
0.057671957671957604 0.05661375661375652 0.0592592592592592 0.05767195767195758 0.059788359788359696 0.06402116402116396 0.05449735449735443 0.10423280423280414 0.09153439153439148 0.06825396825396815 0.06402116402116391 0.05132275132275125 0.05714285714285706 0.09682539682539676 0.05714285714285706
0.06388888888888888 0.06527777777777778 0.06527777777777778 0.06319444444444444 0.0625 0.06875 0.0625 0.06527777777777778 0.08402777777777778 0.06875 0.07361111111111111 0.0625 0.06388888888888888 0.06597222222222222 0.06458333333333334
0.0640522875816992 0.06274509803921556 0.06666666666666653 0.062091503267973726 0.060784313725490056 0.07320261437908482 0.06078431372549007 0.06274509803921556 0.07385620915032666 0.06209150326797373 0.06274509803921555 0.06470588235294104 0.06405228758169922 0.09281045751633969 0.06666666666666654
0.07979797979797984 0.0717171717171718 0.056060606060606116 0.05101010101010101 0.0560606060606061 0.06717171717171719 0.05858585858585863 0.06616161616161623 0.06515151515151525 0.06010101010101014 0.07171717171717178 0.10959595959595961 0.06010101010101019 0.05808080808080814 0.06868686868686874
0.06458333333333334 0.06527777777777778 0.06597222222222222 0.06458333333333334 0.06458333333333334 0.06527777777777778 0.06597222222222222 0.06666666666666667 0.06875 0.06736111111111111 0.07708333333333334 0.06597222222222222 0.06736111111111111 0.06458333333333334 0.06597222222222222
0.06732026143790835 0.07189542483660115 0.06470588235294104 0.06078431372549007 0.06470588235294104 0.07385620915032667 0.06470588235294106 0.0640522875816992 0.06535947712418289 0.06666666666666653 0.06535947712418287 0.07385620915032665 0.06666666666666654 0.06470588235294106 0.06535947712418289
0.06601307189542469 0.07124183006535935 0.06470588235294106 0.06405228758169922 0.06732026143790837 0.07124183006535935 0.06470588235294106 0.06732026143790834 0.06405228758169922 0.06274509803921555 0.06862745098039201 0.07189542483660115 0.06470588235294104 0.06732026143790835 0.06405228758169922
0.05882352941176457 0.05882352941176457 0.13137254901960768 0.0594771241830064 0.06209150326797371 0.08169934640522862 0.0594771241830064 0.062091503267973726 0.06013071895424824 0.06274509803921555 0.06013071895424824 0.06339869281045739 0.06013071895424824 0.059477124183006415 0.06013071895424824
0.054106280193236794 0.0855072463768117 0.09082125603864735 0.05845410628019334 0.09806763285024164 0.057971014492753714 0.0579710144927537 0.05265700483091797 0.05507246376811601 0.06328502415458948 0.06038647342995179 0.10048309178743971 0.05603864734299525 0.04927536231884067 0.05990338164251219
0.05789473684210524 0.06900584795321638 0.08421052631578951 0.05964912280701752 0.06140350877192977 0.06315789473684205 0.06491228070175435 0.058479532163742666 0.06725146198830406 0.06198830409356721 0.0637426900584795 0.07777777777777771 0.07426900584795318 0.07251461988304089 0.06374269005847948
0.06078431372549007 0.10196078431372528 0.06535947712418287 0.06339869281045737 0.06274509803921555 0.06274509803921555 0.0640522875816992 0.06470588235294106 0.062091503267973726 0.06274509803921555 0.062091503267973726 0.07124183006535935 0.0640522875816992 0.0660130718954247 0.06601307189542471
0.0763888888888889 0.06666666666666667 0.06527777777777778 0.06527777777777778 0.06527777777777778 0.06388888888888888 0.06666666666666667 0.06458333333333334 0.06527777777777778 0.06736111111111111 0.06736111111111111 0.06458333333333334 0.06805555555555555 0.06458333333333334 0.06875
0.06111111111111101 0.05802469135802457 0.058641975308641854 0.05740740740740729 0.06049382716049373 0.05925925925925915 0.05679012345679001 0.05925925925925914 0.06111111111111099 0.061728395061728274 0.05679012345679001 0.17345679012345652 0.05864197530864187 0.05740740740740729 0.059876543209876426
0.06597222222222222 0.06458333333333334 0.06875 0.06527777777777778 0.06597222222222222 0.06875 0.06527777777777778 0.06666666666666667 0.06458333333333334 0.06527777777777778 0.06666666666666667 0.07569444444444444 0.06597222222222222 0.06388888888888888 0.06666666666666667
0.06604938271604925 0.06296296296296285 0.06419753086419742 0.05987654320987642 0.06666666666666654 0.07098765432098753 0.06296296296296283 0.06358024691358014 0.06358024691358014 0.06913580246913567 0.0722222222222221 0.062345679012345556 0.07037037037037028 0.061728395061728274 0.0833333333333332
0.060784313725490056 0.0614379084967319 0.09084967320261421 0.05882352941176457 0.06339869281045737 0.059477124183006415 0.062091503267973726 0.06013071895424824 0.061437908496731905 0.060784313725490056 0.0640522875816992 0.11764705882352919 0.06078431372549007 0.05882352941176457 0.0594771241830064
0.0604938271604937 0.05925925925925915 0.08950617283950602 0.05987654320987642 0.05925925925925914 0.08580246913580232 0.05740740740740729 0.05740740740740729 0.06419753086419741 0.06234567901234558 0.06234567901234558 0.058024691358024585 0.06481481481481471 0.0975308641975307 0.06172839506172829
0.059649122807017535 0.1309941520467835 0.05614035087719298 0.05555555555555554 0.06140350877192982 0.0637426900584795 0.055555555555555525 0.05789473684210525 0.06257309941520466 0.06315789473684205 0.06725146198830408 0.06315789473684211 0.08362573099415205 0.060818713450292376 0.05847953216374269
0.06604938271604925 0.08086419753086406 0.06543209876543199 0.062345679012345556 0.07407407407407395 0.0691358024691357 0.06111111111111099 0.06234567901234556 0.0648148148148147 0.0648148148148147 0.06790123456790113 0.06481481481481469 0.06543209876543198 0.06913580246913568 0.061728395061728294
0.06527777777777778 0.06319444444444444 0.06597222222222222 0.06666666666666667 0.06527777777777778 0.06736111111111111 0.06805555555555555 0.06666666666666667 0.06666666666666667 0.06805555555555555 0.06527777777777778 0.07569444444444444 0.06527777777777778 0.06736111111111111 0.06319444444444444
0.0527777777777777 0.1716666666666666 0.05444444444444437 0.05666666666666658 0.05444444444444435 0.07333333333333325 0.053333333333333253 0.05777777777777769 0.05999999999999991 0.06611111111111104 0.056666666666666594 0.06222222222222214 0.06111111111111103 0.057222222222222126 0.06222222222222216
0.05438596491228069 0.0771929824561403 0.06432748538011693 0.05789473684210525 0.08070175438596491 0.058479532163742694 0.09239766081871346 0.06081871345029237 0.06023391812865497 0.06198830409356722 0.06198830409356722 0.0590643274853801 0.09473684210526313 0.05614035087719299 0.05964912280701754
0.06666666666666655 0.0648148148148147 0.06419753086419742 0.05925925925925914 0.0648148148148147 0.06172839506172829 0.06481481481481469 0.06666666666666657 0.08209876543209861 0.06419753086419741 0.0771604938271604 0.0574074074074073 0.06049382716049372 0.06358024691358014 0.08209876543209864
0.08039215686274494 0.06078431372549007 0.059477124183006415 0.11764705882352917 0.06209150326797371 0.06274509803921555 0.0614379084967319 0.061437908496731905 0.06274509803921556 0.06274509803921555 0.06339869281045737 0.06209150326797373 0.060784313725490056 0.062091503267973726 0.06013071895424824
0.07152777777777777 0.06319444444444444 0.06527777777777778 0.06736111111111111 0.07083333333333333 0.06875 0.06388888888888888 0.06458333333333334 0.06666666666666667 0.06736111111111111 0.06736111111111111 0.06805555555555555 0.06666666666666667 0.06319444444444444 0.06527777777777778
0.07152777777777777 0.06597222222222222 0.06527777777777778 0.06319444444444444 0.06319444444444444 0.06805555555555555 0.06388888888888888 0.06944444444444445 0.07291666666666667 0.06805555555555555 0.06666666666666667 0.06875 0.0625 0.06458333333333334 0.06597222222222222
0.06319444444444444 0.06319444444444444 0.08888888888888889 0.06319444444444444 0.06458333333333334 0.06597222222222222 0.0625 0.06319444444444444 0.0625 0.08888888888888889 0.0625 0.0625 0.0625 0.06388888888888888 0.0625
0.06388888888888888 0.06666666666666667 0.06805555555555555 0.07361111111111111 0.06388888888888888 0.06944444444444445 0.06319444444444444 0.06319444444444444 0.07013888888888889 0.06805555555555555 0.06944444444444445 0.06527777777777778 0.06319444444444444 0.06597222222222222 0.06597222222222222
0.06805555555555555 0.06597222222222222 0.06944444444444445 0.06458333333333334 0.06736111111111111 0.06666666666666667 0.06666666666666667 0.06736111111111111 0.06736111111111111 0.06666666666666667 0.06805555555555555 0.06458333333333334 0.06388888888888888 0.06666666666666667 0.06666666666666667
0.08055555555555556 0.06458333333333334 0.06527777777777778 0.06527777777777778 0.06944444444444445 0.06597222222222222 0.06527777777777778 0.06527777777777778 0.06666666666666667 0.06458333333333334 0.06875 0.06597222222222222 0.06458333333333334 0.06388888888888888 0.06388888888888888
0.0766081871345029 0.060818713450292376 0.061403508771929835 0.059649122807017535 0.0614035087719298 0.06725146198830402 0.05964912280701752 0.07017543859649121 0.06432748538011691 0.06549707602339175 0.06549707602339178 0.09239766081871344 0.06549707602339182 0.06081871345029239 0.06900584795321635
0.0625 0.06388888888888888 0.07013888888888889 0.06458333333333334 0.0625 0.075 0.06319444444444444 0.06527777777777778 0.07222222222222222 0.06388888888888888 0.06666666666666667 0.06666666666666667 0.06805555555555555 0.06666666666666667 0.06875
0.0625 0.0625 0.0625 0.12361111111111112 0.0625 0.0625 0.0625 0.0625 0.0625 0.06319444444444444 0.0625 0.0625 0.06319444444444444 0.0625 0.0625
0.061728395061728274 0.06604938271604927 0.0679012345679011 0.11358024691358005 0.0641975308641974 0.06728395061728383 0.061728395061728274 0.06049382716049371 0.06358024691358014 0.05925925925925915 0.061111111111111005 0.062345679012345556 0.06296296296296285 0.06296296296296285 0.0648148148148147
0.06388888888888888 0.06458333333333334 0.06458333333333334 0.06319444444444444 0.06944444444444445 0.06597222222222222 0.06597222222222222 0.06388888888888888 0.06319444444444444 0.06527777777777778 0.06388888888888888 0.06388888888888888 0.07013888888888889 0.0875 0.06458333333333334
