0.06319444444444444 0.06388888888888888 0.06527777777777778 0.06597222222222222 0.06319444444444444 0.07361111111111111 0.06527777777777778 0.07013888888888889 0.06736111111111111 0.06388888888888888 0.06319444444444444 0.06666666666666667 0.06388888888888888 0.07708333333333334 0.06736111111111111
0.05614035087719298 0.055555555555555546 0.05614035087719298 0.0573099415204678 0.0543859649122807 0.05555555555555554 0.053801169590643266 0.0994152046783625 0.08421052631578946 0.12748538011695898 0.057309941520467846 0.06608187134502923 0.0543859649122807 0.05672514619883039 0.06549707602339175
0.058641975308641854 0.15370370370370348 0.06172839506172829 0.06234567901234556 0.05987654320987644 0.05925925925925915 0.05802469135802457 0.06419753086419742 0.05802469135802457 0.06481481481481469 0.058024691358024585 0.05987654320987642 0.06296296296296283 0.05987654320987642 0.058641975308641854
0.0625 0.0625 0.0625 0.0625 0.0625 0.12152777777777778 0.0625 0.06319444444444444 0.0625 0.0625 0.0625 0.06319444444444444 0.06458333333333334 0.0625 0.0625
0.05882352941176457 0.05882352941176457 0.1117647058823527 0.05882352941176457 0.05882352941176457 0.0594771241830064 0.06013071895424824 0.05882352941176457 0.059477124183006415 0.06013071895424824 0.060784313725490056 0.05882352941176457 0.11633986928104549 0.0594771241830064 0.0594771241830064
0.04973544973544967 0.05608465608465602 0.07883597883597872 0.21058201058201023 0.050793650793650724 0.052380952380952306 0.050264550264550206 0.051851851851851795 0.04867724867724861 0.04867724867724859 0.0592592592592592 0.05291005291005283 0.08994708994708986 0.04973544973544966 0.05026455026455019
0.054970760233918115 0.05380116959064327 0.056725146198830394 0.22690058479532177 0.054970760233918115 0.053801169590643266 0.05380116959064329 0.058479532163742666 0.05321637426900584 0.06257309941520464 0.055555555555555546 0.0543859649122807 0.053801169590643266 0.05380116959064329 0.05321637426900585
0.06470588235294104 0.06601307189542471 0.07647058823529398 0.06274509803921555 0.07124183006535935 0.06274509803921555 0.06274509803921555 0.07058823529411752 0.06078431372549007 0.06274509803921555 0.06209150326797373 0.06928104575163384 0.07973856209150312 0.06470588235294106 0.06339869281045737
0.05252525252525254 0.09141414141414142 0.05050505050505052 0.051010101010101026 0.052525252525252565 0.24797979797979788 0.048989898989899 0.04747474747474746 0.05000000000000002 0.057070707070707105 0.0494949494949495 0.047474747474747475 0.05707070707070709 0.047474747474747475 0.048989898989899
0.1234567901234566 0.05802469135802457 0.05802469135802457 0.05802469135802457 0.05555555555555545 0.11358024691358004 0.058024691358024585 0.058641975308641854 0.05740740740740729 0.058024691358024585 0.06358024691358014 0.05555555555555545 0.06296296296296285 0.05679012345679001 0.06234567901234556
0.06049382716049371 0.07098765432098755 0.0728395061728394 0.05925925925925915 0.06111111111111099 0.11358024691358004 0.06111111111111099 0.06728395061728382 0.058641975308641875 0.06172839506172827 0.061111111111111005 0.058641975308641854 0.059876543209876426 0.06358024691358012 0.06975308641975296
0.06319444444444444 0.07013888888888889 0.06527777777777778 0.06388888888888888 0.0625 0.08125 0.0625 0.08055555555555556 0.06319444444444444 0.06666666666666667 0.0625 0.06388888888888888 0.0625 0.0625 0.06944444444444445
0.06616161616161623 0.056060606060606095 0.04848484848484848 0.1833333333333333 0.04797979797979797 0.06616161616161627 0.09292929292929293 0.06515151515151522 0.04848484848484849 0.05050505050505051 0.047474747474747475 0.053030303030303046 0.04797979797979798 0.04595959595959594 0.08030303030303035
0.15026455026455007 0.05925925925925918 0.15449735449735427 0.0634920634920634 0.04920634920634913 0.050793650793650724 0.05026455026455019 0.05661375661375654 0.04814814814814808 0.053968253968253915 0.052380952380952306 0.05185185185185179 0.05185185185185177 0.05026455026455019 0.057142857142857065
0.1671717171717172 0.06565656565656573 0.06060606060606065 0.05808080808080812 0.04848484848484849 0.052525252525252544 0.05050505050505053 0.05858585858585862 0.05151515151515154 0.11464646464646464 0.051010101010101026 0.052525252525252544 0.059595959595959654 0.05656565656565658 0.05252525252525254
0.1148148148148146 0.06481481481481471 0.05987654320987642 0.05925925925925915 0.058024691358024585 0.06234567901234556 0.05679012345679001 0.059876543209876426 0.06234567901234555 0.08518518518518503 0.05740740740740729 0.07654320987654308 0.05925925925925914 0.0648148148148147 0.058641975308641854
0.06419753086419741 0.07222222222222212 0.06358024691358014 0.06481481481481469 0.06728395061728384 0.07407407407407396 0.07716049382716038 0.06728395061728384 0.061111111111110984 0.06296296296296283 0.06790123456790113 0.06481481481481469 0.06790123456790112 0.06111111111111099 0.06358024691358012
0.06527777777777778 0.06805555555555555 0.06875 0.0625 0.06666666666666667 0.06388888888888888 0.06805555555555555 0.06736111111111111 0.06458333333333334 0.06736111111111111 0.06666666666666667 0.06736111111111111 0.07152777777777777 0.06666666666666667 0.06527777777777778
0.06339869281045739 0.0705882352941175 0.06862745098039201 0.0660130718954247 0.06209150326797373 0.06797385620915018 0.06405228758169922 0.07973856209150314 0.06862745098039201 0.06732026143790838 0.06339869281045739 0.06535947712418286 0.06666666666666653 0.06339869281045739 0.06274509803921555
0.06597222222222222 0.06736111111111111 0.06805555555555555 0.06527777777777778 0.06458333333333334 0.06597222222222222 0.06666666666666667 0.06597222222222222 0.06597222222222222 0.06666666666666667 0.06805555555555555 0.06458333333333334 0.07152777777777777 0.06944444444444445 0.06388888888888888
0.05617283950617273 0.05679012345679001 0.05617283950617273 0.0574074074074073 0.05679012345679001 0.05617283950617273 0.05617283950617273 0.05679012345679002 0.10370370370370349 0.05617283950617273 0.05617283950617273 0.16049382716049362 0.05555555555555545 0.05617283950617273 0.05925925925925915
0.06257309941520467 0.0637426900584795 0.0631578947368421 0.06257309941520464 0.06257309941520466 0.06842105263157892 0.06198830409356722 0.0649122807017544 0.05847953216374267 0.06140350877192977 0.05789473684210524 0.06432748538011696 0.12514619883040926 0.05789473684210523 0.06491228070175437
0.05925925925925914 0.06358024691358015 0.059876543209876426 0.06234567901234556 0.06234567901234555 0.058641975308641854 0.07777777777777765 0.061111111111110984 0.06913580246913566 0.061728395061728294 0.062345679012345556 0.10617283950617272 0.058024691358024585 0.0753086419753085 0.06234567901234558
0.06888888888888879 0.053333333333333253 0.05277777777777769 0.05777777777777768 0.05444444444444437 0.07944444444444437 0.05444444444444436 0.0577777777777777 0.09444444444444443 0.054999999999999924 0.05611111111111103 0.15166666666666667 0.055555555555555476 0.05111111111111102 0.05722222222222215
0.06535947712418287 0.0614379084967319 0.06274509803921555 0.06732026143790838 0.06013071895424824 0.08758169934640507 0.06274509803921555 0.07058823529411752 0.062091503267973726 0.06862745098039204 0.06535947712418286 0.07581699346405214 0.06405228758169923 0.06013071895424824 0.0660130718954247
0.054999999999999924 0.0916666666666666 0.056666666666666574 0.06333333333333324 0.05944444444444435 0.057222222222222126 0.05999999999999991 0.07388888888888878 0.08722222222222216 0.0577777777777777 0.05722222222222215 0.09999999999999994 0.06055555555555547 0.05833333333333325 0.061666666666666585
0.06250000000000001 0.050462962962962966 0.05138888888888891 0.05833333333333339 0.05277777777777777 0.06759259259259259 0.051851851851851836 0.08425925925925934 0.08101851851851852 0.056944444444444395 0.05 0.14074074074074072 0.05138888888888888 0.050925925925925895 0.0898148148148148
0.0625 0.06875 0.06388888888888888 0.0625 0.0625 0.08680555555555555 0.06319444444444444 0.07777777777777778 0.06388888888888888 0.06666666666666667 0.06319444444444444 0.0625 0.0625 0.0625 0.07083333333333333
0.06601307189542471 0.06732026143790837 0.06535947712418287 0.06405228758169922 0.06339869281045737 0.07843137254901945 0.0745098039215685 0.06339869281045737 0.06274509803921555 0.06732026143790838 0.0614379084967319 0.07320261437908483 0.061437908496731884 0.06078431372549008 0.07058823529411752
0.06455026455026447 0.055555555555555476 0.08253968253968244 0.06878306878306871 0.050793650793650724 0.05661375661375654 0.053439153439153356 0.056084656084656036 0.057671957671957604 0.05238095238095231 0.05238095238095231 0.1888888888888887 0.048677248677248604 0.053439153439153356 0.058201058201058115
0.0640522875816992 0.0660130718954247 0.0640522875816992 0.06274509803921556 0.0614379084967319 0.06339869281045739 0.062091503267973726 0.09019607843137241 0.0614379084967319 0.06209150326797371 0.0614379084967319 0.08692810457516323 0.06209150326797371 0.0660130718954247 0.06601307189542469
0.04646464646464645 0.052020202020202036 0.053535353535353575 0.04797979797979797 0.05 0.05151515151515155 0.05 0.0989898989898991 0.05151515151515151 0.05000000000000002 0.047474747474747475 0.2090909090909091 0.04848484848484849 0.09242424242424246 0.05050505050505053
0.06209150326797371 0.06274509803921555 0.061437908496731884 0.0614379084967319 0.062091503267973726 0.1111111111111109 0.06078431372549007 0.06535947712418287 0.06339869281045739 0.061437908496731884 0.06339869281045739 0.06339869281045739 0.06535947712418289 0.06470588235294103 0.07124183006535934
0.06388888888888888 0.06666666666666667 0.06666666666666667 0.06458333333333334 0.06458333333333334 0.07708333333333334 0.06666666666666667 0.06666666666666667 0.06736111111111111 0.06736111111111111 0.06458333333333334 0.06527777777777778 0.06666666666666667 0.06666666666666667 0.06527777777777778
0.06319444444444444 0.06944444444444445 0.06527777777777778 0.06805555555555555 0.06597222222222222 0.06458333333333334 0.07083333333333333 0.06875 0.06388888888888888 0.06875 0.07152777777777777 0.06527777777777778 0.0625 0.06666666666666667 0.06527777777777778
0.05555555555555545 0.05555555555555545 0.05617283950617273 0.05679012345679001 0.11851851851851837 0.0574074074074073 0.135185185185185 0.05679012345679001 0.05617283950617273 0.05555555555555545 0.07037037037037024 0.05617283950617273 0.05617283950617273 0.05617283950617273 0.0574074074074073
0.055555555555555546 0.06023391812865494 0.058479532163742666 0.053801169590643266 0.08421052631578953 0.05614035087719297 0.19766081871345018 0.052631578947368425 0.052631578947368425 0.05672514619883037 0.05321637426900584 0.05380116959064327 0.05555555555555555 0.05555555555555554 0.05380116959064327
0.05132275132275124 0.05661375661375654 0.05449735449735443 0.05449735449735442 0.15820105820105806 0.058201058201058135 0.111111111111111 0.053439153439153356 0.050793650793650724 0.05291005291005283 0.050793650793650724 0.05449735449735441 0.051322751322751256 0.05291005291005284 0.0888888888888888
0.06388888888888888 0.0625 0.06319444444444444 0.06388888888888888 0.06319444444444444 0.1125 0.06319444444444444 0.0625 0.06319444444444444 0.06458333333333334 0.06319444444444444 0.06319444444444444 0.06319444444444444 0.06319444444444444 0.06458333333333334
0.05321637426900585 0.05789473684210524 0.06315789473684208 0.059649122807017514 0.053801169590643266 0.06081871345029235 0.05321637426900585 0.10233918128654962 0.056725146198830366 0.060233918128654924 0.05321637426900585 0.1409356725146199 0.06432748538011694 0.05964912280701752 0.0608187134502924
0.06274509803921555 0.07058823529411748 0.0660130718954247 0.06274509803921555 0.06666666666666654 0.06339869281045737 0.08104575163398677 0.06013071895424824 0.06078431372549007 0.09738562091503249 0.05882352941176457 0.06274509803921555 0.06405228758169922 0.06013071895424823 0.06274509803921556
0.06543209876543196 0.07037037037037024 0.05987654320987644 0.06543209876543198 0.05864197530864187 0.06975308641975296 0.07530864197530851 0.0691358024691357 0.06049382716049373 0.07777777777777763 0.06543209876543199 0.061728395061728274 0.07222222222222209 0.0691358024691357 0.05925925925925914
0.053439153439153356 0.06613756613756604 0.0735449735449735 0.14179894179894162 0.06031746031746023 0.06984126984126975 0.05608465608465602 0.07671957671957666 0.055555555555555476 0.05978835978835968 0.053439153439153356 0.052380952380952306 0.053439153439153356 0.06878306878306868 0.058730158730158646
0.06013071895424823 0.06209150326797373 0.061437908496731884 0.06013071895424823 0.05882352941176457 0.0594771241830064 0.059477124183006415 0.0614379084967319 0.07777777777777761 0.0614379084967319 0.059477124183006415 0.1228758169934639 0.07320261437908483 0.06078431372549007 0.061437908496731884
0.059876543209876426 0.06111111111111099 0.08024691358024681 0.05987654320987642 0.06049382716049371 0.06604938271604925 0.058641975308641854 0.061111111111111005 0.1271604938271603 0.05864197530864187 0.06049382716049372 0.059876543209876426 0.05987654320987644 0.06419753086419742 0.06234567901234556
0.07152777777777777 0.06319444444444444 0.06527777777777778 0.09722222222222222 0.06319444444444444 0.06319444444444444 0.06388888888888888 0.06666666666666667 0.0625 0.0625 0.06388888888888888 0.06527777777777778 0.06388888888888888 0.06388888888888888 0.06388888888888888
0.07581699346405214 0.06339869281045739 0.062091503267973726 0.11176470588235274 0.06209150326797373 0.0614379084967319 0.06013071895424824 0.06732026143790834 0.059477124183006415 0.06013071895424824 0.06209150326797373 0.06535947712418286 0.06470588235294104 0.06013071895424823 0.06405228758169922
0.09629629629629617 0.05925925925925915 0.05679012345679001 0.059876543209876426 0.05802469135802457 0.06049382716049371 0.05925925925925914 0.06543209876543199 0.05802469135802457 0.139506172839506 0.059259259259259164 0.05617283950617273 0.05740740740740729 0.05555555555555545 0.05864197530864187
0.04898989898989899 0.05303030303030306 0.05151515151515154 0.05505050505050509 0.04898989898989898 0.12373737373737388 0.048989898989899 0.054545454545454584 0.11565656565656579 0.0944444444444445 0.05000000000000002 0.054545454545454584 0.09747474747474748 0.05151515151515153 0.05151515151515153
0.057222222222222126 0.06222222222222213 0.05555555555555548 0.056666666666666574 0.05277777777777768 0.091111111111111 0.0549999999999999 0.053333333333333253 0.15666666666666673 0.06944444444444435 0.05388888888888881 0.06555555555555546 0.054999999999999924 0.05944444444444434 0.05611111111111103
0.04007936507936506 0.0809523809523809 0.04246031746031744 0.09285714285714286 0.03968253968253965 0.11388888888888898 0.04166666666666663 0.049603174603174614 0.07142857142857137 0.1380952380952381 0.04126984126984125 0.11507936507936506 0.04206349206349203 0.05 0.040873015873015846
0.05882352941176457 0.05882352941176457 0.05882352941176457 0.060784313725490056 0.05882352941176457 0.059477124183006415 0.05882352941176457 0.05882352941176457 0.05882352941176457 0.17254901960784289 0.05882352941176457 0.05882352941176457 0.06013071895424823 0.05882352941176457 0.05882352941176457
0.05277777777777769 0.07722222222222212 0.053888888888888806 0.06555555555555546 0.0527777777777777 0.09444444444444433 0.05666666666666658 0.06055555555555547 0.06777777777777769 0.08499999999999996 0.05277777777777769 0.11111111111111105 0.06388888888888881 0.053333333333333253 0.052222222222222135
0.04206349206349202 0.05674603174603169 0.04603174603174599 0.05357142857142852 0.046825396825396784 0.07023809523809518 0.06349206349206347 0.06309523809523808 0.058333333333333286 0.11071428571428571 0.04285714285714283 0.13293650793650788 0.04761904761904761 0.08333333333333323 0.08214285714285706
0.05353535353535357 0.06515151515151521 0.05757575757575761 0.04949494949494951 0.17525252525252527 0.06868686868686874 0.10757575757575766 0.057070707070707105 0.05505050505050511 0.04848484848484849 0.054040404040404055 0.05151515151515154 0.05151515151515153 0.054545454545454564 0.05050505050505051
0.05454545454545455 0.06212121212121221 0.05252525252525256 0.055050505050505086 0.048989898989899 0.08535353535353539 0.04949494949494951 0.07171717171717175 0.058585858585858665 0.10555555555555561 0.05151515151515154 0.05454545454545458 0.14343434343434355 0.0585858585858586 0.04797979797979798
0.047342995169082205 0.05990338164251219 0.07874396135265711 0.06956521739130445 0.045410628019323745 0.1067632850241546 0.047826086956521824 0.05072463768115951 0.06908212560386483 0.1352657004830918 0.04830917874396144 0.06038647342995179 0.08260869565217402 0.047342995169082205 0.05072463768115951
0.06339869281045739 0.06928104575163384 0.06339869281045737 0.06405228758169922 0.0640522875816992 0.0640522875816992 0.0640522875816992 0.0699346405228757 0.07124183006535935 0.07385620915032666 0.06405228758169923 0.07712418300653578 0.0640522875816992 0.06339869281045739 0.06405228758169922
0.05444444444444437 0.0649999999999999 0.10222222222222213 0.08055555555555546 0.05333333333333324 0.05555555555555547 0.0538888888888888 0.0688888888888888 0.06333333333333326 0.06111111111111102 0.05277777777777769 0.11722222222222217 0.0627777777777777 0.05444444444444436 0.05444444444444437
0.06319444444444444 0.06319444444444444 0.11944444444444445 0.06319444444444444 0.0625 0.0625 0.0625 0.0625 0.0625 0.06319444444444444 0.06319444444444444 0.06319444444444444 0.0625 0.06388888888888888 0.0625
0.054970760233918115 0.05672514619883042 0.054970760233918115 0.08830409356725138 0.053801169590643266 0.05555555555555554 0.05321637426900585 0.06549707602339176 0.06666666666666657 0.10935672514619876 0.05321637426900584 0.06783625730994158 0.10818713450292397 0.0543859649122807 0.057309941520467804
0.05444444444444436 0.06833333333333326 0.057222222222222126 0.05555555555555547 0.05499999999999991 0.05777777777777768 0.06722222222222214 0.05777777777777769 0.1866666666666666 0.06111111111111104 0.054999999999999924 0.058333333333333244 0.0577777777777777 0.05277777777777769 0.05499999999999991
0.06339869281045737 0.0614379084967319 0.06013071895424823 0.061437908496731905 0.0614379084967319 0.06535947712418287 0.06339869281045739 0.06209150326797373 0.0614379084967319 0.06535947712418287 0.06013071895424824 0.062091503267973726 0.1294117647058821 0.06078431372549007 0.062091503267973726
0.0625 0.0625 0.0625 0.0625 0.0625 0.0625 0.0625 0.06666666666666667 0.0625 0.06319444444444444 0.0625 0.10625 0.0763888888888889 0.0625 0.0625
0.05252525252525256 0.05202020202020205 0.06818181818181826 0.05454545454545458 0.051010101010101026 0.05555555555555559 0.056060606060606116 0.05959595959595966 0.06060606060606066 0.056565656565656604 0.053535353535353554 0.10808080808080817 0.16515151515151522 0.05151515151515154 0.05505050505050511
0.054970760233918115 0.05555555555555555 0.05438596491228069 0.06315789473684208 0.0543859649122807 0.05380116959064327 0.061988304093567224 0.05555555555555554 0.20467836257309951 0.05906432748538012 0.052631578947368425 0.05964912280701752 0.05730994152046784 0.054970760233918115 0.05789473684210524
0.04914529914529911 0.09401709401709396 0.06495726495726488 0.0555555555555555 0.048717948717948656 0.05213675213675209 0.058547008547008506 0.08931623931623925 0.11794871794871778 0.08717948717948713 0.04572649572649568 0.07606837606837602 0.051282051282051225 0.056410256410256356 0.05299145299145294
0.061111111111111005 0.06055555555555547 0.05722222222222214 0.06944444444444436 0.056666666666666574 0.061666666666666564 0.061666666666666564 0.06999999999999991 0.09166666666666656 0.11833333333333332 0.05611111111111101 0.05722222222222214 0.06444444444444433 0.05777777777777768 0.05611111111111102
0.05499999999999991 0.056666666666666574 0.05444444444444436 0.09722222222222218 0.058333333333333244 0.05388888888888881 0.05611111111111103 0.06111111111111101 0.17944444444444443 0.05555555555555547 0.053333333333333253 0.05444444444444436 0.05611111111111102 0.0538888888888888 0.05444444444444437
0.051010101010101026 0.055555555555555594 0.07575757575757583 0.05151515151515154 0.06060606060606067 0.06161616161616169 0.05909090909090911 0.06161616161616164 0.1353535353535355 0.054545454545454564 0.05050505050505051 0.0494949494949495 0.093939393939394 0.07424242424242428 0.06515151515151521
0.05502645502645495 0.06031746031746024 0.05873015873015864 0.06031746031746022 0.05449735449735442 0.06084656084656076 0.05873015873015866 0.12116402116402104 0.05925925925925918 0.05449735449735442 0.05925925925925918 0.12328042328042314 0.05661375661375653 0.05449735449735442 0.06296296296296287
0.053888888888888806 0.058888888888888796 0.05944444444444434 0.059999999999999915 0.0527777777777777 0.05722222222222214 0.11499999999999996 0.061666666666666585 0.058333333333333244 0.05277777777777769 0.0627777777777777 0.1427777777777778 0.055555555555555476 0.05444444444444436 0.05444444444444437
0.0625 0.0625 0.0625 0.0625 0.0798611111111111 0.06319444444444444 0.08541666666666667 0.0625 0.0625 0.06319444444444444 0.08263888888888889 0.06319444444444444 0.0625 0.0625 0.0625
0.06296296296296285 0.06913580246913566 0.06049382716049372 0.058641975308641875 0.05617283950617273 0.059876543209876426 0.05617283950617273 0.05679012345679001 0.10679012345678993 0.11728395061728383 0.05555555555555545 0.05740740740740729 0.05987654320987642 0.0574074074074073 0.06543209876543196
0.04848484848484848 0.054545454545454584 0.05000000000000002 0.05252525252525256 0.04747474747474746 0.04646464646464645 0.04797979797979798 0.048989898989899 0.12373737373737374 0.07777777777777779 0.04949494949494951 0.20454545454545445 0.05101010101010101 0.04898989898989899 0.04797979797979798
0.06388888888888888 0.0625 0.0625 0.0625 0.06388888888888888 0.06388888888888888 0.0625 0.06388888888888888 0.11666666666666667 0.0625 0.06388888888888888 0.06319444444444444 0.06319444444444444 0.0625 0.0625
0.06319444444444444 0.06319444444444444 0.06319444444444444 0.0625 0.0625 0.06319444444444444 0.0625 0.06319444444444444 0.11736111111111111 0.06319444444444444 0.0625 0.06319444444444444 0.06458333333333334 0.0625 0.06319444444444444
0.04927536231884067 0.049758454106280284 0.0473429951690822 0.04927536231884066 0.053140096618357544 0.17053140096618366 0.19516908212560394 0.0473429951690822 0.04879227053140105 0.0468599033816426 0.04879227053140105 0.04927536231884065 0.047342995169082205 0.046859903381642594 0.05024154589371988
0.05617283950617273 0.05802469135802457 0.05864197530864187 0.05617283950617273 0.05740740740740729 0.06481481481481469 0.1833333333333331 0.05864197530864187 0.05864197530864187 0.0574074074074073 0.05802469135802457 0.05802469135802457 0.05925925925925914 0.05679012345679001 0.05864197530864187
0.05222222222222214 0.055555555555555455 0.05111111111111103 0.05166666666666658 0.05111111111111102 0.05333333333333324 0.052222222222222135 0.06888888888888878 0.24222222222222223 0.0538888888888888 0.050555555555555465 0.05611111111111102 0.05277777777777769 0.053888888888888806 0.05444444444444435
0.0596491228070175 0.057309941520467825 0.0666666666666667 0.06198830409356724 0.05906432748538007 0.05555555555555555 0.060233918128654945 0.058479532163742666 0.08479532163742694 0.07953216374269001 0.0567251461988304 0.058479532163742694 0.12690058479532149 0.054970760233918115 0.05964912280701752
0.06470588235294103 0.06339869281045737 0.0633986928104574 0.062091503267973726 0.061437908496731884 0.12156862745098015 0.06470588235294104 0.06078431372549007 0.06078431372549007 0.06535947712418289 0.06339869281045739 0.062091503267973726 0.06339869281045739 0.06209150326797371 0.06078431372549007
0.052631578947368425 0.05321637426900586 0.052631578947368425 0.056725146198830415 0.05438596491228069 0.10409356725146199 0.054970760233918115 0.053801169590643294 0.14736842105263132 0.09824561403508775 0.052631578947368425 0.0567251461988304 0.056725146198830394 0.05321637426900584 0.052631578947368425
0.05611111111111104 0.05722222222222214 0.06277777777777767 0.05888888888888881 0.05166666666666657 0.07611111111111105 0.055555555555555476 0.05722222222222214 0.09055555555555544 0.06499999999999989 0.05388888888888881 0.06555555555555546 0.05444444444444435 0.08611111111111103 0.1088888888888888
0.06358024691358014 0.0679012345679011 0.06481481481481469 0.06049382716049371 0.06296296296296283 0.08333333333333322 0.06543209876543198 0.06851851851851838 0.07530864197530851 0.06790123456790112 0.05740740740740729 0.06790123456790112 0.06604938271604927 0.06419753086419741 0.06419753086419741
0.05617283950617273 0.05617283950617273 0.05617283950617273 0.058024691358024585 0.05617283950617273 0.05802469135802457 0.05679012345679001 0.05617283950617273 0.2037037037037034 0.05617283950617273 0.05555555555555545 0.0604938271604937 0.05555555555555545 0.05740740740740729 0.05740740740740729
0.06913580246913567 0.062345679012345556 0.06604938271604927 0.06234567901234558 0.05802469135802457 0.06358024691358014 0.06234567901234556 0.06728395061728383 0.11543209876543196 0.061111111111111005 0.06419753086419741 0.06419753086419741 0.06049382716049372 0.061728395061728274 0.061728395061728274
0.05185185185185179 0.1074074074074073 0.05291005291005284 0.058201058201058115 0.10793650793650783 0.05767195767195758 0.09312169312169301 0.050793650793650724 0.08677248677248667 0.05608465608465602 0.05925925925925918 0.05661375661375654 0.05343915343915337 0.05343915343915337 0.05449735449735441
0.047474747474747475 0.04696969696969696 0.04646464646464645 0.04797979797979797 0.04848484848484849 0.04696969696969695 0.31212121212121174 0.047474747474747475 0.07575757575757577 0.047474747474747475 0.04595959595959594 0.04797979797979798 0.045454545454545435 0.04646464646464645 0.04696969696969696
0.058024691358024585 0.06604938271604925 0.05925925925925916 0.05925925925925916 0.059876543209876426 0.05802469135802457 0.1234567901234566 0.05925925925925915 0.061728395061728274 0.0574074074074073 0.05802469135802457 0.1074074074074072 0.0574074074074073 0.05740740740740729 0.05740740740740729
0.06527777777777778 0.07361111111111111 0.06319444444444444 0.0625 0.0625 0.06319444444444444 0.06458333333333334 0.06319444444444444 0.06319444444444444 0.10277777777777777 0.0625 0.06319444444444444 0.06527777777777778 0.0625 0.0625
0.05026455026455019 0.04973544973544967 0.05132275132275125 0.04973544973544967 0.04814814814814808 0.05132275132275124 0.04973544973544966 0.05026455026455019 0.2936507936507934 0.057671957671957604 0.048677248677248604 0.04973544973544966 0.04973544973544967 0.04920634920634913 0.050793650793650724
0.05864197530864187 0.061111111111111005 0.05679012345679001 0.06049382716049371 0.05679012345679001 0.05987654320987644 0.058024691358024585 0.058024691358024585 0.16358024691358 0.05925925925925915 0.06543209876543196 0.06234567901234556 0.06049382716049371 0.058024691358024585 0.061111111111111005
0.0679738562091502 0.06339869281045737 0.062091503267973726 0.09999999999999983 0.06274509803921556 0.06339869281045737 0.06078431372549007 0.06339869281045737 0.0843137254901959 0.06078431372549007 0.06078431372549007 0.062091503267973726 0.06339869281045739 0.06013071895424824 0.06470588235294103
0.05882352941176457 0.0594771241830064 0.0594771241830064 0.06013071895424824 0.13660130718954225 0.0594771241830064 0.07450980392156849 0.05882352941176457 0.05882352941176457 0.05882352941176457 0.07581699346405212 0.06013071895424824 0.06013071895424824 0.05882352941176457 0.06013071895424823
0.0625 0.0625 0.0625 0.06458333333333334 0.0625 0.0625 0.0625 0.0625 0.12222222222222222 0.06319444444444444 0.0625 0.0625 0.0625 0.0625 0.0625
0.06388888888888888 0.06666666666666667 0.06597222222222222 0.06458333333333334 0.06319444444444444 0.06319444444444444 0.08611111111111111 0.07291666666666667 0.06458333333333334 0.06388888888888888 0.06597222222222222 0.06388888888888888 0.06458333333333334 0.06597222222222222 0.06458333333333334
0.06470588235294106 0.06078431372549007 0.060784313725490056 0.08366013071895409 0.06274509803921555 0.06013071895424824 0.06274509803921555 0.09281045751633973 0.06470588235294106 0.07450980392156847 0.05882352941176457 0.06928104575163387 0.06209150326797373 0.0594771241830064 0.06274509803921555
0.06388888888888888 0.06319444444444444 0.06319444444444444 0.08611111111111111 0.0625 0.06388888888888888 0.06388888888888888 0.06944444444444445 0.06805555555555555 0.07708333333333334 0.06319444444444444 0.06319444444444444 0.06388888888888888 0.06388888888888888 0.06458333333333334
0.06875 0.06805555555555555 0.06666666666666667 0.06944444444444445 0.06388888888888888 0.06388888888888888 0.06388888888888888 0.07083333333333333 0.06458333333333334 0.06527777777777778 0.06736111111111111 0.06666666666666667 0.06666666666666667 0.07013888888888889 0.06388888888888888
0.05679012345679001 0.059876543209876426 0.06049382716049371 0.1006172839506171 0.058024691358024585 0.12160493827160476 0.05740740740740729 0.06851851851851841 0.05679012345679002 0.061111111111111005 0.058024691358024585 0.05925925925925915 0.06172839506172829 0.05987654320987644 0.059876543209876426
0.0625 0.0625 0.06388888888888888 0.0625 0.0625 0.0625 0.0625 0.0625 0.12152777777777778 0.06388888888888888 0.0625 0.0625 0.0625 0.0625 0.06319444444444444
0.06049382716049371 0.06851851851851837 0.143827160493827 0.061728395061728274 0.06049382716049372 0.06234567901234556 0.06049382716049372 0.0604938271604937 0.058024691358024585 0.06790123456790112 0.06049382716049371 0.05864197530864187 0.059876543209876426 0.05679012345679001 0.059876543209876426
0.052631578947368425 0.0596491228070175 0.05614035087719297 0.05438596491228071 0.05497076023391813 0.08128654970760238 0.0654970760233918 0.057309941520467804 0.16198830409356693 0.0789473684210526 0.05321637426900585 0.06198830409356724 0.0543859649122807 0.05497076023391812 0.052631578947368425
0.05679012345679001 0.05555555555555545 0.0574074074074073 0.05555555555555545 0.05617283950617273 0.1253086419753084 0.07654320987654308 0.05679012345679001 0.10925925925925904 0.05679012345679001 0.0648148148148147 0.05679012345679001 0.05925925925925916 0.05555555555555545 0.05740740740740729
0.05789473684210523 0.05906432748538011 0.05847953216374269 0.057309941520467825 0.061403508771929814 0.15964912280701737 0.060233918128654945 0.06432748538011693 0.05672514619883042 0.061403508771929766 0.05730994152046782 0.05906432748538011 0.06432748538011693 0.061403508771929786 0.0614035087719298
0.062345679012345556 0.05679012345679001 0.05679012345679002 0.07345679012345664 0.05679012345679001 0.05864197530864187 0.05740740740740729 0.08148148148148134 0.11481481481481462 0.08456790123456777 0.05617283950617273 0.05987654320987642 0.05617283950617273 0.06604938271604925 0.05864197530864187
0.06172839506172827 0.06851851851851842 0.06296296296296283 0.06481481481481469 0.05740740740740729 0.07777777777777765 0.062345679012345556 0.07530864197530851 0.06172839506172829 0.08024691358024678 0.06419753086419741 0.06419753086419741 0.05925925925925915 0.06913580246913567 0.07037037037037026
0.05321637426900585 0.05321637426900584 0.052631578947368425 0.052631578947368425 0.05321637426900585 0.05380116959064329 0.052631578947368425 0.053801169590643266 0.17309941520467834 0.05321637426900584 0.052631578947368425 0.13684210526315768 0.052631578947368425 0.052631578947368425 0.05380116959064327
0.0614379084967319 0.08431372549019592 0.062091503267973726 0.062091503267973726 0.0614379084967319 0.06405228758169922 0.06405228758169923 0.06535947712418289 0.06862745098039202 0.0614379084967319 0.06274509803921556 0.09411764705882338 0.06405228758169923 0.0614379084967319 0.06274509803921556
0.0625 0.06597222222222222 0.06736111111111111 0.06319444444444444 0.06388888888888888 0.06597222222222222 0.0625 0.07916666666666666 0.0625 0.06527777777777778 0.06319444444444444 0.08958333333333333 0.0625 0.06388888888888888 0.0625
0.05111111111111103 0.05777777777777767 0.056666666666666574 0.0577777777777777 0.052222222222222135 0.05111111111111102 0.05222222222222214 0.053333333333333253 0.1422222222222223 0.11833333333333332 0.050555555555555465 0.09777777777777778 0.052222222222222135 0.05444444444444437 0.052222222222222135
0.048677248677248604 0.05661375661375651 0.04867724867724861 0.048677248677248604 0.04761904761904755 0.04920634920634913 0.04814814814814808 0.051851851851851774 0.2402116402116398 0.07724867724867718 0.05026455026455019 0.07777777777777765 0.05767195767195762 0.04814814814814808 0.04920634920634913
0.05617283950617273 0.06296296296296286 0.05802469135802457 0.05679012345679001 0.05679012345679001 0.05864197530864187 0.05740740740740729 0.06049382716049371 0.14197530864197508 0.05802469135802457 0.05555555555555545 0.0722222222222221 0.05925925925925915 0.05679012345679001 0.08888888888888874
0.05555555555555545 0.05617283950617273 0.05617283950617273 0.05555555555555545 0.05617283950617273 0.10987654320987633 0.05555555555555545 0.05617283950617273 0.16296296296296273 0.05617283950617273 0.05617283950617273 0.05555555555555545 0.05679012345679001 0.05555555555555545 0.05555555555555545
0.06296296296296285 0.06049382716049371 0.06296296296296285 0.06358024691358014 0.06358024691358015 0.06543209876543198 0.06234567901234555 0.061728395061728274 0.06296296296296283 0.06049382716049371 0.05925925925925914 0.05925925925925916 0.1333333333333331 0.059876543209876426 0.061728395061728274
0.05882352941176457 0.05882352941176457 0.05882352941176457 0.05882352941176457 0.118300653594771 0.11307189542483638 0.059477124183006415 0.059477124183006415 0.05882352941176457 0.060784313725490056 0.05882352941176457 0.05882352941176457 0.059477124183006415 0.05882352941176457 0.05882352941176457
0.06234567901234558 0.06049382716049372 0.06111111111111099 0.06234567901234558 0.061111111111111005 0.06172839506172829 0.05679012345679001 0.06666666666666655 0.059876543209876426 0.06111111111111099 0.06111111111111099 0.0679012345679011 0.130864197530864 0.0604938271604937 0.06604938271604927
0.06666666666666653 0.07647058823529397 0.0882352941176469 0.06535947712418286 0.05882352941176457 0.06862745098039201 0.0640522875816992 0.06732026143790835 0.06078431372549007 0.0614379084967319 0.06339869281045739 0.0614379084967319 0.06339869281045737 0.0699346405228757 0.06405228758169923
0.06944444444444445 0.06736111111111111 0.06319444444444444 0.07152777777777777 0.06666666666666667 0.07152777777777777 0.06805555555555555 0.06736111111111111 0.06527777777777778 0.06527777777777778 0.06388888888888888 0.06458333333333334 0.06597222222222222 0.06388888888888888 0.06597222222222222
0.06081871345029236 0.06315789473684211 0.06257309941520468 0.060233918128654924 0.059064327485380125 0.061403508771929786 0.0590643274853801 0.08187134502923969 0.06549707602339176 0.06725146198830408 0.0614035087719298 0.10994152046783619 0.0614035087719298 0.061403508771929786 0.06491228070175432
0.052222222222222135 0.05611111111111104 0.05333333333333324 0.052222222222222135 0.07166666666666659 0.06944444444444435 0.1844444444444444 0.06277777777777767 0.06666666666666655 0.05333333333333324 0.06111111111111102 0.05722222222222214 0.05277777777777769 0.05444444444444436 0.052222222222222135
0.0577777777777777 0.05555555555555547 0.05166666666666658 0.05833333333333325 0.05944444444444435 0.05722222222222215 0.05777777777777769 0.1116666666666666 0.09999999999999988 0.05944444444444434 0.05944444444444434 0.06555555555555546 0.05611111111111103 0.09111111111111105 0.058888888888888775
0.06078431372549007 0.060784313725490056 0.06666666666666653 0.06013071895424824 0.06078431372549007 0.06274509803921556 0.06274509803921555 0.06405228758169922 0.11764705882352915 0.06013071895424824 0.07450980392156849 0.06078431372549007 0.06601307189542469 0.06013071895424824 0.06209150326797373
0.072549019607843 0.07189542483660116 0.06535947712418287 0.06601307189542471 0.06928104575163384 0.06470588235294106 0.06470588235294106 0.06339869281045737 0.06274509803921556 0.06993464052287567 0.06535947712418289 0.06732026143790835 0.068627450980392 0.06078431372549007 0.06732026143790837
0.04351851851851846 0.04490740740740736 0.0634259259259259 0.08750000000000001 0.05138888888888891 0.04490740740740736 0.04768518518518517 0.04398148148148143 0.18842592592592594 0.06898148148148144 0.049537037037037025 0.04675925925925923 0.12268518518518513 0.048611111111111084 0.04768518518518515
0.06078431372549007 0.062091503267973726 0.06339869281045739 0.0660130718954247 0.05882352941176457 0.0594771241830064 0.06078431372549007 0.06209150326797371 0.07908496732026127 0.06274509803921556 0.06013071895424824 0.0633986928104574 0.12026143790849649 0.06013071895424823 0.060784313725490056
0.05925925925925915 0.05740740740740729 0.058024691358024585 0.11049382716049365 0.05679012345679001 0.059876543209876426 0.05925925925925916 0.058641975308641854 0.11358024691358 0.05679012345679002 0.07901234567901222 0.05679012345679001 0.058641975308641875 0.058024691358024585 0.05740740740740729
0.06875 0.06388888888888888 0.07152777777777777 0.07708333333333334 0.06458333333333334 0.06458333333333334 0.06666666666666667 0.06597222222222222 0.06388888888888888 0.06597222222222222 0.06319444444444444 0.06666666666666667 0.06875 0.06458333333333334 0.06388888888888888
0.05166666666666658 0.05277777777777769 0.05444444444444437 0.0527777777777777 0.05166666666666658 0.06499999999999992 0.05333333333333324 0.05333333333333324 0.19333333333333327 0.0783333333333332 0.05166666666666659 0.08777777777777768 0.05111111111111103 0.05166666666666657 0.05111111111111103
0.05277777777777769 0.08166666666666654 0.05333333333333324 0.0577777777777777 0.05166666666666658 0.08166666666666658 0.05166666666666658 0.06666666666666658 0.09555555555555549 0.054999999999999924 0.05166666666666658 0.10666666666666659 0.05611111111111102 0.08555555555555543 0.052222222222222135
0.06274509803921557 0.06666666666666653 0.06274509803921555 0.06339869281045739 0.06078431372549007 0.06078431372549007 0.06078431372549007 0.06470588235294104 0.06732026143790835 0.0614379084967319 0.06274509803921555 0.1156862745098037 0.062091503267973726 0.06666666666666653 0.0614379084967319
0.05802469135802457 0.05802469135802457 0.06358024691358014 0.05925925925925915 0.05987654320987642 0.1709876543209874 0.05864197530864187 0.05740740740740729 0.05740740740740729 0.05987654320987644 0.05679012345679001 0.06234567901234556 0.05925925925925914 0.05987654320987644 0.058641975308641854
0.05987654320987642 0.06296296296296286 0.05925925925925914 0.05679012345679001 0.05925925925925915 0.05864197530864187 0.06358024691358012 0.05864197530864187 0.11975308641975288 0.06543209876543198 0.05679012345679001 0.09629629629629616 0.06234567901234556 0.05864197530864187 0.06172839506172829
0.0625 0.06666666666666667 0.06388888888888888 0.06319444444444444 0.0625 0.0625 0.06319444444444444 0.06319444444444444 0.09861111111111111 0.06666666666666667 0.0625 0.06666666666666667 0.06875 0.06527777777777778 0.06388888888888888
0.05882352941176457 0.05882352941176457 0.06013071895424824 0.06013071895424823 0.05882352941176457 0.11503267973856186 0.0594771241830064 0.059477124183006415 0.11241830065359452 0.0594771241830064 0.059477124183006415 0.0594771241830064 0.060784313725490056 0.05882352941176457 0.05882352941176457
0.062091503267973726 0.06013071895424824 0.06339869281045737 0.06078431372549007 0.059477124183006415 0.06274509803921556 0.06078431372549007 0.062091503267973726 0.12352941176470568 0.06601307189542469 0.062091503267973726 0.06797385620915021 0.06405228758169922 0.06274509803921555 0.062091503267973726
