0.06405228758169923 0.06928104575163384 0.06274509803921555 0.0660130718954247 0.06666666666666654 0.0660130718954247 0.0660130718954247 0.06797385620915018 0.07843137254901945 0.06601307189542471 0.0660130718954247 0.06666666666666653 0.0614379084967319 0.06732026143790837 0.06535947712418286
0.119298245614035 0.06257309941520464 0.11520467836257302 0.05730994152046784 0.0608187134502924 0.0614035087719298 0.0590643274853801 0.05614035087719297 0.06315789473684211 0.056725146198830415 0.05789473684210523 0.05730994152046784 0.05614035087719298 0.05380116959064327 0.0631578947368421
0.06023391812865496 0.07192982456140347 0.059649122807017535 0.05614035087719298 0.05614035087719296 0.09181286549707598 0.056725146198830394 0.0573099415204678 0.05555555555555555 0.05672514619883039 0.11812865497076018 0.0859649122807018 0.05614035087719298 0.05438596491228069 0.06315789473684208
0.10061728395061713 0.059876543209876426 0.07345679012345666 0.06604938271604925 0.058641975308641854 0.10864197530864178 0.06234567901234556 0.05925925925925915 0.05864197530864187 0.05925925925925915 0.05740740740740729 0.05925925925925915 0.05679012345679001 0.06049382716049371 0.05925925925925915
0.1527777777777777 0.05944444444444436 0.11055555555555549 0.05833333333333322 0.05611111111111102 0.05444444444444436 0.06222222222222214 0.053333333333333253 0.05833333333333324 0.05611111111111103 0.05611111111111103 0.057222222222222126 0.05277777777777769 0.05444444444444435 0.05777777777777767
0.07124183006535932 0.07516339869281033 0.06928104575163385 0.06209150326797373 0.06535947712418287 0.062091503267973726 0.06013071895424824 0.06339869281045739 0.06666666666666654 0.0660130718954247 0.06535947712418287 0.06470588235294103 0.06274509803921555 0.06993464052287567 0.07581699346405216
0.10888888888888888 0.06388888888888881 0.07833333333333321 0.06222222222222213 0.059999999999999915 0.05333333333333324 0.06166666666666658 0.05499999999999991 0.08888888888888877 0.06055555555555546 0.06611111111111104 0.0727777777777777 0.0566666666666666 0.05555555555555547 0.05611111111111102
0.0898989898989899 0.09040404040404047 0.06313131313131323 0.05505050505050508 0.05303030303030306 0.055555555555555594 0.056565656565656625 0.051010101010101 0.05202020202020205 0.05151515151515153 0.15757575757575765 0.05909090909090913 0.05656565656565661 0.05151515151515154 0.05707070707070711
0.06405228758169923 0.06405228758169922 0.061437908496731884 0.06405228758169922 0.06470588235294104 0.06274509803921555 0.06078431372549007 0.11568627450980369 0.06078431372549007 0.06339869281045737 0.06274509803921555 0.06666666666666654 0.06274509803921555 0.06274509803921555 0.06339869281045739
0.04398148148148143 0.0486111111111111 0.04953703703703701 0.11990740740740746 0.04398148148148143 0.044444444444444384 0.045833333333333295 0.28240740740740744 0.044444444444444384 0.0486111111111111 0.04351851851851847 0.04629629629629624 0.04629629629629626 0.04490740740740736 0.0472222222222222
0.06862745098039202 0.06928104575163385 0.06601307189542471 0.06405228758169922 0.06470588235294104 0.06405228758169922 0.06339869281045739 0.06405228758169923 0.072549019607843 0.06928104575163384 0.06339869281045737 0.06535947712418287 0.06274509803921556 0.07450980392156849 0.0679738562091502
0.06875 0.07083333333333333 0.06666666666666667 0.06666666666666667 0.06944444444444445 0.06597222222222222 0.06527777777777778 0.06527777777777778 0.06666666666666667 0.06736111111111111 0.06388888888888888 0.06666666666666667 0.06458333333333334 0.06458333333333334 0.06736111111111111
0.061111111111111005 0.07277777777777769 0.0527777777777777 0.059444444444444335 0.06388888888888879 0.053333333333333253 0.052222222222222135 0.19999999999999976 0.0527777777777777 0.05611111111111101 0.05166666666666658 0.053888888888888806 0.058888888888888796 0.0527777777777777 0.05833333333333325
0.06458333333333334 0.06805555555555555 0.06597222222222222 0.07291666666666667 0.06527777777777778 0.0625 0.06527777777777778 0.0625 0.075 0.07013888888888889 0.06527777777777778 0.06805555555555555 0.06388888888888888 0.06527777777777778 0.06527777777777778
0.06527777777777778 0.07777777777777778 0.0625 0.06736111111111111 0.07569444444444444 0.06388888888888888 0.06597222222222222 0.06388888888888888 0.06388888888888888 0.06736111111111111 0.06458333333333334 0.06388888888888888 0.06458333333333334 0.06597222222222222 0.06736111111111111
0.06339869281045739 0.06078431372549007 0.06078431372549007 0.12156862745098014 0.06013071895424824 0.0640522875816992 0.06535947712418287 0.0640522875816992 0.062091503267973726 0.06535947712418287 0.06274509803921555 0.06339869281045739 0.0614379084967319 0.06209150326797373 0.06274509803921556
0.06597222222222222 0.06458333333333334 0.07083333333333333 0.06944444444444445 0.06736111111111111 0.06944444444444445 0.06597222222222222 0.06458333333333334 0.06805555555555555 0.06805555555555555 0.06527777777777778 0.06388888888888888 0.06527777777777778 0.06527777777777778 0.06597222222222222
0.06013071895424823 0.05882352941176457 0.09607843137254883 0.059477124183006415 0.05882352941176457 0.05882352941176457 0.0614379084967319 0.062091503267973726 0.059477124183006415 0.0594771241830064 0.059477124183006415 0.0594771241830064 0.1281045751633985 0.05882352941176457 0.0594771241830064
0.04848484848484848 0.052525252525252544 0.0494949494949495 0.09595959595959602 0.04898989898989899 0.05505050505050511 0.048989898989899 0.05202020202020206 0.05555555555555559 0.05606060606060607 0.10959595959595969 0.05909090909090915 0.1717171717171717 0.04848484848484849 0.04797979797979797
0.05679012345679002 0.05617283950617273 0.05679012345679001 0.05864197530864187 0.05555555555555545 0.05555555555555545 0.05555555555555545 0.1672839506172837 0.05617283950617273 0.10246913580246893 0.05617283950617273 0.05555555555555545 0.05617283950617273 0.05555555555555545 0.05555555555555545
0.05987654320987644 0.05740740740740729 0.10493827160493807 0.05740740740740729 0.05740740740740729 0.05617283950617273 0.05740740740740729 0.08518518518518504 0.06604938271604925 0.05679012345679001 0.058024691358024585 0.05740740740740729 0.11234567901234553 0.05617283950617273 0.0574074074074073
0.05882352941176457 0.06013071895424823 0.06013071895424824 0.059477124183006415 0.06013071895424823 0.05882352941176457 0.05882352941176457 0.0614379084967319 0.0594771241830064 0.16666666666666638 0.05882352941176457 0.06013071895424823 0.05882352941176457 0.0594771241830064 0.05882352941176457
0.06535947712418286 0.12156862745098021 0.06013071895424824 0.0660130718954247 0.059477124183006415 0.06078431372549007 0.062091503267973726 0.06013071895424824 0.0614379084967319 0.062091503267973726 0.07189542483660115 0.062091503267973726 0.060784313725490056 0.06274509803921555 0.06339869281045737
0.06975308641975296 0.061111111111111005 0.05555555555555545 0.05740740740740729 0.05802469135802457 0.10679012345678997 0.059876543209876426 0.05802469135802457 0.12283950617283929 0.06172839506172829 0.058641975308641854 0.0574074074074073 0.05617283950617273 0.05679012345679001 0.059876543209876426
0.06535947712418286 0.11699346405228739 0.0594771241830064 0.06274509803921555 0.062091503267973726 0.0594771241830064 0.07189542483660116 0.06078431372549007 0.062091503267973726 0.06862745098039201 0.06862745098039201 0.06013071895424824 0.0594771241830064 0.05882352941176457 0.06339869281045737
0.06736111111111111 0.07291666666666667 0.06388888888888888 0.06805555555555555 0.06597222222222222 0.06319444444444444 0.06527777777777778 0.06666666666666667 0.06527777777777778 0.06736111111111111 0.07013888888888889 0.06805555555555555 0.06388888888888888 0.06666666666666667 0.06527777777777778
0.06458333333333334 0.08125 0.06319444444444444 0.06805555555555555 0.07152777777777777 0.06527777777777778 0.06597222222222222 0.06527777777777778 0.06388888888888888 0.06805555555555555 0.06458333333333334 0.06458333333333334 0.06319444444444444 0.06388888888888888 0.06666666666666667
0.0625 0.0625 0.0625 0.06319444444444444 0.0625 0.0625 0.0625 0.0625 0.0625 0.0625 0.0625 0.06319444444444444 0.06319444444444444 0.12291666666666666 0.0625
0.06388888888888888 0.06388888888888888 0.0625 0.06388888888888888 0.06319444444444444 0.0625 0.0625 0.0625 0.06319444444444444 0.11805555555555555 0.0625 0.06319444444444444 0.06319444444444444 0.0625 0.0625
0.0625 0.06388888888888888 0.06388888888888888 0.0625 0.0625 0.0625 0.06319444444444444 0.06944444444444445 0.0625 0.1111111111111111 0.0625 0.06388888888888888 0.06319444444444444 0.0625 0.06388888888888888
0.0614379084967319 0.0640522875816992 0.0614379084967319 0.060784313725490056 0.06078431372549007 0.13790849673202596 0.06013071895424824 0.06013071895424823 0.0614379084967319 0.06274509803921555 0.062091503267973726 0.06535947712418289 0.05882352941176457 0.06013071895424823 0.06274509803921555
0.06666666666666667 0.06666666666666667 0.06944444444444445 0.06736111111111111 0.06805555555555555 0.06458333333333334 0.06527777777777778 0.06527777777777778 0.06388888888888888 0.07152777777777777 0.06527777777777778 0.06736111111111111 0.06319444444444444 0.06666666666666667 0.06875
0.05925925925925916 0.05925925925925915 0.06049382716049371 0.06481481481481469 0.05987654320987642 0.05987654320987642 0.06111111111111099 0.06234567901234556 0.059876543209876426 0.11604938271604914 0.059876543209876426 0.09999999999999987 0.058641975308641854 0.05679012345679001 0.06172839506172829
0.05740740740740729 0.05864197530864187 0.06049382716049371 0.0648148148148147 0.05679012345679001 0.05617283950617273 0.05987654320987644 0.16172839506172818 0.05679012345679001 0.06358024691358014 0.05802469135802457 0.05925925925925916 0.05679012345679002 0.0574074074074073 0.07222222222222209
0.06527777777777778 0.06319444444444444 0.06597222222222222 0.10625 0.06388888888888888 0.06458333333333334 0.06319444444444444 0.06319444444444444 0.06319444444444444 0.06458333333333334 0.0625 0.06458333333333334 0.06319444444444444 0.06319444444444444 0.06319444444444444
0.04444444444444441 0.054273504273504206 0.048717948717948684 0.052136752136752076 0.04700854700854696 0.04487179487179482 0.04487179487179484 0.20170940170940166 0.04401709401709397 0.13333333333333316 0.04743589743589739 0.04786324786324783 0.09017094017094009 0.047435897435897406 0.05170940170940169
0.06405228758169922 0.06666666666666653 0.06601307189542469 0.06274509803921556 0.06274509803921556 0.0614379084967319 0.0614379084967319 0.12156862745098018 0.060784313725490056 0.0640522875816992 0.06078431372549007 0.06209150326797373 0.0614379084967319 0.0614379084967319 0.06274509803921555
0.05555555555555545 0.05679012345679001 0.0858024691358023 0.0574074074074073 0.05555555555555545 0.05555555555555545 0.05740740740740729 0.12962962962962946 0.05679012345679001 0.05617283950617273 0.05555555555555545 0.05679012345679001 0.10987654320987643 0.05555555555555545 0.05555555555555545
0.05277777777777769 0.05444444444444436 0.24722222222222223 0.05499999999999991 0.05388888888888881 0.056666666666666574 0.053333333333333253 0.05111111111111103 0.053333333333333253 0.05722222222222212 0.05111111111111103 0.05277777777777769 0.057222222222222126 0.05111111111111103 0.0527777777777777
0.05166666666666659 0.05166666666666657 0.05111111111111103 0.052222222222222135 0.05111111111111103 0.053888888888888806 0.053888888888888806 0.05055555555555547 0.24277777777777776 0.05444444444444436 0.05166666666666658 0.08111111111111098 0.050555555555555465 0.05166666666666658 0.05166666666666657
0.05679012345679001 0.05925925925925914 0.05679012345679001 0.058641975308641854 0.09629629629629613 0.09259259259259242 0.0574074074074073 0.05679012345679001 0.11913580246913558 0.05802469135802457 0.05679012345679001 0.06049382716049372 0.05617283950617273 0.0574074074074073 0.05740740740740729
0.05333333333333324 0.05333333333333324 0.055555555555555455 0.05777777777777767 0.08722222222222212 0.04999999999999991 0.052222222222222135 0.050555555555555465 0.21444444444444422 0.053888888888888806 0.05166666666666658 0.06333333333333324 0.05111111111111103 0.05111111111111103 0.05444444444444437
0.06319444444444444 0.06458333333333334 0.0625 0.06388888888888888 0.11180555555555556 0.0625 0.0625 0.0625 0.06388888888888888 0.06388888888888888 0.06319444444444444 0.06527777777777778 0.06319444444444444 0.06388888888888888 0.06319444444444444
0.05046296296296296 0.05601851851851851 0.05046296296296294 0.04999999999999999 0.0574074074074074 0.10416666666666673 0.04675925925925924 0.04629629629629625 0.2518518518518518 0.049537037037037025 0.04722222222222219 0.05046296296296296 0.04351851851851847 0.04351851851851845 0.05231481481481482
0.06620370370370372 0.09120370370370373 0.04814814814814813 0.06481481481481483 0.050925925925925895 0.05787037037037038 0.049537037037037025 0.04675925925925923 0.174537037037037 0.049537037037037 0.05277777777777777 0.09259259259259252 0.045370370370370325 0.04953703703703701 0.060185185185185196
0.1006172839506171 0.06111111111111099 0.05925925925925915 0.061728395061728274 0.06049382716049371 0.05864197530864187 0.0604938271604937 0.05987654320987644 0.12407407407407385 0.05864197530864187 0.05925925925925915 0.06049382716049372 0.05555555555555545 0.05864197530864187 0.06111111111111099
0.05555555555555545 0.05679012345679001 0.05555555555555545 0.05617283950617273 0.05679012345679001 0.05555555555555545 0.05555555555555545 0.05617283950617273 0.21790123456790084 0.05555555555555545 0.05555555555555545 0.05555555555555545 0.05555555555555545 0.05617283950617273 0.05555555555555545
0.0625 0.0625 0.0625 0.0625 0.06319444444444444 0.0625 0.0625 0.0625 0.12361111111111112 0.0625 0.0625 0.06319444444444444 0.0625 0.0625 0.0625
0.06388888888888888 0.0625 0.0625 0.0625 0.0625 0.0625 0.0625 0.0625 0.12291666666666666 0.0625 0.0625 0.0625 0.0625 0.06319444444444444 0.0625
0.05964912280701752 0.05672514619883039 0.05497076023391812 0.055555555555555546 0.05614035087719297 0.05438596491228071 0.0543859649122807 0.0549707602339181 0.2181286549707604 0.05614035087719299 0.05380116959064327 0.055555555555555546 0.052631578947368425 0.061403508771929814 0.055555555555555546
0.06543209876543199 0.06666666666666655 0.06234567901234558 0.07037037037037024 0.06913580246913568 0.0604938271604937 0.0679012345679011 0.07839506172839492 0.059876543209876426 0.0691358024691357 0.06172839506172829 0.07469135802469123 0.0722222222222221 0.059876543209876426 0.06172839506172829
0.06470588235294103 0.06797385620915018 0.06274509803921555 0.06535947712418286 0.06339869281045739 0.06601307189542471 0.0705882352941175 0.08104575163398679 0.06470588235294104 0.06797385620915018 0.06339869281045739 0.06535947712418287 0.061437908496731884 0.06732026143790837 0.0679738562091502
0.06862745098039201 0.08431372549019593 0.06013071895424823 0.07124183006535935 0.06405228758169922 0.06470588235294103 0.0614379084967319 0.0594771241830064 0.0660130718954247 0.060784313725490056 0.06405228758169922 0.07189542483660116 0.06209150326797373 0.06666666666666653 0.0745098039215685
0.06013071895424823 0.062091503267973726 0.09803921568627431 0.06535947712418287 0.06274509803921555 0.060784313725490056 0.062091503267973726 0.0705882352941175 0.059477124183006415 0.06862745098039204 0.062091503267973726 0.06470588235294104 0.08039215686274497 0.06078431372549007 0.062091503267973726
0.05882352941176457 0.06209150326797371 0.09869281045751618 0.0614379084967319 0.06078431372549007 0.060784313725490056 0.06078431372549007 0.06274509803921555 0.06339869281045739 0.06013071895424823 0.05882352941176457 0.05882352941176457 0.11372549019607825 0.05882352941176457 0.06013071895424823
0.08666666666666657 0.06277777777777768 0.07833333333333327 0.07388888888888875 0.05944444444444435 0.052222222222222135 0.06388888888888881 0.11055555555555549 0.05888888888888879 0.05888888888888881 0.05666666666666658 0.05944444444444435 0.05444444444444436 0.06111111111111101 0.06277777777777768
0.06111111111111099 0.0685185185185184 0.05617283950617273 0.061111111111111005 0.059876543209876426 0.05925925925925915 0.06666666666666655 0.11851851851851833 0.06111111111111101 0.061728395061728274 0.06172839506172829 0.06296296296296286 0.05802469135802457 0.0759259259259258 0.06728395061728383
0.06521739130434796 0.05169082125603874 0.05024154589371988 0.061352657004831015 0.048792270531401054 0.050724637681159486 0.05410628019323681 0.04734299516908222 0.10193236714975851 0.1000000000000001 0.05120772946859909 0.05990338164251215 0.11884057971014489 0.04830917874396144 0.09033816425120784
0.06458333333333334 0.06319444444444444 0.0625 0.0625 0.06319444444444444 0.06319444444444444 0.06319444444444444 0.11527777777777778 0.06319444444444444 0.06388888888888888 0.06319444444444444 0.0625 0.06388888888888888 0.0625 0.06319444444444444
0.11805555555555555 0.06319444444444444 0.0625 0.0625 0.0625 0.06388888888888888 0.06388888888888888 0.06319444444444444 0.06319444444444444 0.0625 0.0625 0.06319444444444444 0.0625 0.06319444444444444 0.06319444444444444
0.06209150326797373 0.06339869281045737 0.06013071895424823 0.0614379084967319 0.0614379084967319 0.06078431372549007 0.06209150326797373 0.10065359477124163 0.06078431372549007 0.061437908496731905 0.059477124183006415 0.06013071895424824 0.07843137254901948 0.08235294117647042 0.06535947712418286
0.06319444444444444 0.06388888888888888 0.06388888888888888 0.06597222222222222 0.0625 0.0625 0.06319444444444444 0.11666666666666667 0.0625 0.0625 0.06319444444444444 0.0625 0.0625 0.0625 0.0625
0.06565656565656569 0.06262626262626267 0.05050505050505052 0.1015151515151516 0.05656565656565661 0.05151515151515152 0.0833333333333334 0.16010101010101016 0.05303030303030306 0.05808080808080814 0.04797979797979798 0.05555555555555561 0.04848484848484849 0.05000000000000001 0.05505050505050508
0.04973544973544966 0.048677248677248604 0.07724867724867714 0.05026455026455019 0.04814814814814808 0.04761904761904755 0.04920634920634913 0.09629629629629619 0.09470899470899458 0.1375661375661375 0.04814814814814808 0.04814814814814808 0.10687830687830675 0.04761904761904755 0.04973544973544967
0.06928104575163384 0.06339869281045739 0.06470588235294104 0.06274509803921556 0.06274509803921556 0.062091503267973726 0.06078431372549007 0.11699346405228736 0.062091503267973726 0.06274509803921556 0.06013071895424824 0.06405228758169922 0.06274509803921556 0.06339869281045737 0.062091503267973726
0.05882352941176457 0.10522875816993442 0.0614379084967319 0.05882352941176457 0.05882352941176457 0.06078431372549007 0.06078431372549007 0.11111111111111087 0.0594771241830064 0.060784313725490056 0.06797385620915018 0.05882352941176457 0.0594771241830064 0.05882352941176457 0.05882352941176457
0.06078431372549007 0.06013071895424824 0.0594771241830064 0.14313725490196055 0.05882352941176457 0.06013071895424823 0.0594771241830064 0.07581699346405214 0.06078431372549007 0.06078431372549007 0.05882352941176457 0.05882352941176457 0.06013071895424823 0.06078431372549007 0.062091503267973726
0.06458333333333334 0.07013888888888889 0.06458333333333334 0.06666666666666667 0.06944444444444445 0.08402777777777778 0.06388888888888888 0.06527777777777778 0.06388888888888888 0.06388888888888888 0.06388888888888888 0.06319444444444444 0.0625 0.06388888888888888 0.07013888888888889
0.06140350877192977 0.08596491228070172 0.07251461988304092 0.06900584795321633 0.07836257309941522 0.060818713450292376 0.06081871345029237 0.05730994152046784 0.0719298245614035 0.0654970760233918 0.061988304093567245 0.06900584795321633 0.057309941520467825 0.06023391812865494 0.06783625730994149
0.05497076023391814 0.058479532163742694 0.05789473684210525 0.05555555555555554 0.05438596491228068 0.05497076023391813 0.05438596491228071 0.0549707602339181 0.18011695906432743 0.055555555555555546 0.09649122807017546 0.0567251461988304 0.05321637426900584 0.05497076023391812 0.057309941520467825
0.05497076023391812 0.05380116959064329 0.056725146198830394 0.053801169590643266 0.05672514619883039 0.05614035087719297 0.055555555555555525 0.05380116959064327 0.1643274853801167 0.05614035087719297 0.09590643274853804 0.05614035087719299 0.07719298245614035 0.052631578947368425 0.05614035087719297
0.05864197530864187 0.10740740740740724 0.059876543209876426 0.05925925925925914 0.06296296296296283 0.05925925925925915 0.06049382716049371 0.058024691358024585 0.06975308641975296 0.06049382716049372 0.07098765432098753 0.09629629629629617 0.05679012345679001 0.05740740740740729 0.06234567901234556
0.0625 0.0625 0.0625 0.06319444444444444 0.06319444444444444 0.0625 0.0625 0.0625 0.0625 0.0625 0.12291666666666666 0.0625 0.06319444444444444 0.0625 0.0625
0.060784313725490056 0.11699346405228736 0.06274509803921555 0.060784313725490056 0.06862745098039202 0.0594771241830064 0.05882352941176457 0.06274509803921556 0.0614379084967319 0.062091503267973726 0.08039215686274494 0.061437908496731884 0.06078431372549007 0.05882352941176457 0.06405228758169922
0.0594771241830064 0.05882352941176457 0.059477124183006415 0.0614379084967319 0.05882352941176457 0.0614379084967319 0.05882352941176457 0.05882352941176457 0.06078431372549007 0.06013071895424824 0.16601307189542458 0.059477124183006415 0.05882352941176457 0.05882352941176457 0.05882352941176457
0.05882352941176457 0.06013071895424824 0.0594771241830064 0.05882352941176457 0.11437908496732001 0.05882352941176457 0.05882352941176457 0.05882352941176457 0.059477124183006415 0.05882352941176457 0.11699346405228735 0.05882352941176457 0.0594771241830064 0.05882352941176457 0.059477124183006415
0.05944444444444437 0.05444444444444436 0.05333333333333324 0.0549999999999999 0.1650000000000001 0.05055555555555547 0.052222222222222135 0.1472222222222223 0.050555555555555465 0.053888888888888806 0.05111111111111103 0.0527777777777777 0.052222222222222135 0.05055555555555547 0.05166666666666657
0.05333333333333324 0.05611111111111102 0.05611111111111103 0.0638888888888888 0.05333333333333324 0.05444444444444436 0.05388888888888881 0.10888888888888884 0.0577777777777777 0.14333333333333334 0.05499999999999991 0.07888888888888881 0.05611111111111102 0.05166666666666659 0.057222222222222126
0.05444444444444436 0.05166666666666658 0.09888888888888875 0.058333333333333244 0.05166666666666658 0.05166666666666658 0.0549999999999999 0.1266666666666667 0.05333333333333324 0.05777777777777768 0.05166666666666658 0.07999999999999988 0.10277777777777763 0.052222222222222135 0.053888888888888806
0.06319444444444444 0.06388888888888888 0.06319444444444444 0.10694444444444444 0.0625 0.06458333333333334 0.06388888888888888 0.06597222222222222 0.0625 0.06319444444444444 0.0625 0.06597222222222222 0.06388888888888888 0.06388888888888888 0.06388888888888888
0.0725146198830409 0.05847953216374267 0.059064327485380076 0.061988304093567245 0.17134502923976586 0.05438596491228069 0.05614035087719296 0.05672514619883039 0.055555555555555566 0.06783625730994149 0.05497076023391812 0.059649122807017535 0.0567251461988304 0.0590643274853801 0.05555555555555555
0.0567251461988304 0.05730994152046782 0.059649122807017535 0.061403508771929786 0.11461988304093564 0.05497076023391812 0.05906432748538011 0.10584795321637426 0.06081871345029241 0.0719298245614035 0.05614035087719297 0.07076023391812865 0.05672514619883039 0.05438596491228069 0.059649122807017514
0.05740740740740729 0.06296296296296283 0.058024691358024585 0.05864197530864187 0.11604938271604918 0.12901234567901215 0.05679012345679001 0.05617283950617273 0.05679012345679001 0.05740740740740729 0.05555555555555545 0.05617283950617273 0.05679012345679001 0.058024691358024585 0.06419753086419741
0.05333333333333323 0.13944444444444454 0.053333333333333253 0.08888888888888875 0.053888888888888806 0.05111111111111103 0.05333333333333324 0.12722222222222226 0.05166666666666658 0.05444444444444434 0.05666666666666657 0.057222222222222126 0.05222222222222214 0.05055555555555547 0.05666666666666658
0.06535947712418289 0.06535947712418287 0.06405228758169923 0.07647058823529397 0.06339869281045737 0.06078431372549007 0.0882352941176469 0.0679738562091502 0.06274509803921556 0.06666666666666651 0.0640522875816992 0.06339869281045739 0.0614379084967319 0.06274509803921555 0.06732026143790834
0.05111111111111102 0.05111111111111103 0.05166666666666658 0.09388888888888879 0.04999999999999991 0.05166666666666658 0.05222222222222213 0.18888888888888872 0.05111111111111103 0.0972222222222221 0.05055555555555547 0.054999999999999924 0.05277777777777769 0.05222222222222213 0.05055555555555547
0.054999999999999924 0.05555555555555547 0.05277777777777769 0.06555555555555548 0.11611111111111104 0.05277777777777769 0.05277777777777769 0.15944444444444442 0.052222222222222135 0.05611111111111104 0.058333333333333244 0.05555555555555547 0.057222222222222126 0.05499999999999991 0.055555555555555476
0.051851851851851774 0.052380952380952306 0.0708994708994708 0.074074074074074 0.05555555555555547 0.06613756613756608 0.04920634920634913 0.148148148148148 0.09735449735449725 0.053968253968253894 0.050264550264550185 0.06984126984126972 0.05343915343915337 0.05026455026455019 0.05661375661375653
0.04848484848484849 0.052525252525252544 0.14191919191919206 0.05050505050505053 0.04797979797979798 0.06414141414141425 0.08636363636363634 0.09494949494949498 0.048989898989899 0.052525252525252544 0.048989898989899 0.06313131313131314 0.05000000000000001 0.0974747474747475 0.05202020202020205
0.0654970760233918 0.06023391812865496 0.06257309941520463 0.06023391812865497 0.05555555555555555 0.05614035087719296 0.1742690058479531 0.056725146198830394 0.05789473684210525 0.06315789473684208 0.05730994152046782 0.061403508771929814 0.05497076023391812 0.05614035087719297 0.05789473684210526
0.051207729468599125 0.05797101449275372 0.05024154589371989 0.07053140096618363 0.05555555555555564 0.06570048309178755 0.0990338164251209 0.09613526570048316 0.10048309178743971 0.06086956521739137 0.0473429951690822 0.05169082125603875 0.08357487922705323 0.05314009661835756 0.05652173913043487
0.06543209876543198 0.09074074074074058 0.059876543209876426 0.05925925925925915 0.05925925925925915 0.061728395061728294 0.0604938271604937 0.1006172839506171 0.059876543209876426 0.06049382716049371 0.059876543209876426 0.07407407407407396 0.058641975308641854 0.0604938271604937 0.0691358024691357
0.05166666666666658 0.04999999999999991 0.14944444444444457 0.05444444444444435 0.05111111111111103 0.05111111111111103 0.09388888888888879 0.08722222222222208 0.05111111111111102 0.05333333333333324 0.05111111111111103 0.05111111111111102 0.0538888888888888 0.09888888888888873 0.05166666666666657
0.05925925925925914 0.05925925925925915 0.05802469135802457 0.08641975308641964 0.05679012345679001 0.05679012345679001 0.05802469135802457 0.09814814814814801 0.05802469135802457 0.05617283950617273 0.05617283950617273 0.05864197530864187 0.12345679012345664 0.05925925925925914 0.05555555555555545
0.05614035087719296 0.056725146198830394 0.05847953216374267 0.06081871345029236 0.05614035087719298 0.05438596491228069 0.05497076023391814 0.07894736842105261 0.05906432748538009 0.05730994152046784 0.05789473684210526 0.05789473684210526 0.1824561403508772 0.053801169590643266 0.05497076023391813
0.05882352941176457 0.05882352941176457 0.05882352941176457 0.05882352941176457 0.05882352941176457 0.05882352941176457 0.05882352941176457 0.05882352941176457 0.05882352941176457 0.059477124183006415 0.05882352941176457 0.05882352941176457 0.05882352941176457 0.1751633986928102 0.059477124183006415
0.06013071895424823 0.059477124183006415 0.0614379084967319 0.1039215686274508 0.06274509803921555 0.060784313725490056 0.06013071895424824 0.062091503267973726 0.061437908496731905 0.06078431372549007 0.062091503267973726 0.06209150326797373 0.09738562091503251 0.062091503267973726 0.06339869281045737
0.07098765432098753 0.059876543209876426 0.06172839506172829 0.09074074074074064 0.058641975308641854 0.0574074074074073 0.07098765432098753 0.07283950617283938 0.06172839506172829 0.061728395061728274 0.05679012345679002 0.05802469135802457 0.09999999999999987 0.05925925925925915 0.05925925925925914
0.06491228070175435 0.05906432748538012 0.08304093567251457 0.0678362573099415 0.06666666666666664 0.05555555555555554 0.05614035087719297 0.08596491228070179 0.0567251461988304 0.05789473684210526 0.05555555555555554 0.05555555555555554 0.1157894736842104 0.06023391812865494 0.0590643274853801
0.06319444444444444 0.06319444444444444 0.0625 0.06319444444444444 0.0625 0.0625 0.0625 0.0625 0.0625 0.0625 0.0625 0.0625 0.12291666666666666 0.0625 0.0625
0.06388888888888888 0.06319444444444444 0.0625 0.0625 0.06388888888888888 0.0625 0.06319444444444444 0.0625 0.06319444444444444 0.06319444444444444 0.0625 0.0625 0.0625 0.11805555555555555 0.06388888888888888
0.07530864197530848 0.05679012345679001 0.05555555555555545 0.05617283950617273 0.05617283950617273 0.05555555555555545 0.05555555555555545 0.05679012345679001 0.05555555555555545 0.05617283950617273 0.05617283950617273 0.05679012345679001 0.05555555555555545 0.05555555555555545 0.19629629629629594
0.08999999999999994 0.05055555555555547 0.08888888888888873 0.06388888888888881 0.05111111111111102 0.050555555555555465 0.052222222222222135 0.05111111111111103 0.05499999999999991 0.05055555555555547 0.05111111111111102 0.05166666666666658 0.05111111111111103 0.18944444444444425 0.05277777777777769
0.06055555555555546 0.06611111111111104 0.05666666666666658 0.059999999999999894 0.055555555555555476 0.09055555555555546 0.10666666666666659 0.05555555555555547 0.06111111111111103 0.055555555555555476 0.06222222222222214 0.05888888888888879 0.05444444444444436 0.09333333333333324 0.0627777777777777
0.0637426900584795 0.08128654970760237 0.05555555555555554 0.11228070175438593 0.06432748538011693 0.05555555555555554 0.06549707602339179 0.05847953216374269 0.05789473684210525 0.05964912280701754 0.060818713450292376 0.08070175438596487 0.05730994152046782 0.05964912280701752 0.06725146198830412
0.06601307189542471 0.06013071895424824 0.0633986928104574 0.06666666666666651 0.0614379084967319 0.0594771241830064 0.0614379084967319 0.06535947712418286 0.06078431372549007 0.06013071895424823 0.12091503267973833 0.06666666666666653 0.06013071895424823 0.06013071895424823 0.06732026143790835
0.05882352941176457 0.05882352941176457 0.05882352941176457 0.05882352941176457 0.05882352941176457 0.05882352941176457 0.05882352941176457 0.059477124183006415 0.05882352941176457 0.059477124183006415 0.05882352941176457 0.05882352941176457 0.059477124183006415 0.17450980392156834 0.05882352941176457
0.07058823529411751 0.06601307189542471 0.061437908496731905 0.06274509803921555 0.062091503267973726 0.05882352941176457 0.06732026143790838 0.0594771241830064 0.06535947712418287 0.06405228758169922 0.06339869281045737 0.06274509803921555 0.06013071895424824 0.10980392156862724 0.06601307189542469
0.05925925925925916 0.06604938271604927 0.058024691358024585 0.07037037037037025 0.05864197530864187 0.05617283950617273 0.05617283950617273 0.05740740740740729 0.10987654320987633 0.06049382716049372 0.05802469135802457 0.06049382716049371 0.061111111111110984 0.10987654320987639 0.05802469135802459
0.07166666666666652 0.05611111111111103 0.0538888888888888 0.061666666666666585 0.05222222222222214 0.05055555555555547 0.05277777777777769 0.0538888888888888 0.05444444444444435 0.05944444444444434 0.05444444444444436 0.05555555555555547 0.05333333333333324 0.053888888888888806 0.21611111111111098
0.06736111111111111 0.07430555555555556 0.06319444444444444 0.06319444444444444 0.07013888888888889 0.06597222222222222 0.06666666666666667 0.0625 0.06388888888888888 0.06805555555555555 0.06458333333333334 0.06666666666666667 0.06388888888888888 0.06736111111111111 0.07222222222222222
0.05277777777777769 0.05444444444444436 0.05111111111111103 0.05166666666666658 0.050555555555555465 0.05055555555555547 0.2755555555555558 0.05111111111111103 0.05055555555555547 0.053333333333333253 0.05277777777777769 0.05333333333333324 0.04999999999999991 0.050555555555555465 0.05166666666666658
0.06736111111111111 0.06875 0.06666666666666667 0.06458333333333334 0.06736111111111111 0.06388888888888888 0.06597222222222222 0.06736111111111111 0.06805555555555555 0.06805555555555555 0.06666666666666667 0.06666666666666667 0.06597222222222222 0.06597222222222222 0.06666666666666667
0.052631578947368425 0.052631578947368425 0.05380116959064327 0.05321637426900585 0.052631578947368425 0.052631578947368425 0.2584795321637429 0.05321637426900586 0.052631578947368425 0.05380116959064327 0.052631578947368425 0.052631578947368425 0.052631578947368425 0.052631578947368425 0.05380116959064327
0.06013071895424823 0.0594771241830064 0.0614379084967319 0.05882352941176457 0.06013071895424823 0.05882352941176457 0.16078431372548993 0.06078431372549007 0.05882352941176457 0.06209150326797373 0.06013071895424824 0.0594771241830064 0.060784313725490056 0.0594771241830064 0.05882352941176457
0.06198830409356724 0.06374269005847953 0.056725146198830394 0.05906432748538009 0.05789473684210525 0.05730994152046786 0.17134502923976594 0.056725146198830394 0.06023391812865496 0.06608187134502919 0.059649122807017514 0.059064327485380076 0.05497076023391813 0.05730994152046782 0.05789473684210526
0.0625 0.0625 0.0625 0.06458333333333334 0.06319444444444444 0.06319444444444444 0.11736111111111111 0.0625 0.06319444444444444 0.06388888888888888 0.0625 0.06388888888888888 0.0625 0.0625 0.06319444444444444
0.06319444444444444 0.06527777777777778 0.06319444444444444 0.06736111111111111 0.06319444444444444 0.0625 0.06458333333333334 0.0625 0.0625 0.09305555555555556 0.06319444444444444 0.06388888888888888 0.06458333333333334 0.07777777777777778 0.06319444444444444
0.0625 0.06319444444444444 0.06388888888888888 0.06388888888888888 0.0625 0.0625 0.11875 0.0625 0.0625 0.06319444444444444 0.0625 0.06319444444444444 0.0625 0.06319444444444444 0.06319444444444444
0.06339869281045737 0.06405228758169922 0.06274509803921556 0.06339869281045737 0.06339869281045739 0.0594771241830064 0.06339869281045737 0.06470588235294106 0.0594771241830064 0.061437908496731905 0.061437908496731884 0.12810457516339843 0.06274509803921556 0.0594771241830064 0.06274509803921556
0.055555555555555476 0.05111111111111103 0.0527777777777777 0.06111111111111103 0.053888888888888806 0.05111111111111103 0.05555555555555547 0.05277777777777769 0.05277777777777769 0.0527777777777777 0.10277777777777766 0.053333333333333253 0.20055555555555543 0.05111111111111103 0.0527777777777777
0.04637681159420297 0.04927536231884066 0.04541062801932375 0.047342995169082205 0.04492753623188414 0.044444444444444536 0.045893719806763364 0.04541062801932375 0.04541062801932375 0.04396135265700491 0.09082125603864749 0.04637681159420299 0.31256038647343026 0.045893719806763364 0.04589371980676337
0.04973544973544966 0.05079365079365071 0.04973544973544967 0.050264550264550185 0.04814814814814808 0.04920634920634914 0.04867724867724861 0.04973544973544967 0.04867724867724861 0.049735449735449674 0.048677248677248604 0.08042328042328034 0.27566137566137544 0.04973544973544967 0.05079365079365071
0.05730994152046784 0.05964912280701754 0.05555555555555554 0.06198830409356721 0.05906432748538007 0.05555555555555555 0.055555555555555566 0.0567251461988304 0.05672514619883039 0.061403508771929814 0.05321637426900585 0.0994152046783626 0.1532163742690057 0.05614035087719296 0.058479532163742666
0.06597222222222222 0.06527777777777778 0.06736111111111111 0.06666666666666667 0.06458333333333334 0.06319444444444444 0.06388888888888888 0.06458333333333334 0.07013888888888889 0.07083333333333333 0.06319444444444444 0.08055555555555556 0.06458333333333334 0.06388888888888888 0.06527777777777778
0.06388888888888888 0.06319444444444444 0.09166666666666666 0.08402777777777778 0.06319444444444444 0.0625 0.0625 0.06319444444444444 0.06319444444444444 0.06388888888888888 0.06319444444444444 0.06458333333333334 0.0625 0.06458333333333334 0.06388888888888888
0.05802469135802457 0.05617283950617273 0.08086419753086405 0.07345679012345668 0.0574074074074073 0.05555555555555545 0.05617283950617273 0.05679012345679001 0.11296296296296277 0.05555555555555545 0.05555555555555545 0.1111111111111109 0.05555555555555545 0.058024691358024585 0.05679012345679001
0.05882352941176457 0.05882352941176457 0.05882352941176457 0.0594771241830064 0.05882352941176457 0.059477124183006415 0.11503267973856184 0.09150326797385602 0.0594771241830064 0.05882352941176457 0.05882352941176457 0.059477124183006415 0.08366013071895409 0.05882352941176457 0.06013071895424824
0.06358024691358014 0.0648148148148147 0.06358024691358014 0.07777777777777765 0.06296296296296285 0.05679012345679001 0.059876543209876426 0.0574074074074073 0.06419753086419741 0.1185185185185183 0.06234567901234556 0.06790123456790112 0.05740740740740729 0.05925925925925915 0.06358024691358014
0.05882352941176457 0.05882352941176457 0.05882352941176457 0.06013071895424824 0.1732026143790847 0.05882352941176457 0.059477124183006415 0.0594771241830064 0.05882352941176457 0.05882352941176457 0.05882352941176457 0.05882352941176457 0.05882352941176457 0.05882352941176457 0.059477124183006415
0.0594771241830064 0.0594771241830064 0.05882352941176457 0.059477124183006415 0.17254901960784289 0.0594771241830064 0.05882352941176457 0.0594771241830064 0.05882352941176457 0.05882352941176457 0.059477124183006415 0.05882352941176457 0.05882352941176457 0.05882352941176457 0.05882352941176457
0.072549019607843 0.06928104575163385 0.06339869281045739 0.072549019607843 0.06535947712418287 0.06274509803921556 0.07843137254901947 0.061437908496731905 0.06666666666666654 0.06535947712418289 0.06470588235294104 0.06601307189542471 0.06078431372549007 0.06339869281045737 0.06732026143790835
0.06274509803921556 0.06078431372549007 0.06078431372549007 0.06013071895424824 0.06013071895424824 0.09934640522875797 0.0594771241830064 0.0594771241830064 0.0594771241830064 0.061437908496731884 0.06078431372549007 0.062091503267973726 0.11372549019607818 0.059477124183006415 0.06013071895424824
0.05555555555555545 0.05617283950617273 0.05679012345679001 0.05679012345679001 0.05740740740740729 0.14938271604938255 0.11296296296296278 0.0574074074074073 0.05555555555555545 0.05740740740740729 0.05740740740740729 0.05802469135802457 0.05679012345679001 0.05555555555555545 0.05679012345679001
0.055555555555555566 0.05789473684210522 0.05497076023391813 0.0543859649122807 0.05497076023391813 0.05497076023391812 0.10409356725146199 0.053801169590643266 0.0573099415204678 0.055555555555555566 0.056725146198830366 0.1783625730994152 0.05380116959064327 0.052631578947368425 0.054970760233918115
0.06805555555555555 0.06666666666666667 0.06597222222222222 0.07708333333333334 0.06458333333333334 0.06527777777777778 0.06527777777777778 0.06527777777777778 0.06736111111111111 0.06875 0.06597222222222222 0.06458333333333334 0.06388888888888888 0.06597222222222222 0.06527777777777778
0.05882352941176457 0.0594771241830064 0.06078431372549007 0.05882352941176457 0.06013071895424823 0.06013071895424823 0.059477124183006415 0.06013071895424824 0.05882352941176457 0.06013071895424824 0.06013071895424824 0.1660130718954246 0.05882352941176457 0.05882352941176457 0.059477124183006415
0.05555555555555555 0.055555555555555566 0.05380116959064329 0.056725146198830394 0.052631578947368425 0.05380116959064327 0.15380116959064297 0.05380116959064327 0.05321637426900585 0.13567251461988278 0.05321637426900584 0.0543859649122807 0.05321637426900585 0.06081871345029241 0.05380116959064329
