0.08263888888888889 0.06527777777777778 0.06666666666666667 0.06736111111111111 0.06736111111111111 0.06388888888888888 0.06458333333333334 0.06527777777777778 0.06597222222222222 0.06666666666666667 0.06319444444444444 0.06458333333333334 0.06805555555555555 0.06319444444444444 0.06527777777777778
0.2534391534391532 0.05767195767195758 0.05661375661375654 0.0671957671957671 0.05661375661375654 0.05185185185185177 0.048677248677248604 0.050793650793650724 0.04973544973544967 0.05026455026455019 0.05502645502645494 0.05291005291005285 0.05026455026455019 0.04973544973544966 0.04920634920634913
0.24853801169590664 0.05380116959064327 0.05380116959064327 0.0543859649122807 0.05380116959064327 0.052631578947368425 0.05321637426900585 0.05321637426900585 0.05321637426900584 0.05438596491228069 0.05321637426900584 0.05380116959064327 0.05438596491228069 0.05497076023391813 0.052631578947368425
0.06388888888888888 0.06388888888888888 0.06319444444444444 0.06319444444444444 0.0625 0.06388888888888888 0.06319444444444444 0.0625 0.0625 0.11597222222222223 0.0625 0.06319444444444444 0.06319444444444444 0.06319444444444444 0.06319444444444444
0.06319444444444444 0.0625 0.0625 0.0625 0.06319444444444444 0.0625 0.06319444444444444 0.0625 0.0625 0.12291666666666666 0.0625 0.0625 0.0625 0.0625 0.0625
0.057142857142857086 0.07037037037037028 0.06243386243386236 0.08465608465608461 0.05396825396825389 0.05449735449735442 0.07671957671957665 0.053968253968253894 0.05555555555555548 0.14920634920634904 0.05502645502645495 0.05925925925925922 0.055555555555555476 0.0555555555555555 0.056084656084656
0.06491228070175432 0.055555555555555546 0.05555555555555557 0.06023391812865499 0.0543859649122807 0.05497076023391813 0.05497076023391812 0.05321637426900585 0.06257309941520467 0.20584795321637436 0.05614035087719298 0.054970760233918115 0.056725146198830394 0.05555555555555555 0.05438596491228069
0.07195767195767187 0.04973544973544967 0.04973544973544967 0.050264550264550185 0.04920634920634914 0.05079365079365071 0.04973544973544967 0.048677248677248604 0.050264550264550185 0.28042328042328013 0.05026455026455019 0.04761904761904755 0.04920634920634914 0.05291005291005284 0.04920634920634914
0.06257309941520466 0.0567251461988304 0.08713450292397666 0.05789473684210525 0.06783625730994147 0.057309941520467825 0.055555555555555566 0.05614035087719299 0.05730994152046782 0.15614035087719277 0.05730994152046784 0.05730994152046784 0.05789473684210525 0.058479532163742694 0.0543859649122807
0.12222222222222218 0.06111111111111101 0.06222222222222214 0.06222222222222213 0.05499999999999991 0.05722222222222214 0.058333333333333244 0.05611111111111104 0.06111111111111103 0.10888888888888885 0.06166666666666658 0.059999999999999915 0.05944444444444435 0.057222222222222126 0.05722222222222214
0.10370370370370353 0.058641975308641854 0.058024691358024585 0.06296296296296283 0.05679012345679001 0.05679012345679001 0.058641975308641854 0.0574074074074073 0.05802469135802457 0.1382716049382714 0.05740740740740729 0.058641975308641875 0.05925925925925916 0.05802469135802457 0.05740740740740729
0.11319444444444444 0.06319444444444444 0.06319444444444444 0.06319444444444444 0.06319444444444444 0.06319444444444444 0.0625 0.0625 0.06388888888888888 0.06875 0.0625 0.0625 0.06319444444444444 0.0625 0.0625
0.07719298245614037 0.057309941520467825 0.05906432748538009 0.057309941520467825 0.05730994152046782 0.057309941520467825 0.06842105263157895 0.05730994152046784 0.05555555555555554 0.053801169590643266 0.05672514619883039 0.05438596491228072 0.05672514619883039 0.17426900584795307 0.05730994152046782
0.05555555555555545 0.05864197530864187 0.05925925925925915 0.05555555555555545 0.05802469135802457 0.05555555555555545 0.05679012345679001 0.08641975308641961 0.05679012345679001 0.05679012345679001 0.05679012345679001 0.0574074074074073 0.0685185185185184 0.16172839506172818 0.05617283950617273
0.0625 0.0625 0.06319444444444444 0.06319444444444444 0.06319444444444444 0.06319444444444444 0.06319444444444444 0.06597222222222222 0.0625 0.0625 0.0625 0.06319444444444444 0.0625 0.11736111111111111 0.0625
0.06339869281045737 0.062091503267973726 0.06535947712418287 0.06209150326797371 0.05882352941176457 0.0614379084967319 0.06078431372549007 0.06339869281045737 0.06405228758169922 0.13006535947712394 0.06274509803921555 0.061437908496731905 0.062091503267973726 0.060784313725490056 0.0614379084967319
0.06388888888888888 0.0763888888888889 0.08611111111111111 0.06319444444444444 0.06666666666666667 0.06458333333333334 0.06319444444444444 0.06388888888888888 0.06458333333333334 0.06319444444444444 0.06388888888888888 0.07083333333333333 0.06319444444444444 0.06319444444444444 0.06319444444444444
0.0625 0.0625 0.0625 0.0625 0.0625 0.0625 0.0625 0.0625 0.06319444444444444 0.12361111111111112 0.06319444444444444 0.0625 0.0625 0.0625 0.0625
0.06078431372549007 0.059477124183006415 0.05882352941176457 0.059477124183006415 0.060784313725490056 0.06013071895424824 0.059477124183006415 0.06993464052287565 0.060784313725490056 0.152941176470588 0.059477124183006415 0.06013071895424823 0.059477124183006415 0.05882352941176457 0.059477124183006415
0.06458333333333334 0.075 0.06736111111111111 0.08680555555555555 0.06944444444444445 0.06458333333333334 0.0625 0.0625 0.0625 0.06388888888888888 0.06319444444444444 0.06666666666666667 0.06388888888888888 0.06319444444444444 0.06388888888888888
0.06405228758169922 0.06405228758169922 0.06405228758169922 0.06274509803921555 0.06274509803921555 0.06078431372549007 0.06209150326797375 0.06209150326797371 0.06470588235294103 0.11699346405228736 0.06732026143790835 0.06013071895424823 0.06274509803921555 0.0660130718954247 0.0594771241830064
0.059649122807017535 0.05789473684210523 0.07017543859649117 0.055555555555555546 0.05789473684210526 0.05964912280701752 0.05555555555555554 0.09649122807017542 0.05847953216374267 0.13333333333333316 0.055555555555555546 0.057309941520467804 0.06315789473684211 0.0590643274853801 0.06023391812865496
0.06527777777777778 0.06666666666666667 0.07152777777777777 0.06736111111111111 0.06527777777777778 0.06597222222222222 0.06458333333333334 0.06527777777777778 0.07013888888888889 0.06319444444444444 0.06388888888888888 0.06597222222222222 0.06805555555555555 0.07361111111111111 0.06319444444444444
0.06274509803921555 0.06274509803921555 0.07908496732026127 0.07058823529411751 0.06405228758169923 0.06013071895424823 0.06078431372549007 0.06209150326797373 0.0640522875816992 0.062091503267973726 0.06209150326797371 0.0633986928104574 0.10653594771241812 0.059477124183006415 0.06013071895424824
0.06339869281045739 0.07581699346405213 0.07908496732026127 0.06274509803921556 0.06928104575163385 0.0640522875816992 0.06405228758169922 0.06274509803921557 0.06274509803921556 0.060784313725490056 0.06797385620915018 0.06797385620915021 0.07516339869281032 0.0614379084967319 0.06274509803921556
0.05882352941176457 0.05882352941176457 0.05882352941176457 0.05882352941176457 0.05882352941176457 0.05882352941176457 0.05882352941176457 0.05882352941176457 0.05882352941176457 0.05882352941176457 0.05882352941176457 0.05882352941176457 0.05882352941176457 0.17647058823529385 0.05882352941176457
0.05555555555555545 0.06234567901234556 0.05679012345679001 0.06049382716049371 0.06049382716049371 0.05679012345679001 0.0574074074074073 0.05679012345679001 0.0574074074074073 0.05679012345679002 0.06604938271604925 0.061728395061728274 0.05740740740740729 0.1746913580246911 0.05925925925925914
0.09298245614035087 0.060233918128654945 0.05614035087719296 0.05555555555555554 0.0637426900584795 0.05497076023391814 0.05614035087719297 0.06432748538011693 0.05321637426900584 0.06257309941520463 0.053801169590643266 0.05789473684210524 0.05614035087719298 0.15964912280701724 0.052631578947368425
0.05222222222222214 0.05444444444444435 0.05555555555555547 0.04999999999999991 0.05777777777777768 0.06055555555555546 0.053888888888888806 0.052222222222222135 0.0538888888888888 0.05277777777777769 0.053888888888888806 0.05277777777777769 0.05222222222222214 0.24555555555555553 0.052222222222222135
0.09876543209876526 0.05679012345679001 0.05617283950617273 0.05617283950617273 0.05555555555555545 0.05802469135802457 0.05740740740740729 0.05555555555555545 0.05679012345679002 0.06049382716049371 0.05555555555555545 0.05617283950617273 0.05617283950617273 0.16419753086419733 0.05617283950617273
0.052631578947368425 0.0567251461988304 0.05380116959064329 0.052631578947368425 0.0543859649122807 0.05438596491228069 0.052631578947368425 0.05380116959064329 0.05321637426900585 0.05321637426900584 0.052631578947368425 0.05555555555555554 0.053801169590643266 0.24795321637426918 0.052631578947368425
0.06535947712418287 0.06078431372549007 0.07058823529411751 0.06470588235294103 0.06274509803921556 0.06078431372549007 0.06274509803921556 0.072549019607843 0.060784313725490056 0.061437908496731884 0.0614379084967319 0.0614379084967319 0.06732026143790838 0.1065359477124181 0.06078431372549007
0.062345679012345556 0.0679012345679011 0.06358024691358012 0.06049382716049371 0.06851851851851841 0.06666666666666655 0.06790123456790113 0.06049382716049371 0.08456790123456778 0.06296296296296287 0.06358024691358012 0.09382716049382708 0.05864197530864187 0.05740740740740729 0.061111111111111005
0.05888888888888881 0.06388888888888879 0.05833333333333324 0.05888888888888879 0.06277777777777768 0.05888888888888881 0.06111111111111102 0.05999999999999991 0.08722222222222213 0.059999999999999915 0.05777777777777769 0.13833333333333328 0.05833333333333324 0.06055555555555547 0.054999999999999924
0.04975845410628028 0.08599033816425129 0.05603864734299526 0.0502415458937199 0.10579710144927544 0.0579710144927537 0.059903381642512174 0.054589371980676406 0.0579710144927537 0.048792270531401054 0.06473429951690833 0.08840579710144936 0.054589371980676406 0.05024154589371988 0.11497584541062808
0.06388888888888888 0.06527777777777778 0.06736111111111111 0.06319444444444444 0.09722222222222222 0.06388888888888888 0.06388888888888888 0.06319444444444444 0.06527777777777778 0.06319444444444444 0.06388888888888888 0.06875 0.06388888888888888 0.06388888888888888 0.06319444444444444
0.062091503267973726 0.06666666666666651 0.06470588235294106 0.06732026143790838 0.06862745098039201 0.06470588235294104 0.06209150326797371 0.06928104575163384 0.06862745098039204 0.06535947712418287 0.0640522875816992 0.06535947712418286 0.06666666666666654 0.07516339869281033 0.06928104575163387
0.05617283950617273 0.059876543209876426 0.05740740740740729 0.061728395061728294 0.06111111111111099 0.058024691358024585 0.05925925925925915 0.06049382716049372 0.06111111111111099 0.05740740740740729 0.06111111111111099 0.05555555555555545 0.058024691358024585 0.05802469135802457 0.1746913580246911
0.06458333333333334 0.07083333333333333 0.06736111111111111 0.06666666666666667 0.06666666666666667 0.06944444444444445 0.06666666666666667 0.06597222222222222 0.06319444444444444 0.06597222222222222 0.06736111111111111 0.06666666666666667 0.06597222222222222 0.06597222222222222 0.06666666666666667
0.05679012345679001 0.06358024691358014 0.05864197530864187 0.05617283950617273 0.06234567901234558 0.07407407407407395 0.13641975308641957 0.058641975308641875 0.06790123456790113 0.05555555555555545 0.08456790123456777 0.05740740740740729 0.05617283950617273 0.05617283950617273 0.05555555555555545
0.05079365079365073 0.06613756613756602 0.06296296296296289 0.05502645502645496 0.10846560846560838 0.06084656084656077 0.056084656084656 0.050264550264550185 0.05132275132275124 0.05449735449735441 0.0682539682539682 0.053968253968253894 0.05291005291005286 0.053968253968253894 0.15449735449735433
0.05555555555555545 0.05679012345679001 0.05555555555555545 0.05555555555555545 0.05679012345679001 0.05617283950617273 0.11111111111111091 0.05555555555555545 0.07777777777777765 0.05555555555555545 0.05617283950617273 0.08395061728395047 0.05617283950617273 0.05617283950617273 0.1111111111111109
0.07013888888888889 0.06527777777777778 0.06597222222222222 0.06944444444444445 0.06527777777777778 0.0625 0.06527777777777778 0.06597222222222222 0.06875 0.06666666666666667 0.06527777777777778 0.07361111111111111 0.0625 0.06805555555555555 0.06527777777777778
0.05026455026455019 0.06084656084656078 0.05661375661375654 0.050793650793650724 0.053968253968253894 0.06190476190476183 0.09153439153439147 0.04920634920634914 0.06031746031746024 0.050793650793650724 0.06190476190476183 0.06825396825396818 0.05132275132275125 0.05238095238095229 0.17989417989417966
0.046859903381642594 0.05942028985507256 0.0507246376811595 0.053140096618357564 0.048792270531401054 0.05603864734299526 0.061352657004831015 0.0473429951690822 0.20772946859903385 0.04830917874396143 0.06521739130434791 0.055072463768116045 0.050724637681159486 0.10096618357487931 0.04830917874396144
0.0466666666666667 0.09333333333333335 0.05155555555555559 0.05777777777777782 0.07111111111111115 0.05244444444444448 0.06977777777777781 0.048000000000000036 0.14622222222222217 0.08577777777777783 0.0675555555555556 0.058222222222222265 0.04977777777777781 0.047111111111111145 0.054666666666666704
0.0594771241830064 0.06078431372549007 0.06078431372549007 0.05882352941176457 0.060784313725490056 0.10457516339869262 0.0614379084967319 0.060784313725490056 0.08235294117647042 0.0594771241830064 0.06339869281045737 0.0862745098039214 0.06078431372549008 0.0594771241830064 0.06078431372549008
0.0614379084967319 0.06666666666666651 0.06078431372549007 0.060784313725490056 0.06928104575163385 0.08888888888888871 0.06013071895424823 0.06339869281045737 0.06339869281045737 0.060784313725490056 0.07058823529411752 0.06405228758169922 0.062091503267973726 0.06078431372549007 0.08692810457516324
0.059477124183006415 0.09150326797385602 0.06078431372549008 0.0614379084967319 0.06339869281045739 0.10261437908496711 0.06339869281045739 0.0594771241830064 0.06078431372549007 0.06013071895424823 0.072549019607843 0.06078431372549007 0.06274509803921555 0.06013071895424824 0.06078431372549007
0.06601307189542471 0.06405228758169922 0.06993464052287568 0.06601307189542471 0.06470588235294104 0.06274509803921555 0.06274509803921555 0.06732026143790837 0.06470588235294104 0.061437908496731905 0.062091503267973726 0.0660130718954247 0.09542483660130699 0.06339869281045739 0.06339869281045737
0.0614379084967319 0.07385620915032662 0.09019607843137238 0.06470588235294103 0.06078431372549007 0.06274509803921555 0.072549019607843 0.05882352941176457 0.06732026143790835 0.06078431372549007 0.06928104575163385 0.06732026143790837 0.06470588235294103 0.06535947712418287 0.06013071895424823
0.06388888888888888 0.06458333333333334 0.06736111111111111 0.06527777777777778 0.06597222222222222 0.06458333333333334 0.0625 0.06875 0.06458333333333334 0.06458333333333334 0.06388888888888888 0.06458333333333334 0.09097222222222222 0.06388888888888888 0.06458333333333334
0.06470588235294106 0.06666666666666653 0.0614379084967319 0.06405228758169922 0.06732026143790834 0.06862745098039202 0.06339869281045737 0.059477124183006415 0.06405228758169923 0.06601307189542469 0.07516339869281032 0.06666666666666654 0.06339869281045737 0.06666666666666654 0.08235294117647042
0.08981481481481478 0.04629629629629624 0.04768518518518515 0.22453703703703703 0.04629629629629627 0.04537037037037032 0.04629629629629626 0.04444444444444439 0.061574074074074066 0.0888888888888888 0.04675925925925926 0.044444444444444384 0.04768518518518515 0.04583333333333328 0.07407407407407404
0.059876543209876426 0.06296296296296286 0.06975308641975296 0.07098765432098751 0.06358024691358014 0.06172839506172829 0.05864197530864187 0.05925925925925915 0.07407407407407395 0.11419753086419736 0.05679012345679001 0.05864197530864187 0.062345679012345556 0.06975308641975293 0.05740740740740729
0.09012345679012333 0.05802469135802457 0.05925925925925915 0.14938271604938252 0.05617283950617273 0.058641975308641854 0.05740740740740729 0.05679012345679001 0.05925925925925915 0.058024691358024585 0.05617283950617273 0.05617283950617273 0.06975308641975296 0.05864197530864187 0.05617283950617273
0.17189542483660106 0.05882352941176457 0.05882352941176457 0.0594771241830064 0.05882352941176457 0.05882352941176457 0.0594771241830064 0.0594771241830064 0.059477124183006415 0.05882352941176457 0.05882352941176457 0.05882352941176457 0.059477124183006415 0.0594771241830064 0.0594771241830064
0.06358024691358014 0.07160493827160483 0.06975308641975297 0.06234567901234558 0.06543209876543198 0.06172839506172829 0.06358024691358014 0.06234567901234556 0.11172839506172821 0.05679012345679001 0.06666666666666654 0.06604938271604925 0.059876543209876426 0.06049382716049371 0.058024691358024585
0.0577777777777777 0.057777777777777664 0.185 0.053333333333333253 0.05555555555555547 0.058333333333333244 0.05777777777777769 0.058888888888888796 0.05666666666666657 0.05666666666666658 0.05944444444444436 0.05611111111111102 0.05888888888888881 0.07555555555555547 0.05222222222222214
0.05614035087719299 0.057309941520467825 0.161988304093567 0.05730994152046782 0.06140350877192982 0.05555555555555554 0.05614035087719296 0.0549707602339181 0.059649122807017535 0.0567251461988304 0.05614035087719299 0.05555555555555554 0.05497076023391812 0.05380116959064327 0.1023391812865497
0.07055555555555545 0.053333333333333253 0.09999999999999998 0.06444444444444436 0.058888888888888796 0.05944444444444436 0.053888888888888806 0.059999999999999915 0.11055555555555541 0.05722222222222214 0.05388888888888881 0.059999999999999915 0.08999999999999994 0.05777777777777771 0.04999999999999991
0.06209150326797373 0.06274509803921555 0.10130718954248345 0.06209150326797373 0.06209150326797373 0.06078431372549007 0.06078431372549007 0.07189542483660118 0.0614379084967319 0.06339869281045739 0.062091503267973726 0.06470588235294103 0.07385620915032666 0.07058823529411752 0.06013071895424824
0.05555555555555545 0.05802469135802457 0.05740740740740729 0.05740740740740729 0.05555555555555545 0.05679012345679001 0.05617283950617273 0.1123456790123455 0.05555555555555545 0.058024691358024585 0.10864197530864177 0.0574074074074073 0.058641975308641854 0.09691358024691339 0.05555555555555545
0.05679012345679002 0.058641975308641854 0.06111111111111099 0.05925925925925915 0.05740740740740729 0.05555555555555545 0.05679012345679002 0.06111111111111099 0.05740740740740729 0.05617283950617273 0.0574074074074073 0.05617283950617273 0.18703703703703678 0.06172839506172829 0.05740740740740729
0.05882352941176457 0.05882352941176457 0.05882352941176457 0.05882352941176457 0.05882352941176457 0.0594771241830064 0.059477124183006415 0.17189542483660106 0.059477124183006415 0.05882352941176457 0.05882352941176457 0.05882352941176457 0.06078431372549007 0.05882352941176457 0.0594771241830064
0.06458333333333334 0.06597222222222222 0.06875 0.06527777777777778 0.0625 0.06875 0.07222222222222222 0.06319444444444444 0.06458333333333334 0.06388888888888888 0.06666666666666667 0.06805555555555555 0.07708333333333334 0.06597222222222222 0.0625
0.0625 0.0625 0.0625 0.0625 0.0625 0.0625 0.0625 0.0625 0.0625 0.125 0.0625 0.0625 0.0625 0.0625 0.0625
0.06993464052287568 0.06078431372549007 0.06339869281045737 0.06470588235294103 0.061437908496731905 0.06405228758169922 0.0614379084967319 0.06078431372549007 0.06339869281045737 0.11895424836601287 0.061437908496731905 0.06274509803921556 0.06666666666666654 0.061437908496731884 0.05882352941176457
0.11739130434782606 0.046859903381642594 0.04541062801932373 0.04927536231884065 0.046376811594202975 0.04782608695652181 0.04782608695652181 0.045893719806763364 0.04396135265700491 0.2816425120772946 0.04492753623188414 0.04541062801932375 0.046859903381642594 0.04541062801932375 0.04492753623188413
0.0625 0.06319444444444444 0.0625 0.12361111111111112 0.0625 0.0625 0.06319444444444444 0.0625 0.0625 0.0625 0.0625 0.0625 0.0625 0.0625 0.0625
0.05925925925925916 0.058024691358024585 0.059876543209876426 0.1839506172839504 0.05679012345679001 0.05864197530864187 0.05925925925925915 0.05617283950617273 0.058024691358024585 0.06543209876543199 0.05679012345679001 0.05679012345679001 0.05679012345679001 0.05740740740740729 0.05679012345679002
0.06458333333333334 0.06666666666666667 0.06805555555555555 0.06597222222222222 0.06597222222222222 0.06944444444444445 0.06666666666666667 0.06597222222222222 0.06666666666666667 0.06597222222222222 0.06875 0.06875 0.06666666666666667 0.06527777777777778 0.06458333333333334
0.059477124183006415 0.05882352941176457 0.06732026143790834 0.0614379084967319 0.06078431372549007 0.06013071895424823 0.06209150326797373 0.06013071895424824 0.06078431372549007 0.12156862745098015 0.06078431372549007 0.08235294117647043 0.0614379084967319 0.06405228758169922 0.05882352941176457
0.05614035087719299 0.052631578947368425 0.052631578947368425 0.05380116959064327 0.052631578947368425 0.05321637426900584 0.052631578947368425 0.05321637426900584 0.052631578947368425 0.2549707602339183 0.05321637426900584 0.05321637426900584 0.052631578947368425 0.05321637426900584 0.05321637426900586
0.05444444444444436 0.0577777777777777 0.054999999999999924 0.05166666666666658 0.05333333333333323 0.05111111111111103 0.05611111111111103 0.05166666666666657 0.05444444444444435 0.25333333333333335 0.05166666666666658 0.0527777777777777 0.052222222222222135 0.05277777777777769 0.05166666666666658
0.0625 0.0625 0.0625 0.06319444444444444 0.06319444444444444 0.0625 0.0625 0.0625 0.06319444444444444 0.12222222222222222 0.0625 0.06319444444444444 0.0625 0.0625 0.0625
0.06601307189542471 0.06732026143790835 0.07254901960784299 0.06993464052287565 0.07450980392156849 0.06209150326797373 0.06470588235294106 0.06209150326797373 0.06209150326797373 0.062091503267973726 0.06339869281045739 0.0843137254901959 0.06535947712418289 0.0640522875816992 0.059477124183006415
0.06388888888888888 0.06388888888888888 0.11666666666666667 0.06388888888888888 0.0625 0.0625 0.06319444444444444 0.0625 0.0625 0.06319444444444444 0.0625 0.0625 0.0625 0.06388888888888888 0.06388888888888888
0.058024691358024585 0.05925925925925914 0.1481481481481479 0.059876543209876426 0.06172839506172829 0.05864197530864187 0.0574074074074073 0.06419753086419741 0.07160493827160481 0.05864197530864187 0.059876543209876426 0.059876543209876426 0.061111111111111005 0.06234567901234556 0.05925925925925916
0.06013071895424824 0.0614379084967319 0.13660130718954225 0.062091503267973726 0.06535947712418287 0.0594771241830064 0.0614379084967319 0.06078431372549007 0.061437908496731905 0.060784313725490056 0.06339869281045737 0.06274509803921557 0.06274509803921555 0.06013071895424823 0.061437908496731884
0.06013071895424823 0.06732026143790835 0.07189542483660115 0.061437908496731884 0.06732026143790835 0.06274509803921555 0.06405228758169922 0.06339869281045737 0.06535947712418289 0.0614379084967319 0.062091503267973726 0.0660130718954247 0.1039215686274508 0.062091503267973726 0.06078431372549007
0.06013071895424824 0.05882352941176457 0.1666666666666664 0.06078431372549007 0.059477124183006415 0.05882352941176457 0.062091503267973726 0.05882352941176457 0.06013071895424823 0.05882352941176457 0.05882352941176457 0.059477124183006415 0.0594771241830064 0.05882352941176457 0.05882352941176457
0.05888888888888879 0.06555555555555544 0.12388888888888885 0.07666666666666659 0.05444444444444435 0.05722222222222214 0.06555555555555548 0.06055555555555548 0.056666666666666574 0.056666666666666594 0.06666666666666658 0.058888888888888796 0.06833333333333325 0.07444444444444434 0.055555555555555476
0.0594771241830064 0.06078431372549007 0.0882352941176469 0.05882352941176457 0.061437908496731884 0.062091503267973726 0.06013071895424824 0.11045751633986907 0.0594771241830064 0.05882352941176457 0.06078431372549007 0.07385620915032662 0.06601307189542471 0.06013071895424824 0.059477124183006415
0.06172839506172829 0.06358024691358014 0.10925925925925908 0.06234567901234558 0.06172839506172829 0.061111111111111005 0.061728395061728274 0.06419753086419742 0.06234567901234556 0.06111111111111101 0.07037037037037026 0.06543209876543196 0.07037037037037025 0.06481481481481469 0.05987654320987642
0.06666666666666651 0.0640522875816992 0.06732026143790837 0.06797385620915018 0.0660130718954247 0.0640522875816992 0.06470588235294104 0.0732026143790848 0.06274509803921555 0.0660130718954247 0.06339869281045737 0.0660130718954247 0.0679738562091502 0.07124183006535935 0.06862745098039202
0.0625 0.06319444444444444 0.0625 0.06388888888888888 0.0625 0.06319444444444444 0.06319444444444444 0.11736111111111111 0.0625 0.0625 0.06319444444444444 0.0625 0.06527777777777778 0.0625 0.06319444444444444
0.0625 0.0625 0.06319444444444444 0.0625 0.0625 0.0625 0.0625 0.11597222222222223 0.0625 0.0625 0.06319444444444444 0.0625 0.07013888888888889 0.0625 0.0625
0.06274509803921555 0.06470588235294103 0.06862745098039202 0.06339869281045737 0.06013071895424823 0.061437908496731884 0.06405228758169923 0.11372549019607818 0.06535947712418287 0.062091503267973726 0.059477124183006415 0.062091503267973726 0.06797385620915018 0.06209150326797373 0.06209150326797373
0.05321637426900584 0.05438596491228071 0.08713450292397669 0.05321637426900584 0.053801169590643266 0.05321637426900585 0.05614035087719297 0.18362573099415203 0.05438596491228069 0.057309941520467846 0.05438596491228071 0.054970760233918115 0.07777777777777771 0.05380116959064327 0.052631578947368425
0.0625 0.0625 0.07291666666666667 0.06458333333333334 0.0625 0.0625 0.06388888888888888 0.0763888888888889 0.06319444444444444 0.0625 0.06319444444444444 0.06388888888888888 0.09305555555555556 0.06388888888888888 0.0625
0.0625 0.07291666666666667 0.0625 0.0625 0.0625 0.07569444444444444 0.07847222222222222 0.0625 0.08055555555555556 0.0625 0.06736111111111111 0.0625 0.0625 0.0625 0.0625
0.04444444444444452 0.06521739130434794 0.05410628019323681 0.04685990338164258 0.04879227053140105 0.06473429951690832 0.21256038647342995 0.04830917874396143 0.07584541062801939 0.07584541062801946 0.05652173913043487 0.056521739130434866 0.049758454106280284 0.04879227053140103 0.05169082125603875
0.04675925925925923 0.050925925925925916 0.050462962962962925 0.06759259259259257 0.05092592592592593 0.051851851851851836 0.16203703703703698 0.046759259259259216 0.16481481481481478 0.04999999999999999 0.04999999999999997 0.07083333333333332 0.04722222222222218 0.04629629629629626 0.04351851851851847
0.04537037037037032 0.05509259259259262 0.0444444444444444 0.04398148148148143 0.04537037037037032 0.0486111111111111 0.35648148148148145 0.04398148148148143 0.04861111111111107 0.04259259259259254 0.05092592592592593 0.04351851851851846 0.04398148148148144 0.04351851851851847 0.04351851851851847
0.04973544973544966 0.07830687830687828 0.058730158730158646 0.04814814814814808 0.07407407407407399 0.06455026455026448 0.17566137566137544 0.051851851851851774 0.0629629629629629 0.04973544973544966 0.05661375661375654 0.07883597883597869 0.050793650793650724 0.04973544973544967 0.05026455026455019
0.05987654320987642 0.059876543209876426 0.0574074074074073 0.05679012345679001 0.0574074074074073 0.05802469135802457 0.1753086419753084 0.0574074074074073 0.05740740740740729 0.05925925925925916 0.06234567901234556 0.05679012345679001 0.058641975308641854 0.05987654320987644 0.06358024691358014
0.06527777777777778 0.06736111111111111 0.06597222222222222 0.06805555555555555 0.07013888888888889 0.06458333333333334 0.06666666666666667 0.075 0.06597222222222222 0.06319444444444444 0.06736111111111111 0.06388888888888888 0.06875 0.06388888888888888 0.06388888888888888
0.05661375661375653 0.07037037037037029 0.05343915343915337 0.052380952380952306 0.09576719576719571 0.058201058201058135 0.08465608465608457 0.052380952380952306 0.06031746031746026 0.051322751322751256 0.09206349206349201 0.06825396825396814 0.0576719576719576 0.05502645502645495 0.09153439153439148
0.06833333333333327 0.06666666666666658 0.05777777777777768 0.06722222222222213 0.16111111111111112 0.05999999999999991 0.05611111111111103 0.0549999999999999 0.06111111111111102 0.052222222222222135 0.05777777777777769 0.05611111111111103 0.053333333333333253 0.06444444444444433 0.0627777777777777
0.05333333333333324 0.08944444444444437 0.05333333333333326 0.05055555555555547 0.08777777777777768 0.052222222222222135 0.1911111111111111 0.050555555555555465 0.0538888888888888 0.050555555555555465 0.05444444444444436 0.05166666666666658 0.053333333333333253 0.05444444444444436 0.053333333333333253
0.044444444444444516 0.055555555555555615 0.0473429951690822 0.044444444444444516 0.051690821256038716 0.05652173913043487 0.07004830917874408 0.04492753623188414 0.2840579710144927 0.045410628019323745 0.05072463768115953 0.05942028985507255 0.04685990338164258 0.04541062801932375 0.053140096618357585
0.0614379084967319 0.0614379084967319 0.06535947712418289 0.06274509803921555 0.06078431372549007 0.06339869281045737 0.06405228758169922 0.06078431372549007 0.11699346405228739 0.06274509803921555 0.06339869281045737 0.06470588235294104 0.06274509803921555 0.06535947712418287 0.06405228758169923
0.0614379084967319 0.08823529411764691 0.06209150326797373 0.0614379084967319 0.0640522875816992 0.06601307189542469 0.06993464052287568 0.061437908496731884 0.06535947712418287 0.0614379084967319 0.0790849673202613 0.06862745098039202 0.06405228758169922 0.06535947712418287 0.0614379084967319
0.0567251461988304 0.06900584795321628 0.057894736842105214 0.05614035087719298 0.05964912280701754 0.05847953216374267 0.06315789473684208 0.056725146198830394 0.10994152046783616 0.055555555555555546 0.06081871345029235 0.08596491228070179 0.0923976608187135 0.06081871345029239 0.0567251461988304
0.04999999999999991 0.13555555555555557 0.05277777777777768 0.04999999999999991 0.050555555555555465 0.05611111111111101 0.07888888888888877 0.0527777777777777 0.09944444444444442 0.09666666666666653 0.0683333333333332 0.052222222222222135 0.052222222222222135 0.0527777777777777 0.05166666666666657
0.05277777777777769 0.05944444444444437 0.05333333333333324 0.05111111111111103 0.05166666666666658 0.060555555555555446 0.07555555555555546 0.05166666666666658 0.21499999999999975 0.05111111111111102 0.05722222222222215 0.06499999999999992 0.05111111111111103 0.052222222222222135 0.052222222222222135
0.05740740740740729 0.08765432098765419 0.05987654320987644 0.05679012345679001 0.058024691358024585 0.07345679012345666 0.0796296296296295 0.05740740740740729 0.07098765432098753 0.05740740740740729 0.062345679012345556 0.10679012345678998 0.0574074074074073 0.05864197530864187 0.05617283950617273
0.061437908496731884 0.07385620915032666 0.06339869281045739 0.061437908496731884 0.0660130718954247 0.07058823529411752 0.09411764705882339 0.06078431372549007 0.07843137254901947 0.06013071895424824 0.06797385620915018 0.0614379084967319 0.06209150326797373 0.059477124183006415 0.05882352941176457
0.06315789473684208 0.06608187134502923 0.05964912280701749 0.06491228070175434 0.05789473684210522 0.05789473684210524 0.06081871345029236 0.06081871345029242 0.08011695906432739 0.11169590643274847 0.05789473684210523 0.08421052631578953 0.060818713450292376 0.05906432748538009 0.05497076023391812
0.0625 0.07083333333333333 0.0625 0.0625 0.0625 0.07777777777777778 0.0798611111111111 0.0625 0.075 0.0625 0.07013888888888889 0.06388888888888888 0.0625 0.0625 0.0625
0.05722222222222214 0.07333333333333326 0.05944444444444434 0.05444444444444436 0.053333333333333253 0.0627777777777777 0.06555555555555546 0.05611111111111102 0.17444444444444449 0.05444444444444436 0.05999999999999989 0.0677777777777777 0.05499999999999991 0.05388888888888881 0.05222222222222214
0.05380116959064327 0.07543859649122803 0.055555555555555546 0.08654970760233924 0.10760233918128653 0.061988304093567224 0.07076023391812863 0.052631578947368425 0.07192982456140347 0.052631578947368425 0.06257309941520466 0.07719298245614037 0.061403508771929786 0.05555555555555555 0.05438596491228069
0.0574074074074073 0.07222222222222209 0.05617283950617273 0.0574074074074073 0.06234567901234556 0.06975308641975297 0.08148148148148136 0.05679012345679002 0.1117283950617283 0.058024691358024585 0.05617283950617273 0.08641975308641969 0.05987654320987644 0.05679012345679002 0.05740740740740729
0.06013071895424824 0.07320261437908483 0.05882352941176457 0.06274509803921555 0.05882352941176457 0.07450980392156847 0.08300653594771225 0.0614379084967319 0.09607843137254887 0.059477124183006415 0.06666666666666653 0.06405228758169923 0.059477124183006415 0.0614379084967319 0.06013071895424823
0.06470588235294104 0.0614379084967319 0.0614379084967319 0.06274509803921555 0.06666666666666653 0.0614379084967319 0.061437908496731884 0.06405228758169922 0.06470588235294106 0.12156862745098014 0.06339869281045737 0.06274509803921555 0.062091503267973726 0.06078431372549007 0.06078431372549007
0.055555555555555546 0.07894736842105253 0.05614035087719296 0.05614035087719298 0.056725146198830394 0.05906432748538011 0.0614035087719298 0.05789473684210524 0.14736842105263137 0.05497076023391812 0.053801169590643266 0.09649122807017539 0.055555555555555546 0.05321637426900585 0.056725146198830394
0.0574074074074073 0.061111111111110984 0.058024691358024585 0.0685185185185184 0.05802469135802457 0.06234567901234556 0.06543209876543199 0.05679012345679001 0.08518518518518504 0.06666666666666654 0.05617283950617273 0.07716049382716042 0.0574074074074073 0.05740740740740729 0.11234567901234546
0.05555555555555554 0.0748538011695906 0.055555555555555546 0.05964912280701752 0.05789473684210524 0.06725146198830408 0.10058479532163739 0.05380116959064327 0.1292397660818713 0.05438596491228071 0.06257309941520464 0.06023391812865502 0.05730994152046782 0.05555555555555554 0.05555555555555555
0.054970760233918115 0.06198830409356724 0.05321637426900585 0.052631578947368425 0.054970760233918115 0.05847953216374269 0.1935672514619884 0.052631578947368425 0.06842105263157888 0.0543859649122807 0.05614035087719298 0.07836257309941523 0.05321637426900585 0.052631578947368425 0.05438596491228069
0.05679012345679001 0.05679012345679001 0.0574074074074073 0.05679012345679001 0.05679012345679001 0.05555555555555545 0.2061728395061725 0.05617283950617273 0.05679012345679002 0.05555555555555545 0.05617283950617273 0.059876543209876426 0.05555555555555545 0.05617283950617273 0.05740740740740729
0.0625 0.07013888888888889 0.06319444444444444 0.06319444444444444 0.06319444444444444 0.07222222222222222 0.07430555555555556 0.06527777777777778 0.07291666666666667 0.0625 0.06458333333333334 0.07569444444444444 0.06458333333333334 0.06319444444444444 0.0625
0.055555555555555546 0.06549707602339175 0.06491228070175434 0.0543859649122807 0.05672514619883039 0.06608187134502926 0.1801169590643274 0.05380116959064329 0.060233918128654904 0.052631578947368425 0.06081871345029234 0.0666666666666667 0.053801169590643266 0.055555555555555566 0.05321637426900585
0.05380116959064329 0.06315789473684205 0.06081871345029239 0.05789473684210523 0.05555555555555554 0.0590643274853801 0.17894736842105255 0.05497076023391813 0.06783625730994144 0.05614035087719298 0.053801169590643266 0.07076023391812868 0.05672514619883042 0.05672514619883037 0.05380116959064327
0.052631578947368425 0.053801169590643266 0.052631578947368425 0.052631578947368425 0.052631578947368425 0.052631578947368425 0.15847953216374233 0.05321637426900584 0.15321637426900553 0.052631578947368425 0.05321637426900586 0.05321637426900586 0.052631578947368425 0.05321637426900585 0.05321637426900584
0.04920634920634913 0.09259259259259257 0.053439153439153377 0.08783068783068769 0.05079365079365071 0.07301587301587292 0.06031746031746022 0.04814814814814808 0.050264550264550185 0.09841269841269829 0.11375661375661365 0.058201058201058094 0.050793650793650724 0.048677248677248604 0.06455026455026447
0.0574074074074073 0.07283950617283938 0.05925925925925915 0.06913580246913568 0.05987654320987644 0.06851851851851841 0.08271604938271596 0.05679012345679001 0.08518518518518507 0.06419753086419741 0.0574074074074073 0.09259259259259248 0.058641975308641854 0.05740740740740729 0.05802469135802457
0.06736111111111111 0.06736111111111111 0.06736111111111111 0.06388888888888888 0.06666666666666667 0.06527777777777778 0.06666666666666667 0.06666666666666667 0.06597222222222222 0.06527777777777778 0.06736111111111111 0.06736111111111111 0.06805555555555555 0.07083333333333333 0.06388888888888888
0.05882352941176457 0.05882352941176457 0.05882352941176457 0.06013071895424823 0.059477124183006415 0.05882352941176457 0.05882352941176457 0.06078431372549007 0.11699346405228735 0.05882352941176457 0.05882352941176457 0.05882352941176457 0.11372549019607821 0.05882352941176457 0.0594771241830064
0.05222222222222214 0.06333333333333323 0.05277777777777769 0.06333333333333324 0.053333333333333253 0.05833333333333325 0.18277777777777776 0.04999999999999991 0.076111111111111 0.058888888888888796 0.05277777777777769 0.0794444444444444 0.05444444444444435 0.052222222222222135 0.04999999999999991
0.0640522875816992 0.07124183006535932 0.06405228758169922 0.06209150326797371 0.06339869281045739 0.06993464052287568 0.08758169934640507 0.0614379084967319 0.07450980392156849 0.06078431372549007 0.06535947712418289 0.07385620915032665 0.06078431372549007 0.06078431372549007 0.06013071895424824
0.05882352941176457 0.05882352941176457 0.05882352941176457 0.05882352941176457 0.05882352941176457 0.05882352941176457 0.17647058823529385 0.05882352941176457 0.05882352941176457 0.05882352941176457 0.05882352941176457 0.05882352941176457 0.05882352941176457 0.05882352941176457 0.05882352941176457
0.053888888888888806 0.056666666666666574 0.05777777777777769 0.06333333333333323 0.052222222222222135 0.06055555555555548 0.06666666666666657 0.054999999999999924 0.1922222222222221 0.05944444444444435 0.05611111111111102 0.06388888888888879 0.05722222222222214 0.05388888888888881 0.05111111111111103
0.06078431372549007 0.06862745098039201 0.06209150326797371 0.0614379084967319 0.06797385620915021 0.07450980392156849 0.0790849673202613 0.06013071895424823 0.07973856209150312 0.06339869281045739 0.06862745098039204 0.06601307189542469 0.062091503267973726 0.06013071895424824 0.06535947712418287
0.05380116959064327 0.052631578947368425 0.05555555555555555 0.05497076023391812 0.05614035087719298 0.05555555555555555 0.08421052631578951 0.0543859649122807 0.20584795321637428 0.05380116959064329 0.05672514619883039 0.0543859649122807 0.05497076023391812 0.05321637426900585 0.05380116959064327
0.05333333333333326 0.06999999999999992 0.05499999999999991 0.0944444444444443 0.05166666666666658 0.05833333333333325 0.08277777777777769 0.0527777777777777 0.1661111111111111 0.05166666666666658 0.056666666666666574 0.0527777777777777 0.052222222222222135 0.05111111111111103 0.05111111111111102
0.04797979797979797 0.09090909090909093 0.05353535353535355 0.048989898989899 0.053535353535353554 0.06868686868686874 0.06868686868686874 0.04747474747474746 0.06111111111111118 0.048989898989899 0.20050505050505055 0.05151515151515155 0.05151515151515153 0.05353535353535355 0.05303030303030306
0.0625 0.07013888888888889 0.0625 0.0625 0.0625 0.07291666666666667 0.08541666666666667 0.0625 0.0763888888888889 0.0625 0.07013888888888889 0.0625 0.0625 0.0625 0.0625
0.0594771241830064 0.05882352941176457 0.0594771241830064 0.059477124183006415 0.059477124183006415 0.06013071895424824 0.0594771241830064 0.05882352941176457 0.06078431372549007 0.05882352941176457 0.05882352941176457 0.05882352941176457 0.05882352941176457 0.16993464052287557 0.05882352941176457
