0.051010101010101026 0.05151515151515152 0.05959595959595966 0.05454545454545458 0.05050505050505052 0.06060606060606063 0.07727272727272728 0.05050505050505052 0.05454545454545458 0.05101010101010102 0.05202020202020203 0.05303030303030306 0.0626262626262627 0.05555555555555559 0.21565656565656555
0.0590643274853801 0.06491228070175438 0.06725146198830403 0.06491228070175437 0.057309941520467804 0.058479532163742666 0.06549707602339179 0.07017543859649118 0.06374269005847949 0.0637426900584795 0.07134502923976607 0.09590643274853801 0.0660818713450292 0.06959064327485377 0.061988304093567224
0.05882352941176457 0.05882352941176457 0.06013071895424824 0.06013071895424823 0.05882352941176457 0.0594771241830064 0.06013071895424824 0.06013071895424824 0.06013071895424824 0.0594771241830064 0.1666666666666664 0.05882352941176457 0.0594771241830064 0.05882352941176457 0.06013071895424823
0.04827586206896548 0.04980842911877392 0.060919540229885015 0.062068965517241344 0.04482758620689649 0.06130268199233713 0.06245210727969346 0.13180076628352497 0.05938697318007659 0.04482758620689651 0.13256704980842915 0.056704980842911826 0.06130268199233714 0.06858237547892714 0.05517241379310341
0.04848484848484849 0.0494949494949495 0.05151515151515153 0.04848484848484849 0.05050505050505052 0.04646464646464645 0.048989898989899 0.05000000000000001 0.047474747474747475 0.056565656565656604 0.3131313131313127 0.04595959595959594 0.047474747474747475 0.04696969696969696 0.04848484848484848
0.06616161616161623 0.05858585858585862 0.07474747474747484 0.06767676767676772 0.05202020202020203 0.07979797979797987 0.06111111111111115 0.07171717171717176 0.07323232323232333 0.06010101010101014 0.06060606060606063 0.06717171717171722 0.058585858585858616 0.06161616161616172 0.08686868686868696
0.06078431372549007 0.06535947712418287 0.06339869281045737 0.062091503267973726 0.061437908496731884 0.06274509803921555 0.062091503267973726 0.06535947712418287 0.06405228758169923 0.06209150326797373 0.07189542483660116 0.06078431372549007 0.11699346405228736 0.060784313725490056 0.06013071895424824
0.06458333333333334 0.06458333333333334 0.06597222222222222 0.07847222222222222 0.06527777777777778 0.06666666666666667 0.06597222222222222 0.06458333333333334 0.07430555555555556 0.06319444444444444 0.06527777777777778 0.06805555555555555 0.0625 0.06527777777777778 0.06527777777777778
0.0625 0.06388888888888888 0.06388888888888888 0.06319444444444444 0.06736111111111111 0.06319444444444444 0.0625 0.06319444444444444 0.06319444444444444 0.11180555555555556 0.06319444444444444 0.06319444444444444 0.0625 0.06388888888888888 0.0625
0.0576719576719576 0.0925925925925925 0.065079365079365 0.0634920634920634 0.06984126984126973 0.05343915343915335 0.061375661375661306 0.0592592592592592 0.07037037037037028 0.11269841269841258 0.057142857142857065 0.056084656084656 0.06455026455026448 0.057142857142857065 0.0592592592592592
0.05444444444444436 0.059999999999999915 0.05944444444444435 0.06611111111111104 0.14555555555555558 0.05666666666666658 0.057222222222222126 0.06555555555555546 0.06777777777777771 0.07611111111111103 0.053888888888888806 0.05888888888888881 0.06111111111111104 0.05999999999999991 0.057222222222222126
0.06535947712418286 0.06339869281045739 0.0660130718954247 0.06470588235294104 0.07254901960784302 0.06732026143790837 0.07124183006535934 0.06339869281045739 0.06732026143790837 0.08169934640522859 0.06013071895424823 0.06339869281045737 0.06209150326797371 0.0660130718954247 0.06535947712418287
0.05611111111111103 0.06555555555555545 0.10277777777777777 0.05888888888888881 0.09166666666666656 0.0738888888888888 0.06444444444444436 0.05333333333333324 0.0616666666666666 0.05944444444444436 0.08555555555555547 0.06055555555555544 0.05166666666666659 0.05611111111111102 0.05833333333333324
0.05789473684210524 0.05497076023391812 0.05672514619883039 0.055555555555555546 0.05906432748538009 0.06783625730994149 0.10350877192982451 0.10643274853801166 0.055555555555555546 0.07485380116959066 0.05555555555555554 0.06491228070175432 0.0543859649122807 0.05497076023391812 0.07777777777777775
0.0625 0.0625 0.08541666666666667 0.0625 0.0625 0.06319444444444444 0.06319444444444444 0.0625 0.07222222222222222 0.0625 0.08194444444444444 0.06597222222222222 0.0625 0.06319444444444444 0.06736111111111111
0.0982456140350877 0.05614035087719299 0.0789473684210527 0.05614035087719298 0.0543859649122807 0.05789473684210526 0.05964912280701754 0.05672514619883037 0.06374269005847948 0.0543859649122807 0.07485380116959056 0.05614035087719298 0.0573099415204678 0.11754385964912271 0.05789473684210526
0.06470588235294104 0.059477124183006415 0.06209150326797373 0.06405228758169922 0.06274509803921555 0.06339869281045739 0.06470588235294103 0.06535947712418287 0.06797385620915018 0.06339869281045739 0.06078431372549007 0.06535947712418286 0.062091503267973726 0.06535947712418289 0.10849673202614359
0.05617283950617273 0.1648148148148146 0.05679012345679002 0.05555555555555545 0.08827160493827145 0.05617283950617273 0.05555555555555545 0.05679012345679001 0.05679012345679001 0.07407407407407392 0.05555555555555545 0.05617283950617273 0.05555555555555545 0.05617283950617273 0.05555555555555545
0.05222222222222214 0.05166666666666659 0.05055555555555547 0.05055555555555547 0.050555555555555465 0.05111111111111103 0.17222222222222208 0.05055555555555547 0.05166666666666658 0.05111111111111103 0.04999999999999991 0.16555555555555565 0.05055555555555547 0.05055555555555547 0.05111111111111103
0.055555555555555566 0.15321637426900567 0.0543859649122807 0.06374269005847953 0.0573099415204678 0.061988304093567224 0.06432748538011693 0.061403508771929814 0.06315789473684211 0.07660818713450286 0.05789473684210524 0.054970760233918115 0.05906432748538007 0.05614035087719298 0.060233918128654966
0.05617283950617273 0.1932098765432096 0.05617283950617273 0.05679012345679002 0.05555555555555545 0.05740740740740729 0.05617283950617273 0.05740740740740729 0.05555555555555545 0.07345679012345663 0.05679012345679001 0.05679012345679001 0.05617283950617273 0.05617283950617273 0.05617283950617273
0.08421052631578956 0.12690058479532157 0.10233918128654962 0.0584795321637427 0.05847953216374267 0.06432748538011691 0.05614035087719297 0.05614035087719299 0.05789473684210524 0.05847953216374267 0.05438596491228071 0.05614035087719299 0.05321637426900585 0.05614035087719298 0.056725146198830394
0.055555555555555476 0.07089947089947081 0.061904761904761796 0.06984126984126977 0.05502645502645496 0.06190476190476181 0.10582010582010572 0.10846560846560836 0.059259259259259164 0.05502645502645496 0.05978835978835972 0.06402116402116394 0.05449735449735442 0.059259259259259164 0.05873015873015864
0.06597222222222222 0.09652777777777778 0.06458333333333334 0.06597222222222222 0.06458333333333334 0.06458333333333334 0.06388888888888888 0.06388888888888888 0.06319444444444444 0.06805555555555555 0.06458333333333334 0.06388888888888888 0.06319444444444444 0.06388888888888888 0.06319444444444444
0.10611111111111107 0.10833333333333338 0.08499999999999992 0.06611111111111104 0.053888888888888806 0.05499999999999991 0.059999999999999915 0.05611111111111103 0.06444444444444436 0.06166666666666654 0.05444444444444436 0.06555555555555548 0.053888888888888806 0.05444444444444435 0.0549999999999999
0.06732026143790837 0.0849673202614378 0.0640522875816992 0.07189542483660118 0.06339869281045737 0.06666666666666654 0.0640522875816992 0.06928104575163385 0.06470588235294104 0.06666666666666653 0.06339869281045737 0.06339869281045737 0.06274509803921556 0.06274509803921556 0.06470588235294104
0.06470588235294104 0.06601307189542471 0.06993464052287565 0.0660130718954247 0.06209150326797373 0.06470588235294104 0.08431372549019597 0.068627450980392 0.0660130718954247 0.06535947712418287 0.06601307189542469 0.06666666666666653 0.06078431372549008 0.06274509803921556 0.06601307189542469
0.06049382716049371 0.11296296296296279 0.062345679012345556 0.06543209876543199 0.06049382716049372 0.06358024691358014 0.06111111111111099 0.062345679012345556 0.06419753086419742 0.0679012345679011 0.0691358024691357 0.05925925925925914 0.06913580246913568 0.062345679012345556 0.05925925925925914
0.058024691358024585 0.14876543209876528 0.06234567901234558 0.0641975308641974 0.05555555555555545 0.05740740740740729 0.05925925925925916 0.05802469135802457 0.0679012345679011 0.07469135802469119 0.05617283950617273 0.06728395061728384 0.05555555555555545 0.05679012345679001 0.058024691358024585
0.05802469135802457 0.15061728395061713 0.05925925925925916 0.061111111111111005 0.0648148148148147 0.0574074074074073 0.06358024691358014 0.05740740740740729 0.058024691358024585 0.08580246913580228 0.05679012345679001 0.05802469135802457 0.05617283950617273 0.05740740740740729 0.05555555555555545
0.05614035087719296 0.1619883040935671 0.05497076023391813 0.056725146198830415 0.05555555555555554 0.05438596491228069 0.11286549707602332 0.05614035087719296 0.05321637426900585 0.0567251461988304 0.05380116959064327 0.06257309941520463 0.05380116959064329 0.05380116959064327 0.057309941520467804
0.11403508771929816 0.07485380116959064 0.06432748538011689 0.06140350877192979 0.05321637426900585 0.06491228070175437 0.06140350877192977 0.06842105263157892 0.06491228070175438 0.0654970760233918 0.06198830409356724 0.05964912280701752 0.061988304093567245 0.06198830409356721 0.061403508771929814
0.09666666666666655 0.05499999999999991 0.06555555555555545 0.05833333333333324 0.05555555555555547 0.11000000000000003 0.10555555555555543 0.056666666666666574 0.054999999999999896 0.055555555555555476 0.0527777777777777 0.05999999999999993 0.0527777777777777 0.0627777777777777 0.05777777777777768
0.1071895424836599 0.06013071895424824 0.06993464052287565 0.0614379084967319 0.0594771241830064 0.08758169934640504 0.06666666666666654 0.06274509803921555 0.06078431372549007 0.06078431372549008 0.0594771241830064 0.05882352941176457 0.06078431372549007 0.06274509803921555 0.0614379084967319
0.06470588235294103 0.06013071895424824 0.06666666666666653 0.07058823529411751 0.06535947712418289 0.0699346405228757 0.07189542483660118 0.07516339869281032 0.06274509803921555 0.06601307189542473 0.06732026143790835 0.0614379084967319 0.062091503267973726 0.06601307189542471 0.06993464052287568
0.06597222222222222 0.06388888888888888 0.07152777777777777 0.06666666666666667 0.07361111111111111 0.06597222222222222 0.07430555555555556 0.06388888888888888 0.06597222222222222 0.06736111111111111 0.06458333333333334 0.06458333333333334 0.0625 0.06458333333333334 0.06458333333333334
0.072549019607843 0.06078431372549007 0.07320261437908483 0.06732026143790837 0.06862745098039205 0.07516339869281032 0.07581699346405213 0.06339869281045737 0.06535947712418287 0.06405228758169922 0.06470588235294104 0.0614379084967319 0.062091503267973726 0.06209150326797373 0.06339869281045737
0.06339869281045739 0.06862745098039201 0.06666666666666654 0.06339869281045737 0.10392156862745079 0.06405228758169922 0.06339869281045737 0.06078431372549007 0.06666666666666653 0.0699346405228757 0.0614379084967319 0.062091503267973726 0.06013071895424823 0.06339869281045737 0.062091503267973726
0.06597222222222222 0.06388888888888888 0.06666666666666667 0.06388888888888888 0.06458333333333334 0.06458333333333334 0.06319444444444444 0.06666666666666667 0.06597222222222222 0.06458333333333334 0.09375 0.06319444444444444 0.06458333333333334 0.06388888888888888 0.06458333333333334
0.05555555555555555 0.06666666666666658 0.05847953216374269 0.059064327485380146 0.06081871345029236 0.05730994152046782 0.05438596491228069 0.05614035087719299 0.05730994152046784 0.05555555555555557 0.05789473684210524 0.05497076023391812 0.18187134502923977 0.05380116959064327 0.07017543859649122
0.0625 0.06458333333333334 0.06527777777777778 0.06736111111111111 0.06458333333333334 0.06388888888888888 0.06319444444444444 0.06597222222222222 0.06388888888888888 0.06666666666666667 0.08333333333333333 0.06388888888888888 0.07569444444444444 0.06388888888888888 0.06527777777777778
0.0604938271604937 0.06666666666666655 0.061111111111110984 0.07037037037037026 0.1055555555555554 0.06234567901234556 0.06543209876543199 0.0759259259259258 0.061728395061728274 0.06666666666666654 0.06111111111111099 0.058641975308641854 0.061111111111111005 0.06111111111111101 0.06172839506172829
0.06458333333333334 0.06527777777777778 0.06597222222222222 0.07430555555555556 0.06527777777777778 0.07013888888888889 0.06805555555555555 0.06805555555555555 0.06736111111111111 0.06666666666666667 0.06527777777777778 0.06597222222222222 0.06527777777777778 0.06388888888888888 0.06388888888888888
0.04768518518518517 0.06342592592592593 0.06574074074074074 0.056018518518518544 0.10694444444444444 0.1370370370370371 0.056481481481481466 0.04675925925925923 0.06250000000000003 0.10092592592592593 0.04444444444444439 0.04907407407407405 0.0578703703703704 0.055555555555555546 0.04953703703703703
0.06319444444444444 0.06319444444444444 0.06319444444444444 0.06388888888888888 0.10972222222222222 0.0625 0.06388888888888888 0.0625 0.06388888888888888 0.06388888888888888 0.06319444444444444 0.06458333333333334 0.0625 0.06527777777777778 0.06458333333333334
0.06274509803921555 0.06274509803921556 0.06732026143790835 0.0862745098039214 0.06013071895424824 0.06274509803921556 0.0660130718954247 0.0640522875816992 0.07712418300653578 0.06339869281045739 0.06274509803921556 0.06274509803921555 0.06274509803921556 0.07385620915032666 0.06535947712418289
0.039999999999999994 0.11333333333333327 0.06703703703703702 0.0985185185185185 0.04148148148148146 0.0729629629629629 0.04851851851851852 0.052222222222222205 0.05259259259259257 0.05407407407407404 0.059629629629629616 0.06925925925925926 0.043703703703703696 0.1329629629629628 0.05370370370370367
0.15882352941176447 0.06274509803921556 0.05882352941176457 0.06274509803921555 0.05882352941176457 0.05882352941176457 0.05882352941176457 0.06078431372549007 0.06013071895424823 0.06013071895424824 0.0594771241830064 0.0594771241830064 0.0614379084967319 0.06013071895424823 0.05882352941176457
0.06666666666666667 0.06736111111111111 0.06527777777777778 0.07083333333333333 0.06527777777777778 0.06736111111111111 0.07222222222222222 0.06666666666666667 0.06944444444444445 0.06388888888888888 0.06319444444444444 0.07013888888888889 0.0625 0.06458333333333334 0.06458333333333334
0.06078431372549007 0.0614379084967319 0.06209150326797373 0.06274509803921555 0.05882352941176457 0.07450980392156849 0.0594771241830064 0.06405228758169922 0.06339869281045737 0.05882352941176457 0.05882352941176457 0.0614379084967319 0.06405228758169923 0.06470588235294104 0.12483660130718938
0.0625 0.0625 0.0625 0.0625 0.0625 0.0625 0.0625 0.06319444444444444 0.0625 0.12361111111111112 0.0625 0.0625 0.06319444444444444 0.0625 0.0625
0.0625 0.0625 0.0625 0.06458333333333334 0.06319444444444444 0.06319444444444444 0.0625 0.0625 0.0625 0.12152777777777778 0.0625 0.0625 0.0625 0.0625 0.0625
0.0590643274853801 0.07251461988304092 0.10292397660818706 0.06666666666666665 0.06257309941520466 0.06315789473684208 0.061403508771929786 0.06374269005847952 0.06900584795321639 0.06549707602339178 0.06198830409356719 0.06374269005847953 0.0614035087719298 0.06608187134502923 0.06023391812865496
0.06274509803921555 0.06209150326797373 0.06013071895424823 0.06274509803921555 0.06535947712418287 0.06209150326797373 0.06274509803921555 0.062091503267973726 0.0614379084967319 0.13006535947712397 0.06209150326797373 0.06339869281045737 0.06013071895424823 0.0614379084967319 0.0614379084967319
0.06078431372549007 0.06470588235294106 0.06013071895424824 0.06078431372549007 0.07647058823529394 0.06013071895424824 0.0594771241830064 0.059477124183006415 0.06013071895424824 0.13464052287581676 0.05882352941176457 0.06013071895424824 0.0614379084967319 0.060784313725490056 0.062091503267973726
0.06388888888888888 0.06736111111111111 0.06388888888888888 0.06388888888888888 0.10833333333333334 0.0625 0.0625 0.0625 0.06319444444444444 0.06875 0.06319444444444444 0.0625 0.0625 0.0625 0.0625
0.10388888888888881 0.12499999999999992 0.07944444444444435 0.05722222222222215 0.05499999999999991 0.05611111111111103 0.08333333333333322 0.0538888888888888 0.06055555555555546 0.0549999999999999 0.0527777777777777 0.056666666666666574 0.05555555555555548 0.05277777777777769 0.05277777777777769
0.06013071895424823 0.062091503267973726 0.06666666666666651 0.06666666666666655 0.06013071895424824 0.06405228758169922 0.059477124183006415 0.06209150326797373 0.08496732026143773 0.059477124183006415 0.0594771241830064 0.10980392156862721 0.06078431372549007 0.06470588235294104 0.059477124183006415
0.06527777777777778 0.06458333333333334 0.08194444444444444 0.06388888888888888 0.06388888888888888 0.06944444444444445 0.06388888888888888 0.06319444444444444 0.06458333333333334 0.06388888888888888 0.06527777777777778 0.06736111111111111 0.06458333333333334 0.07222222222222222 0.06597222222222222
0.050793650793650724 0.04973544973544966 0.12486772486772478 0.05714285714285706 0.04867724867724861 0.053439153439153356 0.05714285714285708 0.05291005291005283 0.08888888888888881 0.056084656084656015 0.13439153439153426 0.06507936507936499 0.05132275132275124 0.05343915343915335 0.056084656084655994
0.06491228070175435 0.08538011695906429 0.06959064327485376 0.06666666666666664 0.0573099415204678 0.06315789473684207 0.1005847953216374 0.06140350877192979 0.06491228070175437 0.06257309941520464 0.05614035087719298 0.061988304093567245 0.0643274853801169 0.06023391812865496 0.0608187134502924
0.06388888888888888 0.06527777777777778 0.07083333333333333 0.06805555555555555 0.06388888888888888 0.06597222222222222 0.06319444444444444 0.06736111111111111 0.08541666666666667 0.06388888888888888 0.0625 0.06458333333333334 0.06388888888888888 0.06736111111111111 0.06388888888888888
0.05679012345679002 0.14320987654320963 0.05925925925925915 0.05617283950617273 0.10925925925925917 0.05617283950617273 0.05617283950617273 0.05555555555555545 0.05925925925925915 0.0648148148148147 0.05555555555555545 0.0574074074074073 0.05679012345679001 0.0574074074074073 0.05617283950617273
0.06458333333333334 0.06944444444444445 0.06388888888888888 0.06736111111111111 0.06666666666666667 0.07083333333333333 0.06597222222222222 0.0625 0.06736111111111111 0.06875 0.06597222222222222 0.0625 0.07083333333333333 0.06736111111111111 0.06597222222222222
0.061988304093567266 0.06081871345029239 0.07953216374268994 0.056725146198830415 0.09005847953216375 0.05380116959064327 0.1023391812865497 0.05555555555555554 0.05614035087719296 0.1029239766081871 0.05321637426900586 0.06081871345029237 0.056725146198830415 0.05497076023391813 0.05438596491228069
0.057671957671957604 0.06349206349206342 0.059788359788359696 0.056084656084656015 0.13809523809523794 0.05767195767195762 0.10423280423280412 0.06825396825396814 0.05661375661375654 0.05767195767195758 0.05343915343915337 0.061375661375661306 0.05291005291005284 0.056084656084656 0.05661375661375653
0.07654320987654308 0.06728395061728384 0.08456790123456778 0.061728395061728274 0.05802469135802457 0.06666666666666655 0.06049382716049372 0.07283950617283937 0.06728395061728383 0.058024691358024585 0.05679012345679001 0.07469135802469126 0.062345679012345556 0.07345679012345667 0.05925925925925915
0.06388888888888888 0.06388888888888888 0.0625 0.06388888888888888 0.10694444444444444 0.06527777777777778 0.06527777777777778 0.06319444444444444 0.06319444444444444 0.06388888888888888 0.06388888888888888 0.06458333333333334 0.0625 0.0625 0.06458333333333334
0.05730994152046782 0.06198830409356724 0.060818713450292376 0.061988304093567245 0.15438596491228046 0.05964912280701754 0.06081871345029239 0.056725146198830394 0.0590643274853801 0.060233918128654945 0.05614035087719297 0.06374269005847953 0.059649122807017535 0.0637426900584795 0.0637426900584795
0.06013071895424824 0.08823529411764691 0.06274509803921555 0.06470588235294104 0.10326797385620898 0.06274509803921555 0.0614379084967319 0.06013071895424824 0.0614379084967319 0.06862745098039204 0.0614379084967319 0.06274509803921556 0.06013071895424824 0.06078431372549007 0.0614379084967319
0.06458333333333334 0.06597222222222222 0.06388888888888888 0.06666666666666667 0.08055555555555556 0.06388888888888888 0.06666666666666667 0.06319444444444444 0.06388888888888888 0.08125 0.06319444444444444 0.06458333333333334 0.06388888888888888 0.06319444444444444 0.06458333333333334
0.05617283950617273 0.058641975308641854 0.0574074074074073 0.05555555555555545 0.20802469135802432 0.05555555555555545 0.05740740740740729 0.05555555555555545 0.05617283950617273 0.05925925925925915 0.05555555555555545 0.05617283950617273 0.05555555555555545 0.0574074074074073 0.05555555555555545
0.06319444444444444 0.06458333333333334 0.06805555555555555 0.07013888888888889 0.06388888888888888 0.06388888888888888 0.06736111111111111 0.06388888888888888 0.07361111111111111 0.06875 0.06458333333333334 0.07430555555555556 0.06388888888888888 0.06319444444444444 0.06666666666666667
0.05151515151515153 0.21868686868686862 0.07828282828282838 0.04949494949494951 0.07979797979797984 0.04797979797979797 0.04848484848484849 0.05151515151515154 0.056060606060606075 0.0671717171717173 0.05151515151515154 0.052020202020202036 0.04949494949494951 0.04949494949494951 0.04848484848484849
0.06597222222222222 0.06875 0.06597222222222222 0.06805555555555555 0.06458333333333334 0.06458333333333334 0.06736111111111111 0.06527777777777778 0.07083333333333333 0.06527777777777778 0.06805555555555555 0.06736111111111111 0.06666666666666667 0.06666666666666667 0.06458333333333334
0.06319444444444444 0.06666666666666667 0.06875 0.06597222222222222 0.06388888888888888 0.06527777777777778 0.06666666666666667 0.06666666666666667 0.07222222222222222 0.0625 0.06458333333333334 0.06319444444444444 0.06388888888888888 0.06527777777777778 0.08125
0.06319444444444444 0.06319444444444444 0.06736111111111111 0.06805555555555555 0.06736111111111111 0.06458333333333334 0.06388888888888888 0.07916666666666666 0.06666666666666667 0.06597222222222222 0.06319444444444444 0.06388888888888888 0.06458333333333334 0.06736111111111111 0.07152777777777777
0.06319444444444444 0.06458333333333334 0.06527777777777778 0.06944444444444445 0.06805555555555555 0.06666666666666667 0.06597222222222222 0.06736111111111111 0.06666666666666667 0.06736111111111111 0.06527777777777778 0.06805555555555555 0.06597222222222222 0.06805555555555555 0.06805555555555555
0.0614379084967319 0.0594771241830064 0.061437908496731905 0.06078431372549008 0.059477124183006415 0.068627450980392 0.06274509803921556 0.13856209150326776 0.06470588235294104 0.060784313725490056 0.0594771241830064 0.06078431372549007 0.06013071895424824 0.06209150326797373 0.0594771241830064
0.060555555555555446 0.058333333333333244 0.09777777777777774 0.06499999999999993 0.05833333333333322 0.11722222222222223 0.06333333333333327 0.06555555555555548 0.06388888888888879 0.05444444444444436 0.0627777777777777 0.05944444444444435 0.05444444444444438 0.05888888888888879 0.059999999999999894
0.05555555555555545 0.05679012345679001 0.05617283950617273 0.05740740740740729 0.05864197530864187 0.0975308641975307 0.10555555555555536 0.10617283950617266 0.05802469135802457 0.05925925925925915 0.05987654320987644 0.0574074074074073 0.05617283950617273 0.05802469135802457 0.05740740740740729
0.05864197530864187 0.06111111111111099 0.05617283950617273 0.06049382716049371 0.06049382716049371 0.06358024691358014 0.05925925925925915 0.16172839506172818 0.06049382716049372 0.05802469135802457 0.05925925925925915 0.06111111111111099 0.059876543209876426 0.05864197530864187 0.06111111111111099
0.0648148148148147 0.05925925925925916 0.06728395061728382 0.05925925925925916 0.05679012345679001 0.11604938271604918 0.08580246913580233 0.058024691358024585 0.0641975308641974 0.05987654320987644 0.06604938271604927 0.06543209876543196 0.05802469135802457 0.05802469135802457 0.061111111111111005
0.06597222222222222 0.06597222222222222 0.06805555555555555 0.06319444444444444 0.06666666666666667 0.06736111111111111 0.06527777777777778 0.06597222222222222 0.06736111111111111 0.06597222222222222 0.06944444444444445 0.06944444444444445 0.06527777777777778 0.06666666666666667 0.06736111111111111
0.05789473684210522 0.060818713450292376 0.05672514619883042 0.06725146198830408 0.06198830409356722 0.09532163742690059 0.11637426900584785 0.0637426900584795 0.06842105263157895 0.060818713450292376 0.05672514619883037 0.05730994152046782 0.05789473684210524 0.061988304093567245 0.05672514619883039
0.06666666666666667 0.06527777777777778 0.06458333333333334 0.07222222222222222 0.06875 0.06388888888888888 0.06319444444444444 0.06527777777777778 0.06736111111111111 0.06666666666666667 0.07222222222222222 0.06597222222222222 0.06666666666666667 0.06666666666666667 0.06458333333333334
0.05185185185185184 0.06157407407407415 0.054629629629629646 0.057870370370370336 0.04398148148148142 0.04907407407407407 0.04629629629629624 0.061574074074074045 0.06574074074074077 0.04768518518518517 0.058333333333333376 0.14537037037037032 0.05972222222222224 0.06527777777777778 0.13101851851851853
0.10326797385620894 0.062091503267973726 0.07189542483660114 0.06339869281045737 0.06078431372549007 0.06209150326797371 0.06405228758169923 0.0660130718954247 0.06339869281045739 0.06013071895424824 0.061437908496731905 0.06078431372549007 0.06274509803921556 0.07058823529411751 0.06732026143790837
0.15370370370370348 0.05617283950617273 0.058641975308641854 0.05617283950617273 0.05555555555555545 0.05617283950617273 0.1049382716049381 0.05617283950617273 0.05617283950617273 0.05555555555555545 0.05679012345679001 0.06358024691358015 0.05555555555555545 0.05617283950617273 0.05864197530864187
0.06470588235294104 0.06078431372549007 0.06535947712418289 0.06078431372549007 0.0614379084967319 0.059477124183006415 0.1215686274509802 0.05882352941176457 0.06339869281045739 0.06209150326797373 0.06732026143790834 0.07254901960784303 0.06078431372549007 0.06013071895424824 0.060784313725490056
0.25158730158730164 0.04563492063492061 0.0682539682539682 0.05317460317460315 0.041666666666666644 0.0464285714285714 0.08333333333333325 0.04166666666666664 0.04682539682539682 0.041269841269841234 0.048809523809523796 0.10119047619047614 0.03888888888888886 0.045238095238095216 0.04603174603174603
0.06319444444444444 0.06388888888888888 0.0625 0.08819444444444445 0.0625 0.06388888888888888 0.06388888888888888 0.06388888888888888 0.08958333333333333 0.06319444444444444 0.0625 0.06319444444444444 0.06319444444444444 0.06388888888888888 0.0625
0.06666666666666667 0.06458333333333334 0.06527777777777778 0.06666666666666667 0.06458333333333334 0.06944444444444445 0.07569444444444444 0.06527777777777778 0.06458333333333334 0.06805555555555555 0.06805555555555555 0.06597222222222222 0.06597222222222222 0.06458333333333334 0.06458333333333334
0.06944444444444445 0.06597222222222222 0.06527777777777778 0.06736111111111111 0.06944444444444445 0.06527777777777778 0.06388888888888888 0.06875 0.06666666666666667 0.06805555555555555 0.06458333333333334 0.06666666666666667 0.06805555555555555 0.06736111111111111 0.06319444444444444
0.06527777777777778 0.06527777777777778 0.06458333333333334 0.06597222222222222 0.06597222222222222 0.08194444444444444 0.06458333333333334 0.06319444444444444 0.06666666666666667 0.06944444444444445 0.06319444444444444 0.06458333333333334 0.06597222222222222 0.06666666666666667 0.06666666666666667
0.0625 0.06527777777777778 0.0625 0.06388888888888888 0.06388888888888888 0.0625 0.06458333333333334 0.10902777777777778 0.06458333333333334 0.06388888888888888 0.06527777777777778 0.0625 0.0625 0.06319444444444444 0.06388888888888888
0.06597222222222222 0.06458333333333334 0.06458333333333334 0.06805555555555555 0.06388888888888888 0.0625 0.06458333333333334 0.07013888888888889 0.06805555555555555 0.06736111111111111 0.07013888888888889 0.06666666666666667 0.06805555555555555 0.06666666666666667 0.06875
0.061437908496731884 0.06274509803921555 0.06013071895424824 0.0699346405228757 0.0614379084967319 0.0614379084967319 0.06732026143790837 0.12418300653594747 0.06535947712418289 0.06013071895424823 0.060784313725490056 0.0614379084967319 0.06013071895424824 0.06078431372549007 0.06274509803921555
0.06234567901234555 0.06234567901234556 0.061111111111111005 0.07777777777777765 0.0574074074074073 0.06728395061728384 0.06666666666666655 0.10987654320987637 0.06790123456790112 0.06296296296296285 0.06234567901234556 0.06111111111111099 0.06172839506172829 0.0574074074074073 0.06172839506172829
0.06805555555555555 0.06666666666666667 0.06736111111111111 0.06805555555555555 0.06458333333333334 0.07152777777777777 0.06527777777777778 0.06388888888888888 0.06666666666666667 0.06527777777777778 0.06597222222222222 0.06736111111111111 0.06736111111111111 0.06388888888888888 0.06805555555555555
0.06388888888888888 0.06388888888888888 0.06388888888888888 0.06319444444444444 0.06319444444444444 0.06319444444444444 0.0625 0.06458333333333334 0.06666666666666667 0.06319444444444444 0.06319444444444444 0.0625 0.06319444444444444 0.06736111111111111 0.10555555555555556
0.12287581699346384 0.06209150326797373 0.06470588235294104 0.06405228758169922 0.0594771241830064 0.06405228758169922 0.06013071895424824 0.0614379084967319 0.0660130718954247 0.06209150326797373 0.0594771241830064 0.06339869281045737 0.0614379084967319 0.061437908496731905 0.06732026143790835
0.07254901960784299 0.06666666666666655 0.06535947712418286 0.07189542483660115 0.0660130718954247 0.06666666666666653 0.0679738562091502 0.06732026143790834 0.06339869281045739 0.06339869281045739 0.06535947712418287 0.06339869281045737 0.06470588235294104 0.06470588235294104 0.07058823529411751
0.1116959064327485 0.05789473684210527 0.059649122807017514 0.060233918128654945 0.055555555555555525 0.09415204678362574 0.06081871345029239 0.05906432748538011 0.07309941520467834 0.06023391812865496 0.056725146198830394 0.060818713450292376 0.055555555555555546 0.07894736842105267 0.05555555555555555
0.06458333333333334 0.10069444444444445 0.06388888888888888 0.06666666666666667 0.06388888888888888 0.06458333333333334 0.06319444444444444 0.06388888888888888 0.06597222222222222 0.06597222222222222 0.06319444444444444 0.06458333333333334 0.06319444444444444 0.0625 0.06319444444444444
0.05864197530864187 0.07654320987654309 0.05740740740740729 0.06111111111111099 0.059876543209876426 0.06172839506172829 0.05864197530864187 0.05679012345679001 0.05679012345679001 0.059876543209876426 0.0679012345679011 0.05740740740740729 0.14999999999999974 0.05864197530864187 0.05864197530864187
0.056666666666666574 0.1222222222222222 0.05222222222222214 0.0577777777777777 0.05166666666666658 0.05444444444444435 0.061666666666666585 0.053333333333333253 0.05777777777777769 0.05333333333333324 0.05444444444444436 0.05999999999999991 0.1444444444444445 0.05444444444444436 0.06555555555555546
0.06078431372549007 0.062091503267973726 0.06209150326797373 0.06274509803921555 0.061437908496731884 0.062091503267973726 0.06078431372549007 0.06078431372549007 0.06339869281045739 0.062091503267973726 0.07581699346405214 0.06274509803921556 0.1235294117647057 0.0594771241830064 0.06013071895424824
0.062091503267973726 0.0594771241830064 0.07124183006535935 0.06470588235294103 0.06013071895424824 0.06535947712418289 0.10130718954248348 0.06339869281045737 0.07777777777777764 0.06013071895424824 0.06470588235294103 0.06601307189542471 0.062091503267973726 0.06013071895424823 0.0614379084967319
0.05380116959064329 0.06257309941520463 0.06023391812865497 0.056725146198830394 0.1865497076023391 0.057309941520467804 0.05555555555555554 0.05497076023391813 0.05614035087719299 0.08187134502923975 0.05321637426900584 0.05438596491228069 0.05614035087719296 0.054970760233918115 0.05555555555555555
0.06797385620915018 0.06601307189542469 0.062091503267973726 0.06078431372549007 0.10261437908496714 0.0614379084967319 0.06078431372549007 0.06013071895424823 0.06470588235294107 0.0699346405228757 0.07843137254901945 0.06013071895424824 0.06274509803921555 0.06078431372549007 0.0614379084967319
0.06315789473684205 0.06783625730994147 0.06783625730994146 0.06491228070175437 0.059064327485380076 0.11695906432748528 0.06374269005847953 0.0584795321637427 0.05847953216374269 0.06081871345029237 0.05730994152046782 0.059649122807017535 0.061988304093567266 0.0766081871345029 0.06315789473684208
0.05882352941176457 0.0614379084967319 0.05882352941176457 0.05882352941176457 0.1535947712418298 0.05882352941176457 0.05882352941176457 0.0594771241830064 0.06013071895424824 0.076470588235294 0.05882352941176457 0.05882352941176457 0.059477124183006415 0.05882352941176457 0.05882352941176457
0.15493827160493803 0.06234567901234556 0.06604938271604925 0.062345679012345556 0.0574074074074073 0.06172839506172827 0.05864197530864187 0.05802469135802457 0.06481481481481469 0.06111111111111099 0.05802469135802457 0.05740740740740729 0.05925925925925915 0.05864197530864187 0.05925925925925915
0.0640522875816992 0.06209150326797373 0.06470588235294104 0.06666666666666653 0.0594771241830064 0.06862745098039202 0.11437908496732004 0.06274509803921555 0.06339869281045737 0.0594771241830064 0.0614379084967319 0.06601307189542473 0.06078431372549008 0.06013071895424823 0.0660130718954247
0.05740740740740729 0.06358024691358011 0.06419753086419742 0.06111111111111099 0.11234567901234552 0.05925925925925915 0.05925925925925915 0.05925925925925915 0.06543209876543198 0.06604938271604927 0.061728395061728274 0.058641975308641854 0.06666666666666655 0.07839506172839492 0.06666666666666655
0.06388888888888888 0.06319444444444444 0.06319444444444444 0.0625 0.10138888888888889 0.06319444444444444 0.06319444444444444 0.0625 0.0625 0.08125 0.0625 0.0625 0.0625 0.06319444444444444 0.0625
0.06274509803921555 0.07254901960784298 0.06535947712418287 0.06732026143790835 0.10130718954248345 0.06209150326797375 0.06274509803921556 0.06013071895424823 0.06209150326797371 0.06862745098039204 0.06078431372549007 0.06666666666666651 0.06601307189542471 0.06013071895424823 0.061437908496731884
0.05906432748538011 0.06140350877192982 0.05847953216374267 0.06315789473684208 0.06198830409356719 0.06608187134502924 0.06140350877192977 0.06608187134502919 0.06491228070175434 0.05964912280701756 0.06315789473684208 0.06374269005847953 0.06081871345029236 0.12514619883040926 0.06491228070175435
0.05617283950617273 0.05679012345679001 0.05679012345679001 0.05617283950617273 0.05555555555555545 0.05617283950617273 0.05555555555555545 0.058024691358024585 0.058641975308641854 0.05555555555555545 0.05617283950617273 0.05802469135802457 0.05617283950617273 0.05925925925925915 0.20493827160493794
0.0614379084967319 0.06013071895424824 0.06013071895424824 0.06732026143790835 0.06274509803921556 0.0751633986928103 0.06078431372549007 0.0594771241830064 0.06405228758169922 0.060784313725490056 0.06209150326797373 0.061437908496731884 0.09934640522875797 0.0614379084967319 0.0836601307189541
0.05614035087719297 0.05380116959064329 0.060233918128654945 0.11403508771929813 0.05321637426900584 0.061403508771929835 0.054970760233918115 0.05614035087719297 0.06783625730994146 0.0584795321637427 0.06315789473684205 0.1111111111111111 0.055555555555555525 0.07309941520467834 0.0608187134502924
0.05449735449735443 0.04973544973544966 0.05132275132275125 0.055555555555555476 0.05132275132275125 0.05291005291005283 0.08994708994708986 0.05396825396825389 0.05238095238095229 0.04920634920634913 0.04973544973544967 0.19259259259259234 0.07407407407407397 0.05343915343915335 0.06931216931216927
0.06296296296296283 0.07407407407407396 0.07407407407407393 0.07901234567901222 0.06358024691358014 0.06666666666666655 0.06604938271604929 0.06111111111111099 0.06913580246913567 0.06790123456790112 0.06049382716049371 0.06728395061728384 0.061111111111111005 0.06481481481481469 0.061728395061728294
0.06274509803921555 0.06535947712418287 0.06862745098039202 0.06732026143790834 0.06535947712418286 0.06732026143790835 0.0640522875816992 0.08431372549019593 0.06601307189542469 0.06274509803921555 0.06274509803921556 0.06405228758169923 0.06274509803921556 0.0660130718954247 0.07058823529411751
0.059259259259259164 0.06172839506172829 0.06111111111111099 0.05987654320987642 0.05740740740740729 0.05925925925925915 0.05925925925925914 0.05802469135802457 0.06111111111111099 0.06049382716049372 0.16234567901234542 0.05864197530864187 0.05864197530864187 0.06358024691358014 0.05925925925925915
0.05444444444444437 0.0683333333333332 0.05166666666666658 0.05499999999999991 0.09833333333333329 0.05333333333333324 0.05833333333333325 0.05722222222222214 0.05611111111111104 0.17166666666666663 0.05277777777777769 0.05388888888888881 0.05611111111111102 0.054999999999999924 0.05777777777777769
0.0641975308641974 0.06296296296296285 0.07222222222222212 0.06790123456790112 0.07345679012345668 0.062345679012345556 0.07716049382716036 0.06111111111111099 0.06913580246913567 0.06851851851851842 0.06358024691358014 0.06296296296296286 0.06296296296296285 0.06358024691358014 0.0679012345679011
0.061111111111111005 0.06277777777777768 0.05444444444444435 0.08166666666666658 0.09444444444444433 0.053333333333333253 0.055555555555555476 0.053888888888888806 0.11944444444444438 0.10166666666666653 0.050555555555555465 0.04999999999999991 0.05833333333333324 0.05055555555555547 0.05222222222222214
0.05789473684210525 0.10467836257309938 0.05906432748538011 0.05906432748538014 0.07719298245614037 0.05847953216374265 0.05964912280701752 0.05555555555555554 0.05789473684210525 0.12514619883040923 0.05789473684210525 0.0567251461988304 0.05672514619883039 0.05789473684210526 0.05614035087719297
0.06797385620915021 0.06274509803921555 0.07058823529411752 0.06274509803921555 0.072549019607843 0.06666666666666651 0.07973856209150311 0.06601307189542473 0.0679738562091502 0.06666666666666654 0.0640522875816992 0.06209150326797373 0.06209150326797373 0.06470588235294104 0.06339869281045737
0.0633986928104574 0.0614379084967319 0.06274509803921555 0.06405228758169922 0.0640522875816992 0.06274509803921555 0.06274509803921556 0.06535947712418287 0.06470588235294103 0.06274509803921556 0.1156862745098037 0.06405228758169922 0.06274509803921556 0.062091503267973726 0.0614379084967319
0.06274509803921555 0.062091503267973726 0.06535947712418287 0.09150326797385604 0.06405228758169922 0.0614379084967319 0.06405228758169922 0.062091503267973726 0.08888888888888874 0.06470588235294106 0.059477124183006415 0.06732026143790837 0.0640522875816992 0.06013071895424824 0.062091503267973726
0.06198830409356721 0.05730994152046784 0.06374269005847953 0.057894736842105284 0.05614035087719297 0.05614035087719296 0.057309941520467825 0.07602339181286549 0.09590643274853791 0.055555555555555525 0.0771929824561403 0.057309941520467846 0.11695906432748535 0.0543859649122807 0.05614035087719298
0.059064327485380125 0.05847953216374265 0.0754385964912281 0.06432748538011693 0.05438596491228071 0.0678362573099415 0.055555555555555546 0.06081871345029236 0.06549707602339172 0.057309941520467825 0.08245614035087716 0.060233918128654966 0.11578947368421044 0.05614035087719296 0.06666666666666664
0.05864197530864187 0.06234567901234555 0.08024691358024677 0.0728395061728394 0.05925925925925915 0.061111111111111005 0.06728395061728384 0.07037037037037024 0.07283950617283941 0.061111111111111005 0.08148148148148136 0.06481481481481469 0.05802469135802457 0.061111111111110984 0.0685185185185184
