0.10196078431372528 0.0614379084967319 0.06862745098039201 0.06078431372549007 0.0614379084967319 0.062091503267973726 0.08039215686274495 0.0640522875816992 0.06013071895424823 0.061437908496731884 0.0594771241830064 0.06339869281045737 0.06862745098039202 0.061437908496731905 0.06470588235294104
0.2030864197530861 0.05679012345679001 0.05679012345679001 0.05740740740740729 0.05679012345679001 0.05740740740740729 0.05617283950617273 0.05740740740740729 0.05617283950617273 0.0574074074074073 0.05617283950617273 0.05617283950617273 0.05740740740740729 0.05740740740740729 0.0574074074074073
0.2637681159420288 0.051690821256038716 0.04782608695652183 0.045893719806763364 0.04444444444444452 0.04830917874396144 0.04879227053140103 0.08985507246376824 0.04492753623188414 0.049758454106280284 0.04492753623188414 0.04637681159420299 0.05120772946859911 0.04541062801932375 0.07681159420289864
0.06013071895424824 0.06013071895424824 0.062091503267973726 0.062091503267973726 0.0640522875816992 0.0614379084967319 0.06928104575163384 0.12549019607843115 0.06078431372549007 0.06209150326797371 0.06013071895424824 0.06339869281045739 0.0679738562091502 0.06013071895424824 0.06078431372549007
0.047342995169082205 0.07294685990338173 0.05410628019323681 0.05024154589371988 0.05507246376811603 0.048792270531401054 0.12270531400966175 0.07246376811594213 0.12512077294685994 0.08115942028985518 0.04734299516908222 0.05507246376811603 0.05314009661835758 0.05169082125603874 0.06280193236714983
0.05740740740740729 0.06049382716049372 0.05802469135802457 0.059876543209876426 0.06728395061728382 0.05925925925925915 0.06296296296296285 0.05925925925925914 0.10864197530864189 0.09444444444444439 0.059876543209876426 0.05925925925925915 0.06049382716049372 0.05617283950617273 0.07654320987654313
0.05882352941176457 0.0594771241830064 0.0594771241830064 0.0594771241830064 0.0594771241830064 0.0594771241830064 0.05882352941176457 0.06013071895424824 0.05882352941176457 0.0594771241830064 0.05882352941176457 0.05882352941176457 0.05882352941176457 0.06078431372549007 0.16928104575163372
0.06319444444444444 0.06458333333333334 0.06666666666666667 0.06597222222222222 0.06319444444444444 0.06319444444444444 0.06527777777777778 0.09444444444444444 0.0625 0.0625 0.06597222222222222 0.06597222222222222 0.06527777777777778 0.06319444444444444 0.06805555555555555
0.0625 0.06388888888888888 0.0625 0.0625 0.06319444444444444 0.0625 0.0625 0.06319444444444444 0.12083333333333333 0.06319444444444444 0.06319444444444444 0.0625 0.0625 0.0625 0.0625
0.05882352941176457 0.06013071895424824 0.059477124183006415 0.06013071895424824 0.05882352941176457 0.0699346405228757 0.06013071895424824 0.08954248366013055 0.05882352941176457 0.11045751633986907 0.06013071895424823 0.0594771241830064 0.06993464052287565 0.06013071895424824 0.0640522875816992
0.05444444444444437 0.05333333333333324 0.05555555555555547 0.05333333333333324 0.05611111111111104 0.058888888888888796 0.06499999999999989 0.05111111111111102 0.052222222222222135 0.1799999999999998 0.0527777777777777 0.07499999999999991 0.08055555555555542 0.05444444444444436 0.057222222222222126
0.06499999999999993 0.058333333333333265 0.0638888888888888 0.06777777777777769 0.05611111111111103 0.06611111111111101 0.0649999999999999 0.11222222222222214 0.05499999999999991 0.05944444444444435 0.05611111111111102 0.059999999999999915 0.08055555555555542 0.07333333333333324 0.061111111111111005
0.06666666666666662 0.05555555555555554 0.057309941520467804 0.055555555555555546 0.05614035087719298 0.06023391812865497 0.057309941520467825 0.05614035087719296 0.05321637426900586 0.17543859649122806 0.05497076023391812 0.053801169590643266 0.0842105263157894 0.05789473684210525 0.05555555555555559
0.061728395061728294 0.061111111111111005 0.06296296296296286 0.06172839506172829 0.10123456790123443 0.059876543209876426 0.07098765432098753 0.07160493827160484 0.06111111111111099 0.06543209876543199 0.06358024691358012 0.06851851851851841 0.0641975308641974 0.06049382716049372 0.06543209876543199
0.07098765432098754 0.06481481481481471 0.058024691358024585 0.0574074074074073 0.06049382716049371 0.06419753086419744 0.06728395061728384 0.12962962962962943 0.05740740740740729 0.06419753086419742 0.05925925925925915 0.062345679012345556 0.05740740740740729 0.059876543209876426 0.06666666666666655
0.05555555555555547 0.0677777777777777 0.05611111111111102 0.05722222222222214 0.1077777777777777 0.10888888888888888 0.05333333333333324 0.09111111111111106 0.056666666666666574 0.05888888888888882 0.053333333333333253 0.05499999999999991 0.05611111111111102 0.06055555555555546 0.06166666666666658
0.07716049382716038 0.05679012345679001 0.05864197530864187 0.05617283950617273 0.05617283950617273 0.08271604938271593 0.07592592592592576 0.0574074074074073 0.061728395061728274 0.08024691358024677 0.05740740740740729 0.1117283950617282 0.05617283950617273 0.05555555555555545 0.05617283950617273
0.05730994152046782 0.07602339181286549 0.06081871345029236 0.060233918128654945 0.060233918128654945 0.08421052631578939 0.08888888888888895 0.1052631578947368 0.055555555555555546 0.05730994152046782 0.056725146198830394 0.0567251461988304 0.06257309941520466 0.058479532163742666 0.05964912280701752
0.06319444444444444 0.07708333333333334 0.0625 0.0625 0.06319444444444444 0.06319444444444444 0.06388888888888888 0.09236111111111112 0.06319444444444444 0.06666666666666667 0.0625 0.0625 0.06319444444444444 0.0625 0.07152777777777777
0.10350877192982454 0.06432748538011696 0.05497076023391814 0.05380116959064327 0.10409356725146199 0.052631578947368425 0.05730994152046782 0.08479532163742688 0.053801169590643266 0.08362573099415209 0.054970760233918115 0.05321637426900584 0.059649122807017514 0.0543859649122807 0.06491228070175438
0.04696969696969696 0.05454545454545458 0.04898989898989899 0.05050505050505051 0.08232323232323237 0.047474747474747475 0.05404040404040407 0.05303030303030306 0.04797979797979797 0.1267676767676766 0.09292929292929293 0.05202020202020205 0.054040404040404076 0.08484848484848491 0.1035353535353535
0.06209150326797373 0.05882352941176457 0.059477124183006415 0.06078431372549007 0.0594771241830064 0.0594771241830064 0.06339869281045737 0.06078431372549007 0.0594771241830064 0.07908496732026125 0.06013071895424824 0.059477124183006415 0.059477124183006415 0.059477124183006415 0.1385620915032678
0.05740740740740729 0.06604938271604928 0.062345679012345556 0.06234567901234556 0.07530864197530854 0.06728395061728384 0.06296296296296287 0.06604938271604925 0.05679012345679001 0.08518518518518504 0.06234567901234558 0.0679012345679011 0.06604938271604925 0.06604938271604927 0.07592592592592583
0.05614035087719296 0.0543859649122807 0.058479532163742694 0.0637426900584795 0.16549707602339156 0.06198830409356724 0.05789473684210523 0.058479532163742694 0.05614035087719298 0.07426900584795308 0.05380116959064327 0.05497076023391812 0.055555555555555566 0.05614035087719296 0.072514619883041
0.061437908496731905 0.06013071895424824 0.06078431372549007 0.06013071895424824 0.06274509803921556 0.12026143790849649 0.05882352941176457 0.06013071895424823 0.0594771241830064 0.08104575163398679 0.06078431372549007 0.06013071895424824 0.0594771241830064 0.05882352941176457 0.07581699346405213
0.06339869281045737 0.06601307189542471 0.06732026143790835 0.06339869281045739 0.06470588235294104 0.06732026143790837 0.06666666666666654 0.06862745098039201 0.06601307189542473 0.06797385620915017 0.06601307189542471 0.06993464052287567 0.0679738562091502 0.06732026143790838 0.06732026143790835
0.0625 0.0625 0.0625 0.06319444444444444 0.06319444444444444 0.06388888888888888 0.10694444444444444 0.06319444444444444 0.0625 0.07152777777777777 0.0625 0.06319444444444444 0.0625 0.0625 0.06736111111111111
0.05944444444444435 0.06277777777777768 0.16999999999999998 0.05944444444444436 0.059999999999999894 0.05833333333333325 0.06222222222222213 0.05666666666666658 0.058888888888888796 0.06222222222222213 0.05611111111111102 0.05666666666666658 0.05166666666666658 0.061666666666666564 0.06388888888888879
0.0625 0.0625 0.11736111111111111 0.06319444444444444 0.0625 0.06388888888888888 0.06319444444444444 0.06319444444444444 0.0625 0.0625 0.0625 0.06458333333333334 0.0625 0.06388888888888888 0.06319444444444444
0.05555555555555545 0.058641975308641854 0.08765432098765417 0.05617283950617273 0.05617283950617273 0.05617283950617273 0.05802469135802457 0.17407407407407383 0.05555555555555545 0.05555555555555545 0.05679012345679001 0.05679012345679001 0.05925925925925915 0.058024691358024585 0.05555555555555545
0.05555555555555547 0.05444444444444436 0.17277777777777775 0.0538888888888888 0.06055555555555548 0.05611111111111102 0.07999999999999992 0.06333333333333321 0.05444444444444437 0.06722222222222211 0.057222222222222126 0.05277777777777769 0.057222222222222126 0.058333333333333244 0.05611111111111102
0.05497076023391815 0.07543859649122807 0.1 0.05497076023391812 0.06725146198830408 0.05497076023391814 0.056725146198830394 0.09532163742690053 0.052631578947368425 0.06783625730994142 0.05847953216374267 0.05438596491228071 0.055555555555555546 0.09064327485380118 0.06081871345029241
0.0574074074074073 0.05679012345679002 0.05679012345679002 0.09753086419753071 0.05740740740740729 0.05925925925925914 0.0574074074074073 0.058024691358024585 0.10246913580246896 0.05802469135802457 0.10617283950617268 0.05679012345679001 0.058024691358024585 0.05925925925925916 0.058641975308641854
0.06388888888888888 0.06736111111111111 0.06319444444444444 0.0625 0.06319444444444444 0.0625 0.06388888888888888 0.0625 0.0625 0.06458333333333334 0.06388888888888888 0.0625 0.06319444444444444 0.11180555555555556 0.0625
0.052631578947368425 0.1 0.05380116959064327 0.059064327485380076 0.09883040935672516 0.10701754385964912 0.05847953216374267 0.06491228070175442 0.05789473684210524 0.05614035087719297 0.05380116959064329 0.05438596491228071 0.05555555555555554 0.07076023391812859 0.0567251461988304
0.06013071895424824 0.06078431372549007 0.06339869281045739 0.09869281045751617 0.06797385620915018 0.06013071895424824 0.06078431372549007 0.06013071895424824 0.06339869281045739 0.0614379084967319 0.08496732026143776 0.06666666666666653 0.06666666666666653 0.062091503267973726 0.06274509803921555
0.06543209876543198 0.058024691358024585 0.05987654320987644 0.11975308641975294 0.06049382716049371 0.05925925925925916 0.062345679012345556 0.05925925925925915 0.06975308641975296 0.05740740740740729 0.058641975308641854 0.08950617283950606 0.0604938271604937 0.05925925925925915 0.06049382716049371
0.0625 0.06388888888888888 0.06319444444444444 0.06666666666666667 0.06319444444444444 0.0625 0.0625 0.0625 0.0625 0.0625 0.06319444444444444 0.0625 0.0625 0.11736111111111111 0.0625
0.05740740740740729 0.05679012345679001 0.06851851851851837 0.08518518518518504 0.05617283950617273 0.05617283950617273 0.06049382716049372 0.058024691358024585 0.0574074074074073 0.05679012345679002 0.08148148148148132 0.09259259259259242 0.058024691358024585 0.05740740740740729 0.09753086419753078
0.06319444444444444 0.11458333333333333 0.0625 0.06388888888888888 0.06319444444444444 0.06319444444444444 0.06319444444444444 0.0625 0.06319444444444444 0.0625 0.06319444444444444 0.06319444444444444 0.06388888888888888 0.06319444444444444 0.06458333333333334
0.11111111111111091 0.05679012345679002 0.05925925925925915 0.058641975308641875 0.05802469135802457 0.06172839506172829 0.06111111111111099 0.1148148148148146 0.058024691358024585 0.05679012345679001 0.0604938271604937 0.061111111111111005 0.058641975308641854 0.05925925925925915 0.06419753086419741
0.05722222222222214 0.053888888888888806 0.05777777777777769 0.09111111111111105 0.05277777777777769 0.05555555555555547 0.05888888888888879 0.06555555555555546 0.1238888888888889 0.058333333333333265 0.05611111111111102 0.09499999999999988 0.06277777777777768 0.05166666666666658 0.05944444444444435
0.05166666666666658 0.05444444444444435 0.05666666666666658 0.10166666666666663 0.05555555555555547 0.057222222222222126 0.05444444444444436 0.055555555555555476 0.18999999999999997 0.05222222222222214 0.05277777777777769 0.0538888888888888 0.05277777777777769 0.056666666666666594 0.05444444444444436
0.05679012345679001 0.1709876543209874 0.06049382716049371 0.0574074074074073 0.0574074074074073 0.05864197530864187 0.058024691358024585 0.058024691358024585 0.05555555555555545 0.06049382716049371 0.05740740740740729 0.05740740740740729 0.0604938271604937 0.06296296296296285 0.06790123456790112
0.059477124183006415 0.09738562091503249 0.06666666666666651 0.06535947712418287 0.062091503267973726 0.06862745098039204 0.07058823529411751 0.06928104575163387 0.06601307189542469 0.06339869281045739 0.060784313725490056 0.0614379084967319 0.0614379084967319 0.06339869281045739 0.0640522875816992
0.055555555555555566 0.05789473684210527 0.059649122807017514 0.06023391812865496 0.05672514619883042 0.17368421052631566 0.0660818713450292 0.058479532163742666 0.05906432748538009 0.06315789473684208 0.055555555555555546 0.057309941520467804 0.058479532163742666 0.05847953216374267 0.059649122807017535
0.05802469135802457 0.05802469135802457 0.05802469135802457 0.06049382716049371 0.06111111111111099 0.05864197530864187 0.0648148148148147 0.06172839506172829 0.07160493827160483 0.10802469135802456 0.05925925925925915 0.05864197530864187 0.05864197530864187 0.05925925925925916 0.10370370370370363
0.05497076023391813 0.08947368421052629 0.0631578947368421 0.05906432748538012 0.09766081871345031 0.05847953216374267 0.06725146198830403 0.06374269005847945 0.06491228070175435 0.07192982456140352 0.06140350877192979 0.06257309941520466 0.05964912280701754 0.06257309941520466 0.0631578947368421
0.05321637426900584 0.052631578947368425 0.05614035087719294 0.2157894736842106 0.0567251461988304 0.053801169590643266 0.05380116959064327 0.053801169590643266 0.060233918128654966 0.05321637426900584 0.0789473684210526 0.052631578947368425 0.05321637426900585 0.052631578947368425 0.05321637426900585
0.05321637426900585 0.052631578947368425 0.05380116959064327 0.13625730994152027 0.052631578947368425 0.05321637426900584 0.05380116959064327 0.053801169590643266 0.07368421052631578 0.05321637426900585 0.05321637426900586 0.05380116959064327 0.052631578947368425 0.15087719298245583 0.05321637426900585
0.0625 0.0625 0.0625 0.0625 0.0625 0.0625 0.0625 0.0625 0.0625 0.06319444444444444 0.12430555555555556 0.0625 0.0625 0.0625 0.0625
0.05617283950617273 0.05617283950617273 0.07407407407407395 0.05802469135802457 0.05555555555555545 0.18086419753086394 0.06111111111111099 0.05555555555555545 0.05679012345679001 0.05925925925925915 0.05864197530864187 0.05617283950617273 0.05679012345679002 0.058641975308641854 0.05617283950617273
0.05111111111111103 0.052222222222222135 0.05444444444444435 0.05388888888888881 0.05444444444444436 0.1533333333333335 0.0894444444444444 0.053888888888888806 0.05166666666666658 0.06166666666666656 0.05111111111111103 0.10888888888888876 0.056666666666666594 0.0527777777777777 0.05444444444444434
0.06049382716049371 0.05925925925925915 0.07098765432098753 0.05987654320987642 0.06358024691358014 0.062345679012345556 0.06172839506172829 0.0648148148148147 0.0648148148148147 0.07037037037037022 0.05864197530864187 0.1055555555555554 0.05802469135802457 0.058641975308641875 0.08086419753086406
0.0625 0.06319444444444444 0.0625 0.0625 0.0625 0.0625 0.0625 0.0625 0.0625 0.0625 0.0625 0.12361111111111112 0.0625 0.06319444444444444 0.0625
0.0625 0.06388888888888888 0.06388888888888888 0.06319444444444444 0.06319444444444444 0.0625 0.06319444444444444 0.06319444444444444 0.0625 0.06388888888888888 0.06319444444444444 0.11597222222222223 0.06388888888888888 0.0625 0.0625
0.06527777777777778 0.06527777777777778 0.06388888888888888 0.06319444444444444 0.06388888888888888 0.06319444444444444 0.06597222222222222 0.08819444444444445 0.06666666666666667 0.06805555555555555 0.06319444444444444 0.06597222222222222 0.06527777777777778 0.06666666666666667 0.06527777777777778
0.06319444444444444 0.06527777777777778 0.06388888888888888 0.0625 0.0625 0.06388888888888888 0.06319444444444444 0.06319444444444444 0.0625 0.06666666666666667 0.0625 0.06388888888888888 0.06319444444444444 0.11041666666666666 0.06319444444444444
0.06319444444444444 0.0625 0.06458333333333334 0.06388888888888888 0.06458333333333334 0.06319444444444444 0.0625 0.0625 0.0625 0.0625 0.06319444444444444 0.11597222222222223 0.06319444444444444 0.0625 0.06319444444444444
0.05882352941176457 0.06013071895424823 0.0594771241830064 0.05882352941176457 0.0594771241830064 0.05882352941176457 0.0594771241830064 0.05882352941176457 0.05882352941176457 0.05882352941176457 0.1705882352941174 0.06078431372549007 0.05882352941176457 0.059477124183006415 0.05882352941176457
0.054999999999999924 0.05722222222222212 0.054999999999999924 0.05555555555555547 0.06888888888888882 0.052222222222222135 0.059444444444444335 0.05499999999999991 0.052222222222222135 0.05444444444444436 0.10555555555555547 0.09833333333333324 0.06055555555555546 0.09333333333333324 0.07722222222222214
0.05679012345679001 0.05555555555555545 0.05679012345679001 0.05679012345679002 0.05555555555555545 0.0574074074074073 0.07160493827160483 0.05925925925925915 0.05802469135802459 0.06913580246913567 0.167901234567901 0.0574074074074073 0.05925925925925916 0.05617283950617273 0.062345679012345556
0.06388888888888888 0.06388888888888888 0.06527777777777778 0.06388888888888888 0.06944444444444445 0.06458333333333334 0.06666666666666667 0.06458333333333334 0.07430555555555556 0.06805555555555555 0.06388888888888888 0.07569444444444444 0.06388888888888888 0.06319444444444444 0.06875
0.06078431372549007 0.06078431372549007 0.062091503267973726 0.06078431372549007 0.061437908496731905 0.06078431372549007 0.06013071895424824 0.06013071895424824 0.060784313725490056 0.06274509803921556 0.06535947712418287 0.1411764705882351 0.06209150326797371 0.06013071895424823 0.06078431372549007
0.059064327485380076 0.05438596491228069 0.057309941520467846 0.059064327485380055 0.05497076023391812 0.055555555555555546 0.06842105263157891 0.0567251461988304 0.05847953216374267 0.05964912280701752 0.0649122807017544 0.17076023391812845 0.059064327485380125 0.05555555555555555 0.06608187134502923
0.0625 0.0625 0.0625 0.0625 0.0625 0.0625 0.0625 0.0625 0.0625 0.0625 0.0625 0.12430555555555556 0.0625 0.06319444444444444 0.0625
0.05497076023391813 0.059064327485380076 0.06023391812865496 0.05730994152046782 0.05555555555555555 0.0590643274853801 0.05964912280701752 0.06023391812865496 0.0549707602339181 0.0549707602339181 0.05497076023391813 0.19999999999999993 0.0567251461988304 0.056725146198830394 0.05555555555555554
0.05497076023391812 0.1 0.05497076023391812 0.05321637426900585 0.05614035087719299 0.052631578947368425 0.05380116959064327 0.0543859649122807 0.052631578947368425 0.0543859649122807 0.05321637426900586 0.15847953216374236 0.05497076023391813 0.09181286549707607 0.05438596491228069
0.05864197530864187 0.05925925925925915 0.06234567901234556 0.05925925925925914 0.05925925925925914 0.05864197530864187 0.05925925925925915 0.05925925925925914 0.058641975308641875 0.06358024691358012 0.06728395061728382 0.13209876543209859 0.06296296296296285 0.06358024691358014 0.0759259259259258
0.05925925925925915 0.059876543209876426 0.07654320987654309 0.05679012345679002 0.058024691358024585 0.061111111111111005 0.07962962962962951 0.059876543209876426 0.06049382716049371 0.06296296296296283 0.06543209876543198 0.12037037037037016 0.05864197530864187 0.0604938271604937 0.0604938271604937
0.06388888888888888 0.06458333333333334 0.06597222222222222 0.06527777777777778 0.06597222222222222 0.06597222222222222 0.07083333333333333 0.06458333333333334 0.06458333333333334 0.06805555555555555 0.06527777777777778 0.07013888888888889 0.06805555555555555 0.06666666666666667 0.07013888888888889
0.05789473684210523 0.06198830409356724 0.06491228070175435 0.06666666666666662 0.06549707602339182 0.06959064327485376 0.08245614035087717 0.06783625730994149 0.0584795321637427 0.07251461988304092 0.07017543859649115 0.06432748538011696 0.06783625730994147 0.06023391812865497 0.06959064327485374
0.05438596491228071 0.05555555555555555 0.05672514619883037 0.05730994152046782 0.05614035087719298 0.20233918128654962 0.06257309941520463 0.05380116959064327 0.05497076023391812 0.05614035087719297 0.057309941520467825 0.055555555555555566 0.06432748538011694 0.056725146198830394 0.05614035087719295
0.0604938271604937 0.059876543209876426 0.06296296296296285 0.0679012345679011 0.05925925925925915 0.0753086419753085 0.06604938271604927 0.059876543209876426 0.06419753086419741 0.06234567901234558 0.10987654320987639 0.06419753086419742 0.061111111111111005 0.06666666666666655 0.05987654320987642
0.06388888888888888 0.06319444444444444 0.0625 0.06319444444444444 0.11388888888888889 0.06458333333333334 0.06319444444444444 0.06319444444444444 0.06319444444444444 0.06388888888888888 0.0625 0.0625 0.06319444444444444 0.06388888888888888 0.06319444444444444
0.05740740740740729 0.06234567901234556 0.059876543209876426 0.05679012345679001 0.09691358024691339 0.06296296296296285 0.06358024691358014 0.06358024691358014 0.12037037037037018 0.061111111111111005 0.05679012345679001 0.058024691358024585 0.059876543209876426 0.06049382716049371 0.059876543209876426
0.05444444444444436 0.05444444444444436 0.05444444444444438 0.11000000000000004 0.05777777777777769 0.05277777777777769 0.056666666666666574 0.05611111111111103 0.15333333333333332 0.07555555555555546 0.05611111111111103 0.052222222222222135 0.057222222222222126 0.05333333333333324 0.055555555555555455
0.06470588235294103 0.06862745098039201 0.06732026143790835 0.06470588235294106 0.06405228758169922 0.07058823529411751 0.06862745098039202 0.06535947712418287 0.072549019607843 0.06666666666666654 0.06209150326797373 0.06470588235294104 0.06928104575163385 0.06339869281045739 0.06732026143790835
0.05499999999999991 0.05611111111111103 0.05666666666666658 0.05555555555555547 0.05611111111111103 0.05444444444444435 0.09888888888888879 0.057222222222222126 0.16388888888888895 0.057222222222222126 0.062222222222222116 0.0549999999999999 0.05611111111111102 0.05944444444444436 0.05611111111111101
0.0625 0.06319444444444444 0.07777777777777778 0.0625 0.0625 0.0625 0.06458333333333334 0.06319444444444444 0.06388888888888888 0.06458333333333334 0.0625 0.06319444444444444 0.06319444444444444 0.0625 0.10138888888888889
0.0640522875816992 0.1111111111111109 0.0614379084967319 0.06405228758169922 0.06013071895424824 0.06405228758169922 0.06666666666666653 0.059477124183006415 0.0640522875816992 0.06274509803921555 0.07320261437908483 0.0614379084967319 0.0614379084967319 0.06470588235294106 0.061437908496731884
0.06458333333333334 0.06388888888888888 0.06666666666666667 0.06458333333333334 0.06597222222222222 0.06458333333333334 0.07152777777777777 0.06736111111111111 0.06388888888888888 0.07152777777777777 0.07083333333333333 0.06736111111111111 0.06736111111111111 0.06388888888888888 0.06597222222222222
0.05882352941176457 0.06013071895424824 0.0614379084967319 0.05882352941176457 0.06013071895424824 0.060784313725490056 0.10457516339869262 0.06078431372549007 0.06013071895424824 0.06274509803921557 0.0594771241830064 0.060784313725490056 0.05882352941176457 0.11241830065359455 0.06013071895424824
0.05679012345679001 0.11419753086419739 0.06296296296296285 0.0574074074074073 0.05864197530864187 0.05679012345679001 0.06049382716049372 0.05925925925925915 0.05864197530864187 0.06111111111111099 0.05555555555555545 0.09938271604938254 0.059876543209876426 0.06172839506172829 0.07716049382716038
0.06388888888888888 0.06597222222222222 0.07083333333333333 0.06597222222222222 0.06388888888888888 0.0625 0.06736111111111111 0.07222222222222222 0.06388888888888888 0.06666666666666667 0.06388888888888888 0.06597222222222222 0.06805555555555555 0.07152777777777777 0.06736111111111111
0.06257309941520466 0.05497076023391812 0.05847953216374272 0.06140350877192979 0.05438596491228069 0.05497076023391812 0.16432748538011682 0.05789473684210524 0.052631578947368425 0.06140350877192982 0.0590643274853801 0.0567251461988304 0.0584795321637427 0.0725146198830409 0.07017543859649122
0.0625 0.0625 0.06319444444444444 0.09652777777777778 0.0625 0.0625 0.0625 0.0625 0.0625 0.0625 0.08888888888888889 0.06319444444444444 0.0625 0.06319444444444444 0.0625
0.06319444444444444 0.0625 0.0625 0.10555555555555556 0.06319444444444444 0.0625 0.06388888888888888 0.0625 0.07777777777777778 0.06319444444444444 0.06319444444444444 0.0625 0.0625 0.0625 0.0625
0.059876543209876426 0.06543209876543199 0.06358024691358014 0.10432098765432085 0.058641975308641875 0.0604938271604937 0.06975308641975296 0.06543209876543199 0.059876543209876426 0.05802469135802457 0.06111111111111099 0.06481481481481469 0.06049382716049373 0.08950617283950607 0.05864197530864187
0.06388888888888888 0.06527777777777778 0.07013888888888889 0.07013888888888889 0.06527777777777778 0.06597222222222222 0.07708333333333334 0.06736111111111111 0.0625 0.06597222222222222 0.06388888888888888 0.06388888888888888 0.06527777777777778 0.06666666666666667 0.06666666666666667
0.05864197530864187 0.05925925925925915 0.0648148148148147 0.0648148148148147 0.06296296296296283 0.058024691358024585 0.0685185185185184 0.059876543209876426 0.06111111111111101 0.06049382716049371 0.058024691358024585 0.1376543209876541 0.06543209876543198 0.05864197530864187 0.06172839506172829
0.05882352941176457 0.0594771241830064 0.05882352941176457 0.09477124183006518 0.05882352941176457 0.0594771241830064 0.05882352941176457 0.05882352941176457 0.07908496732026128 0.05882352941176457 0.0594771241830064 0.11633986928104549 0.05882352941176457 0.0594771241830064 0.06013071895424824
0.06319444444444444 0.0625 0.1125 0.0625 0.06319444444444444 0.0625 0.06319444444444444 0.06527777777777778 0.06319444444444444 0.06388888888888888 0.0625 0.06319444444444444 0.06527777777777778 0.06458333333333334 0.0625
0.0625 0.06319444444444444 0.11666666666666667 0.0625 0.0625 0.0625 0.06319444444444444 0.06388888888888888 0.06388888888888888 0.06319444444444444 0.06319444444444444 0.06319444444444444 0.0625 0.0625 0.06458333333333334
0.0614379084967319 0.10653594771241807 0.07450980392156849 0.062091503267973726 0.060784313725490056 0.0614379084967319 0.06535947712418287 0.061437908496731905 0.06078431372549007 0.06339869281045737 0.06274509803921555 0.06078431372549007 0.06078431372549007 0.07581699346405214 0.062091503267973726
0.06013071895424824 0.06013071895424824 0.0594771241830064 0.05882352941176457 0.0594771241830064 0.05882352941176457 0.05882352941176457 0.17058823529411737 0.05882352941176457 0.05882352941176457 0.05882352941176457 0.06013071895424824 0.05882352941176457 0.059477124183006415 0.05882352941176457
0.05882352941176457 0.059477124183006415 0.05882352941176457 0.059477124183006415 0.05882352941176457 0.06013071895424824 0.09869281045751614 0.0614379084967319 0.05882352941176457 0.06797385620915017 0.059477124183006415 0.11764705882352917 0.06013071895424824 0.06013071895424823 0.06013071895424823
0.05166666666666657 0.05277777777777769 0.06111111111111103 0.05111111111111102 0.17666666666666667 0.05111111111111103 0.056666666666666574 0.05333333333333324 0.05111111111111103 0.06111111111111104 0.053333333333333253 0.10777777777777765 0.06333333333333324 0.053333333333333253 0.05555555555555547
0.05882352941176457 0.05882352941176457 0.05882352941176457 0.0594771241830064 0.06078431372549007 0.06013071895424823 0.05882352941176457 0.05882352941176457 0.0594771241830064 0.05882352941176457 0.16993464052287557 0.0594771241830064 0.059477124183006415 0.059477124183006415 0.05882352941176457
0.05617283950617273 0.05679012345679001 0.05617283950617273 0.05555555555555545 0.05555555555555545 0.05617283950617273 0.05555555555555545 0.05555555555555545 0.05679012345679001 0.09629629629629613 0.05555555555555545 0.05617283950617273 0.17530864197530843 0.05555555555555545 0.05679012345679001
0.05679012345679001 0.05740740740740729 0.0641975308641974 0.05740740740740729 0.05679012345679001 0.05555555555555545 0.05679012345679001 0.05679012345679001 0.05679012345679001 0.05617283950617273 0.05555555555555545 0.058024691358024585 0.15987654320987635 0.05555555555555545 0.09629629629629613
0.05802469135802457 0.05925925925925915 0.06111111111111099 0.05617283950617273 0.06419753086419741 0.10864197530864181 0.06358024691358014 0.0648148148148147 0.05925925925925914 0.061728395061728274 0.05987654320987642 0.05925925925925914 0.10370370370370353 0.06049382716049371 0.059876543209876426
0.0430555555555555 0.04583333333333328 0.04722222222222219 0.04629629629629627 0.0842592592592592 0.04444444444444439 0.04722222222222219 0.04629629629629627 0.04351851851851846 0.08749999999999991 0.04722222222222219 0.04629629629629625 0.27314814814814814 0.04768518518518515 0.04999999999999996
0.058024691358024585 0.058641975308641854 0.05987654320987644 0.09999999999999983 0.07098765432098753 0.05679012345679002 0.059876543209876426 0.058024691358024585 0.05987654320987644 0.05802469135802457 0.05679012345679001 0.12469135802469115 0.058024691358024585 0.05987654320987644 0.06049382716049371
0.0625 0.0625 0.06319444444444444 0.0625 0.0625 0.0625 0.0625 0.0625 0.0625 0.0625 0.0625 0.0625 0.12430555555555556 0.0625 0.0625
0.0614379084967319 0.0614379084967319 0.06535947712418287 0.0640522875816992 0.0614379084967319 0.06078431372549007 0.07124183006535934 0.11633986928104556 0.062091503267973726 0.06078431372549007 0.06013071895424824 0.06274509803921556 0.062091503267973726 0.06666666666666653 0.06339869281045739
0.0625 0.0625 0.0625 0.0625 0.0625 0.0625 0.0625 0.12430555555555556 0.0625 0.06319444444444444 0.0625 0.0625 0.0625 0.0625 0.0625
0.04541062801932375 0.05120772946859911 0.04830917874396143 0.04927536231884066 0.05458937198067641 0.047342995169082205 0.057004830917874484 0.11642512077294681 0.045893719806763364 0.13671497584541042 0.052173913043478355 0.047826086956521824 0.06231884057971025 0.08792270531400978 0.09758454106280197
0.05882352941176457 0.05882352941176457 0.05882352941176457 0.08039215686274494 0.05882352941176457 0.05882352941176457 0.05882352941176457 0.05882352941176457 0.05882352941176457 0.05882352941176457 0.15424836601307168 0.05882352941176457 0.05882352941176457 0.059477124183006415 0.05882352941176457
0.058024691358024585 0.05740740740740729 0.059876543209876426 0.10246913580246898 0.058024691358024585 0.059876543209876426 0.098148148148148 0.05864197530864187 0.05864197530864187 0.06851851851851838 0.07469135802469123 0.061111111111110984 0.06358024691358014 0.05740740740740729 0.06358024691358012
0.05555555555555545 0.05555555555555545 0.05555555555555545 0.05740740740740729 0.05555555555555545 0.11234567901234546 0.0574074074074073 0.05617283950617273 0.05679012345679001 0.05555555555555545 0.1574074074074072 0.05679012345679001 0.05617283950617273 0.05617283950617273 0.05555555555555545
0.05555555555555545 0.05555555555555545 0.05617283950617273 0.05617283950617273 0.05555555555555545 0.16728395061728374 0.05555555555555545 0.05555555555555545 0.05555555555555545 0.05617283950617273 0.1074074074074072 0.05617283950617273 0.05555555555555545 0.05555555555555545 0.05617283950617273
0.06013071895424824 0.05882352941176457 0.05882352941176457 0.12745098039215666 0.059477124183006415 0.0594771241830064 0.0614379084967319 0.05882352941176457 0.09477124183006524 0.06013071895424824 0.0594771241830064 0.06013071895424823 0.06209150326797373 0.06013071895424824 0.05882352941176457
0.05617283950617273 0.05740740740740729 0.05679012345679001 0.08271604938271594 0.05555555555555545 0.05679012345679001 0.05802469135802457 0.05617283950617273 0.05679012345679001 0.05555555555555545 0.12407407407407393 0.1043209876543208 0.05740740740740729 0.05555555555555545 0.06666666666666657
0.08888888888888878 0.04814814814814808 0.050264550264550185 0.16084656084656065 0.048677248677248604 0.04920634920634913 0.051322751322751256 0.04920634920634913 0.04920634920634914 0.04920634920634913 0.06613756613756605 0.13756613756613742 0.04920634920634914 0.049735449735449674 0.05238095238095231
0.06049382716049371 0.058024691358024585 0.05679012345679002 0.10246913580246897 0.05987654320987642 0.05925925925925915 0.05617283950617273 0.058641975308641854 0.05802469135802457 0.05802469135802457 0.08086419753086406 0.05802469135802457 0.061111111111111005 0.11481481481481466 0.0574074074074073
0.05882352941176457 0.059477124183006415 0.07450980392156846 0.09346405228758152 0.05882352941176457 0.0594771241830064 0.059477124183006415 0.0614379084967319 0.05882352941176457 0.05882352941176457 0.08562091503267956 0.059477124183006415 0.05882352941176457 0.06078431372549007 0.09215686274509786
0.05679012345679001 0.05617283950617273 0.05617283950617273 0.058641975308641875 0.05617283950617273 0.05740740740740729 0.05740740740740729 0.05925925925925915 0.05679012345679001 0.058024691358024585 0.14814814814814797 0.1012345679012344 0.05864197530864187 0.05679012345679002 0.06234567901234558
0.08636363636363636 0.048484848484848464 0.05303030303030308 0.05808080808080814 0.0494949494949495 0.04848484848484849 0.05151515151515153 0.04696969696969696 0.04797979797979798 0.05000000000000001 0.22121212121212114 0.0823232323232323 0.04848484848484849 0.04898989898989899 0.05858585858585865
0.062345679012345556 0.06358024691358014 0.05802469135802457 0.09259259259259246 0.05864197530864187 0.06296296296296285 0.059876543209876426 0.061111111111110984 0.06111111111111099 0.05925925925925915 0.08518518518518504 0.05925925925925915 0.05802469135802459 0.09876543209876527 0.05925925925925915
0.05617283950617273 0.058024691358024585 0.05802469135802457 0.07777777777777764 0.05555555555555545 0.05617283950617273 0.05679012345679001 0.05617283950617273 0.05679012345679001 0.05555555555555545 0.14320987654320966 0.08888888888888871 0.0574074074074073 0.05555555555555545 0.06790123456790115
0.052222222222222135 0.05388888888888881 0.05277777777777768 0.05666666666666658 0.04999999999999991 0.09833333333333318 0.09499999999999989 0.05333333333333324 0.05833333333333325 0.04999999999999991 0.05166666666666657 0.05166666666666658 0.05111111111111103 0.17388888888888893 0.05111111111111102
0.04311111111111114 0.07555555555555561 0.0466666666666667 0.05022222222222226 0.09511111111111116 0.06666666666666672 0.045777777777777806 0.044444444444444474 0.07333333333333338 0.04844444444444448 0.05511111111111115 0.04266666666666669 0.045333333333333364 0.2239999999999997 0.04355555555555558
0.0576719576719576 0.05661375661375653 0.057142857142857065 0.07460317460317453 0.05661375661375656 0.06243386243386234 0.05925925925925918 0.057671957671957604 0.11640211640211634 0.05714285714285705 0.055555555555555476 0.05714285714285708 0.053968253968253894 0.11322751322751311 0.06455026455026447
0.059477124183006415 0.061437908496731884 0.060784313725490056 0.0640522875816992 0.06013071895424824 0.0614379084967319 0.059477124183006415 0.05882352941176457 0.10261437908496711 0.06013071895424824 0.0594771241830064 0.059477124183006415 0.05882352941176457 0.11503267973856186 0.05882352941176457
0.05882352941176457 0.06339869281045739 0.06078431372549007 0.060784313725490056 0.06078431372549007 0.059477124183006415 0.1111111111111109 0.061437908496731905 0.06013071895424823 0.08888888888888871 0.06013071895424824 0.05882352941176457 0.0614379084967319 0.07189542483660116 0.062091503267973726
0.06111111111111101 0.062345679012345556 0.061728395061728294 0.07716049382716038 0.0648148148148147 0.06543209876543199 0.06481481481481469 0.06111111111111099 0.062345679012345556 0.06358024691358015 0.06049382716049371 0.06111111111111099 0.06543209876543198 0.06358024691358015 0.1049382716049381
0.0625 0.0625 0.06319444444444444 0.0625 0.0625 0.06319444444444444 0.0625 0.0625 0.0625 0.06319444444444444 0.0625 0.06319444444444444 0.12152777777777778 0.06319444444444444 0.0625
0.058024691358024585 0.16358024691358003 0.0574074074074073 0.05740740740740729 0.05864197530864187 0.05925925925925915 0.061728395061728274 0.05864197530864187 0.05987654320987642 0.05925925925925915 0.062345679012345556 0.06358024691358015 0.05987654320987642 0.05925925925925916 0.06111111111111099
0.06388888888888888 0.06388888888888888 0.06875 0.06527777777777778 0.06458333333333334 0.06319444444444444 0.06388888888888888 0.06458333333333334 0.0625 0.06319444444444444 0.06319444444444444 0.06388888888888888 0.1 0.06319444444444444 0.06597222222222222
0.06805555555555555 0.06666666666666667 0.06944444444444445 0.06666666666666667 0.06388888888888888 0.06458333333333334 0.06875 0.06875 0.06388888888888888 0.06388888888888888 0.06805555555555555 0.06875 0.06666666666666667 0.06458333333333334 0.06736111111111111
0.0625 0.0625 0.0625 0.0625 0.0625 0.0625 0.06319444444444444 0.0625 0.0625 0.06319444444444444 0.0625 0.0625 0.12361111111111112 0.0625 0.0625
0.11049382716049361 0.05617283950617273 0.05555555555555545 0.058641975308641854 0.05555555555555545 0.05555555555555545 0.05617283950617273 0.05617283950617273 0.09938271604938254 0.05679012345679001 0.05617283950617273 0.05555555555555545 0.11481481481481465 0.05679012345679001 0.05617283950617273
0.039743589743589706 0.08376068376068364 0.056837606837606774 0.05128205128205122 0.07051282051282044 0.040170940170940125 0.04145299145299141 0.04145299145299141 0.04017094017094013 0.041880341880341856 0.04145299145299142 0.04358974358974355 0.30683760683760686 0.06068376068376065 0.04017094017094014
0.047474747474747475 0.051010101010101026 0.053535353535353554 0.057575757575757606 0.1823232323232323 0.051010101010101026 0.05353535353535357 0.05505050505050509 0.07272727272727288 0.06818181818181818 0.051010101010101026 0.05000000000000001 0.10101010101010109 0.05303030303030306 0.052525252525252544
0.06388888888888888 0.06319444444444444 0.06875 0.06319444444444444 0.06319444444444444 0.06666666666666667 0.09305555555555556 0.06597222222222222 0.0625 0.06805555555555555 0.06388888888888888 0.0625 0.06319444444444444 0.0625 0.06944444444444445
0.06013071895424824 0.060784313725490056 0.0640522875816992 0.06666666666666653 0.06078431372549007 0.07516339869281032 0.06535947712418289 0.06013071895424823 0.0614379084967319 0.060784313725490056 0.0594771241830064 0.0614379084967319 0.12222222222222198 0.062091503267973726 0.059477124183006415
0.05925925925925915 0.05864197530864187 0.06111111111111099 0.05740740740740729 0.059876543209876426 0.05987654320987642 0.06049382716049371 0.06049382716049371 0.059876543209876426 0.08024691358024676 0.05864197530864187 0.058024691358024585 0.06111111111111101 0.061111111111111005 0.14382716049382702
0.05882352941176457 0.05882352941176457 0.06078431372549007 0.14967320261437886 0.06470588235294106 0.0640522875816992 0.06078431372549007 0.06013071895424824 0.06013071895424824 0.05882352941176457 0.0594771241830064 0.06013071895424824 0.062091503267973726 0.0614379084967319 0.06013071895424823
0.04973544973544966 0.08624338624338622 0.05185185185185177 0.06825396825396819 0.09841269841269831 0.10052910052910041 0.053439153439153356 0.053968253968253894 0.06243386243386237 0.05925925925925918 0.05661375661375654 0.05132275132275124 0.04973544973544966 0.10158730158730156 0.05661375661375654
0.12152777777777778 0.0625 0.0625 0.06319444444444444 0.06319444444444444 0.0625 0.06319444444444444 0.0625 0.0625 0.06319444444444444 0.0625 0.0625 0.0625 0.0625 0.06319444444444444
