盘点,停车,需,掌握,窍门,避免,爱车,刮伤
车辆,导致,交通,规则,停,乱放,交通,爱车,收到,损伤
小编,提供,停车,时,掌握,保护,爱车
停,保安,视线,范围,小,停车,陌生,小区,停,保安,视线,范围,降低,恶意,划伤,风险,物业管理,小区
露天,停车,远离,阳台,个别,住户,高空,抛物,吐痰,烟蒂,硬物,车顶,砸,坑
风雨,建筑,墙皮,阳台,铁栏杆,悬挂,花盆,掉下来,停车,时,远离,阳台,位置
停车,占用,车位,停车,占,车位,堵住,通道,带来,引起,对方,愤怒,恶意,破坏,车辆
停放,车辆,贴,罚单,拖车,车辆,造成
车门,靠近,立柱,车位,立柱,停车,位置,选择,情况,位置,居中,车,开门,小心,碰坏,车门,概率,空间,车位,停在,空间,车,面对,副驾驶,车门,驾驶员,开门,小心,乘客,意识,欠缺
横向,间隔,停,时,远离,间隔,车门,开,接触,不到
办法,远离,索性,保持
停车,车,停
滴下,黏液,留下,鸟粪,东西,具有,腐蚀性,车漆,留下,印子
停,空调,室外机,出水口,空调,水,弄,车漆,留下,印子,洗,抛光,砂,蜡,擦
停,放鞭炮,展现,喜庆,气,烟花爆竹,碎片,有着,影响力
条件,停,车库,找,位置
鞭炮,炸坏,油漆,玻璃,硫磺,留下,黄,印子,清洗
盲目,相信,防撞,车主,看有,倒车,防撞,阻拦,放心,倒车,入位,轮胎,接触,防撞,保险杠,撞墙
依赖,倒车,雷达,失灵,盲区
处停,下雨天,将车,停,地方,立交桥
路段,水,积,车主,将车,停,小区,路面,暴雨,发现,水,没过,车顶
停车,找,查找,物品,核对,地图,停,停,开阔,打开,闪光,警告,灯,小灯,防止,后车,视线,时,发生,追尾,事故
停车,汽车,停放,路灯,避免,撞车,事故,防止,汽车,被盗
