新股,申购
继,新股,集体,申购,方盛,制药,海南,矿业,三环,集团,新股,申购,顶格,申购,需,资金
公告,方盛,制药,发行价,确定,对应,市盈率,申购,代码,顶格,申购,需
三环,集团,发行价,确定,对应,市盈率,申购,代码,顶格,申购,需
海南,矿业,发行价,确定,对应,市盈率,申购,代码,顶格,申购,需
记者,郝少颖
