2.3379781165248346E-5 1.1430115236343586E-4 2.3379781165248346E-5 3.6368548479275176E-5 0.6721661107474257 0.3264440911499735 4.9357315793302E-5 4.9357315793302E-5 4.9357315793302046E-5 3.6368548479275176E-5 2.3379781165248346E-5 2.3379781165248346E-5 7.533485042135567E-5 1.0131238504940926E-4 1.7924498893357024E-4 8.832361773538247E-5 8.832361773538247E-5 1.0131238504940922E-4 1.5326745430551593E-4 3.6368548479275176E-5 3.6368548479275176E-5 1.01312385049409E-4
6.50533437418682E-5 6.50533437418682E-5 0.8594197241738224 2.0961632983490912E-4 1.0119409026512841E-4 0.13823112730216558 6.50533437418682E-5 1.0119409026512851E-4 6.50533437418682E-5 6.50533437418682E-5 6.50533437418682E-5 6.50533437418682E-5 1.0119409026512845E-4 3.180385694046891E-4 1.0119409026512848E-4 1.0119409026512856E-4 1.0119409026512851E-4 1.0119409026512848E-4 6.50533437418682E-5 6.50533437418682E-5 1.0119409026512856E-4 4.264608089744714E-4
1.836113734130728E-4 1.8361137341307295E-4 2.4918686391774223E-4 1.8361137341307265E-4 1.8361137341307268E-4 3.147623544224112E-4 3.147623544224117E-4 1.1803588290840398E-4 1.1803588290840398E-4 1.1803588290840398E-4 3.1476235442241156E-4 1.1803588290840398E-4 1.1803588290840398E-4 4.4591333543174904E-4 0.32556919525758043 0.5611819326408561 1.8361137341307276E-4 0.1092356520826776 1.8361137341307265E-4 3.147623544224109E-4 2.4918686391774196E-4 1.1803588290840398E-4
1.1803588290840398E-4 1.1803588290840398E-4 3.1476235442241184E-4 1.8361137341307311E-4 1.1803588290840398E-4 1.1803588290840398E-4 4.459133354317486E-4 3.147623544224112E-4 1.1803588290840398E-4 1.1803588290840398E-4 5.114888259364169E-4 1.1803588290840398E-4 2.491868639177425E-4 2.4918686391774234E-4 0.32937257370685147 0.5569195257580528 1.1803588290840398E-4 0.10943237855419158 1.1803588290840398E-4 2.49186863917742E-4 3.147623544224115E-4 3.803378449270796E-4
1.8789928598271342E-4 2.922877781953328E-4 1.8789928598271342E-4 1.8789928598271342E-4 1.8789928598271342E-4 0.008121424694141717 1.8789928598271342E-4 1.8789928598271342E-4 2.9228777819533187E-4 5.010647626205697E-4 2.922877781953328E-4 2.9228777819533214E-4 9.186187314710442E-4 3.9667627040795123E-4 2.922877781953328E-4 0.985510877280889 1.8789928598271342E-4 1.8789928598271342E-4 6.05453254833188E-4 1.8789928598271342E-4 5.010647626205697E-4 2.922877781953328E-4
3.203074951953872E-4 3.203074951953872E-4 4.982561036372708E-4 0.08075307851092596 3.203074951953872E-4 8.541533205210348E-4 6.762047120791527E-4 6.762047120791528E-4 3.203074951953872E-4 3.203074951953872E-4 4.982561036372693E-4 3.203074951953872E-4 3.203074951953872E-4 0.0012100505374047982 3.203074951953872E-4 0.8866823261442103 0.002455690796497964 0.021674140508221234 3.203074951953872E-4 4.982561036372707E-4 3.203074951953872E-4 3.203074951953872E-4
3.9105271390583406E-5 3.9105271390583406E-5 1.6945617602586138E-4 1.2600587448076864E-4 3.9105271390583406E-5 0.21435771764256042 3.9105271390583406E-5 6.083042216312986E-5 1.0428072370822259E-4 6.08304221631299E-5 3.9105271390583406E-5 3.9105271390583406E-5 3.9105271390583406E-5 3.9105271390583406E-5 2.998070806611401E-4 8.255557293567644E-5 1.0428072370822247E-4 0.7840997966525887 3.9105271390583406E-5 6.0830422163129967E-5 3.9105271390583406E-5 8.255557293567632E-5
3.852451122026387E-4 0.001749654884586983 3.0498571382709034E-4 0.6684644771902789 5.457639089537378E-4 0.31805194388262864 2.2472631545153974E-4 3.852451122026388E-4 4.655045105781886E-4 0.001027320299207041 1.4446691707598955E-4 8.66801502455939E-4 2.2472631545153988E-4 2.247263154515396E-4 5.457639089537373E-4 0.003675880445600179 7.865421040803901E-4 1.4446691707598955E-4 5.457639089537376E-4 2.2472631545153963E-4 6.260233073292881E-4 3.8524511220263855E-4
3.1880264438403954E-4 1.510117789187555E-4 1.510117789187555E-4 2.3490721165139752E-4 2.3490721165139752E-4 0.40184234370280897 2.3490721165139752E-4 1.510117789187555E-4 1.510117789187555E-4 1.510117789187555E-4 4.865935098493235E-4 1.510117789187555E-4 2.3490721165139752E-4 0.0021645021645021675 2.3490721165139755E-4 1.510117789187555E-4 3.1880264438403954E-4 0.5917816034095106 2.3490721165139755E-4 1.510117789187555E-4 2.3490721165139755E-4 2.3490721165139752E-4
1.847014433098498E-4 2.506662444919399E-4 3.8259584685611795E-4 3.825958468561185E-4 4.4856064803820754E-4 0.9934826776432106 1.847014433098499E-4 2.506662444919394E-4 1.8470144330985004E-4 3.8259584685611833E-4 1.1873664212776067E-4 4.4856064803820705E-4 3.166310456740289E-4 1.1873664212776067E-4 2.5066624449193974E-4 1.1873664212776067E-4 5.804902504023857E-4 9.762790574949214E-4 3.1663104567402863E-4 1.1873664212776067E-4 3.825958468561181E-4 1.1873664212776067E-4
0.0013272658323852855 0.0013272658323852855 0.8005309063329542 0.0046454304133485115 0.013177853621539634 0.11177474402730368 8.532423208191118E-4 0.003697383390216165 0.008437618505877894 8.532423208191118E-4 0.00417140690178234 0.0013272658323852855 8.532423208191118E-4 0.015073947667804332 0.00417140690178234 0.0013272658323852855 0.0027493363670838163 0.010333712552142564 0.008911642017444044 0.001327265832385285 0.0013272658323852855 0.0018012893439514652
4.5123958167436545E-4 1.1944577161968459E-4 1.858045336306205E-4 0.9022668153102932 1.1944577161968459E-4 0.0892392631523066 1.1944577161968459E-4 0.003835536444232102 1.1944577161968459E-4 1.1944577161968459E-4 1.1944577161968459E-4 1.1944577161968459E-4 1.8580453363062016E-4 1.858045336306201E-4 0.0016456972978712093 1.8580453363062024E-4 1.8580453363062054E-4 1.1944577161968459E-4 1.8580453363062016E-4 1.8580453363062054E-4 1.1944577161968459E-4 1.8580453363062024E-4
3.475842891901285E-4 2.751708956088517E-4 4.924110763526821E-4 2.751708956088517E-4 2.751708956088517E-4 0.9919765959911934 1.303441084462981E-4 4.1999768277140525E-4 8.54478044259066E-4 1.303441084462981E-4 7.096512570965124E-4 2.751708956088517E-4 2.751708956088517E-4 2.751708956088517E-4 2.0275750202757492E-4 3.475842891901285E-4 9.993048314216196E-4 7.820646506777892E-4 1.303441084462981E-4 2.751708956088517E-4 2.751708956088517E-4 2.751708956088517E-4
7.314218841427729E-5 3.575840322475789E-4 1.1377673753332024E-4 0.0010077368181522694 7.314218841427729E-5 0.4080440153436056 7.314218841427729E-5 1.544112866523632E-4 1.1377673753332021E-4 1.1377673753332025E-4 1.544112866523632E-4 7.314218841427729E-5 1.9504583577140637E-4 1.1377673753332021E-4 1.5441128665236325E-4 0.5877299915480142 4.3885313048566417E-4 1.950458357714067E-4 1.1377673753332025E-4 1.5441128665236325E-4 1.5441128665236322E-4 3.9821858136662106E-4
1.685921666755399E-4 1.6859216667554025E-4 4.7915668423574516E-4 0.0750590072583364 0.0015883156755221938 0.3555874993345048 7.985944737262408E-5 2.573248859784554E-4 2.573248859784554E-4 1.6859216667554033E-4 1.2422580702408232E-4 1.685921666755404E-4 7.985944737262408E-5 4.347903245842868E-4 2.1295852632699738E-4 0.5639319242577508 2.573248859784552E-4 7.985944737262408E-5 2.1295852632699738E-4 1.2422580702408238E-4 2.573248859784556E-4 3.016912456299134E-4
1.4446691707598955E-4 2.2472631545153953E-4 1.4446691707598955E-4 2.247263154515398E-4 0.8641368904298699 0.13096728626922216 3.049857138270894E-4 1.4446691707598955E-4 1.4446691707598955E-4 1.4446691707598955E-4 1.4446691707598955E-4 1.4446691707598955E-4 1.4446691707598955E-4 3.8524511220263866E-4 3.0498571382708937E-4 1.4446691707598955E-4 1.4446691707598955E-4 7.062827057048386E-4 3.852451122026398E-4 1.4446691707598955E-4 1.4446691707598955E-4 6.260233073292883E-4
9.879470460383307E-5 1.5368065160596266E-4 0.5009879470460382 1.5368065160596266E-4 9.879470460383307E-5 0.17282486992030538 9.879470460383307E-5 9.879470460383307E-5 9.879470460383307E-5 9.879470460383307E-5 2.6345254561022173E-4 2.0856659860809214E-4 9.879470460383307E-5 9.879470460383307E-5 7.025401216272584E-4 3.1833849261235123E-4 3.7322443961448096E-4 0.3216755581900815 8.671979626336472E-4 2.634525456102218E-4 9.879470460383307E-5 3.183384926123513E-4
7.288629737609315E-4 7.288629737609315E-4 7.288629737609315E-4 7.288629737609315E-4 0.0015387107223841898 0.3789277615808229 0.03393262066731456 0.0011337868480725609 0.005587949465500496 7.288629737609315E-4 0.0019436345966958196 0.0011337868480725594 0.0015387107223841893 0.005992873339812133 7.288629737609315E-4 0.002753482345319077 0.4380466472303206 0.11248785228377031 0.0019436345966958183 0.0011337868480725604 7.288629737609315E-4 0.006802721088435394
6.699205665613929E-4 4.3066322136089545E-4 4.3066322136089545E-4 0.0028232366733658746 4.3066322136089545E-4 0.05139247774906697 4.3066322136089545E-4 0.0011484352569623912 6.699205665613929E-4 4.3066322136089545E-4 4.3066322136089545E-4 4.3066322136089545E-4 4.3066322136089545E-4 6.699205665613931E-4 0.9347305962293048 4.3066322136089545E-4 0.001387692602162888 4.3066322136089545E-4 9.091779117618929E-4 4.3066322136089545E-4 4.3066322136089545E-4 4.3066322136089545E-4
6.88610384244595E-5 0.2962860946609742 6.88610384244595E-5 9.487520849592204E-4 6.88610384244595E-5 0.37773340066412636 6.88610384244595E-5 6.88610384244595E-5 2.2188556825659053E-4 1.0711717088249255E-4 1.8362943579855836E-4 1.0711717088249252E-4 6.88610384244595E-5 6.88610384244595E-5 1.0711717088249259E-4 2.218855682565915E-4 1.0711717088249252E-4 2.983978331726573E-4 0.32222375246752055 1.4537330334052554E-4 6.88610384244595E-5 7.574714226690545E-4
2.922877781953328E-4 2.922877781953327E-4 5.0106476262057E-4 2.922877781953328E-4 1.8789928598271342E-4 0.009269698108480526 1.8789928598271342E-4 1.8789928598271342E-4 2.922877781953327E-4 3.9667627040795123E-4 2.9228777819533187E-4 1.8789928598271342E-4 2.922877781953325E-4 1.8789928598271342E-4 2.9228777819533235E-4 0.9854064887886768 1.8789928598271342E-4 1.8789928598271342E-4 2.9228777819533187E-4 2.9228777819533273E-4 1.8789928598271342E-4 2.922877781953319E-4
1.536806516059625E-4 1.5368065160596266E-4 0.4948956069288017 3.183384926123513E-4 9.879470460383307E-5 0.17694131594546514 3.7322443961448096E-4 3.183384926123513E-4 2.0856659860809222E-4 9.879470460383307E-5 3.732244396144808E-4 9.879470460383307E-5 2.0856659860809206E-4 2.634525456102217E-4 6.476541746251287E-4 3.7322443961448096E-4 8.123120156315176E-4 0.3228830490241284 2.6345254561022173E-4 9.879470460383307E-5 9.879470460383307E-5 3.1833849261235134E-4
7.288629737609315E-4 7.288629737609315E-4 7.288629737609315E-4 0.0015387107223841904 0.0011337868480725609 0.3501781665046972 0.024619371558147085 0.00113378684807256 0.0023485584710074493 0.00113378684807256 0.0011337868480725607 0.0011337868480725609 7.288629737609315E-4 7.288629737609315E-4 0.0011337868480725609 0.002348558471007449 0.4538386783284741 0.1444768383543891 0.0015387107223841891 0.0011337868480725594 7.288629737609315E-4 0.0068027210884353895
2.0961632983490866E-4 1.0119409026512856E-4 0.8565284644519615 2.0961632983490866E-4 6.50533437418682E-5 0.14083326105184027 6.50533437418682E-5 6.50533437418682E-5 6.50533437418682E-5 6.50533437418682E-5 6.50533437418682E-5 6.50533437418682E-5 6.50533437418682E-5 2.0961632983490912E-4 2.4575707635816847E-4 1.0119409026512848E-4 2.0961632983490882E-4 6.50533437418682E-5 1.0119409026512856E-4 2.8189782288142893E-4 1.3733483678838877E-4 2.457570763581687E-4
2.1177467174925856E-4 3.2942726716551343E-4 3.2942726716551343E-4 2.1177467174925856E-4 2.1177467174925856E-4 0.7935432255635558 3.2942726716551343E-4 2.1177467174925856E-4 3.2942726716551343E-4 2.1177467174925856E-4 2.1177467174925856E-4 4.4707986258176835E-4 2.1177467174925856E-4 3.2942726716551343E-4 3.2942726716551343E-4 3.2942726716551343E-4 3.2942726716551343E-4 3.2942726716551343E-4 3.2942726716551343E-4 0.2005741446656313 3.2942726716551343E-4 3.2942726716551343E-4
6.762047120791528E-4 3.203074951953872E-4 4.982561036372708E-4 0.09000640614990384 3.203074951953872E-4 0.0012100505374047987 3.203074951953872E-4 8.541533205210348E-4 0.001032101928962918 4.982561036372708E-4 3.203074951953872E-4 3.203074951953872E-4 3.203074951953872E-4 0.0015659477542885594 3.203074951953872E-4 0.8806320734571859 0.004413125489358679 0.014912093387429725 3.203074951953872E-4 4.982561036372707E-4 3.203074951953872E-4 3.203074951953872E-4
2.160367489880382E-4 2.1603674898803822E-4 1.0233319688907066E-4 9.551098376313274E-4 9.551098376313272E-4 0.2026083594851503 4.4344385318597344E-4 1.591849729385544E-4 3.297403010870058E-4 1.0233319688907066E-4 3.865920771364896E-4 3.297403010870058E-4 0.0013530722699777139 2.1603674898803822E-4 2.1603674898803822E-4 0.09447628143903217 6.139991813344246E-4 0.01175694728703327 0.6839723472961295 2.72888525037522E-4 1.5918497293855444E-4 1.5918497293855444E-4
4.8909920154555424E-5 0.04333418925693604 3.872035345568964E-5 1.8341220057958248E-5 1.8341220057958248E-5 0.70652213785261 3.872035345568964E-5 4.890992015455547E-5 1.8341220057958248E-5 2.8530786756823945E-5 1.8341220057958248E-5 5.909948685342119E-5 1.8137428723980937E-4 2.8530786756823945E-5 1.8341220057958248E-5 6.928905355228687E-5 3.872035345568964E-5 3.872035345568964E-5 0.24933665920790382 2.8530786756823945E-5 3.872035345568964E-5 2.8530786756823945E-5
1.5292524140341672E-4 3.167737143356496E-4 9.83090837593393E-5 0.7493773758028575 1.5292524140341672E-4 0.1604513479267707 9.83090837593393E-5 9.83090837593393E-5 2.0754139904749475E-4 9.83090837593393E-5 9.83090837593393E-5 9.83090837593393E-5 3.167737143356495E-4 2.0754139904749475E-4 0.08611875737318096 5.352383449119585E-4 9.83090837593393E-5 4.806221872678812E-4 5.352383449119583E-4 2.075413990474944E-4 9.83090837593393E-5 1.5292524140341672E-4
0.0018704469383736982 2.2970400997571717E-4 0.007531010041346729 0.6627616984970794 5.578525956553122E-4 0.0944903852464396 0.14363063595195916 0.0025267441097328903 2.2970400997571717E-4 3.93778302815514E-4 3.117411563956161E-4 0.003347115573931882 1.4766686355581826E-4 2.2970400997571717E-4 0.017949727636673893 3.93778302815514E-4 2.2970400997571717E-4 0.001624335499113998 0.013191573144319757 0.004085449891710973 3.93778302815514E-4 0.04387346590536183
7.91655024681012E-4 6.752351681102729E-4 0.0025379528732420585 0.24329421626152556 0.0017230138772469017 0.17134674490081025 0.0012573344509639545 7.91655024681009E-4 7.916550246810085E-4 2.0955574182732577E-4 6.752351681102744E-4 3.2597559839806243E-4 0.5002328397131416 0.02873242060165781 0.02209648877712585 0.014762037813169432 0.0013737543075346898 2.0955574182732577E-4 0.0019558535903883775 3.259755983980623E-4 0.004633510291515341 0.0012573344509639547
1.0670081092616307E-4 1.0670081092616307E-4 1.659790392184756E-4 2.2525726751078918E-4 1.6597903921847584E-4 0.2908664105847204 1.6597903921847552E-4 1.0670081092616307E-4 2.2525726751078861E-4 1.0670081092616307E-4 1.0670081092616307E-4 1.0670081092616307E-4 0.580321999336084 1.659790392184756E-4 1.0670081092616307E-4 1.0670081092616307E-4 1.6597903921847552E-4 1.0670081092616307E-4 0.12619149238867558 1.659790392184758E-4 1.0670081092616307E-4 1.0670081092616307E-4
1.0670081092616307E-4 1.0670081092616307E-4 1.0670081092616307E-4 4.0309195238772636E-4 1.0670081092616307E-4 0.2942452695973825 1.0670081092616307E-4 1.6597903921847552E-4 1.0670081092616307E-4 1.0670081092616307E-4 1.0670081092616307E-4 1.6597903921847565E-4 0.5780694266609762 1.659790392184758E-4 2.2525726751078908E-4 1.659790392184755E-4 3.438137240954147E-4 1.0670081092616307E-4 0.12476881490966005 1.0670081092616307E-4 1.0670081092616307E-4 1.0670081092616307E-4
7.335548968532003E-4 1.3473457289140376E-4 4.341447348723022E-4 0.6226084613311779 0.0014072277613102167 0.11712925536692713 2.8443965388185295E-4 0.003053983652205155 0.1349441600047906 0.0015569328423006657 0.0022306057067576846 2.8443965388185295E-4 2.8443965388185306E-4 0.0010329650588340941 0.1065750471571005 2.0958711338662863E-4 0.0026797209497290294 0.002904278571214707 3.5929219437707736E-4 2.0958711338662858E-4 2.844396538818531E-4 6.587023563579756E-4
1.0785159620362376E-4 1.6776914965008143E-4 2.2768670309653913E-4 1.0785159620362376E-4 1.0785159620362376E-4 0.2937038634838463 1.0785159620362376E-4 1.6776914965008143E-4 4.673569168823716E-4 1.0785159620362376E-4 1.0785159620362376E-4 1.0785159620362376E-4 0.5908949285782764 1.0785159620362376E-4 2.276867030965391E-4 1.6776914965008146E-4 1.0785159620362376E-4 1.6776914965008146E-4 0.11227351164797242 2.276867030965391E-4 1.6776914965008143E-4 1.6776914965008143E-4
4.2554440335739894E-4 2.054352292070203E-4 3.5217467864060597E-4 0.023977226037447796 1.3206550449022746E-4 0.16271937547690313 2.0543522920702067E-4 1.3206550449022746E-4 0.002039678347126838 1.3206550449022746E-4 1.3206550449022746E-4 1.3206550449022746E-4 1.3206550449022746E-4 1.3206550449022746E-4 3.5217467864060613E-4 1.3206550449022746E-4 2.0543522920702075E-4 1.3206550449022746E-4 6.456535775077779E-4 1.3206550449022746E-4 2.0543522920702073E-4 0.8073457768386454
3.42046518326493E-4 1.6202203499675978E-4 0.05506948945056523 0.018254482609634876 3.4204651832649304E-4 0.08171311298336573 4.320587599913593E-4 1.6202203499675978E-4 3.420465183264929E-4 3.4204651832649277E-4 2.520342766616266E-4 1.6202203499675978E-4 3.420465183264927E-4 3.42046518326493E-4 0.8122524663354216 1.6202203499675978E-4 3.420465183264927E-4 4.3205875999135905E-4 7.921077266508219E-4 3.4204651832649277E-4 0.024645351767840402 0.0027723770432778903
4.017447199265376E-4 2.582644628099168E-4 2.582644628099168E-4 0.0016930670339761246 4.0174471992653754E-4 0.006427915518824624 5.452249770431582E-4 5.452249770431585E-4 2.582644628099168E-4 2.582644628099168E-4 2.582644628099168E-4 2.582644628099168E-4 4.017447199265375E-4 4.017447199265376E-4 0.9846763085399449 2.582644628099168E-4 5.452249770431582E-4 2.582644628099168E-4 8.321854912764035E-4 2.582644628099168E-4 4.017447199265375E-4 4.017447199265376E-4
4.017447199265374E-4 4.017447199265375E-4 5.452249770431583E-4 0.0018365472910927424 5.452249770431582E-4 0.008293158861340697 4.0174471992653754E-4 2.582644628099168E-4 4.017447199265376E-4 4.017447199265376E-4 4.017447199265374E-4 2.582644628099168E-4 2.582644628099168E-4 2.582644628099168E-4 0.9808023415977962 2.582644628099168E-4 2.582644628099168E-4 8.321854912764032E-4 0.0022669880624426072 2.582644628099168E-4 4.017447199265373E-4 2.582644628099168E-4
3.6844044423390686E-4 6.316121901152675E-4 2.3685457129322612E-4 0.0032633296489288995 7.631980630559512E-4 0.0019474709195220785 2.3685457129322612E-4 2.3685457129322612E-4 2.3685457129322612E-4 2.3685457129322612E-4 3.6844044423390686E-4 3.6844044423390686E-4 2.3685457129322612E-4 7.6319806305595E-4 0.9806831938523071 6.316121901152687E-4 5.000263171745876E-4 7.63198063055951E-4 0.006552976472445918 2.3685457129322612E-4 3.6844044423390686E-4 3.6844044423390686E-4
2.582644628099168E-4 2.582644628099168E-4 5.452249770431582E-4 5.452249770431583E-4 4.0174471992653754E-4 0.0034148301193755726 5.452249770431582E-4 2.582644628099168E-4 5.452249770431582E-4 2.582644628099168E-4 2.582644628099168E-4 2.582644628099168E-4 2.582644628099168E-4 4.017447199265376E-4 0.9865415518824608 5.452249770431583E-4 4.0174471992653754E-4 2.582644628099168E-4 0.0032713498622589507 2.582644628099168E-4 2.582644628099168E-4 2.582644628099168E-4
5.564210994880936E-5 5.564210994880936E-5 8.655439325370346E-5 8.65543932537034E-5 0.5405260034127163 0.45780473328881977 5.564210994880936E-5 8.655439325370339E-5 5.564210994880936E-5 5.564210994880936E-5 8.65543932537034E-5 5.564210994880936E-5 1.1746667655859725E-4 1.4837895986349108E-4 8.655439325370346E-5 1.1746667655859703E-4 5.564210994880936E-5 5.564210994880936E-5 1.483789598634909E-4 1.1746667655859736E-4 5.564210994880936E-5 8.655439325370346E-5
1.0785159620362376E-4 1.0785159620362376E-4 1.6776914965008143E-4 0.0031636468219729728 1.0785159620362376E-4 0.27129469849487103 2.8760425654299676E-4 2.8760425654299676E-4 0.07404611254913238 2.276867030965391E-4 2.276867030965391E-4 2.8760425654299676E-4 2.8760425654299676E-4 1.0785159620362376E-4 4.0743936343591255E-4 2.8760425654299676E-4 1.6776914965008143E-4 2.876042565429968E-4 1.0785159620362376E-4 1.0785159620362376E-4 1.0785159620362376E-4 0.6478166043524111
7.34106592277198E-5 2.3654545751154225E-4 7.34106592277198E-5 1.1419435879867561E-4 0.8411148632114719 0.15550008972413906 2.773291570824978E-4 7.34106592277198E-5 7.34106592277198E-5 7.34106592277198E-5 1.1419435879867561E-4 7.34106592277198E-5 7.34106592277198E-5 2.3654545751154184E-4 7.34106592277198E-5 7.34106592277198E-5 7.34106592277198E-5 2.365454575115419E-4 9.298683502177853E-4 7.34106592277198E-5 1.5497805836963113E-4 2.773291570824977E-4
7.34106592277198E-5 1.141943587986756E-4 7.34106592277198E-5 7.34106592277198E-5 0.8460496908595572 0.14799588900308316 1.5497805836963116E-4 1.1419435879867543E-4 7.34106592277198E-5 7.34106592277198E-5 1.141943587986753E-4 7.34106592277198E-5 7.34106592277198E-5 7.34106592277198E-5 7.34106592277198E-5 1.5497805836963107E-4 7.34106592277198E-5 1.5497805836963094E-4 0.003947862118468495 7.34106592277198E-5 7.34106592277198E-5 3.18112856653453E-4
1.9760614272809388E-4 4.093270099367664E-4 1.2703252032520337E-4 1.9760614272809374E-4 0.7578054426377602 0.238454155374887 1.9760614272809374E-4 1.976061427280941E-4 1.2703252032520337E-4 1.2703252032520337E-4 1.2703252032520337E-4 1.976061427280939E-4 1.2703252032520337E-4 1.2703252032520337E-4 1.9760614272809415E-4 3.3875338753387485E-4 1.97606142728094E-4 1.2703252032520337E-4 1.976061427280942E-4 1.976061427280938E-4 1.2703252032520337E-4 1.9760614272809388E-4
4.848066525333202E-4 0.1933392496179067 4.848066525333201E-4 1.561241762395437E-4 3.61550723923154E-4 0.7746963795625236 0.005045276011109472 2.7938010484970983E-4 1.1503886670282165E-4 0.0010189156765107094 0.02049335239691696 4.0263603345987604E-4 5.669772716067642E-4 1.9720948577626573E-4 4.02636033459876E-4 6.491478906802083E-4 7.39535571660996E-5 1.561241762395437E-4 2.7938010484970983E-4 2.382947953129878E-4 3.615507239231539E-4 1.9720948577626573E-4
4.994506043352315E-5 0.3975848788554813 4.994506043352315E-5 7.769231622992464E-5 4.994506043352315E-5 0.6007780330525309 7.769231622992468E-5 4.994506043352315E-5 7.769231622992477E-5 4.994506043352315E-5 1.0543957202632665E-4 4.994506043352315E-5 4.994506043352315E-5 4.994506043352315E-5 4.994506043352315E-5 7.769231622992464E-5 7.76923162299249E-5 1.3318682782272837E-4 4.994506043352315E-5 7.769231622992464E-5 2.719231068047371E-4 1.6093408361913047E-4
1.14615057143793E-4 1.1461505714379299E-4 7.368110816386669E-5 1.5554900612371896E-4 0.6239889314601954 0.37269541867243017 7.368110816386669E-5 7.368110816386669E-5 1.1461505714379286E-4 7.368110816386669E-5 7.368110816386669E-5 1.5554900612371904E-4 7.368110816386669E-5 1.1461505714379297E-4 1.1461505714379297E-4 2.7835085306349676E-4 1.9648295510364458E-4 1.55549006123719E-4 0.001097029832662018 7.368110816386669E-5 7.368110816386669E-5 1.1461505714379299E-4
2.1177467174925856E-4 2.1177467174925856E-4 4.4707986258176835E-4 2.1177467174925856E-4 4.4707986258176835E-4 0.795425667090216 2.1177467174925856E-4 2.1177467174925856E-4 2.1177467174925856E-4 2.1177467174925856E-4 3.294272671655133E-4 3.294272671655134E-4 2.1177467174925856E-4 2.1177467174925856E-4 2.1177467174925856E-4 5.647324579980229E-4 2.1177467174925856E-4 4.4707986258176835E-4 4.4707986258176835E-4 0.19869170313897122 2.1177467174925856E-4 3.2942726716551343E-4
1.5943877551020423E-4 1.5943877551020423E-4 4.2517006802720984E-4 0.12292729591836739 1.5943877551020423E-4 0.7014243197278909 0.1699617346938776 2.480158730158727E-4 2.4801587301587306E-4 6.023242630385475E-4 1.5943877551020423E-4 4.251700680272102E-4 1.5943877551020423E-4 1.5943877551020423E-4 2.4801587301587306E-4 2.4801587301587235E-4 8.680555555555576E-4 3.3659297052154137E-4 3.365929705215413E-4 3.365929705215413E-4 1.5943877551020423E-4 2.4801587301587235E-4
5.384449709239722E-5 5.384449709239722E-5 5.384449709239722E-5 2.0341254457127816E-4 0.5488190106971071 0.44953574078062525 5.384449709239722E-5 8.375810658817365E-5 8.375810658817365E-5 8.375810658817361E-5 5.384449709239722E-5 5.384449709239722E-5 8.375810658817352E-5 5.384449709239722E-5 5.384449709239722E-5 8.375810658817366E-5 5.384449709239722E-5 5.384449709239722E-5 2.632397635628294E-4 5.384449709239722E-5 5.384449709239722E-5 1.1367171608394971E-4
3.3659297052154104E-4 6.023242630385473E-4 6.909013605442162E-4 0.12009282879818599 6.023242630385477E-4 0.7106363378684806 0.1624326814058958 2.4801587301587235E-4 3.365929705215413E-4 1.5943877551020423E-4 1.5943877551020423E-4 1.5943877551020423E-4 1.5943877551020423E-4 2.4801587301587235E-4 2.4801587301587235E-4 6.909013605442163E-4 7.794784580498858E-4 5.137471655328792E-4 4.2517006802721006E-4 1.5943877551020423E-4 1.5943877551020423E-4 1.5943877551020423E-4
3.688598016588142E-5 3.688598016588153E-5 3.688598016588141E-5 6.323310885579689E-5 7.64066732007546E-5 0.999264915109553 2.371241582092384E-5 2.371241582092384E-5 2.371241582092384E-5 2.371241582092384E-5 3.688598016588141E-5 2.371241582092384E-5 2.371241582092384E-5 2.371241582092384E-5 3.688598016588153E-5 5.005954451083917E-5 2.371241582092384E-5 2.371241582092384E-5 2.371241582092384E-5 2.371241582092384E-5 7.640667320075455E-5 2.371241582092384E-5
1.906711624919722E-4 2.910244059087993E-4 9.03179190751445E-5 1.4049454078355863E-4 1.404945407835586E-4 0.15217565831727684 9.03179190751445E-5 9.03179190751445E-5 0.844914097623635 9.03179190751445E-5 1.4049454078355863E-4 1.4049454078355817E-4 9.03179190751445E-5 2.9102440590879954E-4 2.40847784200386E-4 9.03179190751445E-5 9.03179190751445E-5 9.03179190751445E-5 2.4084778420038584E-4 9.03179190751445E-5 1.4049454078355833E-4 1.4049454078355814E-4
2.371241582092384E-5 3.688598016588143E-5 3.6885980165881405E-5 2.371241582092384E-5 2.371241582092384E-5 0.9991331794661034 3.688598016588149E-5 2.371241582092384E-5 5.00595445108392E-5 3.688598016588147E-5 1.0275380189067015E-4 2.371241582092384E-5 3.6885980165881514E-5 2.371241582092384E-5 3.688598016588142E-5 8.958023754571234E-5 3.688598016588142E-5 2.371241582092384E-5 6.323310885579692E-5 3.6885980165881487E-5 2.371241582092384E-5 7.640667320075461E-5
1.4876524843796497E-4 1.4876524843796497E-4 1.4876524843796497E-4 2.3141260868127824E-4 0.7621574266917913 0.2338755000165295 3.14059968924592E-4 1.4876524843796497E-4 1.4876524843796497E-4 1.4876524843796497E-4 1.4876524843796497E-4 1.4876524843796497E-4 1.4876524843796497E-4 4.793546894112205E-4 1.4876524843796497E-4 1.4876524843796497E-4 3.1405996892459203E-4 3.1405996892459144E-4 2.3141260868127846E-4 1.4876524843796497E-4 1.4876524843796497E-4 1.4876524843796497E-4
9.03179190751445E-5 9.03179190751445E-5 9.03179190751445E-5 9.03179190751445E-5 9.03179190751445E-5 0.14760958574181116 1.404945407835581E-4 1.4049454078355814E-4 0.8496307000642261 9.03179190751445E-5 1.404945407835586E-4 9.03179190751445E-5 9.03179190751445E-5 1.4049454078355833E-4 9.03179190751445E-5 9.03179190751445E-5 3.4120102761721306E-4 4.917308927424526E-4 1.906711624919717E-4 9.03179190751445E-5 9.03179190751445E-5 9.03179190751445E-5
9.090976832912294E-4 1.2667754603238506E-4 8.941944425815397E-5 0.18805654289525245 8.941944425815395E-5 0.3547306611822741 0.09895379250217957 0.006199748135232005 1.2667754603238484E-4 5.216134248392306E-5 0.0014493401590175768 1.0804849514526974E-4 4.620004620004597E-4 7.079039337103848E-5 0.023766943121781833 0.13218801928479343 3.353229159680768E-5 1.080484951452696E-4 0.19228533744662776 5.2161342483923075E-5 8.941944425815395E-5 5.2161342483923075E-5
1.4876524843796497E-4 1.4876524843796497E-4 1.4876524843796497E-4 2.314126086812783E-4 0.7588515322820588 0.23767727858772192 2.3141260868127816E-4 1.4876524843796497E-4 1.4876524843796497E-4 1.4876524843796497E-4 2.3141260868127816E-4 1.4876524843796497E-4 2.3141260868127816E-4 2.3141260868127816E-4 2.3141260868127816E-4 1.4876524843796497E-4 1.4876524843796497E-4 1.4876524843796497E-4 1.4876524843796497E-4 1.4876524843796497E-4 1.4876524843796497E-4 1.4876524843796497E-4
4.360718646432925E-5 4.641050559417906E-4 7.475517679599309E-5 0.13432259350626685 2.8033191298497392E-5 0.36657758341431806 2.304951284543126E-4 1.6819914779098497E-4 1.3705115745932115E-4 1.9934713812264833E-4 1.0590316712765719E-4 5.9181181630161074E-5 2.8033191298497392E-5 9.0329171961825E-5 0.4945802496822907 1.2147716229348908E-4 4.360718646432917E-5 7.475517679599294E-5 0.001741172659540007 8.067329495900898E-4 5.9181181630161074E-5 4.36071864643293E-5
1.0902747492368081E-4 1.0902747492368081E-4 1.6959829432572568E-4 1.6959829432572606E-4 4.118815719339055E-4 0.2748582642825993 4.118815719339055E-4 1.6959829432572587E-4 2.3016911372777092E-4 2.3016911372777097E-4 0.18430488927654215 1.0902747492368081E-4 3.5131075253186063E-4 5.330232107379955E-4 2.907399331298157E-4 0.008710083830014056 2.907399331298157E-4 0.5269540146339101 6.54164849542085E-4 1.0902747492368081E-4 4.7245239133595046E-4 3.513107525318603E-4
8.567511994516786E-5 1.3327240880359463E-4 0.6412211560429519 8.567511994516786E-5 1.3327240880359496E-4 0.1107493717157871 1.8086969766202153E-4 1.332724088035949E-4 1.8086969766202164E-4 8.567511994516786E-5 6.09245297387861E-4 1.808696976620217E-4 1.3327240880359496E-4 5.616480085294334E-4 0.03530766887518087 8.567511994516786E-5 0.0019419693854238096 0.1788134947833371 0.0016563856522732495 2.7606427537887494E-4 1.3327240880359474E-4 0.027311324346965198
4.2106306038539607E-4 1.1145786892554615E-4 1.7337890721751622E-4 0.8475008668945364 4.210630603853959E-4 0.14209639867241297 1.7337890721751662E-4 0.0035171149749838896 4.210630603853961E-4 3.591420220934259E-4 2.9722098380145594E-4 2.3529994550948598E-4 1.1145786892554615E-4 2.972209838014561E-4 4.2106306038539585E-4 0.0017833259028087421 1.733789072175166E-4 1.1145786892554615E-4 4.829840986773659E-4 2.3529994550948577E-4 1.1145786892554615E-4 5.449051369693363E-4
4.096484252632592E-4 0.1148702378370563 2.2892117882358597E-4 0.07402588014169005 4.698908407431502E-4 0.19324562037639462 2.2892117882358597E-4 5.301332562230413E-4 4.6989084074315027E-4 0.001554254319381194 5.301332562230413E-4 2.891635943034771E-4 0.04227812718378744 1.686787633436949E-4 5.903756717029325E-4 0.1863177425962072 0.001554254319381193 0.16619677582592354 0.20571580038073203 0.0012530422419817385 4.6989084074315027E-4 0.008602616930528472
2.500089288903174E-4 2.5000892889031733E-4 1.60720025715204E-4 7.857423479409994E-4 1.60720025715204E-4 0.4360691453266189 0.0013214757669916836 5.178756384156575E-4 6.964534447658845E-4 0.34178006357369917 0.001142897960641452 1.60720025715204E-4 1.60720025715204E-4 1.60720025715204E-4 3.392978320654308E-4 0.00150005357334191 2.500089288903174E-4 1.60720025715204E-4 0.0013214757669916832 0.21231115396978467 2.500089288903174E-4 2.5000892889031733E-4
3.1522424400530496E-4 3.6957325159242625E-4 2.608752364181833E-4 0.04015304680536547 1.5217722124394038E-4 0.24021174373355947 0.006891454162046969 9.674123350507627E-4 0.001130459357812125 9.782821365681854E-5 9.782821365681854E-5 9.782821365681854E-5 1.5217722124394035E-4 0.0016739494336833378 2.0652622883106183E-4 0.695656427313637 1.521772212439404E-4 0.004065305767516699 0.003141372638535615 9.782821365681854E-5 2.0652622883106185E-4 0.003902258744755328
4.203725828576496E-4 1.9912385503783345E-4 1.9912385503783345E-4 3.097482189477417E-4 1.9912385503783345E-4 0.1717775122793043 0.8181556706048944 5.309969467675568E-4 1.9912385503783345E-4 1.9912385503783345E-4 1.9912385503783345E-4 1.9912385503783345E-4 5.309969467675569E-4 3.097482189477417E-4 5.309969467675568E-4 8.628700384972765E-4 5.309969467675568E-4 4.203725828576496E-4 4.2037258285764926E-4 0.0032966060445152436 3.097482189477417E-4 1.9912385503783345E-4
7.157171485828811E-5 7.157171485828811E-5 7.157171485828811E-5 2.703820339090868E-4 1.1133377866844821E-4 0.24755065686929406 1.1133377866844821E-4 7.157171485828811E-5 2.306199700989277E-4 7.157171485828811E-5 1.1133377866844831E-4 7.157171485828811E-5 0.7493876642173238 1.1133377866844812E-4 7.157171485828811E-5 1.113337786684483E-4 1.1133377866844812E-4 1.9085790628876786E-4 3.4990616152940696E-4 4.294302891497279E-4 7.157171485828811E-5 3.4990616152940794E-4
1.1133377866844827E-4 7.157171485828811E-5 7.157171485828811E-5 2.3061997009892791E-4 1.1133377866844817E-4 0.2428189712758851 1.5109584247860827E-4 1.5109584247860821E-4 1.510958424786083E-4 7.157171485828811E-5 5.089544167700481E-4 7.157171485828811E-5 0.7534831567897705 3.101440977192479E-4 1.5109584247860813E-4 7.157171485828811E-5 7.157171485828811E-5 1.1133377866844812E-4 4.29430289149727E-4 6.680026720106881E-4 7.157171485828811E-5 1.1133377866844812E-4
4.98821206727261E-5 0.40720612867486833 2.3628372950238615E-5 2.3628372950238615E-5 8.926274225645705E-5 0.5763327715031322 3.6755246811482327E-5 1.1551648997894442E-4 4.988212067272608E-5 2.3628372950238615E-5 2.3628372950238615E-5 2.3628372950238615E-5 0.013885607170423562 3.67552468114824E-5 3.675524681148238E-5 1.4177023770143156E-4 6.30089945339698E-5 7.613586839521339E-5 0.0016513607317444562 3.6755246811482306E-5 2.3628372950238615E-5 4.988212067272613E-5
0.009760022842606667 0.0013887266544666413 1.2329816091058963E-4 5.840439201027909E-5 3.504263520616755E-4 0.26093135537125733 2.530856987112102E-4 2.5308569871120994E-4 1.5574504536074472E-4 3.8287323651182926E-4 1.2329816091058933E-4 4.153201209619853E-4 0.5689171825721295 3.5042635206167526E-4 9.085127646043425E-5 0.1337720152110995 5.840439201027909E-5 3.5042635206167526E-4 0.009111085153603569 0.012193539176368288 5.126607743124492E-4 4.477670054121399E-4
1.6422672672672715E-4 3.9883633633633635E-4 2.2287912912912958E-4 1.055743243243243E-4 9.267079579579593E-4 0.9949676238738742 1.055743243243243E-4 1.055743243243243E-4 5.161411411411393E-4 1.055743243243243E-4 1.055743243243243E-4 2.228791291291294E-4 2.815315315315318E-4 2.8153153153153153E-4 1.055743243243243E-4 1.055743243243243E-4 2.2287912912912958E-4 2.2287912912912947E-4 2.8153153153153175E-4 1.055743243243243E-4 1.6422672672672674E-4 2.8153153153153196E-4
8.716875871687592E-5 2.808771114210447E-4 1.8402293506896035E-4 8.716875871687592E-5 8.716875871687592E-5 0.37757632109096545 1.3559584689291817E-4 2.3245002324500253E-4 8.716875871687592E-5 1.8402293506896035E-4 8.716875871687592E-5 8.716875871687592E-5 2.324500232450024E-4 1.355958468929181E-4 8.716875871687592E-5 0.6169514179451417 2.324500232450024E-4 1.355958468929181E-4 0.002702231520223148 8.716875871687592E-5 8.716875871687592E-5 2.324500232450024E-4
4.184975936388376E-4 2.4412359628932204E-4 1.5693659761456365E-4 0.051161330822347514 4.184975936388376E-4 0.5714933389133012 4.1849759363883784E-4 2.4412359628932142E-4 4.1849759363883724E-4 4.1849759363883746E-4 2.4412359628932204E-4 1.5693659761456365E-4 5.056845923135943E-4 1.5693659761456365E-4 2.4412359628932153E-4 0.37183511194810637 4.1849759363883784E-4 1.5693659761456365E-4 2.4412359628932145E-4 2.4412359628932204E-4 1.5693659761456365E-4 2.441235962893213E-4
1.5451174289246014E-4 9.270704573547631E-4 1.5451174289246014E-4 0.0013562697431671526 2.4035160005493752E-4 0.12127455019914848 6.695508858673259E-4 9.270704573547599E-4 8.412306001922831E-4 5.837110287048482E-4 4.1203131437989287E-4 3.2619145721741517E-4 6.695508858673253E-4 1.5451174289246014E-4 2.4035160005493768E-4 0.867652108226892 2.403516000549373E-4 8.41230600192281E-4 4.978711715423698E-4 5.837110287048478E-4 6.695508858673259E-4 5.837110287048478E-4
2.95573782605483E-4 2.339959112293407E-4 1.1084016847705615E-4 0.4964900613315599 2.95573782605483E-4 0.19180275376240796 1.724180398531984E-4 3.571516539816249E-4 1.1084016847705615E-4 1.724180398531984E-4 1.1084016847705615E-4 1.7241803985319843E-4 2.95573782605483E-4 2.339959112293407E-4 1.1084016847705615E-4 0.30769230769230765 2.339959112293407E-4 1.7241803985319843E-4 2.95573782605483E-4 1.724180398531984E-4 1.1084016847705615E-4 3.5715165398162504E-4
8.755034144633174E-5 8.755034144633174E-5 1.361894200276271E-4 0.31317729916924464 8.755034144633174E-5 0.3922158018638494 3.793848129341039E-4 1.3618942002762712E-4 1.8482849860892243E-4 4.766629700966934E-4 8.755034144633174E-5 2.3346757719021785E-4 8.755034144633174E-5 1.361894200276271E-4 4.7666297009669415E-4 0.29090060117901123 1.361894200276271E-4 3.7938481293410266E-4 2.3346757719021783E-4 8.755034144633174E-5 1.361894200276271E-4 1.361894200276271E-4
1.8402293506896022E-4 1.355958468929181E-4 2.324500232450025E-4 0.03984580815124753 1.3559584689291823E-4 0.4563671935533859 1.355958468929181E-4 8.716875871687592E-5 1.3559584689291817E-4 1.355958468929181E-4 3.293041995970867E-4 1.355958468929181E-4 2.808771114210446E-4 3.293041995970869E-4 1.8402293506896022E-4 0.5000484270881761 8.716875871687592E-5 8.716875871687592E-5 6.682938168293806E-4 8.716875871687592E-5 1.8402293506896027E-4 1.8402293506896027E-4
0.0012758060774762223 3.092863218124184E-4 1.8041702105724334E-4 0.0010825021263434606 0.0011469367767210493 0.21171937421067552 0.02911157504059375 0.018995334931312606 0.006623882058815954 3.7372097219000474E-4 3.092863218124186E-4 0.0015979793293641616 0.0035954534910693603 0.004433103945978 5.025902729451772E-4 0.6770664192376089 0.012745173844686717 0.002500064434650382 5.025902729451785E-4 3.0928632181241827E-4 0.0028866723369159043 0.022732544653212637
2.014446458890903E-4 9.208898097786978E-4 0.017612017612017587 0.0415695415695417 0.001928113039224149 0.1089096089096089 0.8009439120550231 9.208898097786981E-4 0.0021439465883910298 4.892227114449342E-4 1.2950012950012935E-4 4.892227114449342E-4 2.0144464588909026E-4 9.928343261676588E-4 0.001496445940890385 3.4533367866701275E-4 0.0014245014245014226 0.0011367233589455804 6.331117442228562E-4 0.0021439465883910367 2.014446458890905E-4 0.01516590405479292
2.815315315315319E-4 2.2287912912912917E-4 1.6422672672672715E-4 2.2287912912912958E-4 0.002041103603603604 0.9932080518018019 1.055743243243243E-4 1.055743243243243E-4 2.815315315315319E-4 1.642267267267268E-4 2.2287912912912928E-4 2.2287912912912926E-4 2.8153153153153207E-4 8.094031531531538E-4 2.815315315315317E-4 1.642267267267267E-4 2.2287912912912928E-4 1.055743243243243E-4 1.642267267267271E-4 2.2287912912912958E-4 1.055743243243243E-4 3.9883633633633656E-4
1.153136531365315E-4 2.434399343993437E-4 3.075030750307496E-4 0.0010121976219762212 1.153136531365315E-4 0.27962279622796243 3.7156621566215576E-4 1.153136531365315E-4 7.559450594505935E-4 1.7937679376793774E-4 1.153136531365315E-4 1.7937679376793772E-4 1.153136531365315E-4 6.27818778187782E-4 2.4343993439934362E-4 3.075030750307502E-4 3.7156621566215576E-4 2.4343993439934362E-4 1.7937679376793772E-4 3.715662156621562E-4 1.153136531365315E-4 0.7142912054120539
4.020585397233835E-5 1.0721561059290264E-4 6.254243951252654E-5 8.487902505271451E-5 4.020585397233835E-5 0.9985749258425366 8.487902505271435E-5 4.020585397233835E-5 1.072156105929025E-4 4.020585397233835E-5 6.254243951252648E-5 6.254243951252648E-5 4.020585397233835E-5 4.020585397233835E-5 4.020585397233835E-5 6.25424395125264E-5 4.020585397233835E-5 4.020585397233835E-5 6.254243951252654E-5 1.518887816732785E-4 1.2955219613309057E-4 8.487902505271461E-5
1.5599233409101045E-4 1.0028078620136388E-4 1.0028078620136388E-4 3.788385256495963E-4 1.0028078620136388E-4 0.5363239292240496 1.5599233409101045E-4 1.5599233409101045E-4 6.573962650978287E-4 1.0028078620136388E-4 1.0028078620136388E-4 1.5599233409101045E-4 1.0028078620136388E-4 1.0028078620136388E-4 5.459731693185352E-4 1.0028078620136388E-4 7.131078129874747E-4 4.902616214288892E-4 3.788385256495956E-4 1.0028078620136388E-4 0.2982127735437003 0.1607723848999421
