3.098661378284581E-5 3.098661378284581E-5 3.098661378284581E-5 3.098661378284581E-5 3.098661378284581E-5 3.098661378284581E-5 3.098661378284581E-5 3.098661378284581E-5 3.098661378284581E-5 3.098661378284581E-5 3.098661378284581E-5 3.098661378284581E-5 3.098661378284581E-5 3.098661378284581E-5 0.06355354486861675 3.098661378284581E-5 3.098661378284581E-5 0.0031296479920674266 3.098661378284581E-5 3.098661378284581E-5 0.36257436787307884 0.5701846802181457
1.311991603253739E-4 1.311991603253739E-4 1.311991603253739E-4 1.311991603253739E-4 1.311991603253739E-4 1.311991603253739E-4 0.013251115192862766 1.311991603253739E-4 1.311991603253739E-4 1.311991603253739E-4 1.311991603253739E-4 1.311991603253739E-4 1.311991603253739E-4 0.9316452374704802 0.05261086329047494 1.311991603253739E-4 1.311991603253739E-4 1.311991603253739E-4 1.311991603253739E-4 1.311991603253739E-4 1.311991603253739E-4 1.311991603253739E-4
2.4557956777996074E-4 2.4557956777996074E-4 2.4557956777996074E-4 2.4557956777996074E-4 2.4557956777996074E-4 0.012524557956777998 2.4557956777996074E-4 2.4557956777996074E-4 2.4557956777996074E-4 2.4557956777996074E-4 2.4557956777996074E-4 2.4557956777996074E-4 0.7983791748526522 2.4557956777996074E-4 0.1844302554027505 2.4557956777996074E-4 2.4557956777996074E-4 2.4557956777996074E-4 2.4557956777996074E-4 2.4557956777996074E-4 2.4557956777996074E-4 2.4557956777996074E-4
9.68804495252858E-5 9.68804495252858E-5 9.68804495252858E-5 9.68804495252858E-5 9.68804495252858E-5 9.68804495252858E-5 9.68804495252858E-5 9.68804495252858E-5 9.68804495252858E-5 9.68804495252858E-5 9.68804495252858E-5 9.68804495252858E-5 9.68804495252858E-5 9.68804495252858E-5 0.15510559968998258 9.68804495252858E-5 9.68804495252858E-5 9.68804495252858E-5 9.68804495252858E-5 9.68804495252858E-5 9.68804495252858E-5 0.8429567913195117
1.1965730148853682E-5 1.1965730148853682E-5 1.1965730148853682E-5 1.1965730148853682E-5 1.1965730148853682E-5 1.1965730148853682E-5 1.1965730148853682E-5 1.1965730148853682E-5 1.1965730148853682E-5 1.1965730148853682E-5 1.1965730148853682E-5 1.1965730148853682E-5 0.6623151294692001 1.1965730148853682E-5 0.2393265687072225 1.1965730148853682E-5 1.1965730148853682E-5 1.1965730148853682E-5 1.1965730148853682E-5 1.1965730148853682E-5 1.1965730148853682E-5 0.09813095295074906
1.5238791868580658E-5 0.0023010575721556796 1.5238791868580658E-5 7.771783852976136E-4 1.5238791868580658E-5 1.5238791868580658E-5 1.5238791868580658E-5 1.5238791868580658E-5 1.5238791868580658E-5 1.5238791868580658E-5 1.5238791868580658E-5 1.5238791868580658E-5 1.5238791868580658E-5 1.5238791868580658E-5 0.5249916186644722 1.5238791868580658E-5 1.5238791868580658E-5 0.4716558471244399 1.5238791868580658E-5 1.5238791868580658E-5 1.5238791868580658E-5 1.5238791868580658E-5
3.9105271390583454E-5 3.9105271390583454E-5 3.9105271390583454E-5 3.9105271390583454E-5 3.9105271390583454E-5 0.627678711090255 3.9105271390583454E-5 3.9105271390583454E-5 3.9105271390583454E-5 3.9105271390583454E-5 3.9105271390583454E-5 3.9105271390583454E-5 3.9105271390583454E-5 3.9105271390583454E-5 0.06847333020491163 3.9105271390583454E-5 3.9105271390583454E-5 3.9105271390583454E-5 3.9105271390583454E-5 3.9105271390583454E-5 3.9105271390583454E-5 0.30310495854841235
2.9263724686878144E-5 2.9263724686878144E-5 2.9263724686878144E-5 2.9263724686878144E-5 2.9263724686878144E-5 2.9263724686878144E-5 0.0014924499590307854 2.9263724686878144E-5 2.9263724686878144E-5 2.9263724686878144E-5 2.9263724686878144E-5 2.9263724686878144E-5 2.9263724686878144E-5 2.9263724686878144E-5 0.09513636895704083 2.9263724686878144E-5 2.9263724686878144E-5 2.9263724686878144E-5 2.9263724686878144E-5 2.9263724686878144E-5 2.9263724686878144E-5 0.9028151703148776
7.954183900731785E-5 7.954183900731785E-5 7.954183900731785E-5 7.954183900731785E-5 7.954183900731785E-5 7.954183900731785E-5 7.954183900731785E-5 7.954183900731785E-5 7.954183900731785E-5 7.954183900731785E-5 7.954183900731785E-5 7.954183900731785E-5 7.954183900731785E-5 7.954183900731785E-5 7.954183900731785E-5 7.954183900731785E-5 7.954183900731785E-5 7.954183900731785E-5 7.954183900731785E-5 7.954183900731785E-5 7.954183900731785E-5 0.9983296213808464
4.57205559619605E-5 4.57205559619605E-5 4.57205559619605E-5 4.57205559619605E-5 4.57205559619605E-5 0.6195592538405267 4.57205559619605E-5 4.57205559619605E-5 4.57205559619605E-5 4.57205559619605E-5 4.57205559619605E-5 4.57205559619605E-5 4.57205559619605E-5 4.57205559619605E-5 0.25608083394294073 4.57205559619605E-5 4.57205559619605E-5 4.57205559619605E-5 4.57205559619605E-5 4.57205559619605E-5 4.57205559619605E-5 0.12349122165325531
5.1224259809445757E-5 5.1224259809445757E-5 5.1224259809445757E-5 5.1224259809445757E-5 5.1224259809445757E-5 5.1224259809445757E-5 5.1224259809445757E-5 5.1224259809445757E-5 5.1224259809445757E-5 5.1224259809445757E-5 0.6531605368302429 5.1224259809445757E-5 5.1224259809445757E-5 5.1224259809445757E-5 0.3381313390021514 5.1224259809445757E-5 5.1224259809445757E-5 0.007734863231226309 5.1224259809445757E-5 5.1224259809445757E-5 5.1224259809445757E-5 5.1224259809445757E-5
4.500450045004501E-4 4.500450045004501E-4 4.500450045004501E-4 0.18046804680468045 4.500450045004501E-4 4.500450045004501E-4 4.500450045004501E-4 4.500450045004501E-4 4.500450045004501E-4 4.500450045004501E-4 4.500450045004501E-4 4.500450045004501E-4 4.500450045004501E-4 4.500450045004501E-4 4.500450045004501E-4 4.500450045004501E-4 4.500450045004501E-4 4.500450045004501E-4 4.500450045004501E-4 4.500450045004501E-4 4.500450045004501E-4 0.8105310531053106
3.1673634866337256E-5 3.1673634866337256E-5 3.1673634866337256E-5 3.1673634866337256E-5 3.1673634866337256E-5 3.1673634866337256E-5 3.1673634866337256E-5 3.1673634866337256E-5 3.1673634866337256E-5 0.0016153553781832002 3.1673634866337256E-5 3.1673634866337256E-5 3.1673634866337256E-5 3.1673634866337256E-5 0.21541239072595972 3.1673634866337256E-5 3.1673634866337256E-5 3.1673634866337256E-5 0.7823704548333966 3.1673634866337256E-5 3.1673634866337256E-5 3.1673634866337256E-5
5.98086124401914E-4 5.98086124401914E-4 5.98086124401914E-4 0.2996411483253589 0.060406698564593304 5.98086124401914E-4 5.98086124401914E-4 5.98086124401914E-4 5.98086124401914E-4 5.98086124401914E-4 5.98086124401914E-4 5.98086124401914E-4 5.98086124401914E-4 5.98086124401914E-4 5.98086124401914E-4 5.98086124401914E-4 5.98086124401914E-4 5.98086124401914E-4 5.98086124401914E-4 5.98086124401914E-4 5.98086124401914E-4 0.6285885167464115
3.5435861091424523E-4 3.5435861091424523E-4 3.5435861091424523E-4 3.5435861091424523E-4 3.5435861091424523E-4 3.5435861091424523E-4 3.5435861091424523E-4 3.5435861091424523E-4 3.5435861091424523E-4 3.5435861091424523E-4 0.9925584691708009 3.5435861091424523E-4 3.5435861091424523E-4 3.5435861091424523E-4 3.5435861091424523E-4 3.5435861091424523E-4 3.5435861091424523E-4 3.5435861091424523E-4 3.5435861091424523E-4 3.5435861091424523E-4 3.5435861091424523E-4 3.5435861091424523E-4
5.202372281760483E-5 5.202372281760483E-5 5.202372281760483E-5 5.202372281760483E-5 0.7205805847466444 5.202372281760483E-5 5.202372281760483E-5 5.202372281760483E-5 5.202372281760483E-5 5.202372281760483E-5 5.202372281760483E-5 5.202372281760483E-5 5.202372281760483E-5 5.202372281760483E-5 0.2757777546561232 5.202372281760483E-5 0.0026532098636978464 5.202372281760483E-5 5.202372281760483E-5 5.202372281760483E-5 5.202372281760483E-5 5.202372281760483E-5
3.152386356471849E-5 3.152386356471849E-5 3.152386356471849E-5 3.152386356471849E-5 3.152386356471849E-5 3.152386356471849E-5 3.152386356471849E-5 3.152386356471849E-5 3.152386356471849E-5 3.152386356471849E-5 3.152386356471849E-5 3.152386356471849E-5 3.152386356471849E-5 3.152386356471849E-5 3.152386356471849E-5 3.152386356471849E-5 3.152386356471849E-5 3.152386356471849E-5 3.152386356471849E-5 3.152386356471849E-5 3.152386356471849E-5 0.9993379988651407
5.428292259255238E-5 5.428292259255238E-5 5.428292259255238E-5 5.428292259255238E-5 5.428292259255238E-5 5.428292259255238E-5 5.428292259255238E-5 5.428292259255238E-5 5.428292259255238E-5 5.428292259255238E-5 5.428292259255238E-5 5.428292259255238E-5 5.428292259255238E-5 5.428292259255238E-5 5.428292259255238E-5 5.428292259255238E-5 5.428292259255238E-5 5.428292259255238E-5 5.428292259255238E-5 5.428292259255238E-5 5.428292259255238E-5 0.9988600586255564
6.612881893929374E-5 6.612881893929374E-5 6.612881893929374E-5 6.612881893929374E-5 6.612881893929374E-5 6.612881893929374E-5 6.612881893929374E-5 6.612881893929374E-5 6.612881893929374E-5 0.47950006612881896 6.612881893929374E-5 6.612881893929374E-5 6.612881893929374E-5 6.612881893929374E-5 0.5191773574923952 6.612881893929374E-5 6.612881893929374E-5 6.612881893929374E-5 6.612881893929374E-5 6.612881893929374E-5 6.612881893929374E-5 6.612881893929374E-5
3.475601279021271E-5 3.475601279021271E-5 3.475601279021271E-5 3.475601279021271E-5 3.475601279021271E-5 3.475601279021271E-5 3.475601279021271E-5 3.475601279021271E-5 3.475601279021271E-5 3.475601279021271E-5 3.475601279021271E-5 3.475601279021271E-5 3.475601279021271E-5 3.475601279021271E-5 0.9992701237314054 3.475601279021271E-5 3.475601279021271E-5 3.475601279021271E-5 3.475601279021271E-5 3.475601279021271E-5 3.475601279021271E-5 3.475601279021271E-5
3.1424800452517124E-5 3.1424800452517124E-5 3.1424800452517124E-5 3.1424800452517124E-5 3.1424800452517124E-5 3.1424800452517124E-5 3.1424800452517124E-5 3.1424800452517124E-5 3.1424800452517124E-5 3.1424800452517124E-5 3.1424800452517124E-5 3.1424800452517124E-5 3.1424800452517124E-5 3.1424800452517124E-5 0.21372006787756898 3.1424800452517124E-5 3.1424800452517124E-5 3.1424800452517124E-5 0.7856514361133806 3.1424800452517124E-5 3.1424800452517124E-5 3.1424800452517124E-5
5.773005426625101E-5 5.773005426625101E-5 5.773005426625101E-5 5.773005426625101E-5 5.773005426625101E-5 5.773005426625101E-5 5.773005426625101E-5 5.773005426625101E-5 5.773005426625101E-5 5.773005426625101E-5 5.773005426625101E-5 5.773005426625101E-5 5.773005426625101E-5 5.773005426625101E-5 0.31757302851864677 5.773005426625101E-5 5.773005426625101E-5 5.773005426625101E-5 5.773005426625101E-5 0.5571527537235885 5.773005426625101E-5 0.12417734672670594
5.398984990821726E-5 5.398984990821726E-5 5.398984990821726E-5 5.398984990821726E-5 5.398984990821726E-5 5.398984990821726E-5 5.398984990821726E-5 5.398984990821726E-5 5.398984990821726E-5 5.398984990821726E-5 5.398984990821726E-5 5.398984990821726E-5 5.398984990821726E-5 5.398984990821726E-5 0.17012201706079258 5.398984990821726E-5 0.828798185941043 5.398984990821726E-5 5.398984990821726E-5 5.398984990821726E-5 5.398984990821726E-5 5.398984990821726E-5
5.658669081032141E-5 5.658669081032141E-5 5.658669081032141E-5 5.658669081032141E-5 5.658669081032141E-5 5.658669081032141E-5 5.658669081032141E-5 5.658669081032141E-5 5.658669081032141E-5 5.658669081032141E-5 5.658669081032141E-5 0.002885921231326392 5.658669081032141E-5 5.658669081032141E-5 5.658669081032141E-5 5.658669081032141E-5 5.658669081032141E-5 5.658669081032141E-5 5.658669081032141E-5 5.658669081032141E-5 5.658669081032141E-5 0.9959823449524672
2.7305990934411008E-5 2.7305990934411008E-5 2.7305990934411008E-5 2.7305990934411008E-5 2.7305990934411008E-5 2.7305990934411008E-5 2.7305990934411008E-5 2.7305990934411008E-5 2.7305990934411008E-5 2.7305990934411008E-5 2.7305990934411008E-5 2.7305990934411008E-5 2.7305990934411008E-5 2.7305990934411008E-5 0.9980612746436567 2.7305990934411008E-5 2.7305990934411008E-5 2.7305990934411008E-5 2.7305990934411008E-5 2.7305990934411008E-5 2.7305990934411008E-5 0.0013926055376549615
6.202704379109292E-5 6.202704379109292E-5 6.202704379109292E-5 6.202704379109292E-5 6.202704379109292E-5 6.202704379109292E-5 6.202704379109292E-5 6.202704379109292E-5 6.202704379109292E-5 6.202704379109292E-5 6.202704379109292E-5 6.202704379109292E-5 6.202704379109292E-5 6.202704379109292E-5 0.998697432080387 6.202704379109292E-5 6.202704379109292E-5 6.202704379109292E-5 6.202704379109292E-5 6.202704379109292E-5 6.202704379109292E-5 6.202704379109292E-5
6.126700159294204E-5 0.7138218355593677 6.126700159294204E-5 6.126700159294204E-5 6.126700159294204E-5 6.126700159294204E-5 6.126700159294204E-5 6.126700159294204E-5 6.126700159294204E-5 6.126700159294204E-5 6.126700159294204E-5 6.126700159294204E-5 6.126700159294204E-5 6.126700159294204E-5 0.2849528244087734 6.126700159294204E-5 6.126700159294204E-5 6.126700159294204E-5 6.126700159294204E-5 6.126700159294204E-5 6.126700159294204E-5 6.126700159294204E-5
5.032206119162641E-5 5.032206119162641E-5 5.032206119162641E-5 5.032206119162641E-5 5.032206119162641E-5 0.6970108695652173 5.032206119162641E-5 5.032206119162641E-5 5.032206119162641E-5 5.032206119162641E-5 5.032206119162641E-5 5.032206119162641E-5 5.032206119162641E-5 5.032206119162641E-5 0.02269524959742351 5.032206119162641E-5 5.032206119162641E-5 5.032206119162641E-5 5.032206119162641E-5 5.032206119162641E-5 5.032206119162641E-5 0.2793377616747182
2.26901434017063E-5 2.26901434017063E-5 2.26901434017063E-5 2.26901434017063E-5 2.26901434017063E-5 0.610387547649301 2.26901434017063E-5 2.26901434017063E-5 2.26901434017063E-5 2.26901434017063E-5 2.26901434017063E-5 2.26901434017063E-5 2.26901434017063E-5 2.26901434017063E-5 0.11801143583227444 2.26901434017063E-5 2.26901434017063E-5 2.26901434017063E-5 2.26901434017063E-5 2.26901434017063E-5 2.26901434017063E-5 0.27116990379379197
9.928514694201748E-5 9.928514694201748E-5 9.928514694201748E-5 9.928514694201748E-5 9.928514694201748E-5 0.7050238284352661 9.928514694201748E-5 9.928514694201748E-5 9.928514694201748E-5 9.928514694201748E-5 9.928514694201748E-5 9.928514694201748E-5 9.928514694201748E-5 9.928514694201748E-5 9.928514694201748E-5 9.928514694201748E-5 9.928514694201748E-5 9.928514694201748E-5 9.928514694201748E-5 9.928514694201748E-5 9.928514694201748E-5 0.29299046862589356
6.401229035974907E-5 6.401229035974907E-5 6.401229035974907E-5 0.22090641403149402 6.401229035974907E-5 6.401229035974907E-5 6.401229035974907E-5 6.401229035974907E-5 6.401229035974907E-5 6.401229035974907E-5 6.401229035974907E-5 6.401229035974907E-5 6.401229035974907E-5 6.401229035974907E-5 0.28811931890923054 6.401229035974907E-5 6.401229035974907E-5 6.401229035974907E-5 0.4897580335424402 6.401229035974907E-5 6.401229035974907E-5 6.401229035974907E-5
7.13165026387106E-5 7.13165026387106E-5 7.13165026387106E-5 7.13165026387106E-5 7.13165026387106E-5 7.13165026387106E-5 7.13165026387106E-5 7.13165026387106E-5 7.13165026387106E-5 7.13165026387106E-5 7.13165026387106E-5 7.13165026387106E-5 7.13165026387106E-5 7.13165026387106E-5 0.5313792611610327 7.13165026387106E-5 7.13165026387106E-5 7.13165026387106E-5 0.46719440878619317 7.13165026387106E-5 7.13165026387106E-5 7.13165026387106E-5
5.2295784959732244E-5 5.2295784959732244E-5 5.2295784959732244E-5 5.2295784959732244E-5 0.6432904507896664 5.2295784959732244E-5 5.2295784959732244E-5 0.0026670850329463445 5.2295784959732244E-5 5.2295784959732244E-5 5.2295784959732244E-5 5.2295784959732244E-5 5.2295784959732244E-5 5.2295784959732244E-5 0.3530488442631524 5.2295784959732244E-5 5.2295784959732244E-5 5.2295784959732244E-5 5.2295784959732244E-5 5.2295784959732244E-5 5.2295784959732244E-5 5.2295784959732244E-5
1.2162490878131841E-4 1.2162490878131841E-4 1.2162490878131841E-4 1.2162490878131841E-4 1.2162490878131841E-4 1.2162490878131841E-4 1.2162490878131841E-4 1.2162490878131841E-4 1.2162490878131841E-4 1.2162490878131841E-4 1.2162490878131841E-4 1.2162490878131841E-4 1.2162490878131841E-4 1.2162490878131841E-4 1.2162490878131841E-4 1.2162490878131841E-4 1.2162490878131841E-4 1.2162490878131841E-4 1.2162490878131841E-4 1.2162490878131841E-4 1.2162490878131841E-4 0.9974458769155924
6.526563111865292E-5 6.526563111865292E-5 6.526563111865292E-5 6.526563111865292E-5 6.526563111865292E-5 6.526563111865292E-5 6.526563111865292E-5 6.526563111865292E-5 6.526563111865292E-5 6.526563111865292E-5 6.526563111865292E-5 6.526563111865292E-5 6.526563111865292E-5 6.526563111865292E-5 6.526563111865292E-5 6.526563111865292E-5 6.526563111865292E-5 6.526563111865292E-5 6.526563111865292E-5 6.526563111865292E-5 6.526563111865292E-5 0.9986294217465083
3.828190797029324E-5 3.828190797029324E-5 3.828190797029324E-5 3.828190797029324E-5 3.828190797029324E-5 3.828190797029324E-5 3.828190797029324E-5 3.828190797029324E-5 3.828190797029324E-5 3.828190797029324E-5 3.828190797029324E-5 3.828190797029324E-5 3.828190797029324E-5 3.828190797029324E-5 3.828190797029324E-5 3.828190797029324E-5 3.828190797029324E-5 3.828190797029324E-5 3.828190797029324E-5 3.828190797029324E-5 3.828190797029324E-5 0.9991960799326237
4.9945060433523126E-5 4.9945060433523126E-5 4.9945060433523126E-5 4.9945060433523126E-5 4.9945060433523126E-5 4.9945060433523126E-5 4.9945060433523126E-5 4.9945060433523126E-5 4.9945060433523126E-5 4.9945060433523126E-5 4.9945060433523126E-5 4.9945060433523126E-5 4.9945060433523126E-5 4.9945060433523126E-5 4.9945060433523126E-5 4.9945060433523126E-5 4.9945060433523126E-5 4.9945060433523126E-5 4.9945060433523126E-5 4.9945060433523126E-5 4.9945060433523126E-5 0.9989511537308959
7.261109497531223E-5 7.261109497531223E-5 7.261109497531223E-5 7.261109497531223E-5 7.261109497531223E-5 7.261109497531223E-5 7.261109497531223E-5 7.261109497531223E-5 7.261109497531223E-5 7.261109497531223E-5 7.261109497531223E-5 7.261109497531223E-5 7.261109497531223E-5 7.261109497531223E-5 7.261109497531223E-5 7.261109497531223E-5 7.261109497531223E-5 7.261109497531223E-5 7.261109497531223E-5 7.261109497531223E-5 7.261109497531223E-5 0.9984751670055184
4.1542040545031575E-5 4.1542040545031575E-5 4.1542040545031575E-5 4.1542040545031575E-5 4.1542040545031575E-5 4.1542040545031575E-5 4.1542040545031575E-5 4.1542040545031575E-5 4.1542040545031575E-5 4.1542040545031575E-5 4.1542040545031575E-5 4.1542040545031575E-5 4.1542040545031575E-5 4.1542040545031575E-5 0.3053755400465271 0.004195746095048189 4.1542040545031575E-5 4.1542040545031575E-5 4.1542040545031575E-5 4.1542040545031575E-5 4.1542040545031575E-5 0.6896394150880691
4.679019277559424E-5 4.679019277559424E-5 4.679019277559424E-5 0.00940482874789444 0.002386299831555306 4.679019277559424E-5 4.679019277559424E-5 0.2433557926258656 4.679019277559424E-5 4.679019277559424E-5 4.679019277559424E-5 4.679019277559424E-5 4.679019277559424E-5 4.679019277559424E-5 4.679019277559424E-5 4.679019277559424E-5 4.679019277559424E-5 4.679019277559424E-5 4.679019277559424E-5 4.679019277559424E-5 4.679019277559424E-5 0.7440108553247239
0.41716602044413115 5.8747503231112676E-5 5.8747503231112676E-5 5.8747503231112676E-5 5.8747503231112676E-5 5.8747503231112676E-5 5.8747503231112676E-5 5.8747503231112676E-5 5.8747503231112676E-5 5.8747503231112676E-5 5.8747503231112676E-5 5.8747503231112676E-5 5.8747503231112676E-5 5.8747503231112676E-5 0.5816590294912467 5.8747503231112676E-5 5.8747503231112676E-5 5.8747503231112676E-5 5.8747503231112676E-5 5.8747503231112676E-5 5.8747503231112676E-5 5.8747503231112676E-5
5.658669081032141E-5 5.658669081032141E-5 5.658669081032141E-5 5.658669081032141E-5 5.658669081032141E-5 5.658669081032141E-5 5.658669081032141E-5 5.658669081032141E-5 5.658669081032141E-5 5.658669081032141E-5 5.658669081032141E-5 5.658669081032141E-5 5.658669081032141E-5 5.658669081032141E-5 5.658669081032141E-5 5.658669081032141E-5 5.658669081032141E-5 5.658669081032141E-5 5.658669081032141E-5 0.002885921231326392 5.658669081032141E-5 0.9959823449524672
7.056167090036692E-5 7.056167090036692E-5 7.056167090036692E-5 7.056167090036692E-5 7.056167090036692E-5 0.003598645215918713 7.056167090036692E-5 7.056167090036692E-5 7.056167090036692E-5 7.056167090036692E-5 7.056167090036692E-5 7.056167090036692E-5 7.056167090036692E-5 7.056167090036692E-5 0.9949901213660739 7.056167090036692E-5 7.056167090036692E-5 7.056167090036692E-5 7.056167090036692E-5 7.056167090036692E-5 7.056167090036692E-5 7.056167090036692E-5
1.254390366281987E-4 1.254390366281987E-4 1.254390366281987E-4 1.254390366281987E-4 1.254390366281987E-4 1.254390366281987E-4 1.254390366281987E-4 1.254390366281987E-4 1.254390366281987E-4 1.254390366281987E-4 1.254390366281987E-4 1.254390366281987E-4 1.254390366281987E-4 1.254390366281987E-4 1.254390366281987E-4 1.254390366281987E-4 1.254390366281987E-4 1.254390366281987E-4 1.254390366281987E-4 1.254390366281987E-4 1.254390366281987E-4 0.9973657802308079
7.649938800489597E-5 7.649938800489597E-5 7.649938800489597E-5 7.649938800489597E-5 7.649938800489597E-5 7.649938800489597E-5 7.649938800489597E-5 7.649938800489597E-5 7.649938800489597E-5 7.649938800489597E-5 7.649938800489597E-5 7.649938800489597E-5 7.649938800489597E-5 7.649938800489597E-5 0.9983935128518971 7.649938800489597E-5 7.649938800489597E-5 7.649938800489597E-5 7.649938800489597E-5 7.649938800489597E-5 7.649938800489597E-5 7.649938800489597E-5
5.428292259255238E-5 5.428292259255238E-5 5.428292259255238E-5 5.428292259255238E-5 5.428292259255238E-5 5.428292259255238E-5 5.428292259255238E-5 5.428292259255238E-5 5.428292259255238E-5 5.428292259255238E-5 5.428292259255238E-5 5.428292259255238E-5 5.428292259255238E-5 5.428292259255238E-5 5.428292259255238E-5 5.428292259255238E-5 5.428292259255238E-5 5.428292259255238E-5 5.428292259255238E-5 5.428292259255238E-5 5.428292259255238E-5 0.9988600586255564
4.036815759728726E-5 4.036815759728726E-5 4.036815759728726E-5 0.00205877603746165 4.036815759728726E-5 4.036815759728726E-5 4.036815759728726E-5 0.43399806232843535 4.036815759728726E-5 4.036815759728726E-5 4.036815759728726E-5 4.036815759728726E-5 4.036815759728726E-5 4.036815759728726E-5 0.3472065234942677 4.036815759728726E-5 4.036815759728726E-5 4.036815759728726E-5 4.036815759728726E-5 4.036815759728726E-5 4.036815759728726E-5 0.21601001130308412
2.5593775593775592E-5 2.5593775593775592E-5 0.5323761261261261 2.5593775593775592E-5 2.5593775593775592E-5 2.5593775593775592E-5 2.5593775593775592E-5 2.5593775593775592E-5 2.5593775593775592E-5 2.5593775593775592E-5 2.5593775593775592E-5 2.5593775593775592E-5 2.5593775593775592E-5 2.5593775593775592E-5 0.4671119983619983 2.5593775593775592E-5 2.5593775593775592E-5 2.5593775593775592E-5 2.5593775593775592E-5 2.5593775593775592E-5 2.5593775593775592E-5 2.5593775593775592E-5
6.016123210203345E-5 6.016123210203345E-5 6.016123210203345E-5 6.016123210203345E-5 6.016123210203345E-5 6.016123210203345E-5 6.016123210203345E-5 6.016123210203345E-5 6.016123210203345E-5 6.016123210203345E-5 6.016123210203345E-5 0.8844302731319937 6.016123210203345E-5 6.016123210203345E-5 0.10835037901576225 6.016123210203345E-5 6.016123210203345E-5 6.016123210203345E-5 6.016123210203345E-5 6.016123210203345E-5 6.016123210203345E-5 0.0060762844423053785
5.3129316756986504E-5 5.3129316756986504E-5 5.3129316756986504E-5 5.3129316756986504E-5 5.3129316756986504E-5 5.3129316756986504E-5 5.3129316756986504E-5 0.0027095951546063117 5.3129316756986504E-5 5.3129316756986504E-5 5.3129316756986504E-5 5.3129316756986504E-5 5.3129316756986504E-5 5.3129316756986504E-5 0.14615875039846987 5.3129316756986504E-5 0.850122197428541 5.3129316756986504E-5 5.3129316756986504E-5 5.3129316756986504E-5 5.3129316756986504E-5 5.3129316756986504E-5
5.1224259809445757E-5 5.1224259809445757E-5 5.1224259809445757E-5 5.1224259809445757E-5 0.6813338797254379 5.1224259809445757E-5 5.1224259809445757E-5 5.1224259809445757E-5 5.1224259809445757E-5 5.1224259809445757E-5 5.1224259809445757E-5 5.1224259809445757E-5 5.1224259809445757E-5 5.1224259809445757E-5 0.3176416350783731 5.1224259809445757E-5 5.1224259809445757E-5 5.1224259809445757E-5 5.1224259809445757E-5 5.1224259809445757E-5 5.1224259809445757E-5 5.1224259809445757E-5
3.330890680167876E-5 3.330890680167876E-5 3.330890680167876E-5 3.330890680167876E-5 3.330890680167876E-5 3.330890680167876E-5 3.330890680167876E-5 3.330890680167876E-5 3.330890680167876E-5 3.330890680167876E-5 3.330890680167876E-5 3.330890680167876E-5 3.330890680167876E-5 3.330890680167876E-5 0.3181333688628339 0.6812004530011324 3.330890680167876E-5 3.330890680167876E-5 3.330890680167876E-5 3.330890680167876E-5 3.330890680167876E-5 3.330890680167876E-5
1.6202203499675956E-4 1.6202203499675956E-4 1.6202203499675956E-4 1.6202203499675956E-4 1.6202203499675956E-4 1.6202203499675956E-4 1.6202203499675956E-4 1.6202203499675956E-4 1.6202203499675956E-4 1.6202203499675956E-4 1.6202203499675956E-4 1.6202203499675956E-4 0.5834413480233311 1.6202203499675956E-4 0.3890149060272197 1.6202203499675956E-4 1.6202203499675956E-4 1.6202203499675956E-4 1.6202203499675956E-4 1.6202203499675956E-4 1.6202203499675956E-4 0.024465327284510695
2.6231572320444885E-5 2.6231572320444885E-5 2.6231572320444885E-5 2.6231572320444885E-5 2.6231572320444885E-5 2.6231572320444885E-5 0.0013378101883426891 2.6231572320444885E-5 2.6231572320444885E-5 2.6231572320444885E-5 2.6231572320444885E-5 2.6231572320444885E-5 2.6231572320444885E-5 2.6231572320444885E-5 0.21250196736792404 2.6231572320444885E-5 2.6231572320444885E-5 0.7856618225696448 2.6231572320444885E-5 2.6231572320444885E-5 2.6231572320444885E-5 2.6231572320444885E-5
1.7946877243359656E-4 1.7946877243359656E-4 1.7946877243359656E-4 1.7946877243359656E-4 1.7946877243359656E-4 1.7946877243359656E-4 1.7946877243359656E-4 1.7946877243359656E-4 1.7946877243359656E-4 1.7946877243359656E-4 1.7946877243359656E-4 0.8975233309404164 1.7946877243359656E-4 1.7946877243359656E-4 0.0988872936109117 1.7946877243359656E-4 1.7946877243359656E-4 1.7946877243359656E-4 1.7946877243359656E-4 1.7946877243359656E-4 1.7946877243359656E-4 1.7946877243359656E-4
7.182876023559834E-5 7.182876023559834E-5 7.182876023559834E-5 7.182876023559834E-5 7.182876023559834E-5 7.182876023559834E-5 7.182876023559834E-5 7.182876023559834E-5 7.182876023559834E-5 7.182876023559834E-5 7.182876023559834E-5 7.182876023559834E-5 7.182876023559834E-5 7.182876023559834E-5 0.8225111334578366 7.182876023559834E-5 7.182876023559834E-5 7.182876023559834E-5 7.182876023559834E-5 7.182876023559834E-5 7.182876023559834E-5 0.17605229133745154
4.18025248725023E-5 4.18025248725023E-5 4.18025248725023E-5 0.683513084190285 4.18025248725023E-5 4.18025248725023E-5 4.18025248725023E-5 4.18025248725023E-5 4.18025248725023E-5 4.18025248725023E-5 4.18025248725023E-5 4.18025248725023E-5 4.18025248725023E-5 4.18025248725023E-5 0.3156508653122649 4.18025248725023E-5 4.18025248725023E-5 4.18025248725023E-5 4.18025248725023E-5 4.18025248725023E-5 4.18025248725023E-5 4.18025248725023E-5
1.4040999719180006E-4 1.4040999719180006E-4 1.4040999719180006E-4 1.4040999719180006E-4 1.4040999719180006E-4 1.4040999719180006E-4 1.4040999719180006E-4 1.4040999719180006E-4 1.4040999719180006E-4 1.4040999719180006E-4 1.4040999719180006E-4 1.4040999719180006E-4 1.4040999719180006E-4 1.4040999719180006E-4 0.28096040438079195 1.4040999719180006E-4 1.4040999719180006E-4 1.4040999719180006E-4 1.4040999719180006E-4 1.4040999719180006E-4 0.7162313956753721 1.4040999719180006E-4
4.814172925091469E-5 4.814172925091469E-5 0.0024552281917966496 4.814172925091469E-5 4.814172925091469E-5 4.814172925091469E-5 4.814172925091469E-5 0.5272000770267669 4.814172925091469E-5 4.814172925091469E-5 4.814172925091469E-5 4.814172925091469E-5 4.814172925091469E-5 4.814172925091469E-5 0.4694300019256692 4.814172925091469E-5 4.814172925091469E-5 4.814172925091469E-5 4.814172925091469E-5 4.814172925091469E-5 4.814172925091469E-5 4.814172925091469E-5
0.008835758835758836 1.7325017325017325E-4 1.7325017325017325E-4 1.7325017325017325E-4 1.7325017325017325E-4 1.7325017325017325E-4 1.7325017325017325E-4 1.7325017325017325E-4 1.7325017325017325E-4 1.7325017325017325E-4 1.7325017325017325E-4 0.9183991683991684 1.7325017325017325E-4 1.7325017325017325E-4 0.06947331947331947 1.7325017325017325E-4 1.7325017325017325E-4 1.7325017325017325E-4 1.7325017325017325E-4 1.7325017325017325E-4 1.7325017325017325E-4 1.7325017325017325E-4
2.875877142528471E-5 2.875877142528471E-5 2.875877142528471E-5 2.875877142528471E-5 2.875877142528471E-5 2.875877142528471E-5 0.41703094443805355 2.875877142528471E-5 2.875877142528471E-5 2.875877142528471E-5 2.875877142528471E-5 2.875877142528471E-5 2.875877142528471E-5 2.875877142528471E-5 0.19702634303462557 2.875877142528471E-5 2.875877142528471E-5 2.875877142528471E-5 2.875877142528471E-5 2.875877142528471E-5 2.875877142528471E-5 0.3853962958702404
4.723219346306443E-5 4.723219346306443E-5 4.723219346306443E-5 4.723219346306443E-5 4.723219346306443E-5 4.723219346306443E-5 4.723219346306443E-5 4.723219346306443E-5 0.9163517853769129 4.723219346306443E-5 4.723219346306443E-5 4.723219346306443E-5 4.723219346306443E-5 4.723219346306443E-5 0.08270357075382581 4.723219346306443E-5 4.723219346306443E-5 4.723219346306443E-5 4.723219346306443E-5 4.723219346306443E-5 4.723219346306443E-5 4.723219346306443E-5
2.9698265621287714E-5 2.9698265621287714E-5 2.9698265621287714E-5 0.7291221192682347 2.9698265621287714E-5 2.9698265621287714E-5 2.9698265621287714E-5 2.9698265621287714E-5 2.9698265621287714E-5 2.9698265621287714E-5 2.9698265621287714E-5 2.9698265621287714E-5 2.9698265621287714E-5 2.9698265621287714E-5 0.2702839154193395 2.9698265621287714E-5 2.9698265621287714E-5 2.9698265621287714E-5 2.9698265621287714E-5 2.9698265621287714E-5 2.9698265621287714E-5 2.9698265621287714E-5
5.2709255745308875E-5 5.2709255745308875E-5 5.2709255745308875E-5 5.2709255745308875E-5 5.2709255745308875E-5 5.2709255745308875E-5 5.2709255745308875E-5 5.2709255745308875E-5 5.2709255745308875E-5 5.2709255745308875E-5 5.2709255745308875E-5 5.2709255745308875E-5 5.2709255745308875E-5 5.2709255745308875E-5 0.6167510014758592 5.2709255745308875E-5 5.2709255745308875E-5 5.2709255745308875E-5 5.2709255745308875E-5 5.2709255745308875E-5 0.38219481340923467 5.2709255745308875E-5
9.155832265152902E-5 9.155832265152902E-5 0.022981138985533785 9.155832265152902E-5 9.155832265152902E-5 9.155832265152902E-5 9.155832265152902E-5 9.155832265152902E-5 9.155832265152902E-5 9.155832265152902E-5 9.155832265152902E-5 9.155832265152902E-5 0.04587071964841604 9.155832265152902E-5 0.9294085332356712 9.155832265152902E-5 9.155832265152902E-5 9.155832265152902E-5 9.155832265152902E-5 9.155832265152902E-5 9.155832265152902E-5 9.155832265152902E-5
2.6094671468086216E-5 2.6094671468086216E-5 2.6094671468086216E-5 2.6094671468086216E-5 2.6094671468086216E-5 2.6094671468086216E-5 2.6094671468086216E-5 2.6094671468086216E-5 2.6094671468086216E-5 2.6094671468086216E-5 0.5480141955012786 2.6094671468086216E-5 2.6094671468086216E-5 2.6094671468086216E-5 0.3431710244768018 2.6094671468086216E-5 2.6094671468086216E-5 2.6094671468086216E-5 2.6094671468086216E-5 2.6094671468086216E-5 2.6094671468086216E-5 0.10831898126402588
8.679048776254123E-5 8.679048776254123E-5 0.7247873633049818 8.679048776254123E-5 8.679048776254123E-5 8.679048776254123E-5 8.679048776254123E-5 8.679048776254123E-5 8.679048776254123E-5 8.679048776254123E-5 8.679048776254123E-5 8.679048776254123E-5 8.679048776254123E-5 8.679048776254123E-5 0.27347682693976744 8.679048776254123E-5 8.679048776254123E-5 8.679048776254123E-5 8.679048776254123E-5 8.679048776254123E-5 8.679048776254123E-5 8.679048776254123E-5
5.6110425317023906E-5 5.6110425317023906E-5 5.6110425317023906E-5 5.6110425317023906E-5 5.6110425317023906E-5 5.6110425317023906E-5 5.6110425317023906E-5 5.6110425317023906E-5 5.6110425317023906E-5 5.6110425317023906E-5 5.6110425317023906E-5 5.6110425317023906E-5 5.6110425317023906E-5 5.6110425317023906E-5 5.6110425317023906E-5 5.6110425317023906E-5 5.6110425317023906E-5 5.6110425317023906E-5 5.6110425317023906E-5 5.6110425317023906E-5 5.6110425317023906E-5 0.9988216810683425
6.463288521199587E-5 6.463288521199587E-5 6.463288521199587E-5 0.8015124095139607 6.463288521199587E-5 6.463288521199587E-5 6.463288521199587E-5 6.463288521199587E-5 6.463288521199587E-5 6.463288521199587E-5 6.463288521199587E-5 6.463288521199587E-5 6.463288521199587E-5 6.463288521199587E-5 0.1971949327817994 6.463288521199587E-5 6.463288521199587E-5 6.463288521199587E-5 6.463288521199587E-5 6.463288521199587E-5 6.463288521199587E-5 6.463288521199587E-5
5.3129316756986504E-5 5.3129316756986504E-5 5.3129316756986504E-5 5.3129316756986504E-5 5.3129316756986504E-5 5.3129316756986504E-5 5.3129316756986504E-5 5.3129316756986504E-5 5.3129316756986504E-5 5.3129316756986504E-5 5.3129316756986504E-5 5.3129316756986504E-5 5.3129316756986504E-5 5.3129316756986504E-5 0.3453936882371693 5.3129316756986504E-5 0.653543725427691 5.3129316756986504E-5 5.3129316756986504E-5 5.3129316756986504E-5 5.3129316756986504E-5 5.3129316756986504E-5
1.6469038208168644E-4 1.6469038208168644E-4 1.6469038208168644E-4 1.6469038208168644E-4 1.6469038208168644E-4 1.6469038208168644E-4 1.6469038208168644E-4 1.6469038208168644E-4 1.6469038208168644E-4 1.6469038208168644E-4 1.6469038208168644E-4 1.6469038208168644E-4 1.6469038208168644E-4 1.6469038208168644E-4 0.4036561264822135 0.5930500658761528 1.6469038208168644E-4 1.6469038208168644E-4 1.6469038208168644E-4 1.6469038208168644E-4 1.6469038208168644E-4 1.6469038208168644E-4
6.320313487548983E-5 6.320313487548983E-5 6.320313487548983E-5 6.320313487548983E-5 6.320313487548983E-5 6.320313487548983E-5 6.320313487548983E-5 6.320313487548983E-5 6.320313487548983E-5 6.320313487548983E-5 6.320313487548983E-5 0.8280242700037921 6.320313487548983E-5 6.320313487548983E-5 0.17071166729869802 6.320313487548983E-5 6.320313487548983E-5 6.320313487548983E-5 6.320313487548983E-5 6.320313487548983E-5 6.320313487548983E-5 6.320313487548983E-5
2.658019244059327E-5 2.658019244059327E-5 2.658019244059327E-5 2.658019244059327E-5 2.658019244059327E-5 2.658019244059327E-5 2.658019244059327E-5 2.658019244059327E-5 0.0013555898144702568 0.5648556695550475 2.658019244059327E-5 2.658019244059327E-5 2.658019244059327E-5 2.658019244059327E-5 0.43328371697411083 2.658019244059327E-5 2.658019244059327E-5 2.658019244059327E-5 2.658019244059327E-5 2.658019244059327E-5 2.658019244059327E-5 2.658019244059327E-5
6.126700159294204E-5 6.126700159294204E-5 6.126700159294204E-5 6.126700159294204E-5 6.126700159294204E-5 6.126700159294204E-5 6.126700159294204E-5 6.126700159294204E-5 6.126700159294204E-5 6.126700159294204E-5 6.126700159294204E-5 0.8608626393824286 6.126700159294204E-5 6.126700159294204E-5 0.13484867050606544 6.126700159294204E-5 6.126700159294204E-5 6.126700159294204E-5 6.126700159294204E-5 6.126700159294204E-5 6.126700159294204E-5 0.0031246170812400443
1.8443378827001107E-4 0.8024714127628181 1.8443378827001107E-4 1.8443378827001107E-4 1.8443378827001107E-4 1.8443378827001107E-4 1.8443378827001107E-4 1.8443378827001107E-4 1.8443378827001107E-4 0.009406123201770564 1.8443378827001107E-4 1.8443378827001107E-4 1.8443378827001107E-4 1.8443378827001107E-4 1.8443378827001107E-4 1.8443378827001107E-4 1.8443378827001107E-4 1.8443378827001107E-4 1.8443378827001107E-4 1.8443378827001107E-4 1.8443378827001107E-4 0.18461822205828107
2.4863252113376433E-4 2.4863252113376433E-4 2.4863252113376433E-4 2.4863252113376433E-4 2.4863252113376433E-4 2.4863252113376433E-4 2.4863252113376433E-4 2.4863252113376433E-4 2.4863252113376433E-4 2.4863252113376433E-4 0.025111884634510195 2.4863252113376433E-4 2.4863252113376433E-4 2.4863252113376433E-4 0.9201889607160616 2.4863252113376433E-4 0.03754351069119841 0.01268025857782198 2.4863252113376433E-4 2.4863252113376433E-4 2.4863252113376433E-4 2.4863252113376433E-4
3.918188229762558E-5 3.918188229762558E-5 3.918188229762558E-5 0.0019982759971789044 0.00983465245670402 3.918188229762558E-5 3.918188229762558E-5 0.1587258051876812 3.918188229762558E-5 3.918188229762558E-5 3.918188229762558E-5 3.918188229762558E-5 3.918188229762558E-5 3.918188229762558E-5 0.06077109944361727 3.918188229762558E-5 3.918188229762558E-5 3.918188229762558E-5 3.918188229762558E-5 3.918188229762558E-5 3.918188229762558E-5 0.768004074915759
3.925879396984925E-5 3.925879396984925E-5 3.925879396984925E-5 3.925879396984925E-5 3.925879396984925E-5 3.925879396984925E-5 3.925879396984925E-5 0.539847675879397 3.925879396984925E-5 3.925879396984925E-5 3.925879396984925E-5 3.925879396984925E-5 3.925879396984925E-5 3.925879396984925E-5 0.45936714824120606 3.925879396984925E-5 3.925879396984925E-5 3.925879396984925E-5 3.925879396984925E-5 3.925879396984925E-5 3.925879396984925E-5 3.925879396984925E-5
6.909894969596462E-5 6.909894969596462E-5 6.909894969596462E-5 6.909894969596462E-5 0.0035240464344941957 6.909894969596462E-5 0.010433941404090657 6.909894969596462E-5 6.909894969596462E-5 6.909894969596462E-5 6.909894969596462E-5 6.909894969596462E-5 6.909894969596462E-5 6.909894969596462E-5 6.909894969596462E-5 6.909894969596462E-5 6.909894969596462E-5 6.909894969596462E-5 6.909894969596462E-5 6.909894969596462E-5 6.909894969596462E-5 0.9847291321171918
2.8883368956155044E-5 2.8883368956155044E-5 2.8883368956155044E-5 2.8883368956155044E-5 2.8883368956155044E-5 2.8883368956155044E-5 2.8883368956155044E-5 2.8883368956155044E-5 2.8883368956155044E-5 0.7163364334816013 0.0014730518167639073 2.8883368956155044E-5 2.8883368956155044E-5 2.8883368956155044E-5 0.28164173069146786 2.8883368956155044E-5 2.8883368956155044E-5 2.8883368956155044E-5 2.8883368956155044E-5 2.8883368956155044E-5 2.8883368956155044E-5 2.8883368956155044E-5
4.7911077041011885E-5 4.7911077041011885E-5 4.7911077041011885E-5 4.7911077041011885E-5 4.7911077041011885E-5 4.7911077041011885E-5 4.7911077041011885E-5 4.7911077041011885E-5 4.7911077041011885E-5 4.7911077041011885E-5 0.6588252203909544 4.7911077041011885E-5 4.7911077041011885E-5 4.7911077041011885E-5 0.3402165580682254 4.7911077041011885E-5 4.7911077041011885E-5 4.7911077041011885E-5 4.7911077041011885E-5 4.7911077041011885E-5 4.7911077041011885E-5 4.7911077041011885E-5
5.148800329523221E-5 5.148800329523221E-5 5.148800329523221E-5 0.002625888168056843 5.148800329523221E-5 0.49691071980228607 5.148800329523221E-5 5.148800329523221E-5 5.148800329523221E-5 5.148800329523221E-5 5.148800329523221E-5 5.148800329523221E-5 5.148800329523221E-5 5.148800329523221E-5 0.03351869014519617 5.148800329523221E-5 5.148800329523221E-5 5.148800329523221E-5 5.148800329523221E-5 5.148800329523221E-5 5.148800329523221E-5 0.4660179178251468
7.53465943339361E-5 7.53465943339361E-5 7.53465943339361E-5 7.53465943339361E-5 7.53465943339361E-5 0.6405213984327909 7.53465943339361E-5 7.53465943339361E-5 7.53465943339361E-5 7.53465943339361E-5 7.53465943339361E-5 7.53465943339361E-5 7.53465943339361E-5 7.53465943339361E-5 7.53465943339361E-5 7.53465943339361E-5 7.53465943339361E-5 7.53465943339361E-5 7.53465943339361E-5 7.53465943339361E-5 7.53465943339361E-5 0.3579716696805304
1.2735284378900181E-5 1.2735284378900181E-5 1.2735284378900181E-5 1.2735284378900181E-5 1.2735284378900181E-5 1.2735284378900181E-5 1.2735284378900181E-5 1.2735284378900181E-5 1.2735284378900181E-5 1.2735284378900181E-5 1.2735284378900181E-5 1.2735284378900181E-5 1.2735284378900181E-5 0.5100608746593311 0.48968441965309084 1.2735284378900181E-5 1.2735284378900181E-5 1.2735284378900181E-5 1.2735284378900181E-5 1.2735284378900181E-5 1.2735284378900181E-5 1.2735284378900181E-5
2.117746717492588E-4 2.117746717492588E-4 2.117746717492588E-4 2.117746717492588E-4 2.117746717492588E-4 2.117746717492588E-4 2.117746717492588E-4 2.117746717492588E-4 2.117746717492588E-4 2.117746717492588E-4 2.117746717492588E-4 2.117746717492588E-4 2.117746717492588E-4 2.117746717492588E-4 2.117746717492588E-4 2.117746717492588E-4 2.117746717492588E-4 2.117746717492588E-4 2.117746717492588E-4 2.117746717492588E-4 2.117746717492588E-4 0.9955527318932655
