0.06013071895424823 0.060784313725490056 0.07647058823529397 0.072549019607843 0.0614379084967319 0.06339869281045737 0.0660130718954247 0.06274509803921556 0.062091503267973726 0.0614379084967319 0.08169934640522862 0.06274509803921555 0.060784313725490056 0.08366013071895408 0.06405228758169922
0.05789473684210526 0.05614035087719298 0.10350877192982452 0.08128654970760238 0.052631578947368425 0.05438596491228071 0.05789473684210524 0.05497076023391813 0.05614035087719296 0.05614035087719297 0.07368421052631573 0.07602339181286552 0.0543859649122807 0.09883040935672507 0.06608187134502916
0.05802469135802457 0.05679012345679001 0.06419753086419742 0.06111111111111101 0.05679012345679001 0.058024691358024585 0.05740740740740729 0.05925925925925916 0.058024691358024585 0.05987654320987642 0.11728395061728378 0.07037037037037022 0.05617283950617273 0.08024691358024677 0.08641975308641961
0.06783625730994149 0.11228070175438593 0.05672514619883039 0.057309941520467825 0.07134502923976603 0.057309941520467846 0.055555555555555566 0.054970760233918115 0.05614035087719298 0.05614035087719297 0.11988304093567242 0.05789473684210525 0.05497076023391813 0.0619883040935672 0.05964912280701748
0.057004830917874484 0.047826086956521796 0.133816425120773 0.05120772946859911 0.059903381642512174 0.04734299516908222 0.05458937198067642 0.05024154589371989 0.04782608695652181 0.051207729468599104 0.1478260869565218 0.07101449275362329 0.04830917874396143 0.07101449275362327 0.060869565217391376
0.058479532163742666 0.13099415204678352 0.05497076023391812 0.0906432748538012 0.05730994152046782 0.05555555555555555 0.05497076023391812 0.08479532163742692 0.05847953216374269 0.060233918128654966 0.060233918128654945 0.05497076023391814 0.06315789473684208 0.057309941520467825 0.05789473684210526
0.08271604938271596 0.05679012345679002 0.05925925925925915 0.06049382716049371 0.06543209876543196 0.06481481481481469 0.05864197530864187 0.10370370370370355 0.0839506172839505 0.05740740740740729 0.06111111111111099 0.06296296296296286 0.05925925925925914 0.05864197530864187 0.06481481481481469
0.0594771241830064 0.0594771241830064 0.10261437908496718 0.07124183006535932 0.059477124183006415 0.05882352941176457 0.0594771241830064 0.06013071895424824 0.0594771241830064 0.05882352941176457 0.08300653594771225 0.060784313725490056 0.06209150326797373 0.08235294117647043 0.06274509803921556
0.0625 0.0625 0.075 0.06944444444444445 0.0625 0.0625 0.0625 0.06319444444444444 0.0625 0.0625 0.08263888888888889 0.0625 0.0625 0.08472222222222223 0.0625
0.06172839506172829 0.05925925925925915 0.06049382716049371 0.06049382716049371 0.059876543209876426 0.08827160493827145 0.06358024691358012 0.05987654320987642 0.08148148148148134 0.06358024691358014 0.061111111111111005 0.09629629629629616 0.0574074074074073 0.06049382716049372 0.06604938271604927
0.06875 0.07291666666666667 0.06319444444444444 0.07083333333333333 0.06527777777777778 0.06388888888888888 0.06597222222222222 0.06875 0.06527777777777778 0.06805555555555555 0.06388888888888888 0.06458333333333334 0.06805555555555555 0.06597222222222222 0.06458333333333334
0.05555555555555545 0.05555555555555545 0.06851851851851841 0.059876543209876426 0.16419753086419733 0.05555555555555545 0.05555555555555545 0.05617283950617273 0.05555555555555545 0.05679012345679001 0.07469135802469123 0.05555555555555545 0.05555555555555545 0.0746913580246912 0.05617283950617273
0.0594771241830064 0.05882352941176457 0.06339869281045737 0.0594771241830064 0.059477124183006415 0.05882352941176457 0.11764705882352917 0.06013071895424824 0.0594771241830064 0.06013071895424823 0.06928104575163384 0.05882352941176457 0.05882352941176457 0.09673202614379066 0.0594771241830064
0.06319444444444444 0.07777777777777778 0.0625 0.06597222222222222 0.0625 0.06458333333333334 0.0625 0.0625 0.0625 0.10138888888888889 0.0625 0.0625 0.0625 0.06319444444444444 0.06388888888888888
0.0574074074074073 0.13086419753086403 0.05740740740740729 0.059876543209876426 0.05740740740740729 0.05555555555555545 0.10679012345678993 0.05555555555555545 0.05617283950617273 0.08456790123456777 0.05555555555555545 0.05555555555555545 0.05617283950617273 0.05555555555555545 0.05555555555555545
0.055555555555555546 0.08888888888888895 0.05789473684210526 0.05614035087719296 0.05497076023391813 0.0549707602339181 0.09999999999999996 0.05380116959064327 0.05497076023391813 0.0543859649122807 0.0660818713450292 0.0783625730994151 0.05789473684210526 0.11169590643274843 0.05438596491228071
0.057309941520467804 0.0660818713450292 0.05497076023391813 0.05672514619883039 0.10701754385964911 0.0543859649122807 0.10760233918128655 0.05672514619883037 0.061403508771929814 0.10175438596491229 0.0573099415204678 0.0543859649122807 0.05380116959064329 0.05614035087719297 0.05438596491228071
0.0801169590643275 0.06198830409356721 0.05672514619883039 0.0690058479532163 0.057309941520467825 0.05438596491228069 0.0912280701754386 0.05789473684210525 0.06842105263157897 0.061988304093567245 0.0608187134502924 0.06081871345029236 0.09941520467836258 0.06023391812865497 0.059649122807017514
0.07407407407407399 0.061904761904761824 0.07248677248677236 0.0555555555555555 0.05820105820105812 0.05661375661375653 0.12962962962962948 0.05820105820105812 0.06984126984126975 0.06349206349206342 0.05925925925925918 0.06455026455026451 0.05873015873015864 0.05978835978835972 0.0576719576719576
0.061437908496731884 0.06339869281045737 0.06339869281045737 0.12091503267973837 0.06339869281045739 0.06078431372549007 0.06274509803921555 0.06209150326797373 0.06405228758169922 0.06209150326797373 0.06535947712418287 0.06666666666666654 0.06078431372549007 0.06013071895424824 0.06274509803921555
0.09411764705882333 0.06732026143790837 0.06274509803921556 0.06405228758169922 0.062091503267973726 0.0660130718954247 0.07124183006535932 0.06928104575163385 0.06535947712418286 0.06209150326797373 0.06601307189542469 0.06274509803921555 0.0614379084967319 0.06013071895424823 0.06535947712418287
0.0577777777777777 0.06999999999999991 0.05499999999999991 0.061666666666666564 0.055555555555555476 0.05666666666666658 0.12333333333333335 0.11888888888888884 0.05499999999999991 0.059999999999999894 0.05833333333333325 0.05777777777777768 0.0527777777777777 0.05499999999999991 0.06222222222222213
0.05757575757575764 0.05050505050505053 0.05050505050505052 0.0494949494949495 0.06767676767676775 0.05555555555555559 0.0954545454545455 0.05151515151515154 0.11414141414141415 0.05606060606060608 0.0762626262626263 0.0626262626262627 0.04898989898989899 0.056060606060606095 0.10757575757575763
0.08383838383838381 0.11919191919191938 0.05656565656565661 0.0494949494949495 0.04797979797979798 0.04595959595959594 0.05959595959595963 0.04595959595959594 0.052020202020202036 0.052020202020202015 0.05757575757575764 0.04848484848484849 0.14949494949494938 0.08181818181818183 0.05000000000000002
0.05614035087719297 0.1321637426900583 0.06374269005847952 0.05964912280701752 0.05614035087719297 0.05321637426900585 0.05730994152046782 0.05380116959064327 0.08947368421052637 0.0584795321637427 0.0637426900584795 0.05321637426900584 0.053801169590643266 0.09415204678362576 0.054970760233918115
0.05882352941176457 0.06013071895424823 0.07320261437908482 0.11764705882352915 0.05882352941176457 0.059477124183006415 0.06078431372549007 0.06078431372549007 0.05882352941176457 0.06013071895424824 0.059477124183006415 0.08039215686274494 0.05882352941176457 0.0594771241830064 0.07320261437908486
0.06535947712418286 0.07189542483660116 0.06405228758169922 0.06535947712418287 0.062091503267973726 0.0640522875816992 0.08235294117647042 0.06078431372549007 0.06470588235294104 0.06732026143790835 0.06209150326797373 0.072549019607843 0.06078431372549007 0.06209150326797373 0.07450980392156849
0.06319444444444444 0.06319444444444444 0.0625 0.0625 0.06319444444444444 0.0625 0.11805555555555555 0.06458333333333334 0.0625 0.0625 0.0625 0.06319444444444444 0.06319444444444444 0.0625 0.06388888888888888
0.06549707602339178 0.06666666666666665 0.05614035087719299 0.06140350877192977 0.06374269005847953 0.055555555555555546 0.15672514619883032 0.06257309941520463 0.06315789473684208 0.05789473684210527 0.05789473684210525 0.060233918128654966 0.058479532163742666 0.05555555555555554 0.05847953216374264
0.06319444444444444 0.0625 0.0625 0.06319444444444444 0.06319444444444444 0.06319444444444444 0.11875 0.06319444444444444 0.0625 0.06319444444444444 0.0625 0.0625 0.0625 0.06388888888888888 0.06319444444444444
0.05499999999999991 0.0538888888888888 0.05444444444444435 0.05944444444444437 0.0549999999999999 0.11333333333333333 0.0538888888888888 0.10111111111111097 0.07777777777777768 0.054999999999999924 0.05333333333333324 0.07777777777777767 0.05166666666666658 0.05444444444444435 0.08388888888888876
0.06319444444444444 0.06875 0.06319444444444444 0.06319444444444444 0.06319444444444444 0.0625 0.06736111111111111 0.06388888888888888 0.0625 0.09236111111111112 0.06527777777777778 0.06875 0.0625 0.06319444444444444 0.07013888888888889
0.11234567901234548 0.06049382716049371 0.05679012345679002 0.05864197530864187 0.058641975308641854 0.05925925925925914 0.059876543209876426 0.05864197530864187 0.06111111111111099 0.059876543209876426 0.05864197530864187 0.11543209876543196 0.058641975308641875 0.05987654320987644 0.061728395061728274
0.11805555555555555 0.0625 0.0625 0.0625 0.0625 0.06527777777777778 0.0625 0.06319444444444444 0.06319444444444444 0.0625 0.0625 0.0625 0.06458333333333334 0.0625 0.06319444444444444
0.07581699346405216 0.061437908496731905 0.062091503267973726 0.06601307189542469 0.0594771241830064 0.08692810457516324 0.06209150326797371 0.06078431372549007 0.059477124183006415 0.06274509803921555 0.0594771241830064 0.0660130718954247 0.0594771241830064 0.06013071895424824 0.09803921568627431
0.06535947712418286 0.0679738562091502 0.07450980392156849 0.0640522875816992 0.062091503267973726 0.06732026143790838 0.062091503267973726 0.06601307189542471 0.06535947712418287 0.06928104575163385 0.06732026143790837 0.06274509803921556 0.06666666666666654 0.06993464052287568 0.06928104575163387
0.059477124183006415 0.05882352941176457 0.05882352941176457 0.0594771241830064 0.05882352941176457 0.05882352941176457 0.11503267973856184 0.05882352941176457 0.059477124183006415 0.0594771241830064 0.05882352941176457 0.11372549019607821 0.0594771241830064 0.059477124183006415 0.0614379084967319
0.0625 0.0625 0.06458333333333334 0.06319444444444444 0.0625 0.0625 0.0625 0.06388888888888888 0.0625 0.06388888888888888 0.0625 0.0625 0.0625 0.06319444444444444 0.11875
0.06319444444444444 0.0625 0.06319444444444444 0.06319444444444444 0.0625 0.0625 0.12013888888888889 0.0625 0.0625 0.06319444444444444 0.0625 0.0625 0.0625 0.0625 0.06458333333333334
0.0594771241830064 0.05882352941176457 0.06078431372549007 0.0594771241830064 0.0594771241830064 0.05882352941176457 0.0594771241830064 0.06013071895424824 0.0594771241830064 0.05882352941176457 0.059477124183006415 0.062091503267973726 0.05882352941176457 0.05882352941176457 0.16601307189542458
0.0625 0.0625 0.0798611111111111 0.06736111111111111 0.06319444444444444 0.0625 0.0625 0.0625 0.0625 0.0625 0.08472222222222223 0.0625 0.0625 0.0798611111111111 0.0625
0.044855967078189354 0.04156378600823049 0.051440329218107025 0.04609053497942391 0.04197530864197536 0.03827160493827165 0.05432098765432105 0.04403292181069962 0.05349794238683132 0.03827160493827165 0.05843621399176962 0.03909465020576135 0.35679012345679 0.05185185185185189 0.03950617283950622
0.053333333333333253 0.05111111111111103 0.052222222222222135 0.05333333333333323 0.07222222222222212 0.050555555555555465 0.07499999999999989 0.05444444444444437 0.05166666666666658 0.050555555555555465 0.10611111111111116 0.05166666666666658 0.1666666666666668 0.059999999999999894 0.05111111111111103
0.0576719576719576 0.0597883597883597 0.0825396825396825 0.06666666666666658 0.05820105820105812 0.05343915343915337 0.056084656084655994 0.05767195767195758 0.05873015873015868 0.05555555555555548 0.05555555555555548 0.08306878306878299 0.05502645502645495 0.05767195767195758 0.14232804232804216
0.05444444444444436 0.05444444444444437 0.059999999999999935 0.058333333333333244 0.05222222222222214 0.05277777777777769 0.053888888888888806 0.052222222222222135 0.052222222222222135 0.05166666666666658 0.1333333333333333 0.05111111111111102 0.05277777777777769 0.06888888888888879 0.15166666666666684
0.0660130718954247 0.06209150326797373 0.06470588235294104 0.062091503267973726 0.06078431372549007 0.060784313725490056 0.11568627450980369 0.06209150326797373 0.07058823529411752 0.06535947712418287 0.06013071895424824 0.06405228758169922 0.06013071895424823 0.061437908496731884 0.0640522875816992
0.06666666666666651 0.06535947712418287 0.06601307189542469 0.07647058823529398 0.06013071895424823 0.07058823529411751 0.07189542483660116 0.06078431372549008 0.06405228758169922 0.06405228758169922 0.06535947712418286 0.06339869281045737 0.06013071895424823 0.06732026143790837 0.07777777777777763
0.053439153439153356 0.05185185185185177 0.14550264550264536 0.056084656084656 0.04920634920634914 0.05291005291005283 0.05291005291005284 0.04920634920634914 0.05291005291005283 0.09365079365079357 0.06455026455026446 0.09576719576719564 0.053439153439153356 0.06878306878306872 0.05978835978835972
0.05882352941176457 0.05882352941176457 0.05882352941176457 0.059477124183006415 0.1751633986928102 0.05882352941176457 0.05882352941176457 0.05882352941176457 0.0594771241830064 0.05882352941176457 0.05882352941176457 0.05882352941176457 0.05882352941176457 0.05882352941176457 0.05882352941176457
0.07320261437908482 0.06535947712418287 0.06209150326797373 0.062091503267973726 0.0594771241830064 0.061437908496731884 0.11111111111111087 0.0614379084967319 0.06470588235294106 0.06535947712418289 0.061437908496731884 0.06601307189542471 0.06339869281045737 0.06013071895424824 0.06274509803921555
0.06728395061728384 0.05864197530864187 0.0604938271604937 0.06851851851851838 0.05864197530864187 0.05987654320987642 0.06111111111111099 0.12407407407407386 0.06049382716049371 0.07407407407407396 0.06049382716049371 0.061111111111111005 0.05925925925925915 0.05987654320987644 0.06604938271604927
0.0625 0.0625 0.07916666666666666 0.06666666666666667 0.0625 0.0625 0.0625 0.0625 0.0625 0.06319444444444444 0.07916666666666666 0.06319444444444444 0.0625 0.08611111111111111 0.0625
0.06013071895424824 0.06274509803921556 0.059477124183006415 0.059477124183006415 0.16601307189542458 0.05882352941176457 0.05882352941176457 0.0594771241830064 0.061437908496731905 0.05882352941176457 0.05882352941176457 0.05882352941176457 0.059477124183006415 0.05882352941176457 0.05882352941176457
0.06527777777777778 0.06458333333333334 0.08819444444444445 0.06527777777777778 0.06319444444444444 0.06527777777777778 0.06319444444444444 0.06527777777777778 0.06319444444444444 0.06388888888888888 0.06597222222222222 0.06666666666666667 0.06388888888888888 0.06666666666666667 0.06944444444444445
0.059477124183006415 0.06013071895424823 0.06013071895424823 0.10653594771241807 0.06013071895424823 0.06078431372549007 0.11568627450980369 0.0594771241830064 0.05882352941176457 0.0594771241830064 0.0614379084967319 0.05882352941176457 0.05882352941176457 0.06013071895424824 0.06013071895424824
0.07323232323232332 0.054545454545454584 0.12121212121212124 0.06161616161616167 0.05404040404040408 0.05505050505050509 0.08333333333333338 0.05959595959595963 0.055555555555555594 0.05757575757575762 0.06464646464646473 0.07929292929292933 0.048989898989899 0.06161616161616166 0.06969696969696977
0.06388888888888888 0.06319444444444444 0.07708333333333334 0.06319444444444444 0.0625 0.06319444444444444 0.06527777777777778 0.06319444444444444 0.06319444444444444 0.06388888888888888 0.0625 0.08263888888888889 0.06319444444444444 0.06458333333333334 0.07847222222222222
0.07152777777777777 0.06388888888888888 0.06458333333333334 0.06458333333333334 0.06388888888888888 0.06736111111111111 0.06527777777777778 0.07083333333333333 0.06388888888888888 0.06944444444444445 0.06527777777777778 0.06875 0.06527777777777778 0.06666666666666667 0.06875
0.06790123456790113 0.06481481481481469 0.0802469135802468 0.06790123456790112 0.061728395061728274 0.05925925925925914 0.058641975308641854 0.06296296296296285 0.06358024691358012 0.061111111111111005 0.06728395061728383 0.08765432098765423 0.05987654320987644 0.06728395061728383 0.06975308641975297
0.06419753086419742 0.05864197530864187 0.05987654320987644 0.058641975308641875 0.05925925925925914 0.05679012345679001 0.06604938271604927 0.05617283950617273 0.07160493827160483 0.06111111111111099 0.10123456790123445 0.07222222222222212 0.05925925925925914 0.0641975308641974 0.09074074074074058
0.0625 0.06319444444444444 0.0625 0.0625 0.0625 0.0625 0.11805555555555555 0.0625 0.0625 0.06458333333333334 0.06388888888888888 0.06319444444444444 0.06319444444444444 0.0625 0.06388888888888888
0.06458333333333334 0.06666666666666667 0.06666666666666667 0.06875 0.06458333333333334 0.06319444444444444 0.06527777777777778 0.06527777777777778 0.06736111111111111 0.08194444444444444 0.06736111111111111 0.06527777777777778 0.0625 0.06527777777777778 0.06527777777777778
0.05740740740740729 0.059876543209876426 0.0679012345679011 0.06111111111111099 0.05987654320987644 0.05617283950617273 0.11358024691358004 0.06049382716049372 0.059876543209876426 0.05740740740740729 0.05987654320987644 0.061111111111110984 0.06049382716049371 0.06111111111111099 0.1037037037037035
0.059876543209876426 0.05925925925925915 0.059876543209876426 0.05617283950617273 0.05617283950617273 0.05555555555555545 0.13765432098765415 0.05617283950617273 0.05679012345679001 0.06234567901234556 0.06296296296296285 0.05802469135802457 0.058024691358024585 0.05617283950617273 0.1049382716049381
0.04050179211469531 0.16093189964157714 0.07347670250896052 0.04157706093189961 0.03476702508960571 0.037275985663082406 0.15985663082437276 0.03476702508960571 0.04408602150537631 0.17992831541218648 0.03763440860215051 0.03655913978494621 0.03799283154121861 0.03835125448028671 0.042293906810035815
0.08300653594771225 0.06013071895424823 0.06209150326797373 0.059477124183006415 0.0594771241830064 0.06013071895424824 0.06797385620915018 0.06274509803921555 0.06535947712418287 0.06013071895424823 0.0633986928104574 0.060784313725490056 0.06078431372549007 0.06013071895424823 0.11437908496732004
0.07385620915032666 0.0614379084967319 0.06666666666666653 0.062091503267973726 0.060784313725490056 0.06209150326797373 0.06535947712418287 0.06274509803921555 0.0679738562091502 0.06993464052287568 0.06470588235294106 0.07581699346405216 0.06535947712418289 0.0660130718954247 0.0751633986928103
0.0625 0.0625 0.12152777777777778 0.06319444444444444 0.0625 0.06319444444444444 0.0625 0.0625 0.0625 0.06319444444444444 0.06319444444444444 0.0625 0.06319444444444444 0.0625 0.0625
0.05864197530864187 0.0574074074074073 0.08395061728395052 0.06296296296296283 0.05555555555555545 0.05617283950617273 0.05740740740740729 0.05679012345679001 0.05555555555555545 0.05555555555555545 0.0728395061728394 0.11975308641975282 0.05617283950617273 0.07901234567901222 0.07222222222222213
0.07013888888888889 0.06597222222222222 0.06458333333333334 0.06527777777777778 0.06319444444444444 0.06458333333333334 0.06527777777777778 0.06458333333333334 0.06388888888888888 0.06666666666666667 0.06527777777777778 0.08125 0.06458333333333334 0.06666666666666667 0.06805555555555555
0.06013071895424823 0.06013071895424824 0.06274509803921555 0.05882352941176457 0.0614379084967319 0.06078431372549007 0.0594771241830064 0.11699346405228736 0.06078431372549007 0.0594771241830064 0.09019607843137238 0.0594771241830064 0.06666666666666651 0.06209150326797371 0.06078431372549007
0.06319444444444444 0.0625 0.06319444444444444 0.06388888888888888 0.08541666666666667 0.0625 0.0625 0.06388888888888888 0.06458333333333334 0.06388888888888888 0.08888888888888889 0.0625 0.06319444444444444 0.06666666666666667 0.06319444444444444
0.0625 0.06319444444444444 0.07708333333333334 0.06875 0.0625 0.0625 0.0625 0.06319444444444444 0.0625 0.0625 0.08055555555555556 0.0625 0.0625 0.08472222222222223 0.0625
0.05882352941176457 0.05882352941176457 0.0594771241830064 0.059477124183006415 0.06013071895424824 0.05882352941176457 0.05882352941176457 0.0594771241830064 0.05882352941176457 0.05882352941176457 0.061437908496731884 0.05882352941176457 0.05882352941176457 0.16928104575163372 0.06013071895424824
0.05611111111111102 0.11277777777777769 0.08777777777777769 0.06222222222222214 0.08833333333333324 0.050555555555555465 0.06611111111111104 0.05722222222222212 0.0549999999999999 0.058333333333333244 0.06944444444444435 0.05833333333333324 0.05055555555555547 0.076111111111111 0.05111111111111103
0.05380116959064327 0.05614035087719298 0.05789473684210526 0.05730994152046782 0.08421052631578954 0.05438596491228071 0.0543859649122807 0.05438596491228069 0.05497076023391813 0.05497076023391812 0.05789473684210523 0.15497076023391781 0.05321637426900585 0.0947368421052632 0.056725146198830415
0.0625 0.0625 0.06388888888888888 0.0625 0.06458333333333334 0.0625 0.0625 0.0625 0.0625 0.06319444444444444 0.0625 0.0625 0.0625 0.12083333333333333 0.0625
0.06209150326797373 0.06078431372549007 0.12026143790849649 0.06535947712418286 0.06078431372549007 0.05882352941176457 0.07843137254901945 0.06078431372549008 0.06078431372549007 0.062091503267973726 0.06274509803921555 0.05882352941176457 0.06013071895424823 0.06470588235294104 0.06339869281045739
0.07543859649122803 0.058479532163742666 0.0660818713450292 0.07134502923976603 0.058479532163742666 0.06257309941520468 0.07309941520467834 0.05672514619883039 0.06432748538011693 0.061403508771929814 0.06666666666666662 0.06257309941520466 0.05789473684210524 0.06959064327485377 0.09532163742690056
0.04650205761316877 0.03991769547325108 0.044032921810699635 0.04403292181069963 0.0386831275720165 0.042386831275720196 0.08395061728395067 0.1061728395061728 0.043209876543209916 0.05061728395061734 0.04732510288065847 0.06008230452674903 0.24156378600823045 0.04650205761316875 0.06502057613168732
0.05277777777777769 0.04999999999999991 0.04999999999999991 0.05111111111111103 0.07444444444444434 0.050555555555555465 0.05055555555555547 0.05055555555555547 0.05111111111111103 0.04999999999999991 0.06833333333333323 0.05055555555555547 0.24611111111111109 0.05333333333333324 0.05055555555555547
0.0625 0.0625 0.0763888888888889 0.06666666666666667 0.0625 0.0625 0.0625 0.0625 0.0625 0.0625 0.08541666666666667 0.06319444444444444 0.0625 0.08333333333333333 0.0625
0.06458333333333334 0.06388888888888888 0.06944444444444445 0.06805555555555555 0.06458333333333334 0.06597222222222222 0.06458333333333334 0.06597222222222222 0.06875 0.06875 0.06805555555555555 0.06736111111111111 0.06527777777777778 0.06597222222222222 0.06875
0.09382716049382707 0.05555555555555545 0.06419753086419741 0.0679012345679011 0.05802469135802457 0.05740740740740729 0.0574074074074073 0.06049382716049372 0.058024691358024585 0.05679012345679001 0.07160493827160483 0.06358024691358014 0.058024691358024585 0.11358024691358005 0.06358024691358011
0.047474747474747475 0.052525252525252565 0.04848484848484849 0.048989898989899 0.04848484848484849 0.04595959595959594 0.04848484848484849 0.04848484848484848 0.047474747474747475 0.04595959595959594 0.18131313131313137 0.04696969696969696 0.13535353535353556 0.107070707070707 0.04696969696969696
0.06358024691358014 0.058024691358024585 0.059876543209876426 0.05987654320987642 0.05802469135802457 0.05740740740740729 0.06049382716049371 0.16790123456790096 0.05617283950617273 0.05925925925925915 0.06913580246913568 0.058641975308641854 0.05740740740740729 0.05679012345679001 0.05740740740740729
0.05026455026455019 0.09470899470899458 0.05238095238095231 0.09470899470899458 0.2126984126984123 0.04761904761904755 0.04920634920634913 0.04761904761904755 0.04973544973544967 0.049735449735449674 0.05396825396825389 0.048677248677248604 0.04814814814814808 0.04973544973544966 0.05079365079365073
0.07189542483660118 0.061437908496731905 0.08692810457516323 0.06797385620915017 0.0640522875816992 0.06013071895424823 0.06405228758169922 0.06470588235294104 0.06078431372549007 0.06405228758169923 0.06601307189542471 0.07189542483660116 0.06209150326797373 0.06470588235294106 0.06928104575163385
0.05999999999999991 0.05611111111111102 0.17055555555555554 0.059999999999999915 0.05555555555555547 0.0527777777777777 0.0666666666666666 0.059444444444444335 0.05722222222222214 0.05833333333333325 0.07055555555555547 0.05555555555555547 0.05166666666666658 0.0727777777777777 0.0527777777777777
0.06666666666666653 0.06862745098039202 0.09150326797385604 0.07124183006535935 0.06601307189542471 0.06339869281045737 0.06535947712418287 0.06928104575163382 0.0614379084967319 0.06339869281045739 0.06732026143790835 0.06078431372549007 0.0594771241830064 0.06078431372549007 0.06470588235294106
0.05321637426900584 0.052631578947368425 0.052631578947368425 0.052631578947368425 0.052631578947368425 0.052631578947368425 0.052631578947368425 0.052631578947368425 0.08654970760233921 0.052631578947368425 0.052631578947368425 0.052631578947368425 0.22748538011695918 0.053801169590643266 0.052631578947368425
0.05882352941176457 0.06013071895424824 0.05882352941176457 0.05882352941176457 0.0594771241830064 0.05882352941176457 0.05882352941176457 0.059477124183006415 0.059477124183006415 0.05882352941176457 0.05882352941176457 0.05882352941176457 0.17320261437908469 0.05882352941176457 0.05882352941176457
0.06555555555555549 0.058333333333333244 0.06722222222222213 0.05777777777777768 0.05499999999999991 0.05444444444444437 0.06166666666666658 0.06166666666666658 0.06277777777777768 0.058888888888888796 0.058888888888888796 0.06277777777777768 0.15444444444444458 0.06111111111111103 0.05944444444444435
0.05438596491228069 0.05380116959064329 0.0619883040935672 0.05614035087719299 0.0549707602339181 0.05438596491228071 0.0771929824561404 0.05614035087719299 0.15204678362573068 0.05438596491228068 0.08187134502923972 0.05438596491228069 0.05789473684210524 0.07485380116959064 0.05555555555555554
0.05882352941176457 0.059477124183006415 0.08104575163398678 0.062091503267973726 0.05882352941176457 0.05882352941176457 0.060784313725490056 0.0594771241830064 0.05882352941176457 0.0614379084967319 0.06862745098039202 0.10915032679738539 0.0594771241830064 0.08366013071895408 0.0594771241830064
0.058479532163742666 0.05321637426900586 0.07426900584795318 0.0590643274853801 0.05380116959064327 0.05438596491228071 0.055555555555555566 0.05614035087719296 0.053801169590643266 0.059064327485380076 0.07251461988304087 0.10643274853801166 0.05614035087719298 0.07660818713450292 0.11052631578947361
0.05055555555555547 0.052222222222222135 0.05277777777777769 0.053888888888888806 0.1461111111111113 0.052222222222222135 0.05111111111111102 0.05333333333333324 0.05166666666666658 0.10222222222222206 0.053888888888888806 0.058888888888888796 0.05222222222222213 0.09555555555555544 0.07333333333333322
0.06666666666666658 0.053439153439153377 0.05978835978835972 0.06402116402116395 0.050793650793650724 0.05185185185185177 0.05502645502645495 0.05132275132275124 0.05449735449735443 0.05820105820105812 0.07195767195767187 0.11587301587301578 0.04973544973544967 0.1333333333333332 0.06349206349206342
0.05606060606060612 0.13131313131313133 0.06616161616161624 0.05151515151515151 0.18080808080808078 0.053535353535353575 0.05000000000000001 0.04797979797979798 0.04797979797979796 0.04848484848484849 0.06010101010101014 0.05050505050505049 0.04696969696969696 0.06161616161616167 0.04696969696969696
0.05882352941176457 0.05882352941176457 0.13790849673202596 0.060784313725490056 0.059477124183006415 0.0594771241830064 0.05882352941176457 0.059477124183006415 0.05882352941176457 0.05882352941176457 0.07320261437908482 0.05882352941176457 0.05882352941176457 0.0771241830065358 0.06078431372549007
0.0625 0.0625 0.08055555555555556 0.06875 0.0625 0.0625 0.0625 0.0625 0.0625 0.0625 0.07847222222222222 0.06319444444444444 0.0625 0.08402777777777778 0.0625
0.05740740740740729 0.05555555555555545 0.05555555555555545 0.05679012345679001 0.05555555555555545 0.05555555555555545 0.14814814814814797 0.05617283950617273 0.12222222222222198 0.05617283950617273 0.05679012345679001 0.05617283950617273 0.05555555555555545 0.05555555555555545 0.05679012345679002
0.06209150326797373 0.06601307189542473 0.06405228758169922 0.06078431372549008 0.06601307189542469 0.06013071895424824 0.06013071895424824 0.062091503267973726 0.06535947712418289 0.06470588235294104 0.08235294117647049 0.07124183006535932 0.06078431372549008 0.08235294117647042 0.07189542483660118
0.05882352941176457 0.05882352941176457 0.05882352941176457 0.059477124183006415 0.1712418300653592 0.05882352941176457 0.05882352941176457 0.0594771241830064 0.05882352941176457 0.05882352941176457 0.059477124183006415 0.05882352941176457 0.06013071895424823 0.06078431372549007 0.05882352941176457
0.06543209876543199 0.058641975308641854 0.08703703703703691 0.06604938271604927 0.0574074074074073 0.05679012345679001 0.058024691358024585 0.05555555555555545 0.05802469135802457 0.05740740740740729 0.07037037037037025 0.05679012345679001 0.05617283950617273 0.13641975308641957 0.05987654320987642
0.06875 0.06666666666666667 0.06944444444444445 0.06805555555555555 0.06458333333333334 0.06527777777777778 0.06597222222222222 0.06597222222222222 0.06527777777777778 0.06875 0.06944444444444445 0.06875 0.06319444444444444 0.06527777777777778 0.06458333333333334
0.05555555555555545 0.0870370370370369 0.05740740740740729 0.05987654320987645 0.05679012345679001 0.05617283950617273 0.05679012345679001 0.05679012345679001 0.05617283950617273 0.061728395061728294 0.058641975308641875 0.16543209876543186 0.05555555555555545 0.05987654320987642 0.05617283950617273
0.05502645502645493 0.0756613756613756 0.05079365079365071 0.050264550264550185 0.05185185185185177 0.04973544973544966 0.05026455026455019 0.05079365079365071 0.05079365079365073 0.07883597883597876 0.052380952380952306 0.20264550264550227 0.04973544973544967 0.053968253968253894 0.0772486772486772
0.05679012345679001 0.05617283950617273 0.05679012345679001 0.05679012345679001 0.05617283950617273 0.05617283950617273 0.05617283950617273 0.05555555555555545 0.05679012345679001 0.05617283950617273 0.05555555555555545 0.21172839506172805 0.05617283950617273 0.05679012345679001 0.05617283950617273
0.06234567901234556 0.05617283950617273 0.058641975308641854 0.05617283950617273 0.05555555555555545 0.16481481481481458 0.05617283950617273 0.05617283950617273 0.05802469135802457 0.05617283950617273 0.05555555555555545 0.09382716049382697 0.05555555555555545 0.05617283950617273 0.05864197530864187
0.07719298245614024 0.057309941520467825 0.0567251461988304 0.05380116959064329 0.05614035087719297 0.05614035087719299 0.05380116959064329 0.055555555555555546 0.0543859649122807 0.056725146198830394 0.056725146198830394 0.19766081871345043 0.054970760233918115 0.05614035087719297 0.0567251461988304
0.0625 0.0625 0.07708333333333334 0.06597222222222222 0.0625 0.0625 0.0625 0.06319444444444444 0.0625 0.0625 0.08263888888888889 0.0625 0.0625 0.08611111111111111 0.0625
0.06666666666666653 0.09150326797385606 0.0640522875816992 0.06535947712418289 0.06535947712418287 0.06339869281045737 0.06274509803921555 0.06928104575163385 0.06535947712418287 0.06862745098039201 0.0633986928104574 0.06535947712418286 0.06078431372549007 0.06535947712418287 0.06274509803921555
0.06527777777777778 0.06388888888888888 0.06388888888888888 0.06388888888888888 0.0625 0.06319444444444444 0.0625 0.06319444444444444 0.06319444444444444 0.0625 0.06388888888888888 0.1111111111111111 0.0625 0.06527777777777778 0.06319444444444444
0.0614035087719298 0.05847953216374269 0.05906432748538009 0.05906432748538009 0.05380116959064329 0.053801169590643266 0.056725146198830394 0.060818713450292376 0.060233918128654994 0.11461988304093561 0.061988304093567224 0.08538011695906432 0.05497076023391812 0.055555555555555546 0.10409356725146195
0.06444444444444436 0.05444444444444436 0.05444444444444437 0.0527777777777777 0.05055555555555547 0.05166666666666658 0.058333333333333244 0.0527777777777777 0.0616666666666666 0.11555555555555544 0.05722222222222215 0.10833333333333335 0.05166666666666658 0.06111111111111102 0.10500000000000011
0.058641975308641854 0.05864197530864187 0.0604938271604937 0.0574074074074073 0.05864197530864187 0.05864197530864187 0.05802469135802457 0.05925925925925915 0.05802469135802457 0.17901234567901206 0.059876543209876426 0.05987654320987644 0.058024691358024585 0.05740740740740729 0.058024691358024585
0.06222222222222214 0.050555555555555465 0.05277777777777769 0.05333333333333326 0.05444444444444437 0.05111111111111102 0.2433333333333333 0.05499999999999991 0.06333333333333324 0.05333333333333324 0.052222222222222135 0.05166666666666657 0.05222222222222213 0.052222222222222135 0.05222222222222214
0.05864197530864187 0.05740740740740729 0.05802469135802457 0.05987654320987644 0.05617283950617273 0.05925925925925915 0.06296296296296285 0.05864197530864187 0.058024691358024585 0.17716049382716023 0.05925925925925915 0.05925925925925915 0.05617283950617273 0.059876543209876426 0.05925925925925915
0.0672222222222222 0.054999999999999924 0.058333333333333244 0.0549999999999999 0.0527777777777777 0.05333333333333324 0.106111111111111 0.053333333333333253 0.05333333333333324 0.0538888888888888 0.05611111111111101 0.06555555555555546 0.12555555555555575 0.05333333333333324 0.09111111111111102
0.06470588235294103 0.060784313725490056 0.06078431372549007 0.06535947712418289 0.06405228758169922 0.06666666666666653 0.06470588235294104 0.06535947712418289 0.06274509803921556 0.0614379084967319 0.06339869281045737 0.11307189542483638 0.06078431372549007 0.062091503267973726 0.0640522875816992
0.05277777777777769 0.05111111111111102 0.05111111111111102 0.05166666666666657 0.05055555555555547 0.05111111111111103 0.05166666666666658 0.050555555555555465 0.05166666666666657 0.05055555555555547 0.0527777777777777 0.27888888888888913 0.05111111111111103 0.0527777777777777 0.05166666666666659
0.06944444444444445 0.06875 0.07916666666666666 0.06527777777777778 0.06388888888888888 0.06388888888888888 0.06458333333333334 0.06458333333333334 0.06458333333333334 0.06805555555555555 0.06666666666666667 0.06597222222222222 0.0625 0.06597222222222222 0.06666666666666667
0.06805555555555555 0.06458333333333334 0.07152777777777777 0.06805555555555555 0.06458333333333334 0.06597222222222222 0.06666666666666667 0.06597222222222222 0.06666666666666667 0.06527777777777778 0.06875 0.06736111111111111 0.06597222222222222 0.06597222222222222 0.06458333333333334
0.05740740740740729 0.05555555555555545 0.0574074074074073 0.10740740740740723 0.05679012345679002 0.05679012345679002 0.14629629629629606 0.058024691358024585 0.05555555555555545 0.058024691358024585 0.058024691358024585 0.058641975308641854 0.05925925925925914 0.05679012345679001 0.05802469135802457
0.05882352941176457 0.11960784313725466 0.05882352941176457 0.05882352941176457 0.1071895424836599 0.059477124183006415 0.059477124183006415 0.06339869281045737 0.05882352941176457 0.0594771241830064 0.05882352941176457 0.0594771241830064 0.0594771241830064 0.059477124183006415 0.05882352941176457
0.05882352941176457 0.07320261437908482 0.0614379084967319 0.06405228758169922 0.05882352941176457 0.0594771241830064 0.06013071895424824 0.05882352941176457 0.05882352941176457 0.09477124183006518 0.11307189542483635 0.059477124183006415 0.0594771241830064 0.059477124183006415 0.06013071895424824
0.05789473684210525 0.05438596491228071 0.07894736842105264 0.06140350877192984 0.05321637426900584 0.05438596491228068 0.14444444444444418 0.10233918128654973 0.053801169590643266 0.05614035087719296 0.06198830409356724 0.05380116959064327 0.05497076023391813 0.05438596491228071 0.05789473684210522
0.05601851851851846 0.04722222222222218 0.04722222222222218 0.04629629629629624 0.04722222222222219 0.10555555555555554 0.1907407407407407 0.04675925925925924 0.07361111111111113 0.054166666666666634 0.05555555555555557 0.04722222222222218 0.08333333333333336 0.050462962962962946 0.04861111111111109
0.06601307189542471 0.06013071895424824 0.0660130718954247 0.060784313725490056 0.06013071895424824 0.06405228758169922 0.11503267973856186 0.062091503267973726 0.06339869281045737 0.0640522875816992 0.0614379084967319 0.06535947712418287 0.06339869281045737 0.0614379084967319 0.06666666666666651
0.06315789473684208 0.05555555555555554 0.10292397660818708 0.05906432748538011 0.05497076023391812 0.06023391812865496 0.05847953216374267 0.05964912280701754 0.0643274853801169 0.06257309941520466 0.06081871345029237 0.06432748538011696 0.05380116959064327 0.07309941520467834 0.10701754385964904
0.04786324786324784 0.046581196581196554 0.08717948717948709 0.04700854700854696 0.04786324786324784 0.04358974358974355 0.11153846153846138 0.047008547008546966 0.08675213675213668 0.0811965811965811 0.05256410256410254 0.04871794871794867 0.15085470085470062 0.05299145299145295 0.048290598290598244
0.05277777777777775 0.047685185185185136 0.04814814814814813 0.09814814814814814 0.04444444444444439 0.048148148148148134 0.09768518518518518 0.045370370370370325 0.1550925925925926 0.13055555555555562 0.04814814814814815 0.04490740740740734 0.046759259259259216 0.04398148148148143 0.04814814814814813
0.06728395061728382 0.061111111111111005 0.13209876543209859 0.06913580246913567 0.058024691358024585 0.06234567901234556 0.05987654320987644 0.05679012345679001 0.062345679012345556 0.05987654320987644 0.06419753086419741 0.06358024691358014 0.05802469135802457 0.05864197530864187 0.06666666666666654
0.06262626262626274 0.05252525252525256 0.12020202020202037 0.05151515151515152 0.04848484848484848 0.048989898989899 0.04848484848484847 0.05303030303030304 0.05000000000000001 0.04898989898989899 0.08131313131313135 0.08181818181818179 0.10101010101010109 0.05707070707070711 0.09393939393939395
0.05882352941176457 0.05882352941176457 0.05882352941176457 0.05882352941176457 0.0594771241830064 0.05882352941176457 0.05882352941176457 0.05882352941176457 0.0594771241830064 0.05882352941176457 0.059477124183006415 0.05882352941176457 0.17450980392156837 0.05882352941176457 0.05882352941176457
0.0625 0.0625 0.07847222222222222 0.06458333333333334 0.0625 0.0625 0.0625 0.0625 0.06319444444444444 0.0625 0.08194444444444444 0.0625 0.0625 0.08541666666666667 0.06388888888888888
0.050264550264550206 0.0629629629629629 0.05132275132275125 0.09735449735449725 0.19312169312169278 0.04761904761904755 0.04814814814814808 0.07037037037037028 0.04814814814814808 0.07248677248677239 0.06031746031746026 0.048677248677248604 0.05026455026455019 0.05026455026455019 0.04867724867724859
0.05555555555555545 0.05617283950617273 0.05617283950617273 0.21358024691357988 0.05617283950617273 0.05555555555555545 0.05740740740740729 0.05617283950617273 0.05555555555555545 0.05617283950617273 0.058024691358024585 0.05555555555555545 0.05555555555555545 0.05555555555555545 0.05679012345679001
0.057309941520467825 0.05438596491228069 0.08245614035087714 0.06725146198830409 0.057309941520467804 0.05497076023391812 0.06491228070175438 0.06432748538011691 0.053801169590643266 0.05555555555555554 0.11578947368421043 0.06315789473684205 0.0543859649122807 0.09941520467836254 0.05497076023391814
