0.06013071895424824 0.10196078431372545 0.12418300653594763 0.05882352941176457 0.05882352941176457 0.05882352941176457 0.06013071895424824 0.0594771241830064 0.06013071895424823 0.059477124183006415 0.05882352941176457 0.06013071895424823 0.0594771241830064 0.06013071895424824 0.0594771241830064
0.0625 0.06666666666666667 0.06388888888888888 0.06319444444444444 0.06527777777777778 0.06458333333333334 0.06319444444444444 0.07152777777777777 0.06388888888888888 0.06666666666666667 0.06319444444444444 0.06458333333333334 0.06388888888888888 0.06666666666666667 0.09027777777777778
0.06277777777777767 0.07833333333333324 0.05555555555555547 0.05666666666666658 0.08944444444444434 0.053333333333333253 0.05499999999999991 0.07333333333333321 0.06611111111111102 0.06055555555555546 0.06388888888888879 0.055555555555555476 0.058333333333333244 0.06722222222222213 0.10388888888888895
0.10185185185185175 0.0679012345679011 0.05802469135802457 0.08456790123456774 0.05740740740740729 0.05679012345679001 0.05802469135802459 0.06543209876543199 0.05864197530864187 0.06172839506172829 0.06728395061728384 0.06975308641975297 0.06419753086419741 0.05864197530864187 0.06975308641975296
0.09166666666666659 0.06499999999999989 0.05277777777777769 0.07944444444444433 0.050555555555555465 0.053333333333333253 0.10611111111111095 0.06388888888888881 0.05444444444444437 0.05999999999999991 0.06444444444444436 0.06722222222222216 0.06388888888888881 0.05555555555555547 0.07166666666666657
0.05906432748538009 0.060233918128654966 0.05555555555555555 0.11929824561403496 0.0543859649122807 0.054970760233918115 0.05497076023391812 0.06842105263157885 0.05789473684210522 0.05847953216374267 0.09356725146198822 0.05847953216374265 0.05906432748538012 0.05789473684210524 0.08771929824561402
0.06274509803921555 0.06535947712418289 0.06405228758169922 0.09607843137254883 0.062091503267973726 0.061437908496731884 0.06601307189542471 0.06470588235294104 0.06470588235294104 0.0640522875816992 0.0679738562091502 0.06470588235294104 0.0614379084967319 0.06732026143790837 0.06732026143790835
0.055555555555555476 0.0549999999999999 0.05055555555555547 0.08055555555555546 0.052222222222222135 0.052222222222222135 0.1216666666666666 0.09111111111111106 0.05166666666666658 0.0538888888888888 0.10166666666666656 0.05277777777777769 0.052222222222222135 0.058333333333333265 0.07055555555555545
0.0625 0.0625 0.06319444444444444 0.0625 0.0625 0.0625 0.12291666666666666 0.0625 0.06319444444444444 0.0625 0.0625 0.0625 0.06319444444444444 0.0625 0.0625
0.04927536231884067 0.061835748792270606 0.04637681159420299 0.046859903381642594 0.04492753623188413 0.046376811594202975 0.22946859903381614 0.07342995169082135 0.048792270531401054 0.04879227053140103 0.07922705314009666 0.04492753623188413 0.06231884057971022 0.04879227053140105 0.0685990338164252
0.05026455026455019 0.05132275132275125 0.051851851851851774 0.06560846560846552 0.04920634920634913 0.05238095238095232 0.21693121693121659 0.06878306878306872 0.050793650793650724 0.09206349206349199 0.048677248677248604 0.05132275132275125 0.04814814814814808 0.05132275132275123 0.05132275132275124
0.05882352941176457 0.05882352941176457 0.05882352941176457 0.05882352941176457 0.05882352941176457 0.0594771241830064 0.1705882352941174 0.05882352941176457 0.05882352941176457 0.0594771241830064 0.06013071895424824 0.05882352941176457 0.06013071895424824 0.06078431372549007 0.05882352941176457
0.061437908496731884 0.07843137254901945 0.060784313725490056 0.0594771241830064 0.05882352941176457 0.0594771241830064 0.06862745098039204 0.06078431372549007 0.06013071895424824 0.060784313725490056 0.06013071895424824 0.06339869281045739 0.06078431372549007 0.12483660130718935 0.062091503267973726
0.06527777777777778 0.06875 0.06319444444444444 0.06388888888888888 0.06319444444444444 0.06458333333333334 0.06527777777777778 0.06388888888888888 0.06527777777777778 0.06597222222222222 0.06736111111111111 0.06388888888888888 0.06458333333333334 0.08888888888888889 0.06597222222222222
0.062345679012345556 0.061111111111111005 0.059876543209876426 0.059876543209876426 0.05864197530864187 0.05679012345679001 0.17037037037037014 0.061728395061728274 0.05617283950617273 0.058641975308641875 0.061111111111111005 0.05555555555555545 0.0574074074074073 0.061728395061728274 0.058641975308641854
0.0625 0.0625 0.0625 0.0625 0.0625 0.0625 0.125 0.0625 0.0625 0.0625 0.0625 0.0625 0.0625 0.0625 0.0625
0.0594771241830064 0.05882352941176457 0.059477124183006415 0.05882352941176457 0.059477124183006415 0.0594771241830064 0.16928104575163372 0.05882352941176457 0.05882352941176457 0.06013071895424824 0.0594771241830064 0.05882352941176457 0.05882352941176457 0.061437908496731905 0.05882352941176457
0.0625 0.0625 0.0625 0.0625 0.0625 0.0625 0.12361111111111112 0.0625 0.0625 0.06319444444444444 0.0625 0.06319444444444444 0.0625 0.0625 0.0625
0.0549999999999999 0.06888888888888878 0.05444444444444436 0.05611111111111102 0.0538888888888888 0.05444444444444435 0.10999999999999993 0.06388888888888881 0.06499999999999989 0.07833333333333323 0.0766666666666666 0.06277777777777768 0.06444444444444436 0.07388888888888882 0.06222222222222214
0.0625 0.0625 0.0625 0.0625 0.0625 0.0625 0.125 0.0625 0.0625 0.0625 0.0625 0.0625 0.0625 0.0625 0.0625
0.05166666666666658 0.0777777777777777 0.05499999999999991 0.05499999999999991 0.05222222222222213 0.05166666666666657 0.1972222222222221 0.05888888888888879 0.05166666666666658 0.06833333333333327 0.05166666666666659 0.053333333333333253 0.05555555555555547 0.05722222222222214 0.06277777777777768
0.05679012345679001 0.06419753086419741 0.05864197530864187 0.058024691358024585 0.05617283950617273 0.059876543209876426 0.11543209876543188 0.061728395061728294 0.058641975308641854 0.05864197530864187 0.05925925925925914 0.05925925925925914 0.0574074074074073 0.11358024691358005 0.062345679012345556
0.034027777777777775 0.06215277777777778 0.044097222222222225 0.035416666666666666 0.03263888888888889 0.035416666666666666 0.20208333333333334 0.04861111111111111 0.035069444444444445 0.2673611111111111 0.03680555555555556 0.034375 0.04513888888888889 0.03854166666666667 0.04826388888888889
0.06878306878306871 0.057142857142857065 0.05661375661375654 0.058201058201058135 0.05555555555555547 0.05343915343915337 0.1804232804232802 0.06243386243386236 0.05502645502645494 0.06031746031746025 0.053968253968253874 0.05449735449735442 0.058730158730158646 0.06349206349206339 0.061375661375661285
0.06419753086419742 0.07098765432098753 0.05617283950617273 0.06728395061728384 0.05864197530864187 0.05679012345679002 0.12222222222222198 0.06913580246913568 0.061728395061728274 0.06358024691358014 0.05802469135802457 0.05925925925925916 0.05802469135802457 0.06975308641975296 0.06419753086419742
0.06481481481481469 0.06481481481481469 0.06172839506172829 0.05925925925925915 0.07037037037037024 0.06049382716049371 0.11111111111111094 0.06481481481481471 0.061111111111111005 0.06543209876543198 0.06419753086419742 0.05987654320987642 0.06543209876543196 0.0648148148148147 0.061728395061728274
0.11637426900584788 0.060233918128654945 0.058479532163742666 0.05380116959064327 0.05380116959064329 0.05614035087719297 0.09824561403508773 0.06549707602339178 0.06023391812865496 0.06666666666666664 0.06257309941520466 0.06198830409356724 0.058479532163742694 0.06491228070175435 0.06257309941520464
0.15499999999999997 0.0549999999999999 0.05166666666666658 0.05611111111111103 0.05333333333333324 0.058333333333333244 0.05555555555555547 0.05888888888888881 0.07444444444444431 0.09444444444444433 0.061111111111111005 0.0577777777777777 0.0538888888888888 0.053333333333333253 0.06111111111111102
0.09047619047619038 0.053439153439153377 0.05502645502645495 0.053968253968253874 0.051851851851851774 0.05396825396825389 0.14232804232804225 0.05079365079365071 0.057671957671957576 0.04920634920634913 0.0888888888888888 0.06402116402116394 0.048677248677248604 0.08888888888888878 0.050793650793650724
0.06805555555555555 0.0625 0.0625 0.06319444444444444 0.0625 0.06666666666666667 0.06319444444444444 0.0625 0.0625 0.06527777777777778 0.06388888888888888 0.0625 0.0625 0.06388888888888888 0.10833333333333334
0.1349999999999999 0.06888888888888878 0.05166666666666657 0.05277777777777769 0.05166666666666658 0.0538888888888888 0.053888888888888806 0.05944444444444437 0.06111111111111101 0.053888888888888785 0.05999999999999991 0.06555555555555549 0.061666666666666585 0.1105555555555555 0.059999999999999915
0.06319444444444444 0.06319444444444444 0.0625 0.06458333333333334 0.0625 0.0625 0.0625 0.0625 0.06388888888888888 0.0625 0.06805555555555555 0.06319444444444444 0.06319444444444444 0.11319444444444444 0.0625
0.09181286549707597 0.06783625730994146 0.0549707602339181 0.05847953216374269 0.05497076023391812 0.06257309941520468 0.05789473684210524 0.05964912280701752 0.06023391812865494 0.06023391812865496 0.06023391812865496 0.07602339181286545 0.05730994152046784 0.06315789473684208 0.11461988304093558
0.057309941520467846 0.06081871345029237 0.06725146198830408 0.05614035087719299 0.09941520467836255 0.05789473684210525 0.0567251461988304 0.06900584795321635 0.05789473684210525 0.06432748538011694 0.05847953216374267 0.05672514619883037 0.05847953216374267 0.10701754385964904 0.07251461988304088
0.06319444444444444 0.06388888888888888 0.06527777777777778 0.06388888888888888 0.06319444444444444 0.06458333333333334 0.09930555555555555 0.06527777777777778 0.0625 0.06597222222222222 0.06458333333333334 0.06527777777777778 0.0625 0.06458333333333334 0.06597222222222222
0.06470588235294104 0.06862745098039202 0.0594771241830064 0.06013071895424824 0.06078431372549007 0.06601307189542471 0.061437908496731884 0.08562091503267957 0.06274509803921555 0.0614379084967319 0.06470588235294104 0.06209150326797373 0.06470588235294104 0.06601307189542471 0.09150326797385604
0.06597222222222222 0.06875 0.06597222222222222 0.06527777777777778 0.06319444444444444 0.06458333333333334 0.06597222222222222 0.06944444444444445 0.06527777777777778 0.06666666666666667 0.06458333333333334 0.06527777777777778 0.07708333333333334 0.06527777777777778 0.06666666666666667
0.05882352941176457 0.17254901960784289 0.05882352941176457 0.05882352941176457 0.05882352941176457 0.05882352941176457 0.05882352941176457 0.059477124183006415 0.059477124183006415 0.05882352941176457 0.0594771241830064 0.05882352941176457 0.06013071895424823 0.0594771241830064 0.05882352941176457
0.05321637426900586 0.055555555555555546 0.09473684210526319 0.05380116959064327 0.10818713450292397 0.10818713450292397 0.053801169590643266 0.09356725146198834 0.05380116959064327 0.052631578947368425 0.053801169590643266 0.0543859649122807 0.05614035087719298 0.0549707602339181 0.05321637426900585
0.06013071895424824 0.09281045751633969 0.059477124183006415 0.06013071895424823 0.05882352941176457 0.11568627450980369 0.06013071895424824 0.0614379084967319 0.07450980392156849 0.05882352941176457 0.05882352941176457 0.06078431372549007 0.05882352941176457 0.06078431372549007 0.05882352941176457
0.05380116959064327 0.05555555555555555 0.053801169590643266 0.053801169590643266 0.05321637426900586 0.13391812865497063 0.052631578947368425 0.0567251461988304 0.10935672514619874 0.061988304093567245 0.053801169590643266 0.06198830409356724 0.0543859649122807 0.05380116959064327 0.09122807017543859
0.0567251461988304 0.057309941520467825 0.09064327485380123 0.05847953216374269 0.058479532163742666 0.0912280701754386 0.05789473684210525 0.06315789473684202 0.05380116959064327 0.1099415204678362 0.06432748538011694 0.05555555555555555 0.053801169590643266 0.06315789473684208 0.0654970760233918
0.05679012345679001 0.0722222222222221 0.05679012345679001 0.05679012345679001 0.05679012345679001 0.05679012345679001 0.05555555555555545 0.05987654320987642 0.05617283950617273 0.058641975308641875 0.09938271604938254 0.05555555555555545 0.06111111111111099 0.05555555555555545 0.1419753086419752
0.04088888888888891 0.0417777777777778 0.152 0.04044444444444447 0.08400000000000006 0.08133333333333338 0.0417777777777778 0.04133333333333336 0.0417777777777778 0.04088888888888891 0.19822222222222202 0.04400000000000003 0.04133333333333336 0.06888888888888894 0.04133333333333336
0.06388888888888888 0.06597222222222222 0.06527777777777778 0.06805555555555555 0.06458333333333334 0.06875 0.06597222222222222 0.06736111111111111 0.06666666666666667 0.06666666666666667 0.06805555555555555 0.06736111111111111 0.06458333333333334 0.06736111111111111 0.06944444444444445
0.0625 0.0625 0.06319444444444444 0.0625 0.0625 0.0625 0.0625 0.0625 0.0625 0.06319444444444444 0.12361111111111112 0.0625 0.0625 0.0625 0.0625
0.2602339181286552 0.052631578947368425 0.05321637426900585 0.052631578947368425 0.05321637426900585 0.052631578947368425 0.052631578947368425 0.053801169590643266 0.052631578947368425 0.052631578947368425 0.052631578947368425 0.052631578947368425 0.05321637426900586 0.052631578947368425 0.052631578947368425
0.06535947712418287 0.07843137254901948 0.06405228758169923 0.06339869281045737 0.0614379084967319 0.0633986928104574 0.06078431372549007 0.06666666666666655 0.07189542483660118 0.0660130718954247 0.06470588235294104 0.06274509803921556 0.07320261437908483 0.07058823529411752 0.06732026143790834
0.24021164021163988 0.053968253968253894 0.04973544973544967 0.04973544973544966 0.050264550264550206 0.04973544973544966 0.048677248677248604 0.058730158730158646 0.0576719576719576 0.059788359788359724 0.05449735449735443 0.05238095238095231 0.04920634920634913 0.04973544973544967 0.07566137566137562
0.20444444444444418 0.0426666666666667 0.07511111111111117 0.04133333333333336 0.04044444444444447 0.04044444444444448 0.04133333333333336 0.04088888888888891 0.22044444444444425 0.04177777777777781 0.04222222222222225 0.048000000000000036 0.04000000000000003 0.04044444444444447 0.04044444444444447
0.06262626262626268 0.10303030303030311 0.05050505050505052 0.04949494949494949 0.04797979797979798 0.05101010101010102 0.05000000000000002 0.05050505050505052 0.2303030303030303 0.05252525252525256 0.05151515151515154 0.04898989898989899 0.05101010101010104 0.04999999999999999 0.05050505050505051
0.06470588235294104 0.06470588235294103 0.06013071895424824 0.06274509803921555 0.062091503267973726 0.061437908496731905 0.06274509803921556 0.06274509803921555 0.10130718954248345 0.06732026143790837 0.07058823529411752 0.06405228758169923 0.06339869281045737 0.06535947712418286 0.06666666666666653
0.20052910052910025 0.05026455026455019 0.0952380952380951 0.04920634920634914 0.04973544973544967 0.048677248677248604 0.04761904761904755 0.050264550264550185 0.11111111111111105 0.04920634920634912 0.04973544973544966 0.05132275132275124 0.048677248677248604 0.04814814814814808 0.05026455026455019
0.075 0.06319444444444444 0.06458333333333334 0.06736111111111111 0.06388888888888888 0.06597222222222222 0.06319444444444444 0.06805555555555555 0.06527777777777778 0.06666666666666667 0.06597222222222222 0.0763888888888889 0.06388888888888888 0.06388888888888888 0.06666666666666667
0.22166666666666654 0.052222222222222135 0.05222222222222213 0.05166666666666658 0.04999999999999991 0.05444444444444435 0.05111111111111103 0.05499999999999991 0.0527777777777777 0.0527777777777777 0.09055555555555542 0.06055555555555547 0.05166666666666657 0.05055555555555547 0.05277777777777769
0.07513227513227505 0.055555555555555476 0.05502645502645496 0.06031746031746023 0.05502645502645494 0.10317460317460304 0.04973544973544967 0.09947089947089938 0.05661375661375652 0.057142857142857065 0.05132275132275125 0.11322751322751312 0.05873015873015868 0.05291005291005283 0.05661375661375653
0.06319444444444444 0.06319444444444444 0.0625 0.12013888888888889 0.0625 0.0625 0.0625 0.06319444444444444 0.0625 0.06319444444444444 0.06319444444444444 0.0625 0.0625 0.0625 0.06388888888888888
0.05166666666666659 0.06722222222222214 0.056666666666666594 0.05277777777777769 0.053333333333333253 0.14444444444444451 0.05277777777777769 0.055555555555555476 0.05333333333333324 0.05388888888888881 0.055555555555555455 0.09388888888888879 0.0688888888888888 0.055555555555555476 0.08444444444444431
0.10268199233716473 0.04674329501915703 0.06819923371647503 0.03946360153256699 0.035632183908045935 0.04329501915708809 0.061685823754789204 0.038314176245210683 0.21532567049808454 0.04061302681992333 0.039463601532567 0.05287356321839075 0.0398467432950191 0.044444444444444405 0.13141762452107286
0.05661375661375653 0.053968253968253894 0.09470899470899458 0.04867724867724861 0.05132275132275125 0.04920634920634913 0.04814814814814808 0.05132275132275125 0.18148148148148124 0.051322751322751256 0.05449735449735442 0.06666666666666658 0.04920634920634913 0.0925925925925925 0.05026455026455019
0.1055555555555557 0.0494949494949495 0.09595959595959597 0.04797979797979796 0.05000000000000001 0.05252525252525256 0.048989898989899 0.05000000000000002 0.1984848484848484 0.04848484848484849 0.05050505050505052 0.04949494949494951 0.05050505050505051 0.04848484848484848 0.05353535353535357
0.06604938271604925 0.06913580246913567 0.058641975308641875 0.05740740740740729 0.05679012345679001 0.05679012345679001 0.05617283950617273 0.058024691358024585 0.14691358024691334 0.05864197530864187 0.05802469135802459 0.06975308641975297 0.059876543209876426 0.06234567901234556 0.06543209876543199
0.06319444444444444 0.0625 0.0625 0.06458333333333334 0.0625 0.06319444444444444 0.1125 0.06319444444444444 0.06388888888888888 0.06458333333333334 0.0625 0.06458333333333334 0.06388888888888888 0.0625 0.06388888888888888
0.09738562091503251 0.06535947712418289 0.060784313725490056 0.06078431372549007 0.0614379084967319 0.0594771241830064 0.06078431372549007 0.0660130718954247 0.06666666666666653 0.06274509803921556 0.062091503267973726 0.06339869281045739 0.062091503267973726 0.06470588235294104 0.08627450980392144
0.11830065359477106 0.06209150326797373 0.0594771241830064 0.06274509803921556 0.0594771241830064 0.06339869281045739 0.06013071895424824 0.06339869281045739 0.07320261437908479 0.06078431372549007 0.06405228758169923 0.06928104575163382 0.06078431372549007 0.06078431372549007 0.06209150326797371
0.13535353535353542 0.04646464646464645 0.08535353535353535 0.04595959595959594 0.04595959595959594 0.04797979797979797 0.04595959595959594 0.052525252525252565 0.1212121212121213 0.046464646464646445 0.07777777777777775 0.1080808080808081 0.04747474747474746 0.04696969696969696 0.04646464646464645
0.21790123456790084 0.05617283950617273 0.05555555555555545 0.05555555555555545 0.05555555555555545 0.05555555555555545 0.05617283950617273 0.05555555555555545 0.05555555555555545 0.05679012345679001 0.05679012345679002 0.05555555555555545 0.05555555555555545 0.05555555555555545 0.05617283950617273
0.06013071895424823 0.060784313725490056 0.06013071895424824 0.12418300653594747 0.059477124183006415 0.062091503267973726 0.06013071895424824 0.07058823529411751 0.062091503267973726 0.0660130718954247 0.0594771241830064 0.06078431372549007 0.06535947712418286 0.062091503267973726 0.06666666666666654
0.0625 0.07430555555555556 0.06319444444444444 0.06388888888888888 0.0625 0.06805555555555555 0.0625 0.07013888888888889 0.0625 0.06388888888888888 0.06319444444444444 0.0625 0.06388888888888888 0.07013888888888889 0.08680555555555555
0.05222222222222213 0.05944444444444436 0.05444444444444436 0.11666666666666671 0.055555555555555476 0.05611111111111102 0.05166666666666658 0.06222222222222215 0.05111111111111102 0.055555555555555476 0.05722222222222214 0.05833333333333322 0.05222222222222214 0.16222222222222227 0.05499999999999991
0.06296296296296285 0.0679012345679011 0.058024691358024585 0.08271604938271593 0.058641975308641854 0.05925925925925915 0.06111111111111099 0.0716049382716048 0.05864197530864187 0.06604938271604928 0.06728395061728383 0.058641975308641854 0.05925925925925915 0.0987654320987653 0.0691358024691357
0.06319444444444444 0.06527777777777778 0.06666666666666667 0.10833333333333334 0.06319444444444444 0.0625 0.06388888888888888 0.06319444444444444 0.0625 0.06388888888888888 0.06319444444444444 0.0625 0.06319444444444444 0.06319444444444444 0.06527777777777778
0.06604938271604927 0.05740740740740729 0.05802469135802457 0.10987654320987635 0.05617283950617273 0.06975308641975299 0.05679012345679002 0.06172839506172829 0.05925925925925915 0.06358024691358014 0.06172839506172829 0.05925925925925915 0.058024691358024585 0.05925925925925915 0.10308641975308623
0.05864197530864187 0.06049382716049371 0.05925925925925915 0.062345679012345556 0.06419753086419741 0.059876543209876426 0.10802469135802452 0.05864197530864187 0.05925925925925915 0.06049382716049371 0.06296296296296286 0.05802469135802457 0.058024691358024585 0.10987654320987637 0.05987654320987644
0.05614035087719298 0.07953216374269002 0.05438596491228071 0.05497076023391813 0.05964912280701752 0.05438596491228068 0.058479532163742694 0.13742690058479518 0.06081871345029235 0.06081871345029237 0.05789473684210523 0.056725146198830394 0.06081871345029237 0.07602339181286549 0.07192982456140352
0.06319444444444444 0.06388888888888888 0.06388888888888888 0.0625 0.06388888888888888 0.06319444444444444 0.0625 0.1125 0.06388888888888888 0.0625 0.0625 0.06527777777777778 0.06458333333333334 0.06319444444444444 0.0625
0.05882352941176457 0.06013071895424823 0.060784313725490056 0.060784313725490056 0.16666666666666644 0.06013071895424823 0.06013071895424823 0.05882352941176457 0.059477124183006415 0.05882352941176457 0.05882352941176457 0.059477124183006415 0.05882352941176457 0.05882352941176457 0.0594771241830064
0.06319444444444444 0.0625 0.06319444444444444 0.0625 0.06458333333333334 0.06319444444444444 0.0625 0.0625 0.0625 0.06319444444444444 0.0625 0.0625 0.0625 0.11944444444444445 0.06319444444444444
0.059649122807017535 0.05789473684210524 0.05964912280701752 0.05614035087719297 0.056725146198830415 0.11286549707602335 0.05321637426900584 0.07719298245614035 0.05497076023391813 0.0590643274853801 0.058479532163742645 0.05730994152046784 0.05555555555555554 0.11812865497076011 0.06315789473684208
0.059876543209876426 0.06049382716049371 0.05925925925925914 0.06049382716049372 0.05925925925925915 0.11666666666666647 0.05617283950617273 0.07345679012345667 0.059876543209876426 0.06666666666666655 0.06481481481481469 0.06049382716049372 0.06358024691358014 0.0641975308641974 0.07469135802469123
0.04797979797979798 0.053535353535353554 0.048989898989899 0.04797979797979797 0.1767676767676767 0.10353535353535359 0.04797979797979798 0.08181818181818186 0.04949494949494951 0.0494949494949495 0.05000000000000001 0.05050505050505053 0.051010101010101026 0.0878787878787879 0.053030303030303046
0.06319444444444444 0.0625 0.0625 0.0625 0.06319444444444444 0.12152777777777778 0.0625 0.0625 0.0625 0.0625 0.0625 0.06319444444444444 0.0625 0.0625 0.06388888888888888
0.0543859649122807 0.05614035087719297 0.0567251461988304 0.05906432748538011 0.06198830409356726 0.1216374269005847 0.056725146198830394 0.06725146198830403 0.057309941520467804 0.06140350877192982 0.05614035087719298 0.057309941520467804 0.05614035087719298 0.10877192982456138 0.06900584795321633
0.05802469135802457 0.058024691358024585 0.05679012345679001 0.05617283950617273 0.05925925925925914 0.11049382716049361 0.08765432098765416 0.10185185185185171 0.05987654320987642 0.058024691358024585 0.058641975308641854 0.05740740740740729 0.058024691358024585 0.06049382716049371 0.05925925925925916
0.0679738562091502 0.0679738562091502 0.06666666666666654 0.05882352941176457 0.059477124183006415 0.06274509803921556 0.062091503267973726 0.09607843137254886 0.06274509803921556 0.06470588235294104 0.0614379084967319 0.060784313725490056 0.07777777777777763 0.06862745098039202 0.06209150326797373
0.054040404040404076 0.058080808080808136 0.04949494949494951 0.05151515151515153 0.053535353535353554 0.1015151515151516 0.05252525252525256 0.09646464646464654 0.056060606060606075 0.05959595959595962 0.06818181818181823 0.051010101010101026 0.05050505050505051 0.12121212121212126 0.07626262626262628
0.06666666666666667 0.06597222222222222 0.06736111111111111 0.06388888888888888 0.06319444444444444 0.06319444444444444 0.06458333333333334 0.07013888888888889 0.08472222222222223 0.06527777777777778 0.06319444444444444 0.06319444444444444 0.06458333333333334 0.06875 0.06527777777777778
0.06458333333333334 0.06666666666666667 0.06875 0.06388888888888888 0.06527777777777778 0.06527777777777778 0.06666666666666667 0.06597222222222222 0.06875 0.06736111111111111 0.06388888888888888 0.06527777777777778 0.06666666666666667 0.07291666666666667 0.06805555555555555
0.06319444444444444 0.06319444444444444 0.06388888888888888 0.06319444444444444 0.0625 0.0625 0.06319444444444444 0.09861111111111111 0.0625 0.06736111111111111 0.06388888888888888 0.06597222222222222 0.0625 0.06458333333333334 0.07291666666666667
0.0625 0.0625 0.06319444444444444 0.0625 0.12013888888888889 0.0625 0.0625 0.0625 0.0625 0.06319444444444444 0.0625 0.06458333333333334 0.0625 0.06319444444444444 0.06319444444444444
0.052222222222222135 0.05055555555555547 0.14277777777777786 0.04999999999999991 0.05611111111111102 0.05666666666666657 0.053333333333333253 0.052222222222222135 0.04999999999999991 0.08999999999999986 0.05166666666666658 0.0922222222222221 0.09999999999999984 0.05111111111111103 0.05111111111111103
0.0625 0.0625 0.0625 0.0625 0.0625 0.0625 0.0625 0.0625 0.0625 0.0625 0.0625 0.0625 0.12430555555555556 0.06319444444444444 0.0625
0.05987654320987642 0.05802469135802457 0.058641975308641854 0.05679012345679002 0.0574074074074073 0.059876543209876426 0.06234567901234558 0.06296296296296285 0.05925925925925916 0.14259259259259235 0.05679012345679001 0.05925925925925915 0.08888888888888877 0.05925925925925915 0.05802469135802457
0.04212962962962957 0.04212962962962958 0.2680555555555555 0.04259259259259253 0.13333333333333333 0.056944444444444436 0.041666666666666616 0.042129629629629566 0.041666666666666616 0.07453703703703701 0.04305555555555551 0.04444444444444436 0.042129629629629566 0.04212962962962957 0.0430555555555555
0.10292397660818711 0.05847953216374269 0.054970760233918115 0.09649122807017546 0.05321637426900585 0.05380116959064327 0.05789473684210526 0.0543859649122807 0.06374269005847948 0.055555555555555546 0.05555555555555555 0.055555555555555525 0.10467836257309943 0.0783625730994152 0.05438596491228069
0.0625 0.06319444444444444 0.0625 0.0625 0.0625 0.0625 0.0625 0.06319444444444444 0.0625 0.12361111111111112 0.0625 0.0625 0.0625 0.0625 0.0625
0.05555555555555554 0.058479532163742694 0.05614035087719297 0.056725146198830394 0.055555555555555566 0.054970760233918115 0.06140350877192979 0.0637426900584795 0.055555555555555525 0.16900584795321627 0.07017543859649118 0.05497076023391812 0.05672514619883042 0.060233918128654924 0.07076023391812862
0.061437908496731905 0.06535947712418287 0.08039215686274494 0.06078431372549007 0.0594771241830064 0.06405228758169922 0.05882352941176457 0.06078431372549007 0.0594771241830064 0.0594771241830064 0.060784313725490056 0.059477124183006415 0.1287581699346403 0.062091503267973726 0.05882352941176457
0.05944444444444436 0.057222222222222126 0.053888888888888785 0.05555555555555547 0.053333333333333253 0.0549999999999999 0.05166666666666658 0.058888888888888796 0.053333333333333253 0.12055555555555547 0.053888888888888806 0.05277777777777769 0.16222222222222232 0.055555555555555476 0.05666666666666658
0.05277777777777769 0.09388888888888892 0.11111111111111135 0.05333333333333324 0.05277777777777769 0.05499999999999991 0.052222222222222135 0.055555555555555476 0.05111111111111103 0.0527777777777777 0.06333333333333324 0.05333333333333326 0.12055555555555546 0.07611111111111102 0.05611111111111102
0.06296296296296285 0.059876543209876426 0.05740740740740729 0.05925925925925914 0.05740740740740729 0.05617283950617273 0.05864197530864187 0.0604938271604937 0.05679012345679001 0.06604938271604925 0.0574074074074073 0.05617283950617273 0.15679012345678994 0.07777777777777765 0.05679012345679001
0.05333333333333326 0.056666666666666574 0.05333333333333324 0.1622222222222223 0.05611111111111102 0.055555555555555476 0.05611111111111104 0.05944444444444436 0.058333333333333244 0.07944444444444435 0.05999999999999991 0.052222222222222135 0.08722222222222209 0.053888888888888806 0.05611111111111102
0.05882352941176457 0.061437908496731884 0.10588235294117625 0.0594771241830064 0.06666666666666654 0.06470588235294104 0.06274509803921555 0.05882352941176457 0.06013071895424823 0.0614379084967319 0.0594771241830064 0.06013071895424823 0.0614379084967319 0.0999999999999998 0.05882352941176457
0.062345679012345556 0.098148148148148 0.06049382716049371 0.059876543209876426 0.06296296296296285 0.06419753086419742 0.06111111111111099 0.07098765432098753 0.0648148148148147 0.07530864197530852 0.06296296296296283 0.05802469135802457 0.06604938271604925 0.06543209876543199 0.06728395061728384
0.05507246376811606 0.0816425120772948 0.05748792270531411 0.05700483091787449 0.055555555555555636 0.062318840579710225 0.08212560386473439 0.07777777777777788 0.06086956521739139 0.11304347826086959 0.05845410628019332 0.051207729468599125 0.05652173913043487 0.062318840579710225 0.06859903381642522
0.054970760233918115 0.05672514619883039 0.0543859649122807 0.05321637426900584 0.05614035087719295 0.055555555555555546 0.05497076023391814 0.05847953216374265 0.0543859649122807 0.06432748538011696 0.056725146198830415 0.05438596491228071 0.2140350877192983 0.05614035087719297 0.05555555555555555
0.05555555555555545 0.05555555555555545 0.05555555555555545 0.05555555555555545 0.05617283950617273 0.05555555555555545 0.10123456790123439 0.05925925925925914 0.05617283950617273 0.06604938271604924 0.05617283950617273 0.05555555555555545 0.15679012345678997 0.05925925925925916 0.05555555555555545
0.05987654320987645 0.0648148148148147 0.05740740740740729 0.13209876543209859 0.05679012345679001 0.06049382716049371 0.059876543209876426 0.06975308641975299 0.06358024691358014 0.06358024691358014 0.05864197530864187 0.06172839506172827 0.059876543209876426 0.06296296296296286 0.06851851851851837
0.06319444444444444 0.06805555555555555 0.06319444444444444 0.06527777777777778 0.06458333333333334 0.06388888888888888 0.06388888888888888 0.06597222222222222 0.06597222222222222 0.06388888888888888 0.07013888888888889 0.07847222222222222 0.06527777777777778 0.06805555555555555 0.07013888888888889
0.05555555555555545 0.05740740740740729 0.05864197530864187 0.05555555555555545 0.05679012345679001 0.062345679012345556 0.0574074074074073 0.05740740740740729 0.08950617283950602 0.05555555555555545 0.05555555555555545 0.1697530864197528 0.05617283950617273 0.05555555555555545 0.05679012345679001
0.05079365079365073 0.04973544973544967 0.16772486772486747 0.052910052910052824 0.04973544973544966 0.054497354497354406 0.04867724867724861 0.04973544973544965 0.0857142857142856 0.05714285714285706 0.05291005291005284 0.1317460317460316 0.04920634920634913 0.04920634920634913 0.050264550264550185
0.0594771241830064 0.0594771241830064 0.15424836601307165 0.05882352941176457 0.05882352941176457 0.060784313725490056 0.0594771241830064 0.06078431372549007 0.05882352941176457 0.07189542483660116 0.0594771241830064 0.0614379084967319 0.05882352941176457 0.05882352941176457 0.05882352941176457
0.045893719806763364 0.04492753623188414 0.15748792270531412 0.045893719806763364 0.10821256038647348 0.10821256038647344 0.04396135265700491 0.08067632850241557 0.08019323671497597 0.04492753623188414 0.0473429951690822 0.053623188405797204 0.0468599033816426 0.047342995169082205 0.04444444444444452
0.05882352941176457 0.11568627450980369 0.05882352941176457 0.0594771241830064 0.06078431372549007 0.08562091503267957 0.05882352941176457 0.06078431372549007 0.06013071895424824 0.0614379084967319 0.07385620915032665 0.06013071895424823 0.0640522875816992 0.0594771241830064 0.06209150326797371
0.07388888888888878 0.054999999999999924 0.05444444444444435 0.10222222222222206 0.05444444444444436 0.054999999999999924 0.05166666666666658 0.0999999999999999 0.11499999999999999 0.05499999999999991 0.053333333333333253 0.06333333333333321 0.053888888888888806 0.05777777777777769 0.05499999999999991
0.045893719806763364 0.04830917874396144 0.04830917874396145 0.05024154589371989 0.06328502415458949 0.20724637681159427 0.04396135265700491 0.04830917874396144 0.04541062801932375 0.04492753623188414 0.07584541062801943 0.10821256038647349 0.04589371980676337 0.047342995169082205 0.07681159420289863
0.06736111111111111 0.06458333333333334 0.06388888888888888 0.06458333333333334 0.06319444444444444 0.06666666666666667 0.06319444444444444 0.08333333333333333 0.06388888888888888 0.06458333333333334 0.06597222222222222 0.06527777777777778 0.06805555555555555 0.06597222222222222 0.06944444444444445
0.06319444444444444 0.06388888888888888 0.0625 0.0625 0.06527777777777778 0.0625 0.0625 0.1125 0.06319444444444444 0.0625 0.06388888888888888 0.06319444444444444 0.06527777777777778 0.06388888888888888 0.06319444444444444
0.047474747474747475 0.051010101010101026 0.04797979797979798 0.04797979797979798 0.07020202020202028 0.21767676767676772 0.04646464646464645 0.055050505050505044 0.052020202020202036 0.06060606060606068 0.08838383838383843 0.06161616161616168 0.05101010101010101 0.05151515151515154 0.05101010101010102
0.062091503267973726 0.06013071895424823 0.14379084967320238 0.062091503267973726 0.060784313725490056 0.0633986928104574 0.05882352941176457 0.06470588235294104 0.059477124183006415 0.0614379084967319 0.06078431372549007 0.06274509803921556 0.05882352941176457 0.0614379084967319 0.0594771241830064
0.0625 0.06388888888888888 0.06319444444444444 0.0625 0.06736111111111111 0.0625 0.0625 0.11319444444444444 0.0625 0.0625 0.0625 0.06388888888888888 0.06527777777777778 0.06319444444444444 0.0625
0.0625 0.06319444444444444 0.0625 0.0625 0.06319444444444444 0.0625 0.0625 0.0625 0.11666666666666667 0.06319444444444444 0.06319444444444444 0.06736111111111111 0.0625 0.06319444444444444 0.0625
0.1337301587301588 0.04404761904761903 0.0797619047619047 0.038492063492063466 0.08690476190476186 0.042857142857142864 0.061904761904761865 0.06865079365079363 0.14880952380952386 0.04563492063492063 0.04484126984126983 0.07380952380952377 0.04246031746031744 0.041666666666666644 0.0464285714285714
0.04266666666666669 0.06311111111111116 0.04844444444444448 0.08355555555555562 0.046222222222222255 0.10355555555555562 0.04133333333333336 0.0644444444444445 0.04400000000000003 0.044444444444444474 0.11244444444444446 0.08755555555555561 0.044888888888888916 0.10311111111111118 0.07022222222222227
0.05757575757575761 0.06212121212121219 0.048989898989899 0.13333333333333344 0.05 0.04898989898989899 0.04595959595959594 0.1025252525252526 0.1040404040404041 0.05151515151515155 0.05454545454545458 0.06363636363636371 0.057575757575757606 0.051010101010101026 0.0681818181818182
0.06388888888888888 0.10902777777777778 0.06388888888888888 0.06319444444444444 0.0625 0.06319444444444444 0.0625 0.06458333333333334 0.06319444444444444 0.06319444444444444 0.06319444444444444 0.06388888888888888 0.06319444444444444 0.06527777777777778 0.06527777777777778
0.05999999999999991 0.08333333333333323 0.053888888888888806 0.05999999999999991 0.06277777777777768 0.05611111111111102 0.053888888888888806 0.11499999999999996 0.05611111111111103 0.06111111111111103 0.07666666666666659 0.06055555555555547 0.06444444444444436 0.07166666666666659 0.06444444444444436
0.06555555555555546 0.06777777777777771 0.059999999999999915 0.056666666666666574 0.06277777777777767 0.07166666666666657 0.05722222222222215 0.10722222222222215 0.06277777777777768 0.06333333333333324 0.07111111111111101 0.06111111111111102 0.06111111111111103 0.06444444444444436 0.06722222222222213
0.053888888888888806 0.056666666666666574 0.05333333333333324 0.15611111111111103 0.05499999999999991 0.05444444444444437 0.05055555555555547 0.10499999999999995 0.05277777777777769 0.05722222222222214 0.058888888888888796 0.05722222222222212 0.0527777777777777 0.07833333333333325 0.05777777777777768
0.06458333333333334 0.07152777777777777 0.06319444444444444 0.06319444444444444 0.06319444444444444 0.06527777777777778 0.06458333333333334 0.06388888888888888 0.0763888888888889 0.06319444444444444 0.06388888888888888 0.08402777777777778 0.06388888888888888 0.06319444444444444 0.06597222222222222
0.09691358024691345 0.06111111111111099 0.058641975308641854 0.06419753086419741 0.05987654320987644 0.062345679012345556 0.05925925925925915 0.06666666666666657 0.06358024691358012 0.06666666666666654 0.06666666666666654 0.07716049382716038 0.06049382716049372 0.06358024691358014 0.07283950617283938
0.07098765432098751 0.06851851851851841 0.0604938271604937 0.058024691358024585 0.058024691358024585 0.05864197530864187 0.1018518518518517 0.06419753086419742 0.06666666666666654 0.06358024691358012 0.061728395061728274 0.06790123456790113 0.06049382716049371 0.06481481481481469 0.07407407407407393
0.05555555555555555 0.058479532163742645 0.08362573099415206 0.14035087719298225 0.056725146198830394 0.0549707602339181 0.05321637426900585 0.09590643274853804 0.05789473684210526 0.056725146198830394 0.056725146198830394 0.06432748538011693 0.05730994152046784 0.05497076023391813 0.05321637426900585
0.06319444444444444 0.08333333333333333 0.0625 0.06388888888888888 0.0625 0.06319444444444444 0.0625 0.06527777777777778 0.0625 0.0625 0.06527777777777778 0.06319444444444444 0.0625 0.06736111111111111 0.09027777777777778
0.061111111111111005 0.06234567901234556 0.05679012345679001 0.059876543209876426 0.058641975308641854 0.1746913580246911 0.05679012345679001 0.05864197530864187 0.058024691358024585 0.058024691358024585 0.06049382716049371 0.0574074074074073 0.06111111111111099 0.058024691358024585 0.058024691358024585
0.0637426900584795 0.057894736842105284 0.07660818713450289 0.05614035087719298 0.05847953216374267 0.059064327485380125 0.0543859649122807 0.06725146198830405 0.07134502923976602 0.061988304093567224 0.09824561403508775 0.09532163742690056 0.06081871345029237 0.060233918128654945 0.05847953216374269
0.06049382716049372 0.06296296296296286 0.05864197530864187 0.062345679012345556 0.05679012345679001 0.17222222222222197 0.058024691358024585 0.0574074074074073 0.05679012345679001 0.058641975308641854 0.05864197530864187 0.058641975308641875 0.06111111111111099 0.059876543209876426 0.0574074074074073
0.061904761904761824 0.06349206349206342 0.05291005291005284 0.05502645502645494 0.12222222222222212 0.08201058201058195 0.04973544973544967 0.06455026455026448 0.05396825396825389 0.05767195767195762 0.06825396825396816 0.05343915343915337 0.056084656084656 0.056084656084656015 0.10264550264550255
0.06470588235294103 0.07254901960784298 0.0614379084967319 0.06078431372549007 0.06405228758169922 0.06339869281045737 0.06470588235294104 0.06993464052287568 0.06013071895424824 0.06274509803921555 0.06797385620915017 0.06274509803921555 0.0633986928104574 0.06535947712418286 0.09607843137254887
0.06797385620915017 0.06862745098039201 0.06666666666666654 0.06797385620915021 0.06013071895424824 0.06601307189542471 0.06339869281045737 0.0614379084967319 0.06535947712418289 0.07189542483660118 0.06666666666666654 0.06666666666666654 0.0640522875816992 0.06928104575163385 0.07385620915032666
0.05444444444444435 0.10833333333333327 0.05333333333333324 0.05333333333333324 0.05111111111111103 0.050555555555555465 0.15277777777777796 0.06444444444444432 0.057222222222222126 0.05444444444444436 0.055555555555555476 0.05611111111111104 0.0527777777777777 0.05777777777777768 0.07777777777777768
