0.06862745098039201 0.06274509803921555 0.06535947712418287 0.07124183006535934 0.0679738562091502 0.06405228758169923 0.06405228758169922 0.06405228758169922 0.061437908496731884 0.06274509803921556 0.07189542483660115 0.06535947712418286 0.07777777777777764 0.06470588235294104 0.0679738562091502
0.06319444444444444 0.0625 0.06319444444444444 0.0625 0.06319444444444444 0.06319444444444444 0.0625 0.0625 0.0625 0.06319444444444444 0.11736111111111111 0.06597222222222222 0.06319444444444444 0.0625 0.0625
0.06875 0.06527777777777778 0.07222222222222222 0.06666666666666667 0.06388888888888888 0.06458333333333334 0.06666666666666667 0.06458333333333334 0.06458333333333334 0.06736111111111111 0.07083333333333333 0.06597222222222222 0.06527777777777778 0.06805555555555555 0.06527777777777778
0.06666666666666667 0.06597222222222222 0.06805555555555555 0.06597222222222222 0.06388888888888888 0.06319444444444444 0.06458333333333334 0.06319444444444444 0.06458333333333334 0.06527777777777778 0.075 0.06458333333333334 0.07847222222222222 0.06527777777777778 0.06527777777777778
0.06535947712418286 0.061437908496731905 0.06470588235294106 0.06797385620915021 0.0614379084967319 0.060784313725490056 0.06732026143790838 0.06470588235294103 0.06274509803921555 0.06666666666666654 0.0614379084967319 0.06339869281045737 0.0640522875816992 0.103267973856209 0.06470588235294104
0.06274509803921555 0.062091503267973726 0.06339869281045739 0.0614379084967319 0.06470588235294104 0.06274509803921555 0.06666666666666654 0.06013071895424823 0.06078431372549007 0.0758169934640521 0.06078431372549007 0.0614379084967319 0.06274509803921555 0.11437908496732008 0.06013071895424824
0.06084656084656074 0.04920634920634914 0.053439153439153356 0.056084656084656 0.05132275132275125 0.04973544973544966 0.05873015873015867 0.052380952380952285 0.053968253968253894 0.06984126984126976 0.05132275132275124 0.052380952380952285 0.05079365079365071 0.2370370370370369 0.05291005291005284
0.06166666666666654 0.058333333333333244 0.0577777777777777 0.06222222222222213 0.05777777777777768 0.05388888888888881 0.06277777777777768 0.05777777777777769 0.05999999999999991 0.060555555555555446 0.059999999999999915 0.055555555555555455 0.05611111111111103 0.1783333333333333 0.05722222222222215
0.06862745098039201 0.0594771241830064 0.06732026143790837 0.07647058823529397 0.06274509803921555 0.06732026143790835 0.07124183006535935 0.0660130718954247 0.06535947712418287 0.06732026143790837 0.06535947712418287 0.06862745098039202 0.06405228758169922 0.06470588235294104 0.06535947712418287
0.06049382716049371 0.05617283950617273 0.06975308641975296 0.061111111111110984 0.06666666666666654 0.061728395061728294 0.06049382716049372 0.0574074074074073 0.0728395061728394 0.06666666666666654 0.05679012345679001 0.05740740740740729 0.10493827160493814 0.07592592592592577 0.07160493827160483
0.06319444444444444 0.08333333333333333 0.06944444444444445 0.06597222222222222 0.06319444444444444 0.06388888888888888 0.07222222222222222 0.06319444444444444 0.06597222222222222 0.06388888888888888 0.06805555555555555 0.06736111111111111 0.06319444444444444 0.06319444444444444 0.06388888888888888
0.06862745098039201 0.05882352941176457 0.0594771241830064 0.05882352941176457 0.060784313725490056 0.06013071895424824 0.0594771241830064 0.05882352941176457 0.06013071895424823 0.07124183006535934 0.0594771241830064 0.059477124183006415 0.06013071895424823 0.14444444444444426 0.06013071895424824
0.0549707602339181 0.05964912280701749 0.06608187134502921 0.06608187134502924 0.05730994152046784 0.06023391812865492 0.06842105263157892 0.054970760233918115 0.057894736842105284 0.08070175438596482 0.07836257309941516 0.12280701754385955 0.0567251461988304 0.05497076023391812 0.06081871345029235
0.08472222222222223 0.06527777777777778 0.06458333333333334 0.075 0.06527777777777778 0.06319444444444444 0.06319444444444444 0.06388888888888888 0.06597222222222222 0.06736111111111111 0.0625 0.06319444444444444 0.06666666666666667 0.06597222222222222 0.06319444444444444
0.08611111111111097 0.10222222222222216 0.05444444444444436 0.06222222222222213 0.05888888888888881 0.056666666666666574 0.10055555555555547 0.05611111111111102 0.056666666666666594 0.06111111111111104 0.05777777777777769 0.0672222222222221 0.05999999999999991 0.05944444444444434 0.06055555555555546
0.058333333333333244 0.056666666666666574 0.058333333333333265 0.06499999999999992 0.06611111111111104 0.12444444444444441 0.07111111111111104 0.05611111111111103 0.06777777777777766 0.061666666666666585 0.05555555555555547 0.06611111111111104 0.06333333333333324 0.05833333333333324 0.07111111111111103
0.06722222222222213 0.0549999999999999 0.06555555555555546 0.09111111111111109 0.061666666666666585 0.10722222222222212 0.06388888888888879 0.05888888888888879 0.056666666666666594 0.06833333333333323 0.059999999999999915 0.06222222222222211 0.059999999999999915 0.05999999999999993 0.062222222222222116
0.06013071895424823 0.059477124183006415 0.059477124183006415 0.05882352941176457 0.061437908496731905 0.1640522875816991 0.0594771241830064 0.0594771241830064 0.0614379084967319 0.05882352941176457 0.05882352941176457 0.06078431372549007 0.059477124183006415 0.059477124183006415 0.05882352941176457
0.07098765432098755 0.07037037037037022 0.062345679012345556 0.06604938271604927 0.06419753086419741 0.07654320987654309 0.06790123456790112 0.06296296296296285 0.07037037037037026 0.06913580246913568 0.06296296296296283 0.06543209876543199 0.06049382716049373 0.06666666666666655 0.06358024691358014
0.06527777777777778 0.06458333333333334 0.06527777777777778 0.06458333333333334 0.06666666666666667 0.0625 0.06388888888888888 0.0625 0.06527777777777778 0.06458333333333334 0.06597222222222222 0.09097222222222222 0.06805555555555555 0.06319444444444444 0.06666666666666667
0.062091503267973726 0.06078431372549007 0.08692810457516324 0.06797385620915021 0.06535947712418289 0.06601307189542471 0.06470588235294103 0.06339869281045739 0.06470588235294104 0.06993464052287568 0.06535947712418289 0.06928104575163382 0.06339869281045737 0.06274509803921556 0.06732026143790835
0.056060606060606095 0.11060606060606067 0.05101010101010101 0.053030303030303046 0.053535353535353575 0.11262626262626275 0.052020202020202036 0.058080808080808136 0.0560606060606061 0.05151515151515155 0.048989898989899 0.14545454545454553 0.04747474747474746 0.051010101010101026 0.05252525252525256
0.05864197530864187 0.10987654320987635 0.05925925925925915 0.06111111111111099 0.06049382716049372 0.10864197530864181 0.05925925925925915 0.05679012345679001 0.058024691358024585 0.06481481481481469 0.0604938271604937 0.06358024691358014 0.05555555555555545 0.059876543209876426 0.06358024691358014
0.06388888888888888 0.0625 0.0625 0.0625 0.0625 0.12083333333333333 0.0625 0.06319444444444444 0.06319444444444444 0.06388888888888888 0.0625 0.0625 0.0625 0.0625 0.0625
0.05438596491228069 0.0590643274853801 0.05730994152046782 0.05964912280701752 0.0625730994152047 0.06725146198830409 0.05672514619883037 0.0970760233918129 0.0649122807017544 0.05906432748538011 0.05380116959064327 0.13801169590643259 0.05321637426900584 0.05497076023391813 0.061988304093567224
0.06388888888888888 0.0625 0.0625 0.06944444444444445 0.06805555555555555 0.06458333333333334 0.09097222222222222 0.06319444444444444 0.06319444444444444 0.06666666666666667 0.06527777777777778 0.06388888888888888 0.06805555555555555 0.06319444444444444 0.06458333333333334
0.07385620915032665 0.059477124183006415 0.06274509803921555 0.06013071895424824 0.06078431372549007 0.06013071895424824 0.06535947712418287 0.0594771241830064 0.06013071895424824 0.10261437908496715 0.06078431372549007 0.0908496732026142 0.060784313725490056 0.060784313725490056 0.06209150326797373
0.06319444444444444 0.0625 0.0625 0.06319444444444444 0.0625 0.11875 0.0625 0.0625 0.06319444444444444 0.06527777777777778 0.0625 0.0625 0.0625 0.0625 0.06388888888888888
0.0625 0.12013888888888889 0.0625 0.06388888888888888 0.06319444444444444 0.0625 0.0625 0.0625 0.0625 0.06319444444444444 0.06319444444444444 0.0625 0.0625 0.06388888888888888 0.0625
0.11633986928104552 0.05882352941176457 0.06013071895424823 0.06078431372549007 0.059477124183006415 0.05882352941176457 0.06013071895424824 0.05882352941176457 0.05882352941176457 0.059477124183006415 0.10915032679738539 0.0594771241830064 0.061437908496731884 0.0594771241830064 0.05882352941176457
0.06339869281045737 0.11437908496732004 0.06339869281045739 0.06535947712418287 0.06274509803921556 0.062091503267973726 0.06405228758169922 0.0594771241830064 0.06732026143790835 0.06339869281045737 0.0640522875816992 0.0614379084967319 0.06078431372549007 0.062091503267973726 0.06601307189542471
0.059477124183006415 0.11503267973856184 0.0594771241830064 0.0594771241830064 0.05882352941176457 0.0594771241830064 0.0594771241830064 0.05882352941176457 0.05882352941176457 0.06078431372549007 0.05882352941176457 0.05882352941176457 0.05882352941176457 0.060784313725490056 0.11307189542483635
0.06274509803921556 0.06078431372549007 0.0640522875816992 0.06666666666666653 0.06470588235294104 0.06470588235294103 0.0660130718954247 0.06078431372549007 0.07189542483660115 0.06666666666666654 0.06470588235294104 0.06601307189542469 0.061437908496731905 0.061437908496731884 0.09738562091503251
0.06049382716049371 0.06419753086419741 0.06111111111111099 0.07222222222222212 0.062345679012345556 0.06172839506172827 0.10925925925925907 0.06049382716049372 0.07407407407407393 0.0648148148148147 0.059876543209876426 0.06543209876543198 0.05987654320987642 0.06419753086419742 0.05987654320987644
0.0625 0.12291666666666666 0.0625 0.0625 0.06319444444444444 0.06319444444444444 0.0625 0.0625 0.0625 0.0625 0.06319444444444444 0.0625 0.0625 0.0625 0.0625
0.05617283950617273 0.09444444444444426 0.0574074074074073 0.05679012345679001 0.05802469135802457 0.05555555555555545 0.05740740740740729 0.1074074074074072 0.058024691358024585 0.058024691358024585 0.05679012345679001 0.05740740740740729 0.05740740740740729 0.05802469135802457 0.11111111111111094
0.06805555555555555 0.0625 0.06319444444444444 0.08541666666666667 0.0625 0.06805555555555555 0.06527777777777778 0.06388888888888888 0.06319444444444444 0.07708333333333334 0.06319444444444444 0.06319444444444444 0.06388888888888888 0.06458333333333334 0.06597222222222222
0.1117647058823527 0.11568627450980366 0.05882352941176457 0.0614379084967319 0.06078431372549007 0.05882352941176457 0.0594771241830064 0.059477124183006415 0.05882352941176457 0.05882352941176457 0.06013071895424824 0.05882352941176457 0.05882352941176457 0.059477124183006415 0.05882352941176457
0.11666666666666667 0.06319444444444444 0.0625 0.06527777777777778 0.06319444444444444 0.06319444444444444 0.06388888888888888 0.0625 0.0625 0.06319444444444444 0.0625 0.0625 0.06319444444444444 0.0625 0.06319444444444444
0.05679012345679001 0.19629629629629602 0.05679012345679001 0.058024691358024585 0.05679012345679001 0.05679012345679001 0.05617283950617273 0.05740740740740729 0.05740740740740729 0.058641975308641854 0.05925925925925915 0.05617283950617273 0.05617283950617273 0.05802469135802457 0.05925925925925916
0.0614379084967319 0.06013071895424823 0.06274509803921556 0.06928104575163384 0.06274509803921555 0.05882352941176457 0.062091503267973726 0.06013071895424824 0.06274509803921555 0.06339869281045739 0.0640522875816992 0.12483660130718933 0.06078431372549007 0.06470588235294104 0.062091503267973726
0.06388888888888888 0.06458333333333334 0.06805555555555555 0.07430555555555556 0.06527777777777778 0.06527777777777778 0.07291666666666667 0.06527777777777778 0.06527777777777778 0.06805555555555555 0.06666666666666667 0.06388888888888888 0.06527777777777778 0.06736111111111111 0.06388888888888888
0.06419753086419742 0.059876543209876426 0.07283950617283938 0.06666666666666655 0.0648148148148147 0.06604938271604927 0.061728395061728294 0.07654320987654308 0.062345679012345556 0.07037037037037026 0.06419753086419742 0.06419753086419741 0.06790123456790113 0.07283950617283938 0.06543209876543199
0.06023391812865497 0.07192982456140344 0.054970760233918115 0.061988304093567245 0.07309941520467834 0.06900584795321635 0.07426900584795318 0.05672514619883037 0.06549707602339178 0.08713450292397662 0.06257309941520463 0.06023391812865494 0.05906432748538007 0.05789473684210525 0.08538011695906428
0.06481481481481469 0.061111111111111005 0.07592592592592583 0.07530864197530854 0.07098765432098753 0.06666666666666655 0.07345679012345666 0.06604938271604927 0.059876543209876426 0.06543209876543199 0.06172839506172829 0.06419753086419742 0.06172839506172829 0.06111111111111099 0.07160493827160481
0.06315789473684211 0.06140350877192979 0.06783625730994154 0.06081871345029237 0.06432748538011696 0.0614035087719298 0.09415204678362574 0.060818713450292376 0.06549707602339178 0.07953216374268998 0.06900584795321635 0.06783625730994146 0.0614035087719298 0.06491228070175435 0.05789473684210524
0.058641975308641854 0.05925925925925915 0.07901234567901223 0.059876543209876426 0.05679012345679001 0.06049382716049372 0.059876543209876426 0.09999999999999983 0.05740740740740729 0.07839506172839492 0.06481481481481471 0.07839506172839496 0.06172839506172829 0.05802469135802457 0.06728395061728383
0.061111111111111005 0.05617283950617273 0.06419753086419741 0.058024691358024585 0.058641975308641854 0.0753086419753085 0.06172839506172829 0.14012345679012322 0.06604938271604925 0.058641975308641875 0.05802469135802457 0.061111111111111005 0.05802469135802457 0.05864197530864187 0.06419753086419742
0.05882352941176457 0.0594771241830064 0.14509803921568606 0.0594771241830064 0.05882352941176457 0.05882352941176457 0.06013071895424824 0.08627450980392139 0.0594771241830064 0.05882352941176457 0.05882352941176457 0.05882352941176457 0.059477124183006415 0.05882352941176457 0.05882352941176457
0.060784313725490056 0.06013071895424824 0.08627450980392141 0.06013071895424823 0.0614379084967319 0.062091503267973726 0.06601307189542469 0.0888888888888887 0.060784313725490056 0.08431372549019593 0.05882352941176457 0.06013071895424823 0.06013071895424823 0.05882352941176457 0.07124183006535935
0.06388888888888888 0.0625 0.06597222222222222 0.06458333333333334 0.06458333333333334 0.06458333333333334 0.06666666666666667 0.06805555555555555 0.08472222222222223 0.06597222222222222 0.06458333333333334 0.06458333333333334 0.06319444444444444 0.06597222222222222 0.07013888888888889
0.07712418300653583 0.062091503267973726 0.0679738562091502 0.0633986928104574 0.06535947712418287 0.0947712418300652 0.06339869281045739 0.06078431372549007 0.06339869281045739 0.0640522875816992 0.06405228758169923 0.06274509803921556 0.06274509803921555 0.06339869281045737 0.06470588235294104
0.06458333333333334 0.06458333333333334 0.06805555555555555 0.07013888888888889 0.06527777777777778 0.06527777777777778 0.07083333333333333 0.06805555555555555 0.06666666666666667 0.06597222222222222 0.06736111111111111 0.06597222222222222 0.06388888888888888 0.06597222222222222 0.06736111111111111
0.05617283950617273 0.05555555555555545 0.05925925925925914 0.05617283950617273 0.05617283950617273 0.058641975308641875 0.05617283950617273 0.18765432098765406 0.06111111111111099 0.05679012345679001 0.05802469135802457 0.05802469135802457 0.058024691358024585 0.0641975308641974 0.05802469135802457
0.061403508771929786 0.05906432748538009 0.06315789473684205 0.06783625730994153 0.07368421052631578 0.05964912280701752 0.07134502923976604 0.06783625730994146 0.06081871345029237 0.0766081871345029 0.06374269005847949 0.06198830409356722 0.06374269005847948 0.07953216374269002 0.06959064327485376
0.06296296296296285 0.05740740740740729 0.061728395061728274 0.061728395061728274 0.07777777777777764 0.059876543209876426 0.09444444444444433 0.05925925925925915 0.062345679012345556 0.08209876543209867 0.06419753086419741 0.05987654320987644 0.06604938271604927 0.06543209876543196 0.06481481481481471
0.0625 0.0625 0.08958333333333333 0.0625 0.06319444444444444 0.0625 0.0625 0.09722222222222222 0.0625 0.0625 0.0625 0.0625 0.0625 0.0625 0.0625
0.0574074074074073 0.06172839506172829 0.09197530864197515 0.059876543209876426 0.06172839506172829 0.05740740740740729 0.05740740740740729 0.09074074074074058 0.058641975308641854 0.05740740740740729 0.10987654320987639 0.05740740740740729 0.06172839506172829 0.058641975308641854 0.05802469135802457
0.06078431372549007 0.06013071895424824 0.08366013071895409 0.05882352941176457 0.0594771241830064 0.05882352941176457 0.0594771241830064 0.09281045751633968 0.059477124183006415 0.068627450980392 0.05882352941176457 0.06013071895424823 0.05882352941176457 0.10130718954248345 0.05882352941176457
0.0640522875816992 0.05882352941176457 0.06666666666666653 0.06601307189542471 0.061437908496731884 0.09084967320261424 0.06862745098039201 0.06797385620915021 0.0745098039215685 0.06339869281045739 0.06274509803921555 0.06339869281045739 0.06078431372549007 0.061437908496731884 0.06928104575163387
0.06666666666666667 0.06805555555555555 0.06805555555555555 0.06527777777777778 0.06805555555555555 0.06805555555555555 0.06805555555555555 0.06527777777777778 0.06805555555555555 0.06944444444444445 0.06597222222222222 0.06527777777777778 0.06597222222222222 0.0625 0.06527777777777778
0.0614379084967319 0.06274509803921555 0.09346405228758155 0.0614379084967319 0.06470588235294103 0.062091503267973726 0.062091503267973726 0.09477124183006518 0.06274509803921557 0.06339869281045737 0.06274509803921556 0.06405228758169922 0.06013071895424823 0.06209150326797373 0.062091503267973726
0.06470588235294104 0.06274509803921555 0.06339869281045737 0.06601307189542471 0.06535947712418287 0.06339869281045737 0.06405228758169923 0.10980392156862726 0.0614379084967319 0.0660130718954247 0.061437908496731884 0.06339869281045737 0.06013071895424823 0.06470588235294103 0.06339869281045739
0.06405228758169922 0.059477124183006415 0.12287581699346381 0.06209150326797373 0.0594771241830064 0.0594771241830064 0.06078431372549007 0.0594771241830064 0.0594771241830064 0.06013071895424824 0.07843137254901947 0.0614379084967319 0.06862745098039201 0.060784313725490056 0.06339869281045737
0.0625 0.0625 0.09097222222222222 0.0625 0.0625 0.0625 0.0625 0.09583333333333334 0.0625 0.0625 0.0625 0.0625 0.06319444444444444 0.0625 0.0625
0.06388888888888888 0.0625 0.08541666666666667 0.0625 0.0625 0.06319444444444444 0.0625 0.09930555555555555 0.0625 0.0625 0.0625 0.0625 0.0625 0.0625 0.06319444444444444
0.05730994152046782 0.05789473684210524 0.06549707602339178 0.06257309941520467 0.06666666666666664 0.061403508771929814 0.061403508771929814 0.060818713450292376 0.06432748538011691 0.07368421052631575 0.06257309941520466 0.12222222222222211 0.05614035087719296 0.06491228070175438 0.0625730994152047
0.05111111111111102 0.053888888888888806 0.10055555555555556 0.053888888888888806 0.05277777777777769 0.05333333333333324 0.05444444444444435 0.20111111111111105 0.0527777777777777 0.056666666666666574 0.05111111111111103 0.061666666666666564 0.05111111111111103 0.053888888888888806 0.05166666666666658
0.06339869281045739 0.06274509803921555 0.06862745098039201 0.06666666666666653 0.06339869281045737 0.060784313725490056 0.06013071895424823 0.12222222222222198 0.0614379084967319 0.0640522875816992 0.06078431372549007 0.061437908496731884 0.06013071895424824 0.062091503267973726 0.06209150326797373
0.05802469135802457 0.058024691358024585 0.09259259259259243 0.05802469135802457 0.06604938271604927 0.061728395061728274 0.05925925925925916 0.12345679012345673 0.05925925925925915 0.05802469135802457 0.05864197530864187 0.062345679012345556 0.05802469135802457 0.06481481481481469 0.061728395061728294
0.0625 0.0625 0.0625 0.06319444444444444 0.06388888888888888 0.0625 0.0625 0.0625 0.06388888888888888 0.06319444444444444 0.11319444444444444 0.06666666666666667 0.06527777777777778 0.0625 0.06319444444444444
0.05555555555555547 0.0649999999999999 0.07944444444444435 0.061666666666666564 0.058333333333333244 0.11611111111111112 0.06055555555555547 0.05888888888888881 0.05944444444444437 0.06999999999999991 0.06055555555555548 0.07611111111111106 0.05944444444444435 0.061666666666666585 0.057222222222222126
0.04747474747474746 0.04848484848484848 0.11616161616161624 0.04848484848484848 0.05656565656565663 0.07828282828282829 0.05151515151515154 0.1651515151515151 0.07020202020202024 0.052525252525252544 0.055050505050505086 0.054545454545454584 0.054545454545454584 0.05050505050505053 0.05050505050505052
0.0625 0.06319444444444444 0.0625 0.0625 0.06388888888888888 0.0625 0.0625 0.06388888888888888 0.06319444444444444 0.0625 0.11458333333333333 0.06736111111111111 0.06388888888888888 0.0625 0.0625
0.06388888888888888 0.0625 0.06388888888888888 0.06458333333333334 0.06527777777777778 0.08472222222222223 0.06666666666666667 0.06527777777777778 0.07430555555555556 0.06458333333333334 0.06388888888888888 0.06527777777777778 0.06319444444444444 0.06388888888888888 0.06805555555555555
0.05906432748538007 0.058479532163742694 0.06081871345029239 0.13333333333333328 0.11286549707602335 0.05614035087719299 0.05964912280701752 0.05847953216374269 0.05730994152046782 0.0567251461988304 0.06023391812865496 0.0567251461988304 0.0573099415204678 0.05438596491228071 0.058479532163742645
0.05617283950617273 0.05617283950617273 0.05679012345679001 0.05617283950617273 0.1820987654320985 0.058024691358024585 0.07037037037037025 0.05555555555555545 0.05617283950617273 0.058024691358024585 0.05987654320987644 0.0574074074074073 0.061728395061728274 0.05679012345679001 0.05864197530864187
0.06732026143790835 0.062091503267973726 0.0660130718954247 0.06862745098039204 0.06535947712418286 0.06274509803921555 0.0745098039215685 0.06405228758169922 0.06732026143790837 0.07320261437908482 0.06732026143790837 0.06993464052287567 0.0614379084967319 0.0640522875816992 0.0660130718954247
0.06728395061728383 0.06358024691358014 0.06543209876543199 0.07098765432098751 0.06543209876543199 0.06604938271604928 0.06666666666666655 0.06604938271604925 0.06419753086419741 0.07160493827160483 0.06543209876543199 0.06296296296296285 0.06296296296296285 0.061111111111111005 0.08024691358024678
0.06959064327485377 0.06257309941520464 0.06257309941520466 0.07134502923976604 0.06491228070175435 0.06198830409356722 0.06900584795321636 0.05789473684210523 0.06959064327485376 0.07251461988304088 0.06315789473684212 0.07309941520467836 0.06257309941520466 0.0701754385964912 0.06900584795321636
0.06458333333333334 0.09930555555555555 0.0625 0.06388888888888888 0.06319444444444444 0.06458333333333334 0.06388888888888888 0.06319444444444444 0.06458333333333334 0.06388888888888888 0.06458333333333334 0.06388888888888888 0.06388888888888888 0.06944444444444445 0.06458333333333334
0.05333333333333323 0.053333333333333253 0.053888888888888806 0.057222222222222126 0.11277777777777777 0.07666666666666658 0.06388888888888879 0.054999999999999924 0.06111111111111102 0.06611111111111101 0.05555555555555548 0.06111111111111103 0.05833333333333324 0.1127777777777777 0.058888888888888775
0.0625 0.0625 0.06319444444444444 0.06458333333333334 0.11388888888888889 0.06388888888888888 0.06319444444444444 0.06319444444444444 0.06319444444444444 0.06458333333333334 0.06319444444444444 0.0625 0.06319444444444444 0.0625 0.06388888888888888
0.06470588235294104 0.062091503267973726 0.06078431372549007 0.07124183006535935 0.06470588235294103 0.06470588235294104 0.06405228758169922 0.06470588235294104 0.06470588235294104 0.07385620915032666 0.06274509803921555 0.06339869281045737 0.0660130718954247 0.0640522875816992 0.08823529411764691
0.0625 0.0625 0.0625 0.06527777777777778 0.11736111111111111 0.0625 0.06319444444444444 0.06388888888888888 0.0625 0.06319444444444444 0.0625 0.06319444444444444 0.0625 0.06319444444444444 0.06319444444444444
0.06666666666666667 0.06597222222222222 0.06527777777777778 0.06944444444444445 0.06805555555555555 0.06458333333333334 0.06597222222222222 0.06458333333333334 0.06944444444444445 0.06944444444444445 0.06458333333333334 0.06597222222222222 0.06666666666666667 0.06736111111111111 0.06597222222222222
0.05864197530864187 0.0574074074074073 0.11234567901234546 0.06111111111111099 0.11419753086419734 0.05925925925925915 0.06296296296296283 0.05740740740740729 0.06604938271604928 0.06049382716049371 0.05740740740740729 0.05864197530864187 0.05740740740740729 0.05925925925925915 0.05740740740740729
0.06013071895424823 0.06078431372549007 0.060784313725490056 0.06339869281045739 0.1196078431372547 0.059477124183006415 0.06078431372549007 0.06013071895424823 0.07647058823529397 0.06732026143790835 0.06078431372549007 0.06013071895424824 0.062091503267973726 0.06862745098039201 0.059477124183006415
0.06975308641975296 0.05864197530864187 0.06358024691358014 0.06358024691358014 0.06296296296296286 0.0679012345679011 0.061728395061728274 0.061111111111111005 0.06851851851851841 0.06913580246913567 0.07407407407407395 0.08086419753086406 0.06358024691358015 0.06358024691358014 0.07098765432098753
0.05679012345679001 0.05802469135802457 0.06296296296296285 0.059876543209876426 0.061111111111110984 0.07469135802469123 0.05925925925925915 0.15185185185185165 0.06296296296296283 0.05802469135802457 0.05679012345679001 0.06111111111111099 0.05617283950617273 0.06172839506172829 0.05864197530864187
0.053535353535353575 0.051010101010101026 0.04949494949494951 0.05858585858585863 0.10151515151515157 0.055555555555555594 0.08333333333333336 0.137878787878788 0.05202020202020205 0.06060606060606067 0.06363636363636374 0.057575757575757606 0.057575757575757655 0.05606060606060608 0.06161616161616167
0.06111111111111099 0.12901234567901218 0.05617283950617273 0.06049382716049371 0.06419753086419741 0.06419753086419742 0.06234567901234556 0.059876543209876426 0.06049382716049372 0.06419753086419742 0.061728395061728274 0.05802469135802457 0.06049382716049371 0.07222222222222212 0.06543209876543198
0.05789473684210524 0.09239766081871345 0.059649122807017535 0.07719298245614034 0.06491228070175434 0.058479532163742666 0.06140350877192982 0.05847953216374265 0.0614035087719298 0.06783625730994147 0.06315789473684208 0.07251461988304095 0.05964912280701749 0.07777777777777774 0.06725146198830408
0.06581196581196577 0.04786324786324783 0.05256410256410249 0.12863247863247848 0.08974358974358966 0.0521367521367521 0.07393162393162382 0.07777777777777772 0.05470085470085465 0.05897435897435893 0.09102564102564094 0.054700854700854645 0.04999999999999995 0.04444444444444441 0.057692307692307654
0.06875 0.0625 0.06805555555555555 0.06597222222222222 0.06458333333333334 0.06527777777777778 0.06666666666666667 0.06527777777777778 0.06944444444444445 0.06944444444444445 0.06527777777777778 0.06458333333333334 0.06666666666666667 0.07291666666666667 0.06458333333333334
0.06358024691358012 0.058024691358024585 0.0574074074074073 0.06481481481481469 0.062345679012345556 0.06111111111111101 0.0728395061728394 0.10555555555555536 0.07160493827160484 0.0833333333333332 0.05740740740740729 0.059876543209876426 0.058024691358024585 0.061111111111111005 0.06296296296296286
0.052173913043478355 0.04492753623188414 0.05265700483091796 0.15893719806763285 0.10772946859903385 0.05362318840579719 0.06280193236714987 0.06280193236714983 0.053140096618357564 0.07004830917874408 0.04975845410628028 0.08164251207729478 0.04927536231884066 0.0473429951690822 0.05314009661835758
0.0614379084967319 0.06013071895424823 0.07973856209150311 0.06666666666666653 0.07647058823529397 0.06078431372549007 0.06013071895424823 0.06535947712418287 0.06339869281045737 0.06666666666666651 0.06993464052287567 0.06601307189542473 0.07516339869281032 0.06339869281045737 0.06470588235294106
0.05404040404040407 0.07373737373737375 0.06414141414141425 0.11161616161616172 0.09545454545454549 0.04898989898989899 0.06060606060606066 0.07171717171717176 0.051010101010101026 0.056565656565656604 0.055050505050505086 0.09747474747474752 0.053030303030303046 0.04848484848484849 0.058080808080808136
0.05291005291005283 0.050264550264550185 0.05449735449735441 0.1328042328042327 0.06084656084656077 0.05291005291005283 0.08201058201058198 0.09470899470899459 0.04973544973544967 0.05714285714285704 0.059788359788359696 0.10264550264550251 0.04920634920634914 0.04973544973544966 0.05079365079365071
0.0625 0.0625 0.12361111111111112 0.0625 0.0625 0.0625 0.0625 0.0625 0.0625 0.0625 0.0625 0.0625 0.0625 0.06388888888888888 0.0625
0.05882352941176457 0.05882352941176457 0.06013071895424824 0.06078431372549007 0.16339869281045727 0.059477124183006415 0.059477124183006415 0.0594771241830064 0.060784313725490056 0.05882352941176457 0.06013071895424824 0.059477124183006415 0.06013071895424823 0.06013071895424823 0.06013071895424824
0.05449735449735442 0.05132275132275125 0.06455026455026448 0.0899470899470899 0.16825396825396804 0.06402116402116394 0.05291005291005283 0.052910052910052824 0.05238095238095231 0.06931216931216921 0.06084656084656079 0.05661375661375653 0.054497354497354454 0.05343915343915337 0.05449735449735443
0.05555555555555555 0.05672514619883039 0.05672514619883039 0.055555555555555525 0.05497076023391813 0.21520467836257315 0.056725146198830415 0.05614035087719299 0.05497076023391814 0.05672514619883037 0.05614035087719296 0.057309941520467825 0.05555555555555554 0.05321637426900584 0.058479532163742666
0.06851851851851841 0.06234567901234556 0.061728395061728274 0.0648148148148147 0.0691358024691357 0.07037037037037024 0.06851851851851838 0.06172839506172827 0.06666666666666655 0.06604938271604927 0.06172839506172829 0.06481481481481469 0.07098765432098753 0.0722222222222221 0.07037037037037026
0.06358024691358014 0.05740740740740729 0.05679012345679001 0.08518518518518504 0.06358024691358015 0.058641975308641854 0.1407407407407405 0.05679012345679001 0.05864197530864187 0.062345679012345556 0.05925925925925914 0.05740740740740729 0.06358024691358014 0.05864197530864187 0.05740740740740729
0.06597222222222222 0.06458333333333334 0.07083333333333333 0.06597222222222222 0.07013888888888889 0.06597222222222222 0.06388888888888888 0.06388888888888888 0.06666666666666667 0.06875 0.06666666666666667 0.07013888888888889 0.06597222222222222 0.06527777777777778 0.06527777777777778
0.05611111111111102 0.05611111111111102 0.05499999999999991 0.07944444444444435 0.053888888888888806 0.1661111111111112 0.05944444444444436 0.05666666666666658 0.05777777777777769 0.07166666666666656 0.05777777777777768 0.05444444444444437 0.05666666666666658 0.05999999999999991 0.058888888888888796
0.055555555555555476 0.06333333333333326 0.056666666666666574 0.05666666666666657 0.059999999999999915 0.06111111111111102 0.05777777777777769 0.056666666666666574 0.06222222222222214 0.08666666666666653 0.0549999999999999 0.05277777777777769 0.059999999999999915 0.15666666666666668 0.05888888888888881
0.06315789473684207 0.05906432748538011 0.06257309941520466 0.06374269005847955 0.05789473684210526 0.06432748538011696 0.06608187134502924 0.057309941520467825 0.058479532163742666 0.07309941520467829 0.05789473684210524 0.06315789473684207 0.10526315789473681 0.07485380116959064 0.07309941520467837
0.06339869281045737 0.06078431372549007 0.06405228758169922 0.1117647058823527 0.06405228758169922 0.059477124183006415 0.06535947712418287 0.06470588235294106 0.06274509803921555 0.06535947712418287 0.06339869281045737 0.062091503267973726 0.062091503267973726 0.06862745098039202 0.062091503267973726
0.047826086956521824 0.05120772946859911 0.05024154589371989 0.05265700483091796 0.06666666666666676 0.24202898550724625 0.05217391304347834 0.05555555555555566 0.06376811594202907 0.0570048309178745 0.051207729468599125 0.05458937198067641 0.049758454106280256 0.051207729468599125 0.054106280193236815
0.06013071895424824 0.05882352941176457 0.0614379084967319 0.10588235294117625 0.06013071895424823 0.10065359477124163 0.061437908496731884 0.06274509803921555 0.06274509803921555 0.0614379084967319 0.059477124183006415 0.05882352941176457 0.06078431372549007 0.062091503267973726 0.06339869281045739
0.06527777777777778 0.0625 0.06319444444444444 0.06319444444444444 0.06319444444444444 0.06319444444444444 0.06319444444444444 0.0625 0.0625 0.06666666666666667 0.06319444444444444 0.06458333333333334 0.06319444444444444 0.10972222222222222 0.06388888888888888
0.06666666666666657 0.059876543209876426 0.06049382716049372 0.06419753086419742 0.08209876543209864 0.07160493827160481 0.06296296296296285 0.06358024691358014 0.06481481481481469 0.07345679012345667 0.06111111111111099 0.06419753086419741 0.06358024691358014 0.07222222222222212 0.0691358024691357
0.06481481481481469 0.06172839506172829 0.06296296296296283 0.06234567901234558 0.06604938271604927 0.06419753086419741 0.0888888888888888 0.06543209876543199 0.062345679012345556 0.06234567901234556 0.06543209876543198 0.07592592592592581 0.06419753086419741 0.07160493827160483 0.061728395061728274
0.0573099415204678 0.0590643274853801 0.05964912280701752 0.05672514619883042 0.0614035087719298 0.18713450292397657 0.06315789473684211 0.05438596491228071 0.05906432748538007 0.055555555555555546 0.05555555555555554 0.05614035087719298 0.05555555555555555 0.05789473684210527 0.061403508771929814
0.06470588235294103 0.06339869281045739 0.06797385620915018 0.06797385620915018 0.06862745098039201 0.06797385620915018 0.06732026143790835 0.06339869281045739 0.06993464052287568 0.06928104575163384 0.06601307189542471 0.0614379084967319 0.06274509803921556 0.06928104575163384 0.06993464052287568
0.05925925925925916 0.10211640211640201 0.05238095238095231 0.059259259259259164 0.059259259259259185 0.058201058201058115 0.12063492063492058 0.04973544973544966 0.05502645502645495 0.059788359788359675 0.0619047619047618 0.09523809523809515 0.0555555555555555 0.05291005291005283 0.058730158730158646
0.05555555555555545 0.05555555555555545 0.05617283950617273 0.05740740740740729 0.05740740740740729 0.18950617283950588 0.0574074074074073 0.05802469135802457 0.07037037037037022 0.05864197530864187 0.05679012345679002 0.05864197530864187 0.05555555555555545 0.05617283950617273 0.05679012345679001
0.04957264957264951 0.06153846153846148 0.10384615384615371 0.049572649572649535 0.04999999999999998 0.25769230769230766 0.046153846153846136 0.04444444444444441 0.05085470085470082 0.04743589743589739 0.04572649572649569 0.04999999999999993 0.04615384615384611 0.049145299145299096 0.04786324786324781
0.06535947712418287 0.06339869281045739 0.06666666666666654 0.06601307189542469 0.06470588235294103 0.06928104575163385 0.07320261437908483 0.06666666666666654 0.06993464052287567 0.0699346405228757 0.06339869281045737 0.06470588235294104 0.06535947712418287 0.0660130718954247 0.06535947712418287
0.06111111111111101 0.05740740740740729 0.0574074074074073 0.05864197530864187 0.06604938271604928 0.16172839506172815 0.058641975308641854 0.05617283950617273 0.05925925925925915 0.06234567901234556 0.05925925925925915 0.05679012345679001 0.06419753086419741 0.05925925925925915 0.061728395061728274
0.0685185185185184 0.06296296296296283 0.0641975308641974 0.06049382716049372 0.06234567901234558 0.0956790123456789 0.07222222222222209 0.061111111111111005 0.06666666666666657 0.06419753086419742 0.06296296296296285 0.06604938271604925 0.06481481481481469 0.06358024691358014 0.06419753086419742
0.06666666666666655 0.05925925925925915 0.062345679012345556 0.06790123456790112 0.06234567901234556 0.059876543209876426 0.06543209876543199 0.05925925925925914 0.059876543209876426 0.07037037037037022 0.07098765432098753 0.05987654320987644 0.08456790123456778 0.08024691358024684 0.07098765432098755
0.052631578947368425 0.05555555555555554 0.06666666666666668 0.05730994152046786 0.06257309941520463 0.20584795321637436 0.05614035087719298 0.05380116959064329 0.056725146198830394 0.05614035087719298 0.052631578947368425 0.056725146198830394 0.05614035087719297 0.05380116959064327 0.05730994152046784
0.06535947712418289 0.0660130718954247 0.0614379084967319 0.06535947712418287 0.06666666666666653 0.072549019607843 0.06993464052287568 0.06274509803921555 0.07254901960784299 0.06601307189542473 0.06928104575163385 0.06928104575163385 0.06274509803921555 0.06339869281045737 0.06666666666666654
0.0625 0.0625 0.0625 0.06319444444444444 0.0625 0.12083333333333333 0.0625 0.0625 0.0625 0.06458333333333334 0.0625 0.0625 0.0625 0.0625 0.06388888888888888
0.06055555555555547 0.05888888888888879 0.07388888888888882 0.06555555555555546 0.05777777777777769 0.07222222222222216 0.06111111111111102 0.11222222222222218 0.05999999999999993 0.07055555555555543 0.05833333333333325 0.07277777777777769 0.053888888888888785 0.05833333333333325 0.06388888888888881
0.061728395061728274 0.061728395061728274 0.059876543209876426 0.06604938271604928 0.0648148148148147 0.06049382716049371 0.06358024691358012 0.1148148148148146 0.06234567901234556 0.07222222222222212 0.061111111111110984 0.06296296296296285 0.058641975308641854 0.06172839506172829 0.06790123456790113
0.0625 0.0625 0.06388888888888888 0.06319444444444444 0.06319444444444444 0.11805555555555555 0.0625 0.0625 0.06319444444444444 0.0625 0.0625 0.06458333333333334 0.0625 0.06319444444444444 0.06319444444444444
0.0625 0.06319444444444444 0.0625 0.0625 0.06319444444444444 0.0625 0.0625 0.0625 0.0625 0.0625 0.0625 0.0625 0.06388888888888888 0.0625 0.12222222222222222
0.053535353535353554 0.05101010101010102 0.05202020202020203 0.06464646464646474 0.055555555555555594 0.2313131313131313 0.06161616161616167 0.05353535353535355 0.05252525252525253 0.054545454545454584 0.051010101010101026 0.054545454545454584 0.04949494949494949 0.05202020202020206 0.06262626262626268
0.06013071895424824 0.06013071895424823 0.05882352941176457 0.06013071895424823 0.06013071895424824 0.059477124183006415 0.060784313725490056 0.0594771241830064 0.0594771241830064 0.06209150326797371 0.06013071895424824 0.06078431372549007 0.06013071895424823 0.0594771241830064 0.1588235294117645
0.05722222222222215 0.05611111111111103 0.052222222222222135 0.0616666666666666 0.05611111111111101 0.0627777777777777 0.10111111111111103 0.05277777777777769 0.05555555555555547 0.06444444444444436 0.12333333333333335 0.08999999999999991 0.055555555555555476 0.0538888888888888 0.05722222222222215
0.050555555555555465 0.0527777777777777 0.0688888888888888 0.05944444444444435 0.05722222222222214 0.20499999999999977 0.05444444444444437 0.05222222222222213 0.05722222222222214 0.06166666666666656 0.05222222222222214 0.05111111111111103 0.05277777777777769 0.07277777777777769 0.05166666666666658
0.04782608695652181 0.044444444444444516 0.045893719806763364 0.04927536231884067 0.04492753623188414 0.27874396135265705 0.06908212560386483 0.046376811594202975 0.045410628019323745 0.051207729468599104 0.06280193236714986 0.0734299516908214 0.046376811594202975 0.046859903381642594 0.047342995169082205
0.06078431372549007 0.06339869281045739 0.06274509803921555 0.06666666666666655 0.06405228758169922 0.07058823529411751 0.11045751633986907 0.060784313725490056 0.06274509803921556 0.06274509803921555 0.06470588235294104 0.06470588235294104 0.0614379084967319 0.06339869281045739 0.060784313725490056
0.06944444444444445 0.06597222222222222 0.06388888888888888 0.06666666666666667 0.06944444444444445 0.06597222222222222 0.06388888888888888 0.06527777777777778 0.06597222222222222 0.06597222222222222 0.06527777777777778 0.06875 0.06458333333333334 0.07152777777777777 0.06736111111111111
0.05679012345679001 0.05740740740740729 0.05864197530864187 0.05925925925925915 0.05925925925925915 0.19012345679012313 0.05987654320987644 0.05987654320987642 0.05617283950617273 0.0574074074074073 0.05617283950617273 0.05802469135802457 0.05679012345679001 0.0574074074074073 0.05679012345679001
