0.05906432748538011 0.0590643274853801 0.05730994152046782 0.10116959064327481 0.0543859649122807 0.0567251461988304 0.09707602339181284 0.05730994152046782 0.056725146198830415 0.057309941520467825 0.05614035087719296 0.05614035087719295 0.11520467836257303 0.06315789473684208 0.05321637426900585
0.06527777777777778 0.06597222222222222 0.06527777777777778 0.07847222222222222 0.07222222222222222 0.06736111111111111 0.06875 0.06458333333333334 0.06527777777777778 0.06319444444444444 0.06319444444444444 0.06597222222222222 0.06319444444444444 0.06597222222222222 0.06527777777777778
0.058333333333333244 0.05777777777777768 0.05777777777777768 0.07722222222222211 0.062222222222222116 0.10666666666666655 0.0922222222222222 0.05722222222222215 0.054999999999999924 0.06555555555555546 0.05666666666666658 0.0538888888888888 0.05333333333333324 0.05888888888888881 0.0872222222222221
0.07277777777777766 0.09944444444444439 0.058888888888888796 0.05499999999999991 0.07833333333333327 0.05944444444444434 0.07722222222222211 0.05944444444444436 0.06055555555555546 0.06499999999999989 0.05777777777777771 0.05999999999999991 0.06333333333333324 0.07833333333333327 0.05444444444444436
0.06732026143790837 0.07124183006535935 0.06535947712418287 0.06339869281045739 0.07124183006535935 0.06274509803921555 0.07581699346405214 0.06274509803921555 0.061437908496731884 0.06535947712418289 0.0705882352941175 0.06470588235294104 0.0640522875816992 0.07385620915032667 0.06013071895424824
0.08055555555555556 0.06666666666666667 0.06319444444444444 0.06527777777777778 0.06875 0.06388888888888888 0.06805555555555555 0.06319444444444444 0.06805555555555555 0.06736111111111111 0.06527777777777778 0.06527777777777778 0.06527777777777778 0.06527777777777778 0.06388888888888888
0.0625 0.0625 0.06319444444444444 0.0625 0.0625 0.06319444444444444 0.06458333333333334 0.0625 0.0625 0.0625 0.06319444444444444 0.06319444444444444 0.06388888888888888 0.11875 0.0625
0.0614379084967319 0.06274509803921557 0.14444444444444418 0.06013071895424824 0.06078431372549007 0.06078431372549008 0.0594771241830064 0.06274509803921556 0.0614379084967319 0.06339869281045737 0.06078431372549007 0.06013071895424824 0.06013071895424824 0.062091503267973726 0.0594771241830064
0.05321637426900585 0.05730994152046782 0.05380116959064327 0.05497076023391812 0.07192982456140348 0.1093567251461988 0.055555555555555566 0.061988304093567224 0.05321637426900585 0.05497076023391813 0.053801169590643266 0.05321637426900584 0.1602339181286547 0.05380116959064327 0.052631578947368425
0.054040404040404076 0.059090909090909124 0.05101010101010104 0.05252525252525254 0.04848484848484848 0.05555555555555559 0.05454545454545458 0.053535353535353575 0.21515151515151504 0.05151515151515155 0.09595959595959597 0.04949494949494951 0.051010101010101026 0.05858585858585862 0.0494949494949495
0.055555555555555476 0.04973544973544966 0.09735449735449721 0.04973544973544967 0.09788359788359775 0.04920634920634914 0.052380952380952306 0.05079365079365071 0.13597883597883592 0.06137566137566131 0.06084656084656076 0.04973544973544966 0.05396825396825389 0.051322751322751256 0.08412698412698401
0.09090909090909087 0.07626262626262625 0.047474747474747475 0.07424242424242423 0.06464646464646463 0.04898989898989898 0.06262626262626274 0.04797979797979798 0.18232323232323241 0.05050505050505053 0.05101010101010104 0.0494949494949495 0.05000000000000001 0.056565656565656625 0.04696969696969696
0.061728395061728274 0.05925925925925915 0.05617283950617273 0.05617283950617273 0.058024691358024585 0.05679012345679001 0.05925925925925915 0.0574074074074073 0.05679012345679001 0.06419753086419742 0.18086419753086397 0.05802469135802457 0.061111111111111005 0.0574074074074073 0.05679012345679001
0.11975308641975288 0.06728395061728384 0.0827160493827159 0.058641975308641854 0.058641975308641854 0.059876543209876426 0.05802469135802457 0.05802469135802457 0.05617283950617273 0.06419753086419741 0.05925925925925915 0.05740740740740729 0.0827160493827159 0.061111111111111005 0.05617283950617273
0.06388888888888888 0.06388888888888888 0.0625 0.0625 0.06319444444444444 0.06388888888888888 0.0625 0.0625 0.0625 0.0625 0.0625 0.06319444444444444 0.11944444444444445 0.0625 0.0625
0.06315789473684208 0.0567251461988304 0.054970760233918115 0.05321637426900585 0.05672514619883039 0.0543859649122807 0.054970760233918115 0.17076023391812836 0.07076023391812869 0.055555555555555566 0.055555555555555525 0.08771929824561406 0.05438596491228069 0.05672514619883042 0.05438596491228072
0.06797385620915021 0.0640522875816992 0.06339869281045737 0.06078431372549007 0.06732026143790835 0.06470588235294104 0.06993464052287567 0.08954248366013054 0.06470588235294104 0.06274509803921556 0.072549019607843 0.06274509803921555 0.0614379084967319 0.06797385620915018 0.06013071895424824
0.0614379084967319 0.0660130718954247 0.0771241830065358 0.06339869281045737 0.06405228758169922 0.06732026143790835 0.06078431372549008 0.0614379084967319 0.0614379084967319 0.10457516339869262 0.06339869281045737 0.06470588235294104 0.06078431372549007 0.06470588235294104 0.05882352941176457
0.06274509803921555 0.061437908496731884 0.061437908496731905 0.06274509803921556 0.06339869281045737 0.06078431372549007 0.06928104575163387 0.06209150326797373 0.06339869281045737 0.06470588235294104 0.072549019607843 0.062091503267973726 0.10915032679738543 0.06339869281045737 0.060784313725490056
0.06666666666666667 0.06388888888888888 0.06319444444444444 0.06597222222222222 0.06666666666666667 0.06666666666666667 0.06597222222222222 0.07083333333333333 0.06527777777777778 0.06527777777777778 0.06458333333333334 0.06458333333333334 0.06666666666666667 0.08055555555555556 0.06319444444444444
0.06339869281045737 0.06274509803921555 0.06013071895424823 0.072549019607843 0.07908496732026128 0.0836601307189541 0.07843137254901947 0.07058823529411752 0.0614379084967319 0.06078431372549007 0.06013071895424824 0.0594771241830064 0.06274509803921556 0.06535947712418287 0.0594771241830064
0.05722222222222212 0.05444444444444436 0.05777777777777768 0.06999999999999991 0.1366666666666666 0.06944444444444436 0.05499999999999991 0.05777777777777768 0.061666666666666585 0.06055555555555547 0.08277777777777769 0.06277777777777768 0.05722222222222212 0.05888888888888879 0.05777777777777768
0.0594771241830064 0.05882352941176457 0.05882352941176457 0.05882352941176457 0.11764705882352917 0.05882352941176457 0.05882352941176457 0.05882352941176457 0.05882352941176457 0.05882352941176457 0.06601307189542469 0.05882352941176457 0.10915032679738539 0.05882352941176457 0.0594771241830064
0.0594771241830064 0.05882352941176457 0.05882352941176457 0.06078431372549007 0.0594771241830064 0.0594771241830064 0.06013071895424823 0.05882352941176457 0.06274509803921557 0.16339869281045724 0.06013071895424823 0.05882352941176457 0.06013071895424824 0.059477124183006415 0.059477124183006415
0.058024691358024585 0.11111111111111091 0.0574074074074073 0.05617283950617273 0.0574074074074073 0.058641975308641854 0.06728395061728382 0.05555555555555545 0.05617283950617273 0.10617283950617264 0.0574074074074073 0.05740740740740729 0.08148148148148135 0.0641975308641974 0.05555555555555545
0.059876543209876426 0.06049382716049371 0.05679012345679001 0.05802469135802457 0.0679012345679011 0.059876543209876426 0.07530864197530851 0.05740740740740729 0.05679012345679001 0.12839506172839488 0.061111111111111005 0.05740740740740729 0.0648148148148147 0.0777777777777777 0.058024691358024585
0.059477124183006415 0.05882352941176457 0.059477124183006415 0.05882352941176457 0.05882352941176457 0.11437908496732001 0.0594771241830064 0.06013071895424824 0.0594771241830064 0.05882352941176457 0.05882352941176457 0.11633986928104552 0.0594771241830064 0.05882352941176457 0.05882352941176457
0.06358024691358012 0.06419753086419741 0.06172839506172829 0.06666666666666655 0.06172839506172829 0.05925925925925915 0.06358024691358014 0.06604938271604928 0.06358024691358014 0.062345679012345556 0.06111111111111099 0.12407407407407386 0.059876543209876426 0.062345679012345556 0.059876543209876426
0.06419753086419741 0.06296296296296285 0.06481481481481469 0.06049382716049371 0.06358024691358012 0.07037037037037025 0.06049382716049371 0.06666666666666655 0.11481481481481462 0.061728395061728274 0.06358024691358014 0.058024691358024585 0.0679012345679011 0.06049382716049372 0.059876543209876426
0.05925925925925916 0.20061728395061698 0.05679012345679001 0.0574074074074073 0.05802469135802457 0.05740740740740729 0.05864197530864187 0.05555555555555545 0.05617283950617273 0.0574074074074073 0.05617283950617273 0.05617283950617273 0.05679012345679001 0.05679012345679001 0.05679012345679001
0.06319444444444444 0.06319444444444444 0.06388888888888888 0.0625 0.06527777777777778 0.06319444444444444 0.06597222222222222 0.06527777777777778 0.06527777777777778 0.06319444444444444 0.06527777777777778 0.06736111111111111 0.06319444444444444 0.10069444444444445 0.0625
0.048677248677248604 0.04920634920634913 0.048677248677248604 0.05555555555555545 0.053968253968253894 0.05079365079365071 0.07354497354497345 0.04920634920634913 0.04973544973544967 0.051851851851851774 0.04973544973544967 0.04973544973544966 0.08148148148148139 0.06402116402116396 0.22380952380952338
0.15617283950617264 0.05925925925925915 0.05740740740740729 0.09691358024691342 0.05864197530864187 0.05679012345679001 0.06111111111111099 0.05679012345679001 0.05679012345679001 0.05555555555555545 0.0574074074074073 0.05617283950617273 0.05617283950617273 0.05617283950617273 0.058641975308641854
0.0594771241830064 0.06013071895424824 0.06013071895424824 0.16470588235294092 0.059477124183006415 0.05882352941176457 0.06013071895424823 0.05882352941176457 0.0594771241830064 0.06013071895424824 0.06078431372549007 0.05882352941176457 0.05882352941176457 0.0594771241830064 0.06078431372549007
0.05555555555555547 0.05444444444444436 0.0538888888888888 0.06166666666666656 0.053333333333333253 0.05777777777777768 0.09444444444444434 0.05277777777777769 0.05333333333333324 0.0677777777777777 0.05444444444444436 0.0538888888888888 0.1072222222222221 0.09722222222222207 0.0822222222222221
0.053888888888888806 0.06055555555555548 0.05444444444444435 0.0616666666666666 0.052222222222222135 0.05444444444444435 0.05611111111111103 0.053888888888888785 0.0538888888888888 0.06611111111111104 0.07555555555555546 0.07111111111111104 0.05166666666666657 0.10333333333333322 0.13111111111111126
0.04311111111111114 0.04177777777777781 0.20844444444444418 0.04666666666666669 0.08133333333333338 0.12444444444444434 0.06044444444444449 0.04222222222222225 0.07288888888888895 0.04088888888888891 0.04088888888888891 0.0417777777777778 0.04133333333333336 0.07333333333333339 0.04044444444444447
0.09999999999999998 0.05611111111111103 0.05277777777777769 0.07444444444444433 0.054999999999999924 0.053888888888888806 0.05611111111111102 0.05666666666666658 0.06666666666666661 0.05722222222222214 0.05166666666666658 0.0549999999999999 0.05111111111111103 0.05833333333333325 0.15500000000000014
0.055555555555555546 0.06257309941520463 0.14269005847953192 0.05789473684210527 0.05789473684210523 0.06257309941520466 0.05964912280701754 0.05906432748538009 0.10000000000000002 0.05555555555555554 0.05906432748538009 0.057309941520467825 0.0549707602339181 0.05964912280701754 0.05555555555555555
0.06078431372549007 0.060784313725490056 0.09803921568627434 0.07843137254901945 0.06013071895424823 0.0614379084967319 0.06601307189542471 0.0614379084967319 0.06274509803921555 0.060784313725490056 0.06209150326797373 0.0594771241830064 0.06013071895424824 0.06274509803921557 0.08496732026143776
0.05555555555555554 0.05380116959064327 0.05321637426900585 0.0543859649122807 0.05321637426900585 0.05438596491228069 0.05555555555555555 0.14619883040935644 0.052631578947368425 0.056725146198830394 0.05321637426900584 0.05730994152046782 0.05321637426900586 0.052631578947368425 0.14795321637426873
0.06013071895424824 0.06013071895424823 0.059477124183006415 0.0614379084967319 0.06209150326797371 0.06601307189542471 0.08758169934640507 0.11307189542483635 0.06013071895424823 0.06078431372549007 0.0614379084967319 0.062091503267973726 0.05882352941176457 0.06732026143790835 0.0594771241830064
0.10055555555555543 0.053888888888888806 0.0527777777777777 0.0538888888888888 0.052222222222222135 0.05222222222222214 0.052222222222222135 0.1477777777777779 0.10722222222222215 0.06388888888888879 0.053888888888888806 0.054999999999999924 0.05111111111111102 0.05277777777777769 0.05055555555555547
0.06666666666666667 0.06597222222222222 0.06388888888888888 0.06527777777777778 0.06458333333333334 0.06388888888888888 0.07013888888888889 0.06666666666666667 0.06319444444444444 0.06388888888888888 0.06458333333333334 0.06458333333333334 0.08194444444444444 0.07152777777777777 0.06319444444444444
0.05882352941176457 0.059477124183006415 0.05882352941176457 0.05882352941176457 0.0594771241830064 0.05882352941176457 0.07777777777777767 0.05882352941176457 0.06013071895424823 0.0594771241830064 0.05882352941176457 0.05882352941176457 0.15424836601307157 0.05882352941176457 0.05882352941176457
0.06013071895424824 0.06666666666666653 0.059477124183006415 0.06274509803921555 0.05882352941176457 0.059477124183006415 0.09019607843137237 0.05882352941176457 0.0594771241830064 0.06013071895424824 0.06013071895424824 0.06078431372549007 0.06209150326797373 0.12156862745098025 0.0594771241830064
0.04761904761904755 0.04920634920634913 0.051851851851851774 0.06084656084656074 0.050793650793650724 0.04973544973544967 0.0820105820105819 0.04814814814814808 0.05026455026455019 0.0571428571428571 0.04814814814814808 0.04973544973544967 0.05026455026455019 0.07671957671957662 0.22751322751322706
0.05614035087719298 0.061403508771929814 0.056725146198830394 0.05847953216374265 0.058479532163742666 0.05789473684210524 0.0590643274853801 0.05672514619883039 0.052631578947368425 0.10994152046783616 0.09999999999999998 0.058479532163742666 0.05906432748538009 0.09883040935672517 0.05614035087719297
0.07160493827160484 0.07530864197530852 0.06604938271604927 0.06790123456790112 0.06481481481481469 0.06728395061728384 0.06358024691358014 0.06358024691358012 0.06851851851851841 0.06666666666666655 0.06604938271604925 0.06234567901234556 0.06604938271604927 0.07160493827160483 0.05864197530864187
0.059477124183006415 0.05882352941176457 0.06013071895424823 0.059477124183006415 0.06013071895424824 0.12549019607843112 0.05882352941176457 0.059477124183006415 0.062091503267973726 0.099346405228758 0.05882352941176457 0.059477124183006415 0.05882352941176457 0.06013071895424823 0.0594771241830064
0.061111111111111005 0.05864197530864187 0.05864197530864187 0.08395061728395052 0.05802469135802457 0.06481481481481471 0.062345679012345556 0.059876543209876426 0.07592592592592579 0.10432098765432081 0.059876543209876426 0.0722222222222221 0.05925925925925915 0.06358024691358015 0.05740740740740729
0.06666666666666665 0.05906432748538005 0.056725146198830394 0.06023391812865499 0.060233918128654945 0.06315789473684208 0.061403508771929786 0.05614035087719297 0.08128654970760234 0.10818713450292396 0.061403508771929786 0.08830409356725145 0.06257309941520466 0.060233918128654966 0.05438596491228071
0.06597222222222222 0.06458333333333334 0.06319444444444444 0.06527777777777778 0.06527777777777778 0.07083333333333333 0.06527777777777778 0.06319444444444444 0.06388888888888888 0.06458333333333334 0.0625 0.06458333333333334 0.08958333333333333 0.06666666666666667 0.06458333333333334
0.06862745098039204 0.10980392156862726 0.0614379084967319 0.06013071895424824 0.06209150326797371 0.06405228758169922 0.06339869281045739 0.0660130718954247 0.061437908496731905 0.06339869281045737 0.06274509803921556 0.061437908496731905 0.06862745098039202 0.0660130718954247 0.060784313725490056
0.07487922705314018 0.05555555555555564 0.046859903381642594 0.053140096618357585 0.04927536231884066 0.04927536231884065 0.05362318840579721 0.09130434782608708 0.13671497584541056 0.0937198067632851 0.047826086956521824 0.04589371980676337 0.051207729468599125 0.05845410628019331 0.09227053140096629
0.07098765432098754 0.07469135802469123 0.0679012345679011 0.06419753086419742 0.0691358024691357 0.06296296296296285 0.07407407407407395 0.05925925925925915 0.05802469135802457 0.06296296296296285 0.059876543209876426 0.06111111111111099 0.07283950617283938 0.0802469135802468 0.06172839506172829
0.0594771241830064 0.0594771241830064 0.05882352941176457 0.059477124183006415 0.06013071895424824 0.05882352941176457 0.062091503267973726 0.06013071895424824 0.0594771241830064 0.08758169934640507 0.07647058823529397 0.06078431372549007 0.11895424836601284 0.0594771241830064 0.05882352941176457
0.059649122807017535 0.055555555555555566 0.05497076023391813 0.0567251461988304 0.05614035087719296 0.056725146198830394 0.06315789473684208 0.05614035087719297 0.055555555555555525 0.056725146198830415 0.0742690058479532 0.05730994152046784 0.055555555555555546 0.18830409356725128 0.05321637426900585
0.06319444444444444 0.0625 0.0625 0.06319444444444444 0.06319444444444444 0.0625 0.06319444444444444 0.06319444444444444 0.06319444444444444 0.09861111111111111 0.08125 0.06319444444444444 0.06458333333333334 0.0625 0.06319444444444444
0.05987654320987642 0.15308641975308623 0.058641975308641854 0.059876543209876426 0.05802469135802457 0.05802469135802457 0.05925925925925915 0.0648148148148147 0.059876543209876426 0.06049382716049371 0.07283950617283938 0.06049382716049372 0.05802469135802457 0.059876543209876426 0.05679012345679001
0.07013888888888889 0.06736111111111111 0.06597222222222222 0.07083333333333333 0.06805555555555555 0.06666666666666667 0.06875 0.06597222222222222 0.06458333333333334 0.06458333333333334 0.06527777777777778 0.06388888888888888 0.06319444444444444 0.07222222222222222 0.0625
0.05864197530864187 0.058641975308641854 0.05740740740740729 0.08148148148148136 0.05925925925925915 0.05987654320987644 0.06234567901234558 0.059876543209876426 0.08271604938271591 0.061111111111111005 0.11913580246913559 0.05925925925925915 0.05740740740740729 0.06358024691358014 0.05925925925925914
0.06198830409356719 0.09824561403508766 0.05730994152046782 0.06081871345029235 0.06198830409356722 0.05730994152046782 0.06959064327485373 0.11403508771929817 0.061403508771929814 0.06023391812865496 0.055555555555555546 0.06140350877192977 0.05906432748538011 0.06608187134502916 0.05497076023391812
0.0688888888888888 0.05611111111111103 0.0549999999999999 0.055555555555555476 0.05833333333333324 0.05388888888888881 0.0538888888888888 0.1722222222222222 0.05444444444444436 0.05722222222222214 0.05611111111111103 0.05499999999999991 0.05722222222222214 0.06222222222222211 0.08388888888888876
0.06666666666666667 0.11180555555555556 0.0625 0.0625 0.06319444444444444 0.06458333333333334 0.0625 0.06319444444444444 0.06319444444444444 0.06388888888888888 0.06388888888888888 0.0625 0.06319444444444444 0.06388888888888888 0.0625
0.06388888888888888 0.0625 0.0625 0.06319444444444444 0.06319444444444444 0.0625 0.0625 0.12013888888888889 0.0625 0.0625 0.06319444444444444 0.06319444444444444 0.0625 0.0625 0.06319444444444444
0.0594771241830064 0.05882352941176457 0.05882352941176457 0.0594771241830064 0.060784313725490056 0.06013071895424823 0.05882352941176457 0.11241830065359452 0.06013071895424824 0.05882352941176457 0.059477124183006415 0.05882352941176457 0.05882352941176457 0.059477124183006415 0.11568627450980369
0.06198830409356722 0.061988304093567245 0.06666666666666661 0.06783625730994149 0.06608187134502921 0.07836257309941516 0.07076023391812858 0.09122807017543859 0.060818713450292376 0.06842105263157892 0.06315789473684205 0.059649122807017535 0.05847953216374269 0.06491228070175437 0.05964912280701752
0.061375661375661285 0.07248677248677243 0.06984126984126975 0.08412698412698402 0.06084656084656076 0.056084656084656015 0.059788359788359724 0.061904761904761824 0.12751322751322738 0.06296296296296287 0.05449735449735442 0.05396825396825389 0.053439153439153356 0.06825396825396818 0.05291005291005284
0.06597222222222222 0.0625 0.06388888888888888 0.0625 0.06319444444444444 0.0625 0.06388888888888888 0.0625 0.11319444444444444 0.06319444444444444 0.06388888888888888 0.06319444444444444 0.06319444444444444 0.06388888888888888 0.0625
0.06543209876543199 0.05679012345679001 0.05802469135802457 0.05679012345679001 0.058024691358024585 0.05925925925925915 0.058641975308641854 0.05802469135802457 0.1006172839506171 0.06049382716049372 0.05617283950617273 0.05864197530864187 0.06543209876543196 0.07160493827160481 0.11604938271604918
0.040170940170940125 0.04358974358974355 0.04658119658119654 0.11965811965811951 0.04487179487179484 0.04102564102564099 0.07692307692307684 0.047435897435897406 0.04017094017094013 0.06282051282051279 0.05299145299145299 0.04273504273504268 0.04743589743589741 0.043162393162393134 0.25042735042735054
0.06470588235294106 0.11241830065359457 0.06274509803921555 0.06013071895424824 0.06535947712418287 0.0679738562091502 0.06470588235294106 0.062091503267973726 0.0614379084967319 0.062091503267973726 0.06470588235294104 0.06274509803921555 0.06274509803921555 0.06535947712418286 0.06078431372549007
0.0745098039215685 0.06405228758169922 0.06274509803921555 0.07058823529411752 0.06274509803921556 0.06470588235294106 0.072549019607843 0.0679738562091502 0.062091503267973726 0.062091503267973726 0.06274509803921556 0.06274509803921556 0.07843137254901948 0.07254901960784298 0.0594771241830064
0.06013071895424824 0.0594771241830064 0.0594771241830064 0.0594771241830064 0.06078431372549007 0.05882352941176457 0.10326797385620896 0.05882352941176457 0.059477124183006415 0.059477124183006415 0.0614379084967319 0.05882352941176457 0.07058823529411751 0.1111111111111109 0.05882352941176457
0.10944444444444436 0.052222222222222135 0.05611111111111102 0.05555555555555547 0.059999999999999935 0.053333333333333253 0.0972222222222222 0.057222222222222126 0.053333333333333253 0.05444444444444436 0.05499999999999991 0.05777777777777769 0.06055555555555549 0.12388888888888881 0.0538888888888888
0.06319444444444444 0.06388888888888888 0.0625 0.0625 0.06319444444444444 0.06319444444444444 0.10555555555555556 0.06319444444444444 0.0625 0.0625 0.06458333333333334 0.06319444444444444 0.07291666666666667 0.06458333333333334 0.0625
0.095424836601307 0.06078431372549007 0.10457516339869259 0.060784313725490056 0.06339869281045737 0.0594771241830064 0.06339869281045739 0.0614379084967319 0.06078431372549007 0.06274509803921556 0.0594771241830064 0.06470588235294103 0.059477124183006415 0.06078431372549007 0.06274509803921555
0.06944444444444435 0.05222222222222214 0.0944444444444443 0.06388888888888877 0.0688888888888888 0.05777777777777769 0.1366666666666667 0.05111111111111103 0.06555555555555549 0.058888888888888796 0.05222222222222214 0.05277777777777769 0.05722222222222215 0.06666666666666655 0.052222222222222135
0.05802469135802457 0.05925925925925915 0.12037037037037018 0.058641975308641854 0.0574074074074073 0.061111111111111005 0.05987654320987644 0.06049382716049372 0.05864197530864187 0.05802469135802457 0.08395061728395051 0.09074074074074058 0.05864197530864187 0.05925925925925915 0.05555555555555545
0.062091503267973726 0.06274509803921556 0.06405228758169922 0.07124183006535934 0.06274509803921555 0.07320261437908483 0.10196078431372536 0.0614379084967319 0.06078431372549007 0.06405228758169922 0.0640522875816992 0.06078431372549007 0.0679738562091502 0.06339869281045737 0.059477124183006415
0.06358024691358014 0.059876543209876426 0.05679012345679002 0.05864197530864187 0.06358024691358012 0.05802469135802457 0.061111111111110984 0.05987654320987642 0.07160493827160483 0.05864197530864187 0.05802469135802457 0.05740740740740729 0.05679012345679001 0.05740740740740729 0.15864197530864177
0.0625 0.0625 0.06319444444444444 0.0625 0.06319444444444444 0.0625 0.0625 0.12013888888888889 0.06319444444444444 0.0625 0.0625 0.06319444444444444 0.0625 0.06458333333333334 0.0625
0.055555555555555546 0.05730994152046782 0.11228070175438593 0.06783625730994157 0.05906432748538012 0.05614035087719299 0.06257309941520464 0.06315789473684207 0.054970760233918115 0.05438596491228069 0.08421052631578936 0.10584795321637426 0.054970760233918115 0.05789473684210524 0.05380116959064327
0.05404040404040407 0.05757575757575762 0.055555555555555594 0.07575757575757582 0.06515151515151524 0.061111111111111144 0.08636363636363636 0.11464646464646475 0.07121212121212127 0.055050505050505065 0.053030303030303066 0.07828282828282838 0.05050505050505053 0.056060606060606116 0.06565656565656569
0.059477124183006415 0.0594771241830064 0.0594771241830064 0.05882352941176457 0.05882352941176457 0.0594771241830064 0.06013071895424823 0.05882352941176457 0.05882352941176457 0.06013071895424823 0.0594771241830064 0.05882352941176457 0.16928104575163375 0.06013071895424823 0.05882352941176457
0.06209150326797373 0.0660130718954247 0.06535947712418286 0.060784313725490056 0.062091503267973726 0.06078431372549007 0.06274509803921555 0.06274509803921555 0.06274509803921555 0.0614379084967319 0.06601307189542471 0.06274509803921555 0.118300653594771 0.06470588235294106 0.0614379084967319
0.04444444444444441 0.04529914529914528 0.12478632478632458 0.08461538461538451 0.04188034188034185 0.04102564102564099 0.11495726495726484 0.03974358974358971 0.041025641025640984 0.04316239316239314 0.04230769230769226 0.03931623931623928 0.06623931623931616 0.04615384615384609 0.1850427350427348
0.0640522875816992 0.08496732026143775 0.062091503267973726 0.0614379084967319 0.062091503267973726 0.06013071895424824 0.06666666666666651 0.0594771241830064 0.06209150326797373 0.07385620915032667 0.0594771241830064 0.06013071895424823 0.06209150326797373 0.06274509803921556 0.09869281045751614
0.05166666666666659 0.050555555555555465 0.05111111111111103 0.10388888888888899 0.050555555555555465 0.05055555555555547 0.04999999999999991 0.05111111111111102 0.13555555555555548 0.05166666666666659 0.10999999999999996 0.05111111111111103 0.08944444444444431 0.05277777777777769 0.04999999999999991
0.05166666666666658 0.05166666666666658 0.05055555555555547 0.11888888888888902 0.052222222222222135 0.052222222222222135 0.0527777777777777 0.12500000000000003 0.1377777777777777 0.05166666666666658 0.04999999999999991 0.04999999999999991 0.05111111111111103 0.053333333333333253 0.05111111111111103
0.06013071895424824 0.06078431372549007 0.06078431372549007 0.06339869281045737 0.05882352941176457 0.06078431372549007 0.061437908496731905 0.11372549019607821 0.06013071895424824 0.0594771241830064 0.06078431372549007 0.062091503267973726 0.09477124183006518 0.06274509803921555 0.06013071895424824
0.05925925925925915 0.05864197530864187 0.06296296296296286 0.0574074074074073 0.05679012345679002 0.058641975308641854 0.05802469135802457 0.05864197530864187 0.05925925925925916 0.06543209876543199 0.05617283950617273 0.05925925925925914 0.05740740740740729 0.05679012345679001 0.1753086419753084
0.0625 0.0625 0.06319444444444444 0.0625 0.0625 0.0625 0.0625 0.0625 0.0625 0.0625 0.12291666666666666 0.06319444444444444 0.06319444444444444 0.0625 0.0625
0.06296296296296283 0.06172839506172829 0.05987654320987644 0.06296296296296286 0.0685185185185184 0.07098765432098753 0.10679012345678997 0.06358024691358014 0.06049382716049372 0.06049382716049371 0.058024691358024585 0.062345679012345556 0.07716049382716038 0.06604938271604925 0.05802469135802457
0.0625 0.06319444444444444 0.0625 0.0625 0.0625 0.12361111111111112 0.0625 0.0625 0.0625 0.0625 0.0625 0.06319444444444444 0.0625 0.0625 0.0625
0.06172839506172829 0.05925925925925915 0.06296296296296286 0.059876543209876426 0.06296296296296283 0.058024691358024585 0.06543209876543198 0.059876543209876426 0.06172839506172829 0.059876543209876426 0.08888888888888875 0.06913580246913568 0.05740740740740729 0.05740740740740729 0.11543209876543187
0.06491228070175437 0.05438596491228069 0.07426900584795319 0.07309941520467828 0.06257309941520464 0.05789473684210523 0.06725146198830408 0.12105263157894726 0.05964912280701755 0.061403508771929814 0.061403508771929786 0.060818713450292376 0.06257309941520463 0.06081871345029239 0.05789473684210525
0.05882352941176457 0.17320261437908469 0.05882352941176457 0.06013071895424824 0.059477124183006415 0.05882352941176457 0.0594771241830064 0.05882352941176457 0.0594771241830064 0.05882352941176457 0.05882352941176457 0.05882352941176457 0.05882352941176457 0.05882352941176457 0.05882352941176457
0.050555555555555465 0.16000000000000014 0.052222222222222135 0.05166666666666657 0.15333333333333343 0.05111111111111103 0.05388888888888881 0.05277777777777769 0.05055555555555547 0.05277777777777769 0.05166666666666657 0.05611111111111102 0.05555555555555547 0.054999999999999924 0.0527777777777777
0.06049382716049372 0.06358024691358014 0.05864197530864187 0.07654320987654308 0.05740740740740729 0.05740740740740729 0.06049382716049371 0.0648148148148147 0.06049382716049372 0.05925925925925915 0.05679012345679001 0.05617283950617273 0.09074074074074058 0.0574074074074073 0.11975308641975285
0.06527777777777778 0.08611111111111111 0.06458333333333334 0.06597222222222222 0.06319444444444444 0.06319444444444444 0.07916666666666666 0.06527777777777778 0.06666666666666667 0.06458333333333334 0.0625 0.0625 0.06388888888888888 0.06458333333333334 0.0625
0.05679012345679001 0.05617283950617273 0.05925925925925915 0.05864197530864187 0.06296296296296286 0.10987654320987633 0.05617283950617273 0.06049382716049371 0.05864197530864187 0.05555555555555545 0.07962962962962951 0.11481481481481472 0.0574074074074073 0.05617283950617273 0.05740740740740729
0.0625 0.0625 0.0625 0.0625 0.0625 0.0625 0.0625 0.0625 0.0625 0.0625 0.0625 0.125 0.0625 0.0625 0.0625
0.06319444444444444 0.0625 0.0625 0.0625 0.0625 0.06319444444444444 0.0625 0.0625 0.12291666666666666 0.0625 0.0625 0.0625 0.06319444444444444 0.0625 0.0625
0.06458333333333334 0.06527777777777778 0.06319444444444444 0.06319444444444444 0.0875 0.06388888888888888 0.08402777777777778 0.06319444444444444 0.06319444444444444 0.06319444444444444 0.0625 0.0625 0.06458333333333334 0.06666666666666667 0.0625
0.050793650793650724 0.04920634920634913 0.19576719576719542 0.05873015873015861 0.05238095238095229 0.0539682539682539 0.09365079365079369 0.05079365079365071 0.04814814814814808 0.05185185185185179 0.04814814814814808 0.04814814814814808 0.048677248677248604 0.0582010582010581 0.09153439153439143
0.07569444444444444 0.06527777777777778 0.06458333333333334 0.06458333333333334 0.07222222222222222 0.06388888888888888 0.06666666666666667 0.06527777777777778 0.06458333333333334 0.06875 0.06458333333333334 0.06597222222222222 0.06458333333333334 0.06944444444444445 0.06388888888888888
0.06601307189542469 0.06862745098039201 0.062091503267973726 0.062091503267973726 0.0679738562091502 0.06535947712418287 0.06470588235294103 0.062091503267973726 0.06013071895424824 0.061437908496731884 0.0614379084967319 0.06274509803921556 0.09738562091503251 0.07712418300653581 0.06078431372549007
0.06319444444444444 0.0625 0.0625 0.06388888888888888 0.0625 0.0625 0.06319444444444444 0.0625 0.0625 0.06319444444444444 0.07013888888888889 0.06319444444444444 0.11319444444444444 0.0625 0.0625
0.06470588235294103 0.062091503267973726 0.06732026143790835 0.10849673202614363 0.06274509803921555 0.06078431372549007 0.06666666666666654 0.06993464052287567 0.06013071895424823 0.0614379084967319 0.06274509803921555 0.06274509803921557 0.06339869281045737 0.06339869281045737 0.06339869281045739
0.12010582010581995 0.07301587301587296 0.05555555555555548 0.06031746031746025 0.05661375661375654 0.053439153439153356 0.07354497354497345 0.05502645502645494 0.05502645502645494 0.10793650793650784 0.05714285714285708 0.059259259259259185 0.06084656084656079 0.06084656084656078 0.051322751322751256
0.06470588235294106 0.10522875816993442 0.062091503267973726 0.06078431372549007 0.0614379084967319 0.05882352941176457 0.0633986928104574 0.06339869281045737 0.06013071895424824 0.06666666666666654 0.08496732026143775 0.0614379084967319 0.06535947712418287 0.06274509803921555 0.05882352941176457
0.061111111111111054 0.16111111111111118 0.0549999999999999 0.05333333333333324 0.05999999999999993 0.05777777777777769 0.06055555555555546 0.05944444444444436 0.05499999999999991 0.08055555555555549 0.07055555555555548 0.0538888888888888 0.05888888888888879 0.058333333333333244 0.05444444444444435
0.05166666666666659 0.05111111111111102 0.058333333333333244 0.053333333333333253 0.052222222222222135 0.05055555555555547 0.05444444444444436 0.053888888888888806 0.05333333333333324 0.053888888888888806 0.053333333333333253 0.05499999999999991 0.05333333333333324 0.050555555555555465 0.25500000000000006
0.06078431372549007 0.08300653594771228 0.08366013071895409 0.08104575163398677 0.06862745098039201 0.0660130718954247 0.06862745098039204 0.06078431372549007 0.059477124183006415 0.06078431372549007 0.06470588235294104 0.060784313725490056 0.06078431372549007 0.06013071895424824 0.06078431372549007
0.052631578947368425 0.0543859649122807 0.2111111111111111 0.08421052631578954 0.052631578947368425 0.052631578947368425 0.053801169590643266 0.05321637426900585 0.06783625730994143 0.052631578947368425 0.05321637426900585 0.05321637426900584 0.052631578947368425 0.05321637426900585 0.052631578947368425
0.05864197530864187 0.05925925925925914 0.0993827160493826 0.07222222222222209 0.06358024691358014 0.05925925925925916 0.06543209876543198 0.05925925925925915 0.05925925925925916 0.05679012345679002 0.07901234567901222 0.09506172839506155 0.05679012345679001 0.059876543209876426 0.05617283950617273
0.0543859649122807 0.055555555555555546 0.18128654970760227 0.05380116959064327 0.057309941520467825 0.05497076023391813 0.05497076023391813 0.05321637426900585 0.053801169590643266 0.054970760233918115 0.07134502923976596 0.09122807017543864 0.052631578947368425 0.05497076023391813 0.055555555555555525
0.061904761904761824 0.058730158730158646 0.05291005291005284 0.06402116402116396 0.05396825396825389 0.053439153439153356 0.14126984126984113 0.06560846560846552 0.057142857142857065 0.10634920634920625 0.050793650793650724 0.0539682539682539 0.0576719576719576 0.06772486772486762 0.05449735449735442
0.0543859649122807 0.05497076023391812 0.05497076023391813 0.05321637426900584 0.055555555555555566 0.058479532163742735 0.0543859649122807 0.05438596491228069 0.05380116959064329 0.06432748538011696 0.05321637426900584 0.05438596491228071 0.05321637426900584 0.06081871345029237 0.21988304093567249
0.062345679012345556 0.11234567901234552 0.05925925925925915 0.06049382716049372 0.06111111111111099 0.06604938271604928 0.061728395061728274 0.08765432098765416 0.06419753086419742 0.06234567901234556 0.05617283950617273 0.06111111111111099 0.0648148148148147 0.06358024691358014 0.05679012345679001
0.0707602339181286 0.06315789473684211 0.10467836257309941 0.06374269005847953 0.0584795321637427 0.06959064327485377 0.06432748538011694 0.0719298245614035 0.060233918128654945 0.0637426900584795 0.05555555555555555 0.06315789473684208 0.0608187134502924 0.06842105263157888 0.061403508771929786
0.06458333333333334 0.0625 0.06319444444444444 0.06388888888888888 0.06597222222222222 0.06319444444444444 0.06805555555555555 0.06458333333333334 0.06458333333333334 0.09652777777777778 0.06388888888888888 0.06666666666666667 0.06458333333333334 0.06527777777777778 0.0625
0.06388888888888888 0.0625 0.0625 0.0625 0.0625 0.06388888888888888 0.06319444444444444 0.11388888888888889 0.06388888888888888 0.0625 0.0625 0.06805555555555555 0.0625 0.06319444444444444 0.0625
0.054970760233918115 0.0964912280701755 0.054970760233918115 0.0543859649122807 0.06198830409356722 0.0543859649122807 0.05321637426900585 0.05321637426900585 0.0543859649122807 0.10175438596491229 0.08421052631578957 0.11286549707602335 0.055555555555555546 0.054970760233918115 0.052631578947368425
0.06458333333333334 0.06458333333333334 0.06388888888888888 0.06597222222222222 0.06319444444444444 0.06319444444444444 0.06458333333333334 0.0625 0.06319444444444444 0.06597222222222222 0.09722222222222222 0.07222222222222222 0.0625 0.0625 0.06388888888888888
0.056725146198830394 0.05730994152046782 0.05906432748538009 0.053801169590643266 0.06374269005847949 0.05730994152046782 0.057309941520467804 0.05672514619883039 0.061988304093567266 0.05847953216374267 0.11286549707602332 0.09415204678362564 0.056725146198830415 0.09883040935672516 0.05497076023391812
0.06944444444444445 0.06388888888888888 0.0625 0.07430555555555556 0.06527777777777778 0.0625 0.06388888888888888 0.09861111111111111 0.0625 0.06319444444444444 0.0625 0.06319444444444444 0.0625 0.06319444444444444 0.0625
0.0625 0.0625 0.0625 0.0625 0.06319444444444444 0.0625 0.0625 0.0625 0.0625 0.0625 0.0625 0.12430555555555556 0.0625 0.0625 0.0625
0.06319444444444444 0.06319444444444444 0.06458333333333334 0.06458333333333334 0.06388888888888888 0.06388888888888888 0.06319444444444444 0.06319444444444444 0.06319444444444444 0.06597222222222222 0.10138888888888889 0.07222222222222222 0.0625 0.0625 0.0625
0.052380952380952306 0.05026455026455019 0.05238095238095229 0.0867724867724867 0.05449735449735442 0.05132275132275125 0.053439153439153356 0.04920634920634912 0.04761904761904755 0.04973544973544967 0.1137566137566137 0.14973544973544958 0.05132275132275125 0.08888888888888877 0.04867724867724861
0.06666666666666653 0.07581699346405217 0.06274509803921555 0.062091503267973726 0.06666666666666654 0.06993464052287568 0.07385620915032665 0.0640522875816992 0.06470588235294106 0.06862745098039204 0.0614379084967319 0.0640522875816992 0.061437908496731884 0.07189542483660118 0.06601307189542469
0.13024691358024681 0.07037037037037024 0.05864197530864187 0.058641975308641854 0.06296296296296285 0.062345679012345556 0.061728395061728274 0.059876543209876426 0.05802469135802457 0.0783950617283949 0.0574074074074073 0.06296296296296283 0.0574074074074073 0.05802469135802457 0.06296296296296283
0.10718954248365997 0.061437908496731884 0.0614379084967319 0.06339869281045739 0.062091503267973726 0.06274509803921555 0.06209150326797373 0.062091503267973726 0.06013071895424824 0.07320261437908482 0.06274509803921556 0.06470588235294104 0.0594771241830064 0.07189542483660114 0.06535947712418286
0.06013071895424824 0.05882352941176457 0.0594771241830064 0.05882352941176457 0.059477124183006415 0.059477124183006415 0.05882352941176457 0.05882352941176457 0.05882352941176457 0.05882352941176457 0.05882352941176457 0.05882352941176457 0.0594771241830064 0.05882352941176457 0.17254901960784286
0.06597222222222222 0.10902777777777778 0.0625 0.06458333333333334 0.06458333333333334 0.06388888888888888 0.0625 0.06388888888888888 0.0625 0.06319444444444444 0.06319444444444444 0.06388888888888888 0.0625 0.06458333333333334 0.06319444444444444
0.06458333333333334 0.07152777777777777 0.06875 0.06597222222222222 0.06527777777777778 0.06666666666666667 0.06875 0.06666666666666667 0.06388888888888888 0.06666666666666667 0.06736111111111111 0.06597222222222222 0.06666666666666667 0.06805555555555555 0.06319444444444444
0.06666666666666654 0.06535947712418289 0.06078431372549007 0.07516339869281032 0.06535947712418286 0.06339869281045739 0.07124183006535935 0.06732026143790834 0.06470588235294104 0.06405228758169923 0.07712418300653581 0.06601307189542469 0.06601307189542469 0.06470588235294103 0.06209150326797373
