0.06601307189542471 0.06405228758169922 0.06732026143790837 0.06666666666666653 0.07385620915032669 0.0660130718954247 0.06601307189542469 0.06666666666666654 0.07385620915032665 0.06209150326797371 0.06405228758169922 0.06797385620915018 0.06535947712418287 0.06274509803921555 0.06732026143790835
0.06013071895424823 0.07124183006535934 0.06928104575163387 0.068627450980392 0.06732026143790837 0.06274509803921555 0.06535947712418286 0.06666666666666654 0.06535947712418287 0.06601307189542471 0.06339869281045739 0.06535947712418286 0.07843137254901947 0.06666666666666654 0.06339869281045739
0.0625 0.06319444444444444 0.06319444444444444 0.06388888888888888 0.0625 0.06319444444444444 0.0625 0.0625 0.06319444444444444 0.06597222222222222 0.06319444444444444 0.06319444444444444 0.06319444444444444 0.06388888888888888 0.11388888888888889
0.06458333333333334 0.07152777777777777 0.06458333333333334 0.06597222222222222 0.06597222222222222 0.06388888888888888 0.06666666666666667 0.0763888888888889 0.06388888888888888 0.06388888888888888 0.06527777777777778 0.06597222222222222 0.07222222222222222 0.06458333333333334 0.06458333333333334
0.06535947712418287 0.06274509803921555 0.06470588235294104 0.06535947712418289 0.06405228758169922 0.061437908496731884 0.062091503267973726 0.0614379084967319 0.0640522875816992 0.06078431372549007 0.0614379084967319 0.06209150326797371 0.062091503267973726 0.11699346405228736 0.06535947712418289
0.06862745098039204 0.06274509803921555 0.06535947712418287 0.06862745098039204 0.06274509803921555 0.06405228758169922 0.0614379084967319 0.06405228758169922 0.06470588235294104 0.062091503267973726 0.06535947712418286 0.0614379084967319 0.07450980392156849 0.0614379084967319 0.09281045751633969
0.06666666666666653 0.06013071895424824 0.06405228758169922 0.0614379084967319 0.06666666666666653 0.06666666666666654 0.062091503267973726 0.0640522875816992 0.06470588235294104 0.062091503267973726 0.06405228758169922 0.06013071895424823 0.062091503267973726 0.11307189542483638 0.06209150326797373
0.05802469135802457 0.06666666666666654 0.06172839506172829 0.06481481481481469 0.06604938271604925 0.06172839506172829 0.061728395061728274 0.1061728395061727 0.07469135802469123 0.06296296296296285 0.06172839506172829 0.06604938271604925 0.06111111111111099 0.06049382716049372 0.06604938271604925
0.07222222222222222 0.06736111111111111 0.06736111111111111 0.07013888888888889 0.06666666666666667 0.06736111111111111 0.06666666666666667 0.06458333333333334 0.06666666666666667 0.06388888888888888 0.06597222222222222 0.06736111111111111 0.06458333333333334 0.06319444444444444 0.06597222222222222
0.06319444444444444 0.06388888888888888 0.06597222222222222 0.06527777777777778 0.06875 0.06319444444444444 0.06388888888888888 0.06388888888888888 0.06527777777777778 0.06458333333333334 0.06388888888888888 0.09513888888888888 0.06388888888888888 0.06319444444444444 0.06597222222222222
0.0625 0.06388888888888888 0.06736111111111111 0.06388888888888888 0.06319444444444444 0.06388888888888888 0.06319444444444444 0.08819444444444445 0.06388888888888888 0.0625 0.06666666666666667 0.07222222222222222 0.06944444444444445 0.06527777777777778 0.06388888888888888
0.06527777777777778 0.06805555555555555 0.06736111111111111 0.06597222222222222 0.06944444444444445 0.06597222222222222 0.06736111111111111 0.06736111111111111 0.06319444444444444 0.06875 0.06319444444444444 0.06666666666666667 0.06805555555555555 0.06736111111111111 0.06597222222222222
0.06666666666666667 0.07013888888888889 0.06666666666666667 0.07013888888888889 0.07083333333333333 0.06319444444444444 0.06597222222222222 0.06597222222222222 0.06597222222222222 0.06458333333333334 0.06388888888888888 0.06458333333333334 0.07222222222222222 0.06458333333333334 0.06458333333333334
0.06111111111111099 0.058024691358024585 0.06296296296296285 0.0648148148148147 0.09259259259259248 0.06666666666666653 0.06049382716049372 0.059876543209876426 0.062345679012345556 0.058641975308641854 0.05802469135802457 0.05925925925925914 0.06296296296296283 0.1080246913580245 0.06419753086419741
0.06527777777777778 0.06875 0.06458333333333334 0.06875 0.06875 0.07152777777777777 0.06597222222222222 0.06597222222222222 0.06875 0.06388888888888888 0.06458333333333334 0.06388888888888888 0.06736111111111111 0.06527777777777778 0.06666666666666667
0.06081871345029237 0.05614035087719298 0.06783625730994147 0.06315789473684205 0.06374269005847948 0.10701754385964908 0.06257309941520466 0.05964912280701752 0.06140350877192982 0.06900584795321638 0.07602339181286548 0.06257309941520466 0.06257309941520466 0.0637426900584795 0.06374269005847953
0.06736111111111111 0.06666666666666667 0.06666666666666667 0.06875 0.06666666666666667 0.07152777777777777 0.06597222222222222 0.06527777777777778 0.06527777777777778 0.06458333333333334 0.06527777777777778 0.06597222222222222 0.06736111111111111 0.06527777777777778 0.06736111111111111
0.04920634920634912 0.0507936507936507 0.05026455026455019 0.05873015873015863 0.05291005291005284 0.05502645502645495 0.27248677248677217 0.05132275132275125 0.050793650793650724 0.050793650793650724 0.051851851851851774 0.050264550264550206 0.052910052910052824 0.05291005291005281 0.04973544973544967
0.0736842105263158 0.06608187134502923 0.06140350877192977 0.061403508771929835 0.06081871345029236 0.07660818713450289 0.06549707602339178 0.07426900584795319 0.08070175438596486 0.05730994152046782 0.06432748538011693 0.059064327485380076 0.061988304093567224 0.05555555555555557 0.08128654970760232
0.05611111111111103 0.058888888888888796 0.053888888888888806 0.061666666666666585 0.05555555555555547 0.059999999999999915 0.19166666666666662 0.06166666666666658 0.05611111111111102 0.05444444444444436 0.05722222222222214 0.06111111111111102 0.05499999999999991 0.05944444444444436 0.05722222222222215
0.06405228758169922 0.061437908496731884 0.0594771241830064 0.061437908496731884 0.0614379084967319 0.06274509803921556 0.13725490196078408 0.060784313725490056 0.0614379084967319 0.061437908496731884 0.0614379084967319 0.0614379084967319 0.06078431372549007 0.06339869281045739 0.0614379084967319
0.06470588235294104 0.06797385620915021 0.06732026143790837 0.06405228758169922 0.06405228758169922 0.06666666666666653 0.08169934640522859 0.06470588235294104 0.06339869281045737 0.06470588235294103 0.06732026143790837 0.06470588235294106 0.06470588235294104 0.06862745098039202 0.06535947712418286
0.06732026143790835 0.08039215686274495 0.06470588235294104 0.06405228758169922 0.0640522875816992 0.06666666666666654 0.0679738562091502 0.07124183006535935 0.07320261437908482 0.0594771241830064 0.06405228758169922 0.0660130718954247 0.06666666666666654 0.06274509803921555 0.0614379084967319
0.06797385620915018 0.06209150326797373 0.06274509803921557 0.0640522875816992 0.06470588235294103 0.06797385620915021 0.062091503267973726 0.07450980392156852 0.0771241830065358 0.06470588235294106 0.06535947712418287 0.0660130718954247 0.07189542483660116 0.06339869281045737 0.06535947712418287
0.05449735449735443 0.05714285714285705 0.05714285714285706 0.07037037037037028 0.06455026455026446 0.06772486772486763 0.11164021164021154 0.06560846560846556 0.06137566137566128 0.0597883597883597 0.05767195767195758 0.09947089947089942 0.058201058201058135 0.05767195767195758 0.057142857142857065
0.06900584795321632 0.06491228070175437 0.07836257309941518 0.07251461988304092 0.06666666666666667 0.06725146198830406 0.06257309941520467 0.06783625730994149 0.06725146198830409 0.06374269005847946 0.0631578947368421 0.06666666666666662 0.06608187134502923 0.0649122807017544 0.05906432748538007
0.06388888888888888 0.06597222222222222 0.0625 0.06388888888888888 0.0625 0.06388888888888888 0.06319444444444444 0.07430555555555556 0.06319444444444444 0.0625 0.09791666666666667 0.06388888888888888 0.06458333333333334 0.06319444444444444 0.06458333333333334
0.05925925925925915 0.05925925925925915 0.0574074074074073 0.07345679012345667 0.059876543209876426 0.059876543209876426 0.11172839506172821 0.06419753086419741 0.059876543209876426 0.06913580246913568 0.05679012345679001 0.08827160493827145 0.05740740740740729 0.05802469135802457 0.06543209876543198
0.06274509803921555 0.0640522875816992 0.06274509803921555 0.10326797385620896 0.07320261437908482 0.06535947712418286 0.06339869281045737 0.06013071895424824 0.06535947712418287 0.06405228758169922 0.062091503267973726 0.0640522875816992 0.06535947712418289 0.06274509803921555 0.061437908496731905
0.061728395061728274 0.06358024691358012 0.06234567901234556 0.06481481481481469 0.06234567901234558 0.0648148148148147 0.061728395061728274 0.06543209876543198 0.07530864197530851 0.0858024691358023 0.07716049382716035 0.06358024691358014 0.06358024691358014 0.06296296296296286 0.06481481481481471
0.07083333333333333 0.06458333333333334 0.07083333333333333 0.0625 0.06597222222222222 0.0625 0.06458333333333334 0.06458333333333334 0.06875 0.06458333333333334 0.06319444444444444 0.06388888888888888 0.07083333333333333 0.07152777777777777 0.07083333333333333
0.06455026455026447 0.055555555555555476 0.059259259259259206 0.06772486772486765 0.09682539682539677 0.05661375661375652 0.05714285714285706 0.06825396825396816 0.15608465608465596 0.056084656084655994 0.051322751322751256 0.04973544973544967 0.05449735449735442 0.05185185185185179 0.05449735449735443
0.056725146198830415 0.05614035087719299 0.0701754385964912 0.11929824561403496 0.06549707602339176 0.06491228070175435 0.07660818713450288 0.06900584795321633 0.0567251461988304 0.05614035087719299 0.05730994152046782 0.05672514619883042 0.05730994152046784 0.0812865497076023 0.05614035087719298
0.0716049382716048 0.06358024691358014 0.06481481481481471 0.06049382716049371 0.07530864197530852 0.06296296296296283 0.061111111111111005 0.062345679012345556 0.05802469135802457 0.10679012345678994 0.06481481481481469 0.06234567901234555 0.0679012345679011 0.05925925925925915 0.05864197530864187
0.05864197530864187 0.061728395061728294 0.15493827160493806 0.06358024691358014 0.06543209876543196 0.05617283950617273 0.06234567901234556 0.05925925925925915 0.0648148148148147 0.058024691358024585 0.05864197530864187 0.05679012345679001 0.06358024691358011 0.059876543209876426 0.05617283950617273
0.045396825396825324 0.045396825396825345 0.1263492063492062 0.03936507936507931 0.04603174603174598 0.09174603174603162 0.04158730158730151 0.048571428571428515 0.07396825396825388 0.07015873015873006 0.03873015873015866 0.04349206349206342 0.07365079365079359 0.16253968253968232 0.05301587301587295
0.06959064327485377 0.060233918128654966 0.06023391812865492 0.06374269005847952 0.08771929824561399 0.05847953216374269 0.058479532163742666 0.059064327485380076 0.13040935672514614 0.061403508771929786 0.056725146198830415 0.06608187134502919 0.05847953216374269 0.05321637426900585 0.05614035087719298
0.08758169934640504 0.11372549019607821 0.06274509803921555 0.06732026143790835 0.06274509803921555 0.062091503267973726 0.0614379084967319 0.05882352941176457 0.06274509803921555 0.06013071895424823 0.05882352941176457 0.06013071895424823 0.06274509803921556 0.059477124183006415 0.0594771241830064
0.05882352941176457 0.11241830065359452 0.0594771241830064 0.05882352941176457 0.05882352941176457 0.11045751633986904 0.06013071895424824 0.06078431372549007 0.060784313725490056 0.06013071895424824 0.05882352941176457 0.0594771241830064 0.06013071895424824 0.0614379084967319 0.0594771241830064
0.058641975308641854 0.06172839506172827 0.06296296296296285 0.09999999999999984 0.06296296296296285 0.062345679012345556 0.06604938271604925 0.06851851851851841 0.06790123456790113 0.06543209876543199 0.06419753086419742 0.06851851851851841 0.0648148148148147 0.06049382716049372 0.06543209876543196
0.07407407407407395 0.061728395061728274 0.06728395061728384 0.06666666666666654 0.06234567901234556 0.06790123456790112 0.06419753086419741 0.07407407407407396 0.0691358024691357 0.061728395061728274 0.06728395061728384 0.06419753086419742 0.06481481481481469 0.0648148148148147 0.06975308641975297
0.06736111111111111 0.06597222222222222 0.06736111111111111 0.06527777777777778 0.06736111111111111 0.06597222222222222 0.06875 0.06666666666666667 0.06666666666666667 0.06597222222222222 0.06597222222222222 0.06527777777777778 0.06805555555555555 0.06805555555555555 0.06527777777777778
0.06851851851851841 0.0685185185185184 0.06296296296296285 0.08395061728395051 0.06666666666666655 0.06172839506172829 0.062345679012345556 0.06975308641975296 0.06234567901234556 0.0641975308641974 0.06358024691358015 0.06728395061728382 0.06604938271604927 0.061728395061728274 0.07037037037037026
0.06944444444444445 0.06736111111111111 0.06388888888888888 0.06458333333333334 0.06527777777777778 0.06875 0.06805555555555555 0.07013888888888889 0.06458333333333334 0.06527777777777778 0.06388888888888888 0.06944444444444445 0.06666666666666667 0.06458333333333334 0.06805555555555555
0.06666666666666667 0.06736111111111111 0.06666666666666667 0.06527777777777778 0.07013888888888889 0.06597222222222222 0.06597222222222222 0.06666666666666667 0.06458333333333334 0.06458333333333334 0.06805555555555555 0.07222222222222222 0.06319444444444444 0.06527777777777778 0.06736111111111111
0.06388888888888888 0.06388888888888888 0.06388888888888888 0.06805555555555555 0.06805555555555555 0.06388888888888888 0.06319444444444444 0.06319444444444444 0.06736111111111111 0.06527777777777778 0.0625 0.09305555555555556 0.06527777777777778 0.06319444444444444 0.06527777777777778
0.06111111111111101 0.058641975308641854 0.06728395061728384 0.06604938271604925 0.12839506172839493 0.06172839506172827 0.05925925925925915 0.062345679012345556 0.061728395061728274 0.05925925925925915 0.05987654320987642 0.061111111111110984 0.07222222222222209 0.06049382716049371 0.06049382716049371
0.17098765432098742 0.05925925925925914 0.05679012345679001 0.06111111111111099 0.05925925925925915 0.061111111111111005 0.05864197530864187 0.058024691358024585 0.05617283950617273 0.06049382716049371 0.05555555555555545 0.05679012345679002 0.059876543209876426 0.05617283950617273 0.06975308641975297
0.0614379084967319 0.05882352941176457 0.05882352941176457 0.06078431372549008 0.09869281045751631 0.059477124183006415 0.0594771241830064 0.05882352941176457 0.06013071895424824 0.12810457516339857 0.05882352941176457 0.05882352941176457 0.059477124183006415 0.05882352941176457 0.0594771241830064
0.07569444444444444 0.06388888888888888 0.06319444444444444 0.06666666666666667 0.07291666666666667 0.06388888888888888 0.0625 0.06805555555555555 0.07291666666666667 0.06388888888888888 0.06388888888888888 0.06388888888888888 0.07361111111111111 0.0625 0.0625
0.06049382716049371 0.05679012345679001 0.06049382716049371 0.06049382716049371 0.07037037037037026 0.0679012345679011 0.05802469135802457 0.0709876543209875 0.08580246913580233 0.06049382716049372 0.05987654320987644 0.05864197530864187 0.10802469135802452 0.06419753086419742 0.0574074074074073
0.06458333333333334 0.06458333333333334 0.06319444444444444 0.08055555555555556 0.06319444444444444 0.06875 0.06666666666666667 0.06527777777777778 0.06597222222222222 0.0763888888888889 0.06319444444444444 0.06388888888888888 0.06666666666666667 0.06319444444444444 0.06388888888888888
0.0594771241830064 0.06078431372549007 0.06013071895424824 0.06209150326797371 0.060784313725490056 0.06078431372549007 0.10261437908496714 0.06013071895424824 0.06274509803921555 0.11111111111111087 0.06013071895424823 0.05882352941176457 0.06013071895424824 0.059477124183006415 0.06078431372549007
0.05944444444444437 0.058888888888888775 0.05499999999999991 0.06444444444444436 0.0577777777777777 0.05944444444444435 0.0866666666666666 0.058888888888888796 0.057222222222222126 0.05333333333333324 0.05722222222222214 0.0577777777777777 0.05833333333333325 0.15888888888888897 0.05666666666666658
0.050264550264550185 0.051322751322751256 0.05026455026455019 0.05449735449735442 0.05343915343915337 0.05978835978835972 0.11587301587301575 0.05396825396825389 0.05396825396825389 0.050793650793650724 0.050793650793650724 0.05343915343915335 0.053439153439153356 0.19999999999999965 0.04814814814814808
0.06013071895424824 0.05882352941176457 0.060784313725490056 0.06601307189542469 0.0614379084967319 0.07058823529411748 0.05882352941176457 0.06862745098039202 0.0594771241830064 0.06274509803921555 0.0594771241830064 0.059477124183006415 0.13464052287581685 0.0594771241830064 0.0594771241830064
0.06013071895424823 0.06013071895424823 0.06535947712418289 0.05882352941176457 0.060784313725490056 0.059477124183006415 0.05882352941176457 0.0816993464052286 0.06078431372549007 0.06013071895424823 0.06274509803921556 0.06862745098039204 0.0640522875816992 0.11830065359477097 0.06013071895424823
0.059876543209876426 0.07037037037037026 0.06543209876543199 0.06234567901234555 0.06111111111111099 0.06296296296296285 0.061111111111111005 0.05925925925925915 0.05925925925925914 0.06111111111111101 0.07530864197530854 0.05740740740740729 0.061111111111111005 0.12222222222222198 0.06111111111111099
0.06388888888888888 0.06319444444444444 0.06319444444444444 0.10138888888888889 0.07083333333333333 0.06666666666666667 0.0625 0.06388888888888888 0.06319444444444444 0.0625 0.06527777777777778 0.06388888888888888 0.06319444444444444 0.0625 0.06388888888888888
0.06419753086419741 0.06419753086419742 0.06172839506172829 0.07283950617283935 0.06975308641975296 0.06419753086419742 0.062345679012345556 0.06913580246913568 0.06728395061728382 0.06111111111111099 0.06049382716049371 0.07839506172839496 0.07716049382716039 0.06172839506172829 0.06543209876543199
0.06458333333333334 0.06388888888888888 0.06319444444444444 0.06736111111111111 0.06458333333333334 0.06388888888888888 0.06458333333333334 0.0798611111111111 0.07222222222222222 0.06458333333333334 0.07152777777777777 0.06597222222222222 0.06597222222222222 0.06527777777777778 0.0625
0.05321637426900585 0.06842105263157895 0.0567251461988304 0.18187134502923966 0.05730994152046782 0.06257309941520467 0.05847953216374265 0.05847953216374269 0.06315789473684205 0.05614035087719298 0.058479532163742666 0.05555555555555554 0.056725146198830415 0.05789473684210524 0.05497076023391812
0.06166666666666658 0.06055555555555548 0.06388888888888881 0.08222222222222218 0.06444444444444435 0.06555555555555546 0.0627777777777777 0.07999999999999992 0.06388888888888881 0.07277777777777768 0.0638888888888888 0.06444444444444436 0.07388888888888881 0.060555555555555446 0.05944444444444438
0.06388888888888888 0.06388888888888888 0.06388888888888888 0.06944444444444445 0.06319444444444444 0.06597222222222222 0.07569444444444444 0.06527777777777778 0.06319444444444444 0.06805555555555555 0.06944444444444445 0.06944444444444445 0.06805555555555555 0.06458333333333334 0.06597222222222222
0.06140350877192975 0.05906432748538011 0.05847953216374269 0.06666666666666662 0.061403508771929835 0.061403508771929814 0.1614035087719297 0.0567251461988304 0.06023391812865494 0.06023391812865494 0.05555555555555555 0.05906432748538011 0.059649122807017514 0.05964912280701754 0.05906432748538009
0.0614379084967319 0.1117647058823527 0.05882352941176457 0.059477124183006415 0.06013071895424823 0.0594771241830064 0.1117647058823527 0.0594771241830064 0.061437908496731905 0.0594771241830064 0.0594771241830064 0.05882352941176457 0.059477124183006415 0.05882352941176457 0.06013071895424824
0.0594771241830064 0.06013071895424824 0.060784313725490056 0.0640522875816992 0.05882352941176457 0.13202614379084943 0.0614379084967319 0.0640522875816992 0.06078431372549007 0.06013071895424824 0.06013071895424823 0.060784313725490056 0.06862745098039202 0.06732026143790838 0.0614379084967319
0.06358024691358014 0.06296296296296285 0.0641975308641974 0.06172839506172829 0.06358024691358012 0.06975308641975297 0.06419753086419741 0.05864197530864187 0.07160493827160483 0.07654320987654308 0.06234567901234558 0.058641975308641854 0.07345679012345667 0.05925925925925914 0.08950617283950606
0.05990338164251215 0.05314009661835758 0.052173913043478355 0.05362318840579717 0.05990338164251215 0.05507246376811604 0.1357487922705314 0.05314009661835758 0.15700483091787448 0.059903381642512195 0.04782608695652181 0.05169082125603873 0.061352657004831015 0.0507246376811595 0.04879227053140105
0.058201058201058115 0.06613756613756605 0.05925925925925918 0.07830687830687824 0.058201058201058115 0.05714285714285706 0.09100529100529094 0.059259259259259185 0.0756613756613756 0.10952380952380943 0.05714285714285705 0.05820105820105812 0.06243386243386233 0.052910052910052824 0.05661375661375653
0.06060606060606068 0.05000000000000002 0.053535353535353575 0.05202020202020205 0.05151515151515155 0.05303030303030304 0.2510101010101009 0.05757575757575762 0.05303030303030306 0.054040404040404055 0.054545454545454564 0.05050505050505052 0.054545454545454584 0.05303030303030306 0.051010101010101026
0.06875 0.0625 0.06388888888888888 0.06527777777777778 0.06319444444444444 0.06527777777777778 0.06319444444444444 0.06666666666666667 0.06527777777777778 0.06319444444444444 0.06527777777777778 0.06319444444444444 0.06736111111111111 0.09027777777777778 0.06666666666666667
0.0944444444444443 0.06049382716049372 0.062345679012345556 0.06728395061728382 0.06481481481481469 0.06913580246913568 0.06543209876543198 0.061728395061728294 0.06851851851851841 0.07345679012345667 0.05925925925925916 0.05864197530864187 0.06851851851851841 0.05987654320987644 0.06604938271604927
0.11045751633986907 0.06013071895424823 0.06274509803921556 0.06274509803921556 0.07254901960784302 0.06013071895424823 0.062091503267973726 0.06470588235294104 0.068627450980392 0.0594771241830064 0.059477124183006415 0.06535947712418287 0.06209150326797371 0.0614379084967319 0.0679738562091502
0.08405797101449283 0.06280193236714983 0.05120772946859911 0.10241545893719811 0.0908212560386474 0.06328502415458948 0.05942028985507256 0.058937198067632944 0.08405797101449285 0.058454106280193326 0.057971014492753714 0.054589371980676406 0.06618357487922714 0.05458937198067641 0.051207729468599104
0.0847953216374269 0.056725146198830415 0.0672514619883041 0.07836257309941515 0.06432748538011693 0.06491228070175432 0.06081871345029239 0.0573099415204678 0.1052631578947368 0.055555555555555546 0.05730994152046782 0.06725146198830403 0.06608187134502923 0.05497076023391813 0.05906432748538011
0.05802469135802457 0.058641975308641854 0.0574074074074073 0.07037037037037022 0.05925925925925915 0.06049382716049373 0.06049382716049371 0.05802469135802457 0.10061728395061714 0.1049382716049381 0.06049382716049372 0.07098765432098753 0.06358024691358014 0.05679012345679001 0.05987654320987644
0.06358024691358012 0.05864197530864187 0.06172839506172829 0.061728395061728274 0.09382716049382714 0.05802469135802457 0.05617283950617273 0.06111111111111101 0.06604938271604927 0.12469135802469127 0.0574074074074073 0.059876543209876426 0.05925925925925915 0.0574074074074073 0.06049382716049371
0.06458333333333334 0.0625 0.08888888888888889 0.06388888888888888 0.08194444444444444 0.06319444444444444 0.0625 0.06388888888888888 0.06736111111111111 0.06319444444444444 0.06319444444444444 0.06319444444444444 0.06388888888888888 0.0625 0.06527777777777778
0.06388888888888888 0.0625 0.08958333333333333 0.06319444444444444 0.0798611111111111 0.06597222222222222 0.06458333333333334 0.0625 0.06875 0.0625 0.06319444444444444 0.06388888888888888 0.06388888888888888 0.06319444444444444 0.0625
0.06358024691358014 0.06234567901234556 0.06234567901234556 0.061111111111111005 0.07962962962962951 0.06481481481481469 0.06419753086419741 0.061111111111111005 0.06481481481481469 0.06543209876543199 0.06234567901234558 0.06419753086419741 0.06604938271604925 0.09259259259259246 0.06543209876543198
0.09305555555555556 0.06388888888888888 0.06458333333333334 0.06527777777777778 0.06597222222222222 0.06527777777777778 0.06458333333333334 0.06388888888888888 0.06527777777777778 0.06458333333333334 0.06319444444444444 0.06527777777777778 0.06875 0.06319444444444444 0.06319444444444444
0.06319444444444444 0.06319444444444444 0.06388888888888888 0.06597222222222222 0.06666666666666667 0.07013888888888889 0.06388888888888888 0.06388888888888888 0.06458333333333334 0.06458333333333334 0.06388888888888888 0.06736111111111111 0.06944444444444445 0.08402777777777778 0.06527777777777778
0.0625 0.06388888888888888 0.0625 0.0625 0.06319444444444444 0.09930555555555555 0.0625 0.06388888888888888 0.06319444444444444 0.0625 0.0625 0.0625 0.07569444444444444 0.06944444444444445 0.06388888888888888
0.0625 0.0625 0.0625 0.0625 0.06388888888888888 0.06458333333333334 0.11805555555555555 0.0625 0.06319444444444444 0.0625 0.0625 0.0625 0.06458333333333334 0.0625 0.06319444444444444
0.06527777777777778 0.06527777777777778 0.06666666666666667 0.06597222222222222 0.06458333333333334 0.06388888888888888 0.06875 0.06597222222222222 0.06597222222222222 0.06875 0.06736111111111111 0.06458333333333334 0.07083333333333333 0.06875 0.06736111111111111
0.05864197530864187 0.061111111111111005 0.05987654320987642 0.05987654320987642 0.061111111111111005 0.06604938271604925 0.0753086419753085 0.0648148148148147 0.09074074074074058 0.061111111111111005 0.05679012345679001 0.061111111111111005 0.10185185185185172 0.06111111111111099 0.06049382716049372
0.06209150326797371 0.06405228758169922 0.0594771241830064 0.0699346405228757 0.07450980392156847 0.09346405228758156 0.06732026143790838 0.06535947712418287 0.06274509803921556 0.06274509803921556 0.062091503267973726 0.06339869281045739 0.0640522875816992 0.06535947712418289 0.06339869281045737
0.060784313725490056 0.06078431372549007 0.06274509803921557 0.0614379084967319 0.05882352941176457 0.06078431372549007 0.06274509803921555 0.06078431372549007 0.0614379084967319 0.09738562091503247 0.059477124183006415 0.10915032679738539 0.06078431372549007 0.06339869281045737 0.0594771241830064
0.06597222222222222 0.06527777777777778 0.06666666666666667 0.06875 0.07222222222222222 0.06736111111111111 0.06805555555555555 0.06319444444444444 0.06388888888888888 0.06458333333333334 0.06388888888888888 0.06736111111111111 0.07083333333333333 0.06666666666666667 0.06527777777777778
0.06736111111111111 0.06805555555555555 0.06736111111111111 0.07013888888888889 0.06597222222222222 0.06458333333333334 0.06736111111111111 0.06736111111111111 0.06458333333333334 0.06875 0.06666666666666667 0.06944444444444445 0.06666666666666667 0.06319444444444444 0.0625
0.0594771241830064 0.0633986928104574 0.06078431372549007 0.062091503267973726 0.06601307189542469 0.12810457516339846 0.062091503267973726 0.06013071895424824 0.06274509803921555 0.0660130718954247 0.06013071895424824 0.06274509803921555 0.061437908496731905 0.06078431372549007 0.06405228758169922
0.06732026143790835 0.06405228758169923 0.06732026143790835 0.06928104575163384 0.06732026143790835 0.07189542483660118 0.06405228758169922 0.07843137254901945 0.06666666666666651 0.06274509803921556 0.06013071895424823 0.06601307189542471 0.06535947712418287 0.06666666666666653 0.06274509803921555
0.06736111111111111 0.06527777777777778 0.06875 0.06805555555555555 0.06527777777777778 0.06666666666666667 0.06805555555555555 0.06597222222222222 0.06805555555555555 0.06666666666666667 0.06319444444444444 0.06805555555555555 0.06597222222222222 0.06666666666666667 0.06597222222222222
0.06458333333333334 0.06388888888888888 0.06458333333333334 0.06527777777777778 0.07152777777777777 0.06805555555555555 0.0625 0.06458333333333334 0.06736111111111111 0.06527777777777778 0.06388888888888888 0.06319444444444444 0.07222222222222222 0.07569444444444444 0.06736111111111111
0.06805555555555555 0.06458333333333334 0.06527777777777778 0.06458333333333334 0.06805555555555555 0.06527777777777778 0.06458333333333334 0.06666666666666667 0.06666666666666667 0.06388888888888888 0.06666666666666667 0.07222222222222222 0.07083333333333333 0.06597222222222222 0.06666666666666667
0.0660130718954247 0.0594771241830064 0.10588235294117623 0.06535947712418289 0.0660130718954247 0.06470588235294104 0.06535947712418287 0.06274509803921555 0.07124183006535935 0.06405228758169922 0.06274509803921556 0.062091503267973726 0.062091503267973726 0.06274509803921555 0.0594771241830064
0.13641975308641965 0.05679012345679002 0.0716049382716048 0.08580246913580233 0.05802469135802457 0.058641975308641854 0.061728395061728294 0.05679012345679001 0.05679012345679001 0.05802469135802457 0.05679012345679002 0.058641975308641854 0.06111111111111099 0.0574074074074073 0.06543209876543199
0.13976608187134482 0.05789473684210523 0.07192982456140345 0.08128654970760221 0.0637426900584795 0.057309941520467825 0.05672514619883039 0.05847953216374269 0.06491228070175438 0.057309941520467846 0.056725146198830394 0.055555555555555546 0.06725146198830419 0.05497076023391814 0.05614035087719295
0.05120772946859911 0.057487922705314075 0.05507246376811603 0.05410628019323679 0.06135265700483104 0.05169082125603873 0.0714975845410629 0.051690821256038716 0.23091787439613537 0.053140096618357585 0.046376811594202975 0.05072463768115951 0.05603864734299524 0.05169082125603874 0.05700483091787449
0.06535947712418287 0.06666666666666653 0.06732026143790837 0.06535947712418286 0.06928104575163384 0.0679738562091502 0.06928104575163387 0.06928104575163385 0.06470588235294104 0.062091503267973726 0.06274509803921556 0.06666666666666655 0.06535947712418287 0.07124183006535934 0.06666666666666653
0.0625 0.06388888888888888 0.06527777777777778 0.06319444444444444 0.06458333333333334 0.06458333333333334 0.06458333333333334 0.08958333333333333 0.06458333333333334 0.06458333333333334 0.06388888888888888 0.075 0.06805555555555555 0.0625 0.06319444444444444
0.0596491228070175 0.059649122807017535 0.06666666666666665 0.06374269005847956 0.07953216374269001 0.08596491228070179 0.08947368421052632 0.06315789473684208 0.06081871345029235 0.06023391812865497 0.05789473684210526 0.06842105263157892 0.06198830409356721 0.06374269005847952 0.05906432748538011
0.055555555555555546 0.05614035087719296 0.16315789473684197 0.06198830409356726 0.057309941520467804 0.057309941520467846 0.05555555555555555 0.05789473684210523 0.056725146198830415 0.056140350877193 0.05847953216374265 0.05789473684210524 0.057309941520467804 0.09532163742690057 0.05321637426900584
0.0625 0.0625 0.06388888888888888 0.0625 0.06319444444444444 0.0625 0.06388888888888888 0.0625 0.06319444444444444 0.0625 0.0625 0.0625 0.0625 0.12083333333333333 0.0625
0.06597222222222222 0.06458333333333334 0.06458333333333334 0.06736111111111111 0.06805555555555555 0.06527777777777778 0.06597222222222222 0.06736111111111111 0.06388888888888888 0.06597222222222222 0.06805555555555555 0.06944444444444445 0.07152777777777777 0.06527777777777778 0.06666666666666667
0.060233918128654945 0.05497076023391815 0.05847953216374269 0.06315789473684214 0.07602339181286542 0.08304093567251462 0.061403508771929786 0.06549707602339179 0.060818713450292376 0.05847953216374267 0.05789473684210527 0.06666666666666662 0.05906432748538007 0.11812865497076018 0.05614035087719297
0.06990740740740745 0.057870370370370385 0.06481481481481484 0.07962962962962969 0.07546296296296298 0.056944444444444485 0.06111111111111112 0.06898148148148153 0.07546296296296298 0.05925925925925925 0.05277777777777777 0.07268518518518519 0.07083333333333335 0.057870370370370364 0.0763888888888889
0.06805555555555555 0.06458333333333334 0.06875 0.06805555555555555 0.06597222222222222 0.06388888888888888 0.06458333333333334 0.06944444444444445 0.06736111111111111 0.06805555555555555 0.06388888888888888 0.06527777777777778 0.06736111111111111 0.06875 0.06597222222222222
0.06736111111111111 0.06458333333333334 0.06458333333333334 0.06527777777777778 0.06805555555555555 0.06944444444444445 0.06527777777777778 0.06666666666666667 0.06666666666666667 0.06597222222222222 0.06597222222222222 0.06875 0.06805555555555555 0.06666666666666667 0.06666666666666667
0.06358024691358014 0.06296296296296285 0.06358024691358014 0.06358024691358014 0.06913580246913567 0.06604938271604927 0.06296296296296285 0.08888888888888874 0.07716049382716038 0.061728395061728294 0.06296296296296283 0.06419753086419741 0.06728395061728384 0.061111111111111005 0.06481481481481469
0.06458333333333334 0.06527777777777778 0.06666666666666667 0.06527777777777778 0.06944444444444445 0.06666666666666667 0.06944444444444445 0.06597222222222222 0.06597222222222222 0.06736111111111111 0.06597222222222222 0.06736111111111111 0.07013888888888889 0.06527777777777778 0.06458333333333334
0.06470588235294106 0.059477124183006415 0.0660130718954247 0.07581699346405214 0.06535947712418286 0.06535947712418286 0.06013071895424824 0.06405228758169922 0.07973856209150312 0.06405228758169922 0.06013071895424824 0.08039215686274497 0.06470588235294103 0.06470588235294104 0.06535947712418286
0.06797385620915018 0.06601307189542469 0.06470588235294104 0.06666666666666654 0.06797385620915017 0.06209150326797371 0.06797385620915018 0.06274509803921556 0.08300653594771228 0.06274509803921555 0.06274509803921557 0.06928104575163385 0.06732026143790837 0.06405228758169922 0.06470588235294104
0.061666666666666564 0.05444444444444436 0.08222222222222214 0.0638888888888888 0.09222222222222218 0.062222222222222116 0.056666666666666594 0.06722222222222213 0.07555555555555545 0.06888888888888878 0.055555555555555455 0.07277777777777764 0.06888888888888879 0.05833333333333325 0.05944444444444435
0.06666666666666667 0.07569444444444444 0.06736111111111111 0.06875 0.06388888888888888 0.06666666666666667 0.06875 0.06736111111111111 0.06527777777777778 0.06319444444444444 0.06319444444444444 0.06527777777777778 0.07013888888888889 0.06388888888888888 0.06388888888888888
0.0672514619883041 0.06374269005847946 0.10116959064327483 0.06081871345029234 0.06666666666666667 0.0590643274853801 0.06315789473684208 0.07894736842105263 0.06140350877192977 0.0543859649122807 0.06432748538011696 0.06432748538011691 0.06374269005847952 0.0725146198830409 0.05847953216374267
0.06736111111111111 0.06458333333333334 0.06527777777777778 0.06666666666666667 0.06597222222222222 0.07291666666666667 0.06736111111111111 0.06597222222222222 0.06388888888888888 0.06527777777777778 0.06597222222222222 0.06527777777777778 0.06875 0.06944444444444445 0.06527777777777778
0.051851851851851774 0.05291005291005285 0.05396825396825387 0.12380952380952374 0.061375661375661264 0.16560846560846543 0.05291005291005284 0.06349206349206339 0.051851851851851774 0.051322751322751256 0.05661375661375654 0.05661375661375651 0.051851851851851774 0.05132275132275125 0.05449735449735442
0.0617283950617283 0.058641975308641854 0.06358024691358015 0.05925925925925916 0.06234567901234556 0.06851851851851838 0.06358024691358014 0.06666666666666653 0.09197530864197521 0.05925925925925915 0.05802469135802457 0.05925925925925915 0.10308641975308627 0.06296296296296286 0.06111111111111101
0.059999999999999915 0.0538888888888888 0.06277777777777768 0.06333333333333324 0.06888888888888878 0.06555555555555546 0.06166666666666658 0.057222222222222126 0.056666666666666594 0.06055555555555547 0.0538888888888888 0.09666666666666658 0.06111111111111104 0.059999999999999915 0.11777777777777772
0.06666666666666667 0.06458333333333334 0.06944444444444445 0.07152777777777777 0.0763888888888889 0.06458333333333334 0.06319444444444444 0.06666666666666667 0.06597222222222222 0.06527777777777778 0.0625 0.06597222222222222 0.06458333333333334 0.06388888888888888 0.06875
0.10899470899470892 0.057671957671957604 0.08359788359788349 0.08042328042328035 0.07142857142857133 0.06613756613756606 0.06137566137566128 0.05820105820105812 0.06296296296296289 0.06243386243386236 0.05502645502645497 0.06560846560846553 0.053968253968253894 0.05767195767195758 0.05449735449735442
0.058479532163742694 0.061988304093567245 0.06315789473684211 0.061403508771929786 0.0614035087719298 0.06081871345029237 0.07426900584795318 0.06725146198830408 0.06198830409356721 0.06140350877192982 0.059064327485380076 0.06666666666666662 0.0672514619883041 0.09473684210526313 0.08011695906432746
0.06111111111111118 0.05252525252525256 0.058080808080808136 0.05909090909090916 0.06111111111111116 0.07121212121212125 0.0560606060606061 0.054040404040404076 0.06414141414141417 0.059595959595959654 0.05303030303030308 0.05505050505050511 0.07222222222222222 0.1030303030303031 0.11969696969696975
0.06419753086419741 0.06419753086419741 0.06604938271604928 0.08271604938271594 0.0827160493827159 0.07469135802469123 0.07777777777777765 0.06172839506172827 0.06419753086419741 0.06049382716049371 0.05925925925925915 0.06358024691358014 0.05864197530864187 0.05987654320987642 0.059876543209876426
0.06274509803921555 0.06274509803921555 0.0614379084967319 0.06470588235294104 0.12222222222222212 0.06078431372549007 0.06209150326797371 0.06078431372549007 0.07908496732026128 0.06078431372549007 0.0594771241830064 0.06209150326797371 0.061437908496731884 0.060784313725490056 0.05882352941176457
0.06725146198830409 0.06432748538011691 0.08187134502923978 0.06315789473684208 0.07836257309941518 0.06315789473684207 0.06491228070175435 0.06432748538011694 0.07017543859649117 0.06549707602339179 0.07368421052631577 0.06023391812865497 0.05789473684210527 0.0608187134502924 0.06432748538011694
0.058641975308641854 0.06419753086419741 0.13395061728395044 0.058024691358024585 0.07283950617283941 0.05679012345679001 0.08950617283950602 0.05679012345679001 0.05679012345679001 0.05679012345679001 0.05617283950617273 0.06851851851851838 0.05740740740740729 0.05617283950617273 0.05740740740740729
0.06388888888888888 0.06527777777777778 0.06458333333333334 0.06388888888888888 0.08819444444444445 0.06597222222222222 0.06597222222222222 0.06666666666666667 0.06458333333333334 0.06527777777777778 0.06666666666666667 0.06666666666666667 0.06597222222222222 0.06388888888888888 0.0625
0.06470588235294104 0.06339869281045739 0.06339869281045737 0.06666666666666653 0.09215686274509786 0.0679738562091502 0.0640522875816992 0.06535947712418287 0.06274509803921555 0.062091503267973726 0.06274509803921555 0.06928104575163384 0.06405228758169923 0.0640522875816992 0.06732026143790835
0.06455026455026447 0.056084656084656015 0.08518518518518516 0.065079365079365 0.10423280423280418 0.060846560846560746 0.057142857142857065 0.06084656084656074 0.09947089947089935 0.05291005291005285 0.05132275132275125 0.05767195767195757 0.056084656084656 0.07142857142857133 0.05714285714285708
0.061904761904761824 0.06772486772486766 0.06455026455026447 0.07195767195767189 0.09682539682539677 0.058201058201058115 0.06349206349206342 0.058730158730158646 0.10052910052910043 0.058201058201058135 0.05661375661375652 0.057671957671957604 0.06402116402116394 0.05555555555555547 0.06402116402116394
0.06111111111111099 0.059876543209876426 0.08148148148148136 0.06666666666666655 0.10925925925925911 0.06419753086419742 0.06049382716049371 0.05925925925925914 0.05864197530864187 0.05740740740740729 0.05925925925925914 0.07962962962962948 0.06234567901234556 0.05987654320987642 0.06049382716049373
0.06481481481481469 0.06172839506172829 0.061111111111111005 0.06604938271604927 0.10246913580246897 0.06172839506172829 0.06975308641975297 0.0679012345679011 0.06296296296296283 0.06296296296296283 0.06481481481481469 0.06111111111111099 0.06728395061728382 0.0604938271604937 0.0648148148148147
0.06797385620915021 0.06405228758169923 0.06535947712418286 0.06666666666666654 0.08692810457516331 0.0614379084967319 0.061437908496731884 0.062091503267973726 0.09411764705882339 0.06274509803921556 0.06013071895424823 0.06274509803921555 0.0640522875816992 0.05882352941176457 0.061437908496731884
