2.1404109589041146E-4 8.085996955859976E-4 6.896879756468805E-4 4.518645357686459E-4 0.9302226027397258 3.3295281582952863E-4 5.707762557077632E-4 2.1404109589041146E-4 4.518645357686459E-4 6.896879756468805E-4 2.1404109589041146E-4 3.3295281582952863E-4 3.3295281582952874E-4 4.518645357686459E-4 0.021618150684931503 0.0014031582952815788 8.085996955859975E-4 2.1404109589041146E-4 8.085996955859977E-4 4.5186453576864593E-4 2.1404109589041146E-4 0.03850361491628615
1.1236029319427124E-4 4.62660030799938E-5 0.22686534610275075 6.278957560856309E-5 7.931314813713235E-5 2.974243055142464E-5 2.974243055142464E-5 6.278957560856306E-5 2.974243055142464E-5 6.278957560856306E-5 4.626600307999387E-5 6.27895756085631E-5 4.6266003079993834E-5 4.626600307999381E-5 0.772143239545536 2.974243055142464E-5 4.62660030799938E-5 4.62660030799938E-5 4.6266003079993855E-5 2.974243055142464E-5 2.974243055142464E-5 4.626600307999382E-5
8.510792409097499E-4 8.148631029986955E-5 5.341880341880336E-4 4.889178617992166E-4 8.148631029986955E-5 6.247283789656667E-4 2.1729682746631955E-4 2.625669998551363E-4 2.6256699985513553E-4 1.7202665507750245E-4 3.0783717224395265E-4 8.510792409097509E-4 1.2675648268868604E-4 8.058090685209335E-4 0.4100481674634218 5.341880341880344E-4 2.1729682746631957E-4 1.720266550775025E-4 0.07215160075329566 2.17296827466319E-4 3.531073446327689E-4 0.5106384905113719
2.72331154684096E-4 2.72331154684096E-4 0.01963810215444207 2.72331154684096E-4 8.775114984265333E-4 5.749213265553127E-4 2.72331154684096E-4 2.72331154684096E-4 2.72331154684096E-4 2.72331154684096E-4 4.236262406197039E-4 4.236262406197039E-4 2.72331154684096E-4 2.72331154684096E-4 0.15187000726216418 0.821502057613169 4.2362624061970436E-4 2.72331154684096E-4 2.72331154684096E-4 2.72331154684096E-4 4.236262406197039E-4 5.74921326555311E-4
2.8170147692060027E-4 3.823091472493862E-4 0.4344037989456317 1.8109380659181443E-4 2.8170147692060027E-4 1.8109380659181443E-4 2.8170147692060027E-4 1.8109380659181443E-4 1.8109380659181443E-4 2.817014769206003E-4 5.835244879069579E-4 1.8109380659181443E-4 5.83524487906958E-4 2.8170147692060027E-4 0.05672260453136948 4.8291681757817206E-4 2.817014769206003E-4 2.8170147692060027E-4 1.8109380659181443E-4 1.8109380659181443E-4 0.07493259286087976 0.4286691617368909
9.326618168252194E-5 9.326618168252194E-5 0.22476113494580202 9.326618168252194E-5 9.326618168252194E-5 1.9689527244087963E-4 9.326618168252194E-5 3.52338908578416E-4 3.0052436319923684E-4 1.9689527244087926E-4 9.326618168252194E-5 1.9689527244087947E-4 9.326618168252194E-5 1.9689527244087917E-4 0.7720781777860686 9.326618168252194E-5 1.4508072706170044E-4 9.326618168252194E-5 1.4508072706170044E-4 1.4508072706170065E-4 3.005243631992368E-4 1.4508072706170065E-4
2.3408239700374562E-4 3.641281731169374E-4 0.005826050769870984 2.3408239700374562E-4 0.0012744486059092805 3.641281731169374E-4 2.3408239700374562E-4 2.3408239700374562E-4 3.641281731169374E-4 3.641281731169376E-4 2.3408239700374562E-4 2.3408239700374562E-4 4.941739492301293E-4 4.941739492301293E-4 6.242197253433213E-4 2.3408239700374562E-4 6.242197253433212E-4 2.3408239700374562E-4 2.3408239700374562E-4 2.3408239700374562E-4 0.890397419891802 0.09646795672076569
1.1399908800729594E-4 1.7733191467801592E-4 0.0027106449815068176 3.6733039469017634E-4 0.0013806556214216972 3.039975680194558E-4 2.4066474134873587E-4 1.7733191467801592E-4 3.039975680194558E-4 1.1399908800729594E-4 3.039975680194558E-4 1.1399908800729594E-4 9.373258347266583E-4 1.1399908800729594E-4 0.17415260677914576 1.7733191467801592E-4 0.004547296954957697 0.5848659877387649 1.1399908800729594E-4 4.939960480316181E-4 4.306632213608958E-4 0.22785884379591642
7.847398285645295E-4 3.823091472493862E-4 4.8291681757817206E-4 3.823091472493862E-4 1.8109380659181443E-4 2.8170147692060027E-4 1.8109380659181443E-4 3.823091472493862E-4 0.539538814439213 5.835244879069579E-4 2.8170147692060027E-4 2.8170147692060027E-4 3.823091472493862E-4 1.8109380659181443E-4 0.4530162179564569 3.823091472493862E-4 2.817014769206003E-4 1.8109380659181443E-4 2.817014769206003E-4 4.8291681757817206E-4 7.847398285645295E-4 2.8170147692060027E-4
2.2802045669240026E-4 1.4658457930225726E-4 0.02433304016417475 1.4658457930225726E-4 7.166357210332592E-4 1.4658457930225726E-4 2.2802045669240026E-4 2.2802045669240026E-4 1.4658457930225726E-4 2.2802045669240026E-4 1.4658457930225726E-4 1.4658457930225726E-4 1.4658457930225726E-4 1.4658457930225726E-4 0.034186781328382036 2.280204566924002E-4 2.2802045669240026E-4 1.4658457930225726E-4 3.0945633408254326E-4 3.0945633408254326E-4 0.6433271442066517 0.29413010195771844
5.820222516296619E-5 4.288585012008034E-5 0.22225285497230718 8.883497524873786E-5 2.756947507719449E-5 2.756947507719449E-5 2.756947507719449E-5 5.820222516296619E-5 7.351860020585202E-5 2.756947507719449E-5 7.351860020585203E-5 2.756947507719449E-5 7.3518600205852E-5 4.288585012008034E-5 0.7767975297750341 2.756947507719449E-5 2.756947507719449E-5 2.756947507719449E-5 2.756947507719449E-5 5.8202225162966156E-5 1.0415135029162372E-4 2.756947507719449E-5
7.28756740999853E-5 7.28756740999853E-5 7.28756740999853E-5 7.28756740999853E-5 2.753081021554997E-4 7.28756740999853E-5 7.28756740999853E-5 1.133621597110886E-4 0.5638067013230981 1.133621597110884E-4 7.28756740999853E-5 1.1336215971108849E-4 7.28756740999853E-5 7.28756740999853E-5 0.3559490841956953 1.133621597110886E-4 0.06926427958347504 1.9433513093329425E-4 7.28756740999853E-5 7.28756740999853E-5 8.421189007109415E-4 0.008413091709987195
2.146728921805398E-4 2.1467289218054017E-4 0.12593248537540902 8.050233456770238E-5 8.855256802447275E-4 4.8301400740621527E-4 1.2522585377198182E-4 8.050233456770238E-5 1.6994937297626093E-4 1.2522585377198193E-4 2.5939641138481934E-4 2.5939641138481923E-4 8.050233456770238E-5 1.6994937297626125E-4 0.77205316731963 0.06783663392905062 1.6994937297626096E-4 0.02758546664519946 8.050233456770238E-5 3.935669689976568E-4 1.2522585377198185E-4 0.002674466448415881
2.276867030965391E-4 4.074393634359133E-4 1.0785159620362376E-4 1.0785159620362376E-4 2.276867030965391E-4 1.6776914965008143E-4 4.074393634359138E-4 2.876042565429968E-4 1.6776914965008143E-4 2.8760425654299676E-4 1.0785159620362376E-4 1.0785159620362376E-4 1.0785159620362376E-4 0.4068282043907583 0.5884982264404182 2.276867030965391E-4 5.871920237752866E-4 1.6776914965008143E-4 1.6776914965008143E-4 3.475218099894545E-4 2.8760425654299676E-4 1.6776914965008146E-4
1.277484707756587E-4 7.138885131580915E-5 7.138885131580918E-5 7.477042848340024E-4 9.017539113575905E-5 1.4653501059560875E-4 3.381577167590967E-5 1.0896193095570866E-4 3.381577167590967E-5 1.2774847077565895E-4 5.260231149585945E-5 5.260231149585943E-5 5.2602311495859396E-5 3.381577167590967E-5 0.20197033229631628 7.138885131580919E-5 0.7954371252085305 2.028946300554581E-4 1.465350105956085E-4 1.2774847077565903E-4 2.0289463005545823E-4 9.017539113575892E-5
9.114108640174982E-5 9.114108640174982E-5 1.417750232916109E-4 9.114108640174982E-5 9.114108640174982E-5 9.114108640174982E-5 9.114108640174982E-5 9.114108640174982E-5 1.924089601814719E-4 9.114108640174982E-5 9.114108640174982E-5 9.114108640174982E-5 9.114108640174982E-5 2.9367683396119403E-4 0.9971239923846551 9.114108640174982E-5 3.949447077409162E-4 1.417750232916109E-4 9.114108640174982E-5 9.114108640174982E-5 1.924089601814719E-4 2.43042897071333E-4
2.2170879133702074E-4 1.0501995379122037E-4 3.3839762888282146E-4 2.21708791337021E-4 3.383976288828215E-4 1.0501995379122037E-4 2.2170879133702115E-4 1.6336437256412063E-4 2.800532101099213E-4 2.2170879133702112E-4 1.6336437256412082E-4 1.6336437256412082E-4 1.6336437256412093E-4 1.6336437256412093E-4 0.4322621298046627 1.6336437256412093E-4 0.5636537608812341 4.5508646642862175E-4 1.0501995379122037E-4 1.0501995379122037E-4 2.800532101099213E-4 1.0501995379122037E-4
8.249463784854004E-5 1.7415534656913992E-4 0.1141542466406348 3.1164640965003975E-4 1.2832499220884015E-4 8.249463784854004E-5 4.033071183706395E-4 1.741553465691399E-4 1.741553465691399E-4 2.1998570092943997E-4 1.7415534656913984E-4 2.1998570092944E-4 4.033071183706395E-4 1.7415534656914003E-4 0.32002419842710234 8.249463784854004E-5 1.741553465691401E-4 8.249463784854004E-5 8.249463784854004E-5 1.2832499220883996E-4 1.7415534656914003E-4 0.5623751122843683
8.262856031884909E-4 4.61747837075921E-4 3.4023524837173094E-4 3.4023524837173126E-4 4.6174783707592093E-4 3.402352483717306E-4 2.187226596675415E-4 3.4023524837173104E-4 2.187226596675415E-4 5.8326042578011E-4 4.61747837075921E-4 8.262856031884915E-4 2.187226596675415E-4 2.187226596675415E-4 0.9854427918732387 3.4023524837173056E-4 0.0025274618450471472 3.402352483717311E-4 2.187226596675415E-4 5.832604257801104E-4 0.004471663264314185 2.187226596675415E-4
2.83347012154609E-4 1.3678821276429467E-4 0.6080626880837926 1.8564114589439946E-4 0.006487669519677989 8.793527963418917E-5 8.793527963418917E-5 8.793527963418917E-5 2.833470121546093E-4 1.8564114589439962E-4 1.3678821276429467E-4 8.793527963418917E-5 8.793527963418917E-5 1.8564114589439954E-4 0.3794309610349006 6.741704771954498E-4 3.3219994528471436E-4 8.793527963418917E-5 2.3449407902450468E-4 7.230234103255555E-4 8.793527963418917E-5 0.0020420526048383933
4.6200046200046095E-4 3.657503657503662E-4 0.11403711403711356 2.6950026950027E-4 6.545006545006536E-4 2.695002695002701E-4 1.7325017325017303E-4 2.6950026950026953E-4 2.695002695002699E-4 2.695002695002699E-4 4.6200046200046166E-4 1.7325017325017303E-4 1.7325017325017303E-4 1.7325017325017303E-4 0.2931585431585431 0.5699738199738201 2.695002695002701E-4 6.545006545006525E-4 2.6950026950027E-4 3.6575036575036606E-4 0.001232001232001235 0.016054516054516015
1.8443378827001107E-4 1.8443378827001107E-4 0.2422025492848066 7.992130825033825E-4 0.0018238452395590013 5.94286651092257E-4 0.002746014180909058 0.0015164555924423145 0.0010041395139145062 3.893602196811342E-4 0.002848477396614618 5.942866510922571E-4 2.868970039755726E-4 0.001516455592442316 0.11012746424033772 0.0010041395139145062 0.6251075863764907 0.0012090659453256312 0.001004139513914504 0.0010041395139145071 2.8689700397557187E-4 0.003565719906553545
5.840439201027909E-5 2.530856987112102E-4 0.006125971784189324 5.840439201027909E-5 0.3049293306856678 5.840439201027909E-5 1.2329816091058933E-4 9.085127646043419E-5 5.840439201027909E-5 0.559540032966035 3.5042635206167493E-4 1.2329816091058977E-4 9.085127646043422E-5 5.840439201027909E-5 0.07750911757453048 1.232981609105897E-4 5.840439201027909E-5 1.557450453607451E-4 1.232981609105897E-4 5.840439201027909E-5 1.8819192981089973E-4 0.04986437202299854
2.6481574399286374E-4 1.2543903662819852E-4 0.06249651558231581 1.2543903662819852E-4 0.0030523498912861688 1.9512739031053115E-4 2.6481574399286374E-4 1.2543903662819852E-4 1.2543903662819852E-4 2.6481574399286374E-4 4.0419245135752904E-4 1.2543903662819852E-4 1.2543903662819852E-4 1.2543903662819852E-4 0.4583960528516475 4.738808050398616E-4 2.6481574399286374E-4 3.345040976751964E-4 2.6481574399286374E-4 3.345040976751964E-4 3.345040976751964E-4 0.47177621675865544
1.1803588290840398E-4 1.1803588290840398E-4 7.737907879550917E-4 1.1803588290840398E-4 3.1476235442241167E-4 2.4918686391774245E-4 1.1803588290840398E-4 1.1803588290840398E-4 1.8361137341307276E-4 1.8361137341307287E-4 2.491868639177421E-4 1.8361137341307306E-4 1.8361137341307287E-4 1.8361137341307303E-4 0.4028171230720805 1.836113734130728E-4 7.082152974504231E-4 3.147623544224117E-4 2.491868639177426E-4 1.1803588290840398E-4 0.5923302906305739 1.8361137341307311E-4
3.103662321539414E-4 4.8279191668390906E-4 0.004276156976343219 3.103662321539414E-4 3.103662321539414E-4 4.8279191668390906E-4 3.103662321539414E-4 3.103662321539414E-4 4.8279191668390906E-4 3.103662321539414E-4 3.103662321539414E-4 3.103662321539414E-4 3.103662321539414E-4 3.103662321539414E-4 0.0011724946548037792 3.103662321539414E-4 3.103662321539414E-4 3.103662321539414E-4 3.103662321539414E-4 3.103662321539414E-4 0.9796882543623702 0.008759224774122372
1.0501995379122037E-4 1.6336437256412085E-4 1.0501995379122037E-4 2.2170879133702074E-4 1.6336437256412055E-4 1.6336437256412085E-4 1.6336437256412058E-4 2.8005321010992127E-4 1.0501995379122037E-4 2.800532101099209E-4 2.2170879133702115E-4 3.967420476557206E-4 2.2170879133702074E-4 1.0501995379122037E-4 0.4495320777614413 1.0501995379122037E-4 0.5467922238558661 2.8005321010992127E-4 1.0501995379122037E-4 2.800532101099209E-4 1.0501995379122037E-4 1.0501995379122037E-4
1.4876524843796497E-4 3.9670732916790685E-4 2.3141260868127816E-4 1.4876524843796497E-4 0.0011405335713577291 2.3141260868127857E-4 4.7935468941122074E-4 1.4876524843796497E-4 1.4876524843796497E-4 3.9670732916790636E-4 1.4876524843796497E-4 2.3141260868127816E-4 0.5860359020132898 1.4876524843796497E-4 0.056679559654864625 3.967073291679067E-4 0.0020496545340341794 1.4876524843796497E-4 1.4876524843796497E-4 1.4876524843796497E-4 0.006677906707659776 0.3437138417798936
1.5163849383070745E-4 1.1173362703315266E-4 1.1173362703315283E-4 7.182876023559818E-5 1.516384938307073E-4 7.182876023559818E-5 1.1173362703315279E-4 1.5163849383070745E-4 0.5689955146929719 7.182876023559818E-5 7.182876023559818E-5 1.5163849383070745E-4 1.1173362703315283E-4 7.182876023559818E-5 0.36029306134176126 1.5163849383070726E-4 0.06447828377148875 7.182876023559818E-5 1.1173362703315257E-4 7.182876023559818E-5 0.0011093552969720134 0.00330412297083752
2.72331154684096E-4 2.72331154684096E-4 0.014796659404502603 2.72331154684096E-4 2.72331154684096E-4 2.72331154684096E-4 2.72331154684096E-4 4.236262406197039E-4 2.72331154684096E-4 4.2362624061970404E-4 2.72331154684096E-4 2.72331154684096E-4 2.72331154684096E-4 2.72331154684096E-4 0.16594045025417573 0.8125756475429682 2.72331154684096E-4 4.236262406197039E-4 2.72331154684096E-4 2.72331154684096E-4 5.749213265553108E-4 0.0010288065843621422
3.1604135626890514E-4 0.7111833491354014 4.289132692220872E-4 2.0316944331572536E-4 4.28913269222086E-4 3.1604135626890547E-4 2.0316944331572536E-4 3.1604135626890514E-4 4.289132692220869E-4 3.160413562689055E-4 0.002121991963519796 2.0316944331572536E-4 3.1604135626890536E-4 3.160413562689053E-4 0.2712086324439026 3.160413562689054E-4 0.008329947175944747 5.417851821752684E-4 6.546570951284489E-4 5.417851821752677E-4 6.5465709512845E-4 6.546570951284489E-4
2.0316944331572536E-4 0.7097160142670098 3.160413562689055E-4 3.1604135626890606E-4 2.0316944331572536E-4 2.0316944331572536E-4 2.0316944331572536E-4 3.160413562689052E-4 3.160413562689054E-4 5.417851821752687E-4 0.0012190166598943506 3.160413562689052E-4 3.1604135626890606E-4 2.0316944331572536E-4 0.26827396270711995 3.1604135626890514E-4 0.013860670910650606 4.2891326922208674E-4 3.1604135626890574E-4 4.289132692220871E-4 0.0013318885728475283 6.546570951284486E-4
9.114108640174982E-5 9.114108640174982E-5 1.417750232916109E-4 9.114108640174982E-5 2.9367683396119403E-4 1.417750232916109E-4 1.924089601814719E-4 1.4177502329161084E-4 9.114108640174982E-5 9.114108640174982E-5 9.114108640174982E-5 9.114108640174982E-5 9.114108640174982E-5 1.417750232916109E-4 0.9973265281322147 9.114108640174982E-5 9.114108640174982E-5 9.114108640174982E-5 9.114108640174982E-5 1.417750232916109E-4 9.114108640174982E-5 2.9367683396119403E-4
1.6776914965008143E-4 1.0785159620362376E-4 1.6776914965008143E-4 1.0785159620362376E-4 1.0785159620362376E-4 4.0743936343591385E-4 2.8760425654299676E-4 1.6776914965008146E-4 1.6776914965008143E-4 1.0785159620362376E-4 2.8760425654299676E-4 1.6776914965008146E-4 1.6776914965008143E-4 0.4098240820630812 0.5862213594094527 1.6776914965008146E-4 4.6735691688237123E-4 3.4752180998945446E-4 1.0785159620362376E-4 1.6776914965008143E-4 1.0785159620362376E-4 1.6776914965008146E-4
3.402352483717305E-4 4.61747837075921E-4 2.187226596675415E-4 2.187226596675415E-4 4.6174783707592006E-4 3.4023524837173126E-4 2.187226596675415E-4 3.402352483717307E-4 0.0010693107805968703 2.187226596675415E-4 3.4023524837173104E-4 2.187226596675415E-4 2.187226596675415E-4 2.187226596675415E-4 0.9839846408087881 2.187226596675415E-4 0.006294352094877027 3.4023524837173115E-4 2.187226596675415E-4 4.6174783707592077E-4 0.0033780499659764786 2.187226596675415E-4
4.372977497907226E-5 2.811199820083212E-5 0.8914751927233647 5.934755175731231E-5 9.058310531379208E-5 5.9347551757312283E-5 1.2181865887027223E-4 4.3729774979072175E-5 1.9990754276147255E-4 2.811199820083212E-5 4.3729774979072277E-5 4.372977497907221E-5 2.811199820083212E-5 5.934755175731208E-5 0.09393780376575833 2.811199820083212E-5 2.811199820083212E-5 5.934755175731218E-5 4.372977497907226E-5 4.372977497907222E-5 7.496532853555206E-5 0.013459400027487294
7.507507507507513E-4 7.08573742281609E-4 4.976886999358927E-4 6.242197253433222E-4 6.242197253433218E-4 5.398657084050355E-4 1.6027263218274402E-4 1.602726321827445E-4 1.1809562371360122E-4 2.446266491210309E-4 1.602726321827444E-4 1.602726321827444E-4 9.194587846273257E-4 4.1333468299760515E-4 0.3230674494719439 2.0244964065188744E-4 0.6666413604615856 5.820427168741782E-4 9.616357930964688E-4 8.772817761581819E-4 3.7115767452846124E-4 0.0012146978439113284
8.991188635137575E-5 1.8981398229734868E-4 0.008281883753921115 1.8981398229734868E-4 1.3986293432436222E-4 1.8981398229734868E-4 8.991188635137575E-5 4.395692221622809E-4 0.3956522607844312 1.3986293432436222E-4 8.991188635137575E-5 1.3986293432436222E-4 1.8981398229734868E-4 1.3986293432436225E-4 0.5909608583588082 1.8981398229734868E-4 7.392755100001974E-4 1.8981398229734868E-4 0.0016383943735139585 1.3986293432436222E-4 8.991188635137575E-5 8.991188635137575E-5
1.1803588290840398E-4 1.1803588290840398E-4 2.4918686391774223E-4 1.1803588290840398E-4 1.8361137341307265E-4 1.8361137341307303E-4 1.8361137341307265E-4 2.491868639177426E-4 3.8033784492707965E-4 1.1803588290840398E-4 2.491868639177427E-4 2.491868639177423E-4 1.8361137341307276E-4 1.1803588290840398E-4 0.4013744622809777 1.1803588290840398E-4 5.11488825936417E-4 1.1803588290840398E-4 1.836113734130728E-4 2.4918686391774207E-4 0.5945598573077329 1.8361137341307265E-4
4.294742008712181E-4 4.2947420087121864E-4 0.0021166942757224355 2.7609055770292615E-4 4.294742008712186E-4 2.7609055770292615E-4 5.828578440395106E-4 2.7609055770292615E-4 0.604147493711271 2.7609055770292615E-4 4.294742008712187E-4 2.7609055770292615E-4 4.294742008712187E-4 2.7609055770292615E-4 0.002423461562059021 2.7609055770292615E-4 0.00180992698938585 2.7609055770292615E-4 4.294742008712184E-4 2.7609055770292615E-4 0.3780600036812078 0.005797901711761462
3.5242855312059485E-4 9.932077406125841E-4 0.1555811867230551 1.9223375624759703E-4 1.9223375624759706E-4 6.728181468665898E-4 2.322824554658464E-4 1.5218505702934766E-4 2.322824554658464E-4 6.327694476483409E-4 1.1213635781109825E-4 0.0035963731897987947 1.5218505702934766E-4 2.3228245546584646E-4 0.793356721773677 2.7233115468409583E-4 1.5218505702934766E-4 7.208765859284887E-5 1.9223375624759706E-4 6.728181468665916E-4 7.128668460848384E-4 0.04124215045495315
5.101615858737292E-4 9.370314842578705E-5 1.9781775778777283E-4 9.370314842578705E-5 4.0604697651174323E-4 9.370314842578705E-5 9.370314842578705E-5 9.370314842578705E-5 0.6808470764617692 1.9781775778777248E-4 1.4576045310678035E-4 9.370314842578705E-5 1.4576045310678022E-4 9.370314842578705E-5 0.3153527402965185 3.019323671497583E-4 3.019323671497581E-4 1.9781775778777275E-4 1.978177577877727E-4 9.370314842578705E-5 3.0193236714975806E-4 1.4576045310678006E-4
2.352999455094858E-4 1.733789072175165E-4 2.972209838014563E-4 1.1145786892554615E-4 0.9962971219101416 3.5914202209342535E-4 1.1145786892554615E-4 1.1145786892554615E-4 1.1145786892554615E-4 1.1145786892554615E-4 1.1145786892554615E-4 1.1145786892554615E-4 1.733789072175166E-4 1.1145786892554615E-4 2.972209838014559E-4 2.3529994550948588E-4 1.1145786892554615E-4 2.3529994550948588E-4 1.7337890721751625E-4 1.1145786892554615E-4 1.7337890721751635E-4 2.3529994550948634E-4
4.8291681757817206E-4 3.823091472493862E-4 0.0015896011911948164 3.823091472493862E-4 1.8109380659181443E-4 5.835244879069579E-4 4.8291681757817206E-4 2.817014769206003E-4 4.8291681757817206E-4 0.03529317075133809 4.8291681757817206E-4 1.8109380659181443E-4 0.004809046641715964 2.8170147692060027E-4 0.18379009215662603 3.823091472493862E-4 0.7684212644372009 1.8109380659181443E-4 2.817014769206003E-4 1.8109380659181443E-4 3.823091472493862E-4 4.8291681757817206E-4
9.641342074816823E-5 9.641342074816823E-5 5.249175129622495E-4 1.499764322749285E-4 2.5710245532844904E-4 1.4997643227492854E-4 1.4997643227492865E-4 9.641342074816823E-5 1.499764322749287E-4 9.641342074816823E-5 2.571024553284486E-4 9.641342074816823E-5 1.4997643227492854E-4 9.641342074816823E-5 0.6166066760937566 9.641342074816823E-5 9.641342074816823E-5 9.641342074816823E-5 9.641342074816823E-5 0.38044735827227144 9.641342074816823E-5 9.641342074816823E-5
5.502971604666529E-5 5.502971604666529E-5 0.18443515053684645 5.502971604666529E-5 5.502971604666529E-5 5.502971604666529E-5 5.502971604666529E-5 5.502971604666529E-5 1.1617384498740423E-4 8.560178051703486E-5 8.560178051703486E-5 8.560178051703484E-5 1.1617384498740425E-4 5.502971604666529E-5 0.8140973903685759 8.560178051703492E-5 1.16173844987404E-4 5.502971604666529E-5 8.560178051703487E-5 5.502971604666529E-5 5.502971604666529E-5 8.560178051703492E-5
9.641342074816823E-5 9.641342074816823E-5 9.641342074816823E-5 9.641342074816823E-5 9.641342074816823E-5 1.499764322749283E-4 9.641342074816823E-5 9.641342074816823E-5 1.4997643227492862E-4 9.641342074816823E-5 9.641342074816823E-5 9.641342074816823E-5 9.641342074816823E-5 9.641342074816823E-5 0.6186956335433004 1.4997643227492879E-4 9.641342074816823E-5 9.641342074816823E-5 9.641342074816823E-5 0.3791618459956292 1.4997643227492879E-4 9.641342074816823E-5
1.1617384498740401E-4 5.502971604666529E-5 0.18865409543375755 1.1617384498740436E-4 5.502971604666529E-5 5.502971604666529E-5 5.502971604666529E-5 1.1617384498740431E-4 8.560178051703486E-5 5.502971604666529E-5 5.502971604666529E-5 8.560178051703486E-5 8.560178051703486E-5 5.502971604666529E-5 0.8090224276664947 1.4674590945777362E-4 1.1617384498740401E-4 2.9960623180962104E-4 2.3846210286888233E-4 8.560178051703487E-5 1.1617384498740394E-4 3.301782962799906E-4
1.4576045310678038E-4 9.370314842578705E-5 9.370314842578705E-5 1.457604531067799E-4 3.0193236714975773E-4 9.370314842578705E-5 1.4576045310678022E-4 1.4576045310678008E-4 0.6794935865400635 1.9781775778777264E-4 9.370314842578705E-5 1.4576045310678025E-4 9.370314842578705E-5 9.370314842578705E-5 0.3166541729135431 3.5398967183075084E-4 5.622188905547219E-4 9.370314842578705E-5 9.370314842578705E-5 1.4576045310678008E-4 6.663334999167074E-4 1.457604531067799E-4
2.215259976581537E-4 1.424095699230991E-4 0.08946485648280014 4.5887528086331766E-4 1.424095699230991E-4 1.424095699230991E-4 3.797588531282634E-4 2.2152599765815377E-4 4.588752808633177E-4 2.2152599765815355E-4 1.424095699230991E-4 1.424095699230991E-4 2.2152599765815366E-4 1.424095699230991E-4 0.9046014114370698 2.215259976581535E-4 5.379917085983728E-4 1.424095699230991E-4 3.006424253932087E-4 1.424095699230991E-4 5.379917085983729E-4 0.0010126902750087028
0.001782242384964356 0.002412328076618421 0.02572549866781898 0.0025023403182832886 0.001152156693310288 0.0022323035932886866 0.004212572909915748 0.001152156693310288 0.0025023403182832865 0.0013321811766400214 0.004122560668250883 0.001152156693310289 0.0032224382516022176 0.002862389284942755 0.93484913948297 8.821199683156874E-4 4.3205875999135926E-4 9.721322099805576E-4 0.0011521566933102882 0.0035824872182616857 3.42046518326493E-4 0.0014221934183048868
3.6967525450719464E-4 1.3270393751540306E-4 0.07956548939316373 1.8009820091376158E-4 1.3270393751540344E-4 2.2749246431212E-4 2.748867277104783E-4 1.3270393751540306E-4 1.327039375154034E-4 2.2749246431212012E-4 3.2228099110883675E-4 4.644637813039117E-4 8.530967411704478E-5 1.3270393751540338E-4 0.9045574323683864 1.327039375154035E-4 1.8009820091376174E-4 1.3270393751540352E-4 5.118580447022695E-4 2.748867277104786E-4 4.170695179055532E-4 0.011412538626324695
0.001558788598574821 0.0012701240432831864 0.06081749802058574 0.0031670625494853513 1.1546582211665364E-4 1.979414093428346E-4 4.0413037740828734E-4 6.92794932699921E-4 0.0014763130113486392 7.4228028503563E-5 6.927949326999209E-4 8.989839007653721E-4 5.690815518606493E-4 1.5670361572974422E-4 0.9251616521509636 1.5670361572974408E-4 1.9794140934283473E-4 3.2165479018210626E-4 0.0013113618368962776 1.154658221166537E-4 3.2165479018210616E-4 3.216547901821063E-4
1.9035187904497725E-4 1.9035187904497725E-4 0.13785555011693024 5.982487627127875E-4 1.9035187904497725E-4 2.583346929896121E-4 0.0013460597161037658 5.302659487681527E-4 3.2631750693424687E-4 3.943003208788822E-4 2.583346929896121E-4 2.583346929896121E-4 3.2631750693424687E-4 1.2236906510034246E-4 0.27654049056398544 4.622831348235185E-4 1.2236906510034246E-4 4.6228313482351706E-4 5.302659487681524E-4 1.2236906510034246E-4 3.943003208788817E-4 0.5785201501060532
2.68672756582482E-4 2.68672756582482E-4 0.01907576571735618 2.68672756582482E-4 7.164606842199535E-4 2.68672756582482E-4 4.179353991283057E-4 2.68672756582482E-4 4.179353991283057E-4 2.68672756582482E-4 2.68672756582482E-4 2.68672756582482E-4 2.68672756582482E-4 2.68672756582482E-4 0.0010149859693116023 5.671980416741293E-4 0.0014627738969490768 4.1793539912830563E-4 2.68672756582482E-4 2.68672756582482E-4 0.904800286584273 0.06788464982984047
6.861130714341724E-5 9.311534540892339E-5 6.861130714341724E-5 6.861130714341724E-5 1.1761938367442955E-4 1.9113149847094801E-4 3.3815572806398495E-4 9.311534540892339E-5 2.401395750019603E-4 2.646436132674665E-4 6.861130714341724E-5 2.1563553673645418E-4 9.311534540892339E-5 2.6464361326746644E-4 0.4473408217674273 9.311534540892339E-5 0.5497922057555086 6.861130714341724E-5 1.421234219399357E-4 1.1761938367442955E-4 1.9113149847094801E-4 6.861130714341724E-5
2.0636640354950226E-4 7.738740133106317E-5 0.20579889593974 1.6337340281002258E-4 4.6432440798638015E-4 1.6337340281002283E-4 1.6337340281002248E-4 1.2038040207054297E-4 7.738740133106317E-5 1.2038040207054309E-4 7.738740133106317E-5 7.738740133106317E-5 1.2038040207054313E-4 7.738740133106317E-5 0.7913205730107139 1.6337340281002264E-4 7.738740133106317E-5 1.6337340281002275E-4 7.738740133106317E-5 2.493594042889817E-4 7.738740133106317E-5 1.6337340281002256E-4
5.76950814943025E-4 6.971489013894898E-4 0.001538535506514737 9.375450742824173E-4 0.0021395259387470564 2.1635655560363473E-4 4.567527284965614E-4 2.1635655560363473E-4 0.0011779412471753438 0.00911101495264194 0.0018991297658541265 4.567527284965614E-4 5.769508149430251E-4 8.173469878359536E-4 0.11909226405115626 2.1635655560363473E-4 0.019448050387037844 3.365546420500976E-4 0.0010577431607288802 0.0028607144574258466 0.8053031395740182 0.03086686859945192
7.39535571660996E-5 7.39535571660996E-5 0.08906473401370607 1.1503886670282165E-4 7.39535571660996E-5 1.1503886670282165E-4 7.39535571660996E-5 7.39535571660996E-5 7.39535571660996E-5 7.39535571660996E-5 7.39535571660996E-5 7.39535571660996E-5 7.39535571660996E-5 7.39535571660996E-5 0.866357705138952 1.1503886670282165E-4 7.39535571660996E-5 0.04292593140396721 7.39535571660996E-5 1.1503886670282165E-4 1.1503886670282165E-4 1.1503886670282165E-4
6.503158677071719E-4 1.1944577161968459E-4 0.03807665764187515 1.8580453363062032E-4 0.2804188565058131 1.8580453363062054E-4 4.512395816743655E-4 3.185220576524923E-4 3.185220576524921E-4 2.521632956415564E-4 5.175983436853017E-4 3.848808196634288E-4 1.1944577161968459E-4 3.8488081966342837E-4 0.6503025959547697 2.5216329564155623E-4 1.1944577161968459E-4 1.1944577161968459E-4 2.52163295641556E-4 3.8488081966342897E-4 0.004167330254286786 0.022017837235228495
2.1404109589041146E-4 2.1404109589041146E-4 0.1204337899543382 2.1404109589041146E-4 5.707762557077633E-4 2.1404109589041146E-4 3.32952815829529E-4 5.707762557077631E-4 2.1404109589041146E-4 4.5186453576864593E-4 2.1404109589041146E-4 3.329528158295289E-4 3.329528158295289E-4 2.1404109589041146E-4 0.8711234779299845 0.0011653348554033437 2.1404109589041146E-4 3.3295281582952863E-4 3.3295281582952874E-4 2.1404109589041146E-4 8.085996955859945E-4 0.0012842465753424622
0.0021439465883910333 0.0016403349736683072 0.06487956487956466 9.208898097786969E-4 7.050562606118164E-4 0.0024317246539468772 0.0012086678753345374 9.20889809778698E-4 4.172781950559733E-4 2.733891622780516E-4 2.0144464588909018E-4 0.001424501424501425 7.050562606118168E-4 4.172781950559737E-4 0.9128895795562468 4.172781950559735E-4 2.7338916227805175E-4 0.0010647788425566184 2.0144464588909056E-4 0.0027914472358916815 0.0010647788425566195 0.003007280785058568
5.4282922592552295E-5 1.4475446024680606E-4 2.0506881868297578E-4 3.558547147733994E-4 0.0011399413744435987 1.447544602468061E-4 8.444010181063671E-5 4.463262524276541E-4 1.749116394648907E-4 4.463262524276536E-4 1.4475446024680598E-4 2.3522599790106033E-4 0.003854087504071241 1.7491163946489074E-4 0.005000060314358441 0.00436675955077867 0.9622492430548011 2.955403563372298E-4 3.2569753555531495E-4 1.4475446024680606E-4 0.008920493612709461 0.011091810516411553
4.489942528735629E-5 6.984355044699892E-5 3.442289272030647E-4 4.489942528735629E-5 0.998059347062581 4.489942528735629E-5 4.489942528735629E-5 4.489942528735629E-5 6.98435504469989E-5 4.489942528735629E-5 9.478767560664132E-5 4.489942528735629E-5 4.489942528735629E-5 6.984355044699892E-5 4.1906130268199235E-4 6.984355044699892E-5 4.489942528735629E-5 6.984355044699879E-5 4.489942528735629E-5 6.984355044699892E-5 6.984355044699892E-5 1.446759259259262E-4
1.6859216667554046E-4 1.6859216667554006E-4 0.0036735345791406907 7.985944737262408E-5 2.1295852632699774E-4 7.985944737262408E-5 7.985944737262408E-5 0.39316580595928935 1.6859216667554025E-4 7.985944737262408E-5 1.6859216667554025E-4 1.685921666755406E-4 4.347903245842878E-4 3.0169124562991326E-4 0.600179240092992 1.6859216667554038E-4 2.1295852632699752E-4 7.985944737262408E-5 1.685921666755406E-4 7.985944737262408E-5 7.985944737262408E-5 7.985944737262408E-5
1.7404168298307436E-4 6.526563111865304E-5 0.018339642344341454 6.526563111865304E-5 1.3778299902826726E-4 1.0152431507346004E-4 1.7404168298307393E-4 0.2573931456583852 6.526563111865304E-5 6.526563111865304E-5 6.526563111865304E-5 6.526563111865304E-5 1.0152431507346001E-4 6.526563111865304E-5 0.7223745086948321 6.526563111865304E-5 6.526563111865304E-5 6.526563111865304E-5 1.0152431507346019E-4 1.7404168298307396E-4 1.0152431507346004E-4 1.7404168298307428E-4
6.145526057030486E-5 6.145526057030486E-5 1.6388069485414645E-4 6.145526057030486E-5 9.559707199825206E-5 6.145526057030486E-5 6.145526057030486E-5 0.4673604282748826 6.145526057030486E-5 6.145526057030486E-5 6.145526057030486E-5 6.145526057030486E-5 9.559707199825206E-5 6.145526057030486E-5 0.5311031902108596 9.559707199825215E-5 1.2973888342619928E-4 9.559707199825198E-5 6.145526057030486E-5 6.145526057030486E-5 6.145526057030486E-5 6.145526057030486E-5
6.300403225806447E-5 6.300403225806447E-5 1.68010752688172E-4 9.800627240143364E-5 9.800627240143364E-5 6.300403225806447E-5 2.0301299283154132E-4 9.800627240143364E-5 9.800627240143364E-5 6.300403225806447E-5 1.68010752688172E-4 1.3300851254480282E-4 6.300403225806447E-5 9.800627240143364E-5 0.1537928427419355 9.800627240143364E-5 1.3300851254480282E-4 9.800627240143364E-5 6.300403225806447E-5 2.380152329749111E-4 9.800627240143364E-5 0.8440020161290324
7.922674694977023E-5 7.922674694977023E-5 7.394496381978541E-4 1.2324160636630925E-4 0.010818852444585313 1.2324160636630925E-4 0.06227222310251927 7.922674694977023E-5 7.922674694977023E-5 1.2324160636630963E-4 1.2324160636630966E-4 1.2324160636630966E-4 2.1127132519938808E-4 1.2324160636630957E-4 0.02468353316079508 7.394496381978545E-4 0.8415993239317596 1.6725646578284866E-4 1.6725646578284866E-4 7.922674694977023E-5 7.922674694977023E-5 0.05738657370728346
9.03179190751445E-5 9.03179190751445E-5 9.03179190751445E-5 9.03179190751445E-5 1.906711624919722E-4 0.043242212588310916 9.03179190751445E-5 2.4084778420038581E-4 9.03179190751445E-5 1.404945407835586E-4 1.404945407835585E-4 9.03179190751445E-5 9.03179190751445E-5 9.03179190751445E-5 0.04023161528580607 1.4049454078355827E-4 0.9098426461143236 9.03179190751445E-5 1.4049454078355817E-4 9.03179190751445E-5 0.004556037251123966 1.4049454078355863E-4
9.03179190751445E-5 9.03179190751445E-5 9.03179190751445E-5 9.03179190751445E-5 9.03179190751445E-5 0.04349309569685298 9.03179190751445E-5 2.4084778420038584E-4 1.906711624919722E-4 9.03179190751445E-5 9.03179190751445E-5 9.03179190751445E-5 9.03179190751445E-5 1.404945407835586E-4 0.040331968529222925 1.4049454078355822E-4 0.9083373474630713 9.03179190751445E-5 1.4049454078355822E-4 2.4084778420038581E-4 0.005459216441875411 2.910244059087996E-4
8.628700384972776E-4 3.0974821894774095E-4 4.2037258285764883E-4 6.416213106774637E-4 0.006283463870082747 0.0013053674941369059 3.097482189477412E-4 4.203725828576492E-4 0.00196911367759636 1.9912385503783345E-4 7.522456745873696E-4 0.0018584893136864484 0.0010841187663170918 0.001084118766317089 0.004292225319704412 4.2037258285764926E-4 0.0015266162219567275 1.9912385503783345E-4 0.00108411876631709 7.522456745873702E-4 0.005840966414443125 0.9683835567945482
6.660398056730917E-4 8.619338661651776E-4 6.660398056730917E-4 5.680927754270488E-4 0.9887556809277542 1.7630465444287713E-4 1.7630465444287713E-4 6.660398056730918E-4 4.701457451810059E-4 4.701457451810059E-4 2.7425168468892E-4 2.7425168468892E-4 2.7425168468892E-4 3.7219871493496297E-4 4.701457451810059E-4 2.7425168468892E-4 4.7014574518100587E-4 6.660398056730918E-4 1.7630465444287713E-4 3.7219871493496297E-4 1.7630465444287713E-4 0.0027229274408399934
4.892227114449342E-4 9.208898097786965E-4 0.001496445940890383 2.7338916227805094E-4 0.01372701372701371 4.172781950559729E-4 2.733891622780513E-4 2.733891622780511E-4 0.0021439465883910367 0.0024317246539468764 2.0144464588909026E-4 0.11142766698322261 0.0020000575556131167 6.331117442228562E-4 0.20963193185415407 1.2950012950012935E-4 2.014446458890902E-4 0.6484934818268153 4.172781950559735E-4 3.453336786670124E-4 7.050562606118165E-4 0.0033670033670033747
0.0015495867768595072 8.321854912764007E-4 0.0025539485766758485 5.45224977043158E-4 4.017447199265376E-4 4.0174471992653754E-4 2.582644628099168E-4 8.321854912764024E-4 0.001549586776859507 0.001262626262626264 0.0015495867768595005 2.582644628099168E-4 5.452249770431584E-4 4.017447199265374E-4 0.017762855831037688 9.756657483930217E-4 0.5974230945821856 9.756657483930243E-4 6.88705234159779E-4 8.321854912764033E-4 0.011306244260789761 0.3570936639118457
0.010961214165261402 0.003934794828555364 0.011898070076822191 0.005105864718006371 0.0032321528948847625 4.215851602023606E-4 0.0013584410717631668 8.900131159827621E-4 0.009087502342139817 0.014474423833614348 0.002763724939104365 0.015411279745175192 0.009555930297920187 0.005574292673786771 0.08403597526700393 0.0029979389169945644 0.45994940978077575 4.215851602023606E-4 0.02477983886078322 0.008150646430578981 0.011429642121041786 0.31356567359940063
1.1093678188243854E-4 1.9017734036989487E-4 2.297976196136228E-4 7.13165026387105E-5 6.656206912946319E-4 1.505570611261667E-4 1.5055706112616663E-4 1.5055706112616668E-4 2.6941789885735095E-4 7.13165026387105E-5 0.6273791977685856 7.13165026387105E-5 7.13165026387105E-5 1.1093678188243862E-4 0.19615207847984917 3.4865845734480705E-4 2.2979761961362273E-4 7.13165026387105E-5 1.5055706112616652E-4 1.1093678188243862E-4 1.9017734036989487E-4 0.1730534556807558
1.4358532557972602E-4 0.4258441620599708 0.07367123746619743 2.034125445712775E-4 0.004391317873979944 1.7349893507550215E-4 5.384449709239722E-5 1.4358532557972602E-4 8.375810658817354E-5 2.333261540670545E-4 6.820302965036989E-4 4.427214205374883E-4 2.632397635628303E-4 2.93153373058606E-4 0.3419664010338144 5.384449709239722E-5 2.0341254457127803E-4 0.01889941847943135 5.384449709239722E-5 4.4272142053748833E-4 1.7349893507550226E-4 0.13158398545002023
1.3047773490652232E-4 1.7707692594456586E-4 3.6347369009673996E-4 8.760647915152177E-4 0.006514566907118496 5.964696452869587E-4 1.3047773490652218E-4 2.7027530802065206E-4 0.0010624615556673919 2.2367611698260843E-4 3.168744990586958E-4 6.430688363250013E-4 4.1007288113478394E-4 6.896680273630454E-4 0.9462338533803051 0.0022274413316184876 4.566720721728279E-4 1.304777349065223E-4 0.036850640272884864 1.7707692594456567E-4 5.498704542489155E-4 9.692631735913053E-4
1.1589595854236007E-4 7.45045447772315E-5 1.9867878607261703E-4 1.1589595854236007E-4 0.22760310601168893 1.1589595854236007E-4 7.45045447772315E-5 1.1589595854236006E-4 1.1589595854236006E-4 1.98678786072617E-4 1.5728737230748862E-4 7.45045447772315E-5 1.5728737230748862E-4 1.9867878607261708E-4 0.08819682445073594 1.9867878607261708E-4 1.1589595854236006E-4 7.45045447772315E-5 7.45045447772315E-5 0.03769929965727909 1.1589595854236007E-4 0.6442076855577076
2.420443832963902E-4 2.4204438329638995E-4 2.4204438329639017E-4 4.3313205431985436E-4 3.694361639786998E-4 0.5042676246528572 1.1465260261407943E-4 1.7834849295523498E-4 1.78348492955235E-4 3.0574027363754533E-4 1.7834849295523479E-4 1.1465260261407943E-4 3.0574027363754517E-4 1.7834849295523479E-4 0.13807995108155627 1.1465260261407943E-4 0.001643353970801807 1.1465260261407943E-4 1.783484929552348E-4 3.0574027363754495E-4 4.968279446610086E-4 0.3517159672857908
1.2587116092959184E-4 5.962318149296448E-5 0.3607798712139279 1.9211914036621895E-4 0.008473116569944617 9.274717121127814E-5 5.962318149296448E-5 1.2587116092959165E-4 9.274717121127824E-5 9.274717121127827E-5 5.962318149296448E-5 2.583671198028462E-4 5.962318149296448E-5 9.274717121127808E-5 0.17962477144447098 9.274717121127814E-5 5.962318149296448E-5 9.274717121127817E-5 9.274717121127821E-5 5.962318149296448E-5 9.274717121127808E-5 0.4493202957309803
5.4282922592552295E-5 5.4282922592552295E-5 1.7491163946489074E-4 5.4282922592552295E-5 0.1910095417315046 8.444010181063696E-5 1.4475446024680595E-4 5.4282922592552295E-5 8.444010181063681E-5 1.447544602468061E-4 8.444010181063673E-5 5.4282922592552295E-5 5.4282922592552295E-5 1.1459728102872159E-4 0.17188989010723887 2.352259979010606E-4 1.4475446024680595E-4 0.0012605700913159356 1.145972810287215E-4 1.4475446024680606E-4 2.35225997901061E-4 0.6338074041906412
1.9855774871614377E-4 6.317746550059126E-5 0.12129622108502768 8.574084603651668E-5 8.574084603651678E-5 6.317746550059125E-5 1.08304226572442E-4 1.9855774871614334E-4 1.08304226572442E-4 6.317746550059126E-5 6.317746550059125E-5 2.211211292520692E-4 6.317746550059126E-5 1.083042265724419E-4 0.7199478334642012 1.5343098764429282E-4 8.574084603651674E-5 2.2112112925206856E-4 6.317746550059125E-5 1.3086760710836714E-4 2.662478903239197E-4 0.15640484119892772
4.4802867383512507E-4 6.080389144905271E-4 0.0010880696364567388 0.0010880696364567377 0.9857910906298009 2.880184331797231E-4 2.880184331797231E-4 4.4802867383512474E-4 2.880184331797231E-4 9.280593958013321E-4 2.880184331797231E-4 4.4802867383512426E-4 9.280593958013326E-4 2.880184331797231E-4 0.002048131080389149 2.880184331797231E-4 2.880184331797231E-4 2.880184331797231E-4 6.08038914490527E-4 4.4802867383512507E-4 9.280593958013323E-4 0.0018881208397337455
