0.06913580246913568 0.06358024691358014 0.06358024691358014 0.059876543209876426 0.06481481481481473 0.06543209876543198 0.061111111111111005 0.07283950617283937 0.05987654320987642 0.07530864197530851 0.06296296296296285 0.07592592592592581 0.07592592592592579 0.06234567901234556 0.06728395061728384
0.07083333333333333 0.06666666666666667 0.06666666666666667 0.06458333333333334 0.06597222222222222 0.06736111111111111 0.06527777777777778 0.06666666666666667 0.06736111111111111 0.06736111111111111 0.06527777777777778 0.06805555555555555 0.06458333333333334 0.06597222222222222 0.06736111111111111
0.07058823529411752 0.0640522875816992 0.06339869281045739 0.06274509803921555 0.06078431372549007 0.08039215686274495 0.06078431372549007 0.08169934640522859 0.06274509803921555 0.07647058823529397 0.06078431372549007 0.07124183006535934 0.0614379084967319 0.06078431372549007 0.062091503267973726
0.07160493827160481 0.07160493827160483 0.061111111111111005 0.05679012345679002 0.05740740740740729 0.08086419753086407 0.058024691358024585 0.08148148148148134 0.058024691358024585 0.1012345679012344 0.05617283950617273 0.06358024691358015 0.062345679012345556 0.05925925925925915 0.06049382716049371
0.06470588235294103 0.0594771241830064 0.0594771241830064 0.06078431372549008 0.0594771241830064 0.06339869281045737 0.06013071895424823 0.11241830065359457 0.059477124183006415 0.05882352941176457 0.0594771241830064 0.0594771241830064 0.10457516339869259 0.059477124183006415 0.05882352941176457
0.076470588235294 0.06666666666666651 0.06535947712418287 0.06274509803921555 0.06078431372549007 0.07581699346405214 0.0745098039215685 0.0614379084967319 0.0640522875816992 0.07124183006535932 0.06339869281045739 0.06666666666666653 0.06470588235294106 0.06405228758169923 0.06209150326797371
0.09411764705882335 0.06797385620915017 0.05882352941176457 0.060784313725490056 0.06013071895424824 0.0614379084967319 0.0614379084967319 0.0594771241830064 0.11568627450980366 0.0594771241830064 0.0594771241830064 0.05882352941176457 0.061437908496731905 0.06078431372549007 0.06013071895424824
0.13625730994152024 0.0690058479532163 0.05438596491228071 0.053801169590643266 0.053801169590643266 0.05380116959064329 0.05321637426900584 0.0923976608187135 0.10526315789473685 0.056725146198830415 0.05321637426900585 0.055555555555555546 0.05321637426900586 0.05438596491228072 0.054970760233918115
0.0947712418300652 0.06666666666666651 0.059477124183006415 0.0614379084967319 0.06078431372549007 0.06013071895424824 0.06013071895424823 0.06013071895424823 0.118300653594771 0.06013071895424824 0.06013071895424824 0.0594771241830064 0.06013071895424824 0.059477124183006415 0.05882352941176457
0.05740740740740729 0.0604938271604937 0.0574074074074073 0.06296296296296285 0.0648148148148147 0.06049382716049372 0.05987654320987642 0.05679012345679001 0.05802469135802457 0.058641975308641854 0.05740740740740729 0.061111111111111005 0.10864197530864178 0.058641975308641854 0.11728395061728375
0.1080246913580245 0.0753086419753085 0.05925925925925915 0.06358024691358014 0.06296296296296285 0.06543209876543198 0.05740740740740729 0.06604938271604925 0.06049382716049371 0.06049382716049372 0.05925925925925914 0.06728395061728384 0.05925925925925915 0.06234567901234556 0.07283950617283941
0.0625 0.0625 0.12083333333333333 0.06319444444444444 0.0625 0.0625 0.0625 0.06319444444444444 0.0625 0.0625 0.0625 0.06319444444444444 0.06388888888888888 0.0625 0.06319444444444444
0.05802469135802457 0.058024691358024585 0.05555555555555545 0.05617283950617273 0.05555555555555545 0.05925925925925914 0.05555555555555545 0.06234567901234558 0.06604938271604928 0.10246913580246896 0.05740740740740729 0.058024691358024585 0.14135802469135786 0.05679012345679001 0.0574074074074073
0.05438596491228069 0.0543859649122807 0.20760233918128654 0.052631578947368425 0.05380116959064327 0.05321637426900585 0.053801169590643266 0.054970760233918115 0.05321637426900584 0.09181286549707607 0.05497076023391812 0.05380116959064327 0.0543859649122807 0.052631578947368425 0.0543859649122807
0.05847953216374269 0.05847953216374267 0.1403508771929824 0.05438596491228069 0.0567251461988304 0.05614035087719296 0.057309941520467804 0.05555555555555555 0.06900584795321628 0.058479532163742666 0.05614035087719298 0.06608187134502923 0.09766081871345024 0.05497076023391812 0.06023391812865496
0.0625 0.0625 0.11944444444444445 0.06319444444444444 0.0625 0.06319444444444444 0.0625 0.06319444444444444 0.06388888888888888 0.0625 0.06319444444444444 0.0625 0.06319444444444444 0.0625 0.06319444444444444
0.06543209876543199 0.05987654320987644 0.05679012345679002 0.058024691358024585 0.061111111111111005 0.062345679012345556 0.05925925925925914 0.06481481481481469 0.05679012345679001 0.1561728395061726 0.05925925925925915 0.06296296296296283 0.058641975308641854 0.06049382716049372 0.058024691358024585
0.04487179487179483 0.04401709401709398 0.06794871794871789 0.04102564102564099 0.0427350427350427 0.1414529914529912 0.0397435897435897 0.07564102564102557 0.0414529914529914 0.04188034188034184 0.043162393162393134 0.04358974358974356 0.20811965811965807 0.04358974358974355 0.08076923076923068
0.0614379084967319 0.06274509803921555 0.06339869281045737 0.062091503267973726 0.0640522875816992 0.06078431372549007 0.06470588235294104 0.06274509803921555 0.1202614379084965 0.06339869281045737 0.06405228758169922 0.06470588235294104 0.06274509803921556 0.06078431372549007 0.062091503267973726
0.061111111111110984 0.06419753086419742 0.06543209876543198 0.05864197530864187 0.05802469135802457 0.10864197530864181 0.05740740740740729 0.0679012345679011 0.06481481481481469 0.09753086419753071 0.05617283950617273 0.06358024691358014 0.05987654320987642 0.06049382716049372 0.05617283950617273
0.04768518518518517 0.0875 0.04490740740740736 0.04768518518518516 0.23101851851851854 0.04814814814814813 0.0888888888888888 0.045370370370370325 0.04583333333333328 0.04629629629629626 0.07361111111111111 0.058333333333333334 0.043981481481481434 0.04490740740740734 0.045833333333333295
0.05555555555555554 0.058479532163742666 0.057309941520467825 0.05789473684210524 0.06432748538011693 0.061988304093567224 0.05847953216374265 0.06081871345029239 0.056725146198830394 0.10994152046783619 0.11754385964912276 0.0654970760233918 0.05614035087719297 0.05847953216374269 0.06081871345029234
0.06736111111111111 0.10277777777777777 0.06319444444444444 0.06319444444444444 0.0625 0.06458333333333334 0.06388888888888888 0.06319444444444444 0.06527777777777778 0.06458333333333334 0.06388888888888888 0.06527777777777778 0.06388888888888888 0.06319444444444444 0.06319444444444444
0.11458333333333333 0.06458333333333334 0.0625 0.0625 0.06388888888888888 0.06597222222222222 0.0625 0.06319444444444444 0.0625 0.06319444444444444 0.0625 0.06319444444444444 0.06388888888888888 0.0625 0.0625
0.06527777777777778 0.06597222222222222 0.06388888888888888 0.0625 0.06458333333333334 0.06388888888888888 0.0625 0.0625 0.06319444444444444 0.10694444444444444 0.06388888888888888 0.06527777777777778 0.0625 0.06388888888888888 0.06319444444444444
0.06339869281045739 0.06013071895424824 0.07058823529411752 0.059477124183006415 0.06013071895424823 0.12549019607843118 0.06339869281045737 0.06078431372549008 0.06339869281045737 0.06274509803921555 0.06078431372549007 0.06339869281045739 0.0660130718954247 0.06078431372549007 0.0594771241830064
0.0798611111111111 0.06597222222222222 0.06736111111111111 0.06319444444444444 0.0625 0.06736111111111111 0.075 0.06319444444444444 0.06805555555555555 0.07222222222222222 0.06319444444444444 0.06319444444444444 0.0625 0.06319444444444444 0.06319444444444444
0.06078431372549007 0.06013071895424823 0.06209150326797373 0.06078431372549007 0.062091503267973726 0.062091503267973726 0.06274509803921555 0.06078431372549007 0.11503267973856184 0.0614379084967319 0.0679738562091502 0.06862745098039202 0.06470588235294104 0.06732026143790835 0.06339869281045737
0.06319444444444444 0.06597222222222222 0.07222222222222222 0.06666666666666667 0.06597222222222222 0.06736111111111111 0.06388888888888888 0.06875 0.06388888888888888 0.06388888888888888 0.06458333333333334 0.06666666666666667 0.07291666666666667 0.06805555555555555 0.06597222222222222
0.0594771241830064 0.0594771241830064 0.1549019607843135 0.06013071895424823 0.0594771241830064 0.0594771241830064 0.0594771241830064 0.06013071895424824 0.06013071895424823 0.05882352941176457 0.0594771241830064 0.06078431372549007 0.06993464052287568 0.05882352941176457 0.059477124183006415
0.06535947712418287 0.06013071895424824 0.06862745098039201 0.061437908496731884 0.06666666666666654 0.06405228758169922 0.06339869281045737 0.06274509803921555 0.062091503267973726 0.062091503267973726 0.06274509803921555 0.0614379084967319 0.06339869281045739 0.11568627450980376 0.06013071895424824
0.08086419753086403 0.06172839506172829 0.06296296296296285 0.05679012345679001 0.062345679012345556 0.0648148148148147 0.06049382716049371 0.10432098765432084 0.0574074074074073 0.08765432098765422 0.05925925925925915 0.061111111111111005 0.06049382716049371 0.0574074074074073 0.062345679012345556
0.07083333333333333 0.0625 0.0625 0.06319444444444444 0.0625 0.06388888888888888 0.0625 0.11388888888888889 0.0625 0.0625 0.06319444444444444 0.0625 0.0625 0.0625 0.0625
0.05617283950617273 0.058024691358024585 0.14753086419753061 0.05617283950617273 0.06728395061728384 0.06049382716049372 0.06543209876543198 0.05555555555555545 0.06111111111111099 0.058024691358024585 0.06975308641975296 0.062345679012345556 0.06543209876543199 0.05987654320987644 0.05679012345679001
0.0625 0.06388888888888888 0.06666666666666667 0.0625 0.075 0.06388888888888888 0.07013888888888889 0.0625 0.06527777777777778 0.0625 0.08263888888888889 0.06944444444444445 0.06319444444444444 0.06666666666666667 0.06319444444444444
0.0625 0.0625 0.0625 0.06319444444444444 0.06319444444444444 0.06319444444444444 0.0625 0.06319444444444444 0.06319444444444444 0.0625 0.0625 0.0625 0.12152777777777778 0.0625 0.0625
0.06666666666666667 0.06666666666666667 0.06597222222222222 0.06944444444444445 0.06666666666666667 0.06736111111111111 0.06388888888888888 0.06597222222222222 0.06319444444444444 0.06666666666666667 0.06458333333333334 0.07152777777777777 0.06388888888888888 0.06319444444444444 0.07430555555555556
0.0574074074074073 0.06172839506172829 0.05679012345679002 0.05679012345679001 0.10185185185185167 0.05925925925925915 0.07530864197530854 0.05617283950617273 0.05679012345679001 0.05802469135802457 0.05925925925925915 0.07283950617283937 0.05987654320987642 0.11172839506172817 0.05617283950617273
0.06013071895424824 0.0594771241830064 0.062091503267973726 0.05882352941176457 0.06013071895424824 0.059477124183006415 0.059477124183006415 0.060784313725490056 0.0594771241830064 0.06013071895424824 0.0614379084967319 0.059477124183006415 0.0594771241830064 0.1601307189542481 0.0594771241830064
0.06319444444444444 0.06319444444444444 0.06319444444444444 0.0625 0.0625 0.06319444444444444 0.0625 0.06458333333333334 0.06458333333333334 0.06319444444444444 0.06319444444444444 0.06319444444444444 0.06319444444444444 0.11458333333333333 0.06319444444444444
0.06470588235294103 0.059477124183006415 0.06013071895424824 0.05882352941176457 0.0594771241830064 0.05882352941176457 0.06078431372549007 0.11045751633986907 0.0594771241830064 0.0594771241830064 0.0594771241830064 0.05882352941176457 0.0594771241830064 0.11111111111111087 0.0594771241830064
0.06319444444444444 0.06319444444444444 0.06388888888888888 0.0625 0.06458333333333334 0.0625 0.06388888888888888 0.0625 0.0625 0.06388888888888888 0.075 0.10277777777777777 0.0625 0.0625 0.06458333333333334
0.04206349206349203 0.05793650793650792 0.03968253968253964 0.08055555555555549 0.04682539682539682 0.04126984126984125 0.18888888888888886 0.051587301587301564 0.04246031746031743 0.04007936507936506 0.08928571428571422 0.08412698412698402 0.03849206349206345 0.04047619047619044 0.11626984126984122
0.10069444444444445 0.06388888888888888 0.06319444444444444 0.0625 0.06319444444444444 0.07569444444444444 0.0625 0.0625 0.06319444444444444 0.06597222222222222 0.06319444444444444 0.06319444444444444 0.06319444444444444 0.06458333333333334 0.0625
0.12152777777777778 0.0625 0.06319444444444444 0.06319444444444444 0.0625 0.06388888888888888 0.06319444444444444 0.0625 0.0625 0.0625 0.0625 0.0625 0.0625 0.0625 0.0625
0.05185185185185179 0.04973544973544966 0.055555555555555455 0.26825396825396797 0.053439153439153377 0.05291005291005283 0.05079365079365071 0.05026455026455019 0.04973544973544966 0.04973544973544967 0.052380952380952306 0.05079365079365073 0.05132275132275125 0.05132275132275125 0.061904761904761824
0.06319444444444444 0.0625 0.11458333333333333 0.0625 0.06319444444444444 0.06597222222222222 0.0625 0.0625 0.0625 0.06458333333333334 0.0625 0.0625 0.06458333333333334 0.06319444444444444 0.06319444444444444
0.08333333333333333 0.06805555555555555 0.06388888888888888 0.06319444444444444 0.06388888888888888 0.07083333333333333 0.06319444444444444 0.06527777777777778 0.0625 0.07152777777777777 0.06319444444444444 0.06597222222222222 0.06458333333333334 0.06736111111111111 0.06319444444444444
0.06797385620915018 0.0882352941176469 0.06601307189542471 0.06274509803921556 0.062091503267973726 0.06470588235294103 0.07058823529411748 0.06862745098039201 0.06013071895424824 0.06274509803921555 0.06274509803921555 0.07320261437908483 0.06339869281045737 0.0614379084967319 0.06535947712418289
0.06666666666666668 0.060233918128654945 0.06140350877192977 0.057309941520467846 0.05847953216374265 0.0619883040935672 0.10409356725146193 0.0678362573099415 0.05847953216374269 0.08187134502923973 0.0707602339181286 0.06549707602339179 0.061403508771929786 0.06257309941520466 0.061403508771929856
0.06013071895424824 0.05882352941176457 0.06013071895424824 0.05882352941176457 0.06013071895424823 0.05882352941176457 0.0594771241830064 0.0614379084967319 0.05882352941176457 0.1065359477124181 0.05882352941176457 0.05882352941176457 0.06013071895424824 0.11895424836601287 0.06013071895424823
0.06666666666666655 0.0839506172839505 0.06296296296296285 0.06358024691358014 0.06111111111111099 0.06604938271604925 0.0648148148148147 0.07716049382716036 0.0604938271604937 0.06296296296296283 0.06234567901234556 0.06358024691358014 0.06728395061728383 0.07098765432098754 0.06604938271604927
0.058730158730158646 0.055555555555555476 0.04973544973544967 0.048677248677248604 0.09788359788359785 0.05661375661375654 0.10370370370370358 0.05238095238095231 0.050264550264550185 0.053968253968253894 0.16031746031746014 0.058201058201058115 0.05079365079365071 0.052380952380952306 0.05079365079365073
0.05614035087719297 0.054970760233918115 0.05789473684210524 0.052631578947368425 0.05321637426900585 0.1497076023391811 0.05789473684210525 0.05614035087719297 0.08362573099415206 0.09941520467836258 0.0543859649122807 0.05555555555555555 0.056725146198830394 0.05614035087719296 0.05555555555555555
0.0494949494949495 0.059090909090909145 0.047474747474747475 0.09393939393939395 0.07070707070707076 0.04999999999999999 0.05050505050505053 0.05050505050505051 0.05050505050505052 0.08838383838383838 0.14646464646464658 0.04848484848484847 0.04848484848484849 0.09646464646464649 0.0494949494949495
0.06666666666666655 0.06296296296296283 0.0956790123456789 0.058641975308641854 0.06111111111111101 0.07037037037037025 0.061728395061728274 0.06234567901234556 0.0641975308641974 0.06296296296296287 0.06358024691358014 0.06913580246913567 0.07407407407407395 0.062345679012345556 0.06419753086419741
0.06013071895424823 0.06013071895424823 0.15686274509803896 0.05882352941176457 0.06013071895424823 0.059477124183006415 0.06013071895424823 0.059477124183006415 0.05882352941176457 0.06013071895424823 0.05882352941176457 0.06339869281045737 0.06535947712418289 0.0594771241830064 0.05882352941176457
0.0594771241830064 0.0594771241830064 0.06013071895424824 0.0594771241830064 0.060784313725490056 0.0594771241830064 0.059477124183006415 0.05882352941176457 0.11633986928104552 0.059477124183006415 0.05882352941176457 0.059477124183006415 0.059477124183006415 0.11045751633986904 0.05882352941176457
0.05882352941176457 0.07516339869281034 0.06470588235294103 0.06013071895424824 0.06078431372549007 0.06013071895424824 0.06013071895424824 0.0594771241830064 0.0594771241830064 0.05882352941176457 0.11503267973856184 0.06797385620915017 0.05882352941176457 0.08169934640522858 0.05882352941176457
0.04747474747474746 0.07676767676767687 0.05606060606060603 0.04747474747474746 0.05000000000000001 0.05404040404040403 0.09696969696969698 0.05252525252525253 0.048989898989899 0.04646464646464645 0.0494949494949495 0.06868686868686877 0.0595959595959597 0.197979797979798 0.047474747474747475
0.05055555555555547 0.07999999999999995 0.0605555555555555 0.050555555555555465 0.05166666666666658 0.05166666666666658 0.05277777777777769 0.09944444444444432 0.05111111111111102 0.0922222222222221 0.05111111111111103 0.07166666666666652 0.05111111111111103 0.13499999999999995 0.050555555555555465
0.06666666666666651 0.07647058823529397 0.06013071895424823 0.0640522875816992 0.0614379084967319 0.11372549019607822 0.0614379084967319 0.06078431372549007 0.0614379084967319 0.06013071895424823 0.05882352941176457 0.07320261437908482 0.0614379084967319 0.06078431372549007 0.0594771241830064
0.05222222222222214 0.05166666666666658 0.0894444444444443 0.05111111111111103 0.2444444444444444 0.05111111111111103 0.05111111111111103 0.04999999999999991 0.05055555555555547 0.05166666666666658 0.05111111111111103 0.04999999999999991 0.05277777777777769 0.05055555555555547 0.052222222222222135
0.06736111111111111 0.06805555555555555 0.06527777777777778 0.06388888888888888 0.075 0.06666666666666667 0.06527777777777778 0.06875 0.06458333333333334 0.06736111111111111 0.0625 0.06805555555555555 0.06944444444444445 0.06319444444444444 0.06458333333333334
0.0594771241830064 0.05882352941176457 0.05882352941176457 0.11895424836601283 0.05882352941176457 0.05882352941176457 0.0594771241830064 0.05882352941176457 0.05882352941176457 0.05882352941176457 0.0594771241830064 0.0594771241830064 0.0594771241830064 0.05882352941176457 0.11307189542483635
0.0625 0.06458333333333334 0.09722222222222222 0.0625 0.0625 0.06666666666666667 0.06527777777777778 0.06388888888888888 0.0625 0.06388888888888888 0.0625 0.07013888888888889 0.07013888888888889 0.06319444444444444 0.0625
0.04761904761904755 0.04973544973544967 0.04920634920634914 0.050793650793650724 0.05238095238095231 0.050264550264550185 0.10105820105820093 0.050793650793650724 0.24814814814814778 0.048677248677248604 0.048677248677248604 0.053439153439153377 0.04973544973544966 0.04920634920634913 0.05026455026455017
0.06405228758169923 0.07058823529411752 0.07320261437908483 0.07647058823529398 0.06666666666666653 0.07124183006535934 0.06078431372549007 0.062091503267973726 0.05882352941176457 0.06078431372549007 0.0640522875816992 0.08888888888888873 0.06078431372549007 0.06013071895424824 0.0614379084967319
0.05555555555555547 0.05444444444444436 0.08222222222222213 0.05166666666666658 0.0938888888888888 0.05499999999999991 0.05611111111111102 0.0527777777777777 0.15500000000000003 0.0527777777777777 0.06444444444444435 0.06222222222222213 0.05944444444444437 0.053888888888888785 0.05055555555555547
0.0640522875816992 0.06666666666666653 0.06470588235294104 0.06405228758169922 0.06405228758169923 0.06339869281045737 0.062091503267973726 0.06732026143790835 0.06078431372549007 0.0660130718954247 0.07777777777777763 0.07581699346405214 0.0640522875816992 0.06209150326797371 0.07712418300653583
0.05555555555555545 0.1111111111111109 0.05555555555555545 0.05555555555555545 0.05679012345679001 0.05555555555555545 0.16049382716049362 0.05555555555555545 0.05679012345679002 0.05555555555555545 0.0574074074074073 0.05617283950617273 0.05555555555555545 0.05617283950617273 0.05617283950617273
0.046376811594202975 0.045893719806763364 0.0473429951690822 0.04492753623188414 0.05942028985507256 0.04589371980676337 0.06714975845410637 0.04637681159420297 0.291304347826087 0.045893719806763364 0.046859903381642594 0.04879227053140105 0.04541062801932375 0.07198067632850254 0.046376811594202975
0.05789473684210524 0.057309941520467846 0.10409356725146196 0.05555555555555555 0.05672514619883039 0.057309941520467825 0.05730994152046784 0.05847953216374265 0.13859649122807 0.06842105263157892 0.056140350877193 0.05789473684210523 0.060233918128654966 0.058479532163742694 0.055555555555555546
0.14967320261437891 0.07777777777777761 0.059477124183006415 0.05882352941176457 0.0594771241830064 0.060784313725490056 0.059477124183006415 0.0594771241830064 0.05882352941176457 0.0594771241830064 0.05882352941176457 0.06013071895424823 0.059477124183006415 0.05882352941176457 0.059477124183006415
0.0625 0.0625 0.06319444444444444 0.0625 0.06319444444444444 0.06388888888888888 0.0625 0.0625 0.0625 0.0625 0.12152777777777778 0.0625 0.0625 0.0625 0.06319444444444444
0.05252525252525256 0.05101010101010104 0.047474747474747475 0.052525252525252565 0.21262626262626258 0.05606060606060608 0.055050505050505086 0.053030303030303046 0.05050505050505053 0.04898989898989899 0.057575757575757606 0.05505050505050509 0.05151515151515154 0.10454545454545462 0.05151515151515152
0.06444444444444435 0.05944444444444435 0.0538888888888888 0.0538888888888888 0.11111111111111101 0.06388888888888879 0.05333333333333324 0.0627777777777777 0.05611111111111103 0.07111111111111104 0.0677777777777777 0.06388888888888879 0.05888888888888879 0.10555555555555542 0.0538888888888888
0.05882352941176457 0.059477124183006415 0.05882352941176457 0.05882352941176457 0.11895424836601283 0.05882352941176457 0.06013071895424823 0.0594771241830064 0.05882352941176457 0.05882352941176457 0.05882352941176457 0.0594771241830064 0.05882352941176457 0.11307189542483635 0.05882352941176457
0.0594771241830064 0.0594771241830064 0.06078431372549007 0.1640522875816991 0.05882352941176457 0.06078431372549007 0.06013071895424823 0.0594771241830064 0.059477124183006415 0.0594771241830064 0.06013071895424824 0.059477124183006415 0.06013071895424823 0.05882352941176457 0.0594771241830064
0.052631578947368425 0.05321637426900586 0.05321637426900585 0.053801169590643266 0.057309941520467846 0.052631578947368425 0.15555555555555525 0.05321637426900585 0.052631578947368425 0.05321637426900584 0.053801169590643266 0.09883040935672517 0.052631578947368425 0.05321637426900584 0.104093567251462
0.06319444444444444 0.0625 0.0625 0.06319444444444444 0.06388888888888888 0.06527777777777778 0.06319444444444444 0.06319444444444444 0.0625 0.06319444444444444 0.0625 0.06388888888888888 0.06319444444444444 0.0625 0.11527777777777778
0.048677248677248604 0.048677248677248604 0.04867724867724861 0.04761904761904755 0.05079365079365073 0.04920634920634914 0.129100529100529 0.04920634920634913 0.04761904761904755 0.04814814814814808 0.1904761904761902 0.04814814814814808 0.04761904761904755 0.048677248677248604 0.09735449735449722
0.05222222222222214 0.053333333333333253 0.052222222222222135 0.05055555555555547 0.056666666666666594 0.05166666666666658 0.06555555555555546 0.05222222222222213 0.05055555555555547 0.05111111111111103 0.1983333333333332 0.05333333333333324 0.05166666666666658 0.0527777777777777 0.10777777777777767
0.05303030303030306 0.055050505050505065 0.0676767676767677 0.04696969696969696 0.05505050505050508 0.054545454545454584 0.14494949494949508 0.052020202020202036 0.05252525252525256 0.04949494949494949 0.15959595959595968 0.055050505050505086 0.04797979797979797 0.05252525252525256 0.05353535353535355
0.06078431372549007 0.0594771241830064 0.059477124183006415 0.0594771241830064 0.059477124183006415 0.05882352941176457 0.0640522875816992 0.05882352941176457 0.05882352941176457 0.05882352941176457 0.11503267973856184 0.11045751633986907 0.05882352941176457 0.05882352941176457 0.05882352941176457
0.05882352941176457 0.0594771241830064 0.05882352941176457 0.05882352941176457 0.06078431372549007 0.0594771241830064 0.0594771241830064 0.0594771241830064 0.05882352941176457 0.05882352941176457 0.17124183006535923 0.0594771241830064 0.05882352941176457 0.05882352941176457 0.05882352941176457
0.05617283950617273 0.05617283950617273 0.05617283950617273 0.05555555555555545 0.05555555555555545 0.05555555555555545 0.06296296296296283 0.05555555555555545 0.05555555555555545 0.05555555555555545 0.1641975308641973 0.1043209876543208 0.05555555555555545 0.05555555555555545 0.05555555555555545
0.05111111111111103 0.05111111111111103 0.08666666666666653 0.05055555555555547 0.05444444444444435 0.05166666666666658 0.2016666666666664 0.04999999999999991 0.04999999999999991 0.050555555555555465 0.0538888888888888 0.0922222222222221 0.05166666666666658 0.04999999999999991 0.05444444444444436
0.05882352941176457 0.05882352941176457 0.05882352941176457 0.05882352941176457 0.05882352941176457 0.05882352941176457 0.07189542483660114 0.05882352941176457 0.05882352941176457 0.05882352941176457 0.05882352941176457 0.1614379084967318 0.059477124183006415 0.05882352941176457 0.06013071895424823
0.05679012345679001 0.05617283950617273 0.05617283950617273 0.05679012345679001 0.061111111111110984 0.058024691358024585 0.1549382716049381 0.05679012345679001 0.05555555555555545 0.05555555555555545 0.05679012345679001 0.06481481481481469 0.0975308641975307 0.05617283950617273 0.05679012345679001
0.0625 0.06319444444444444 0.0625 0.06319444444444444 0.06319444444444444 0.06319444444444444 0.06319444444444444 0.0625 0.0625 0.0625 0.0625 0.07013888888888889 0.1125 0.0625 0.06388888888888888
0.06458333333333334 0.06388888888888888 0.06458333333333334 0.0625 0.0625 0.06527777777777778 0.06388888888888888 0.06319444444444444 0.06388888888888888 0.10902777777777778 0.0625 0.06388888888888888 0.06319444444444444 0.06319444444444444 0.06388888888888888
0.0625 0.06388888888888888 0.0625 0.0625 0.0625 0.11736111111111111 0.0625 0.06319444444444444 0.06319444444444444 0.06597222222222222 0.0625 0.06319444444444444 0.06319444444444444 0.0625 0.0625
0.05925925925925914 0.20432098765432072 0.05617283950617273 0.05555555555555545 0.05679012345679001 0.05740740740740729 0.05617283950617273 0.058024691358024585 0.05617283950617273 0.05679012345679001 0.0574074074074073 0.05740740740740729 0.0574074074074073 0.05555555555555545 0.05555555555555545
0.05277777777777769 0.053333333333333253 0.05611111111111103 0.20555555555555527 0.053888888888888806 0.052222222222222135 0.053888888888888806 0.053333333333333253 0.05277777777777769 0.0527777777777777 0.05166666666666657 0.05444444444444437 0.053888888888888806 0.053333333333333253 0.09999999999999984
0.05252525252525253 0.08181818181818189 0.056060606060606054 0.04797979797979797 0.06010101010101014 0.05151515151515154 0.0848484848484849 0.053535353535353554 0.10505050505050512 0.055050505050505065 0.05050505050505052 0.07777777777777795 0.053535353535353575 0.11767676767676774 0.052020202020202036
0.11695906432748529 0.05497076023391812 0.055555555555555525 0.05380116959064329 0.05380116959064327 0.06198830409356726 0.05380116959064327 0.11637426900584788 0.059064327485380076 0.10116959064327483 0.05380116959064329 0.05497076023391812 0.055555555555555546 0.0543859649122807 0.053801169590643266
0.12013888888888889 0.0625 0.06388888888888888 0.0625 0.0625 0.06388888888888888 0.06319444444444444 0.06388888888888888 0.0625 0.0625 0.0625 0.0625 0.0625 0.0625 0.0625
0.0640522875816992 0.06470588235294103 0.061437908496731884 0.06339869281045739 0.06013071895424823 0.12026143790849649 0.0594771241830064 0.06535947712418287 0.06405228758169922 0.0660130718954247 0.06013071895424823 0.061437908496731905 0.061437908496731905 0.06209150326797373 0.06601307189542471
0.10347222222222222 0.06319444444444444 0.06319444444444444 0.06388888888888888 0.06319444444444444 0.0763888888888889 0.06319444444444444 0.06388888888888888 0.06319444444444444 0.06319444444444444 0.0625 0.06319444444444444 0.0625 0.0625 0.0625
0.05497076023391812 0.05847953216374267 0.17953216374269004 0.056725146198830394 0.09941520467836258 0.05497076023391813 0.05380116959064327 0.05438596491228071 0.05438596491228069 0.0543859649122807 0.05555555555555554 0.05380116959064327 0.060233918128654945 0.05555555555555554 0.053801169590643266
0.05614035087719297 0.05321637426900584 0.07426900584795323 0.20818713450292406 0.0543859649122807 0.055555555555555566 0.052631578947368425 0.05321637426900585 0.05380116959064327 0.05497076023391813 0.05614035087719297 0.05380116959064327 0.0614035087719298 0.055555555555555546 0.0567251461988304
0.04747474747474746 0.04797979797979798 0.28636363636363643 0.0898989898989899 0.047474747474747475 0.04646464646464645 0.04696969696969696 0.04646464646464645 0.04646464646464645 0.04696969696969696 0.048989898989899 0.047474747474747475 0.05000000000000002 0.04949494949494951 0.05151515151515152
0.09215686274509785 0.062091503267973726 0.11437908496732008 0.06078431372549007 0.0614379084967319 0.06013071895424824 0.06339869281045737 0.0614379084967319 0.06013071895424824 0.05882352941176457 0.06078431372549008 0.06274509803921555 0.059477124183006415 0.061437908496731884 0.06078431372549007
0.051851851851851774 0.05079365079365071 0.2153439153439151 0.09735449735449722 0.05185185185185179 0.05502645502645493 0.05185185185185175 0.05132275132275125 0.06243386243386235 0.05291005291005283 0.050793650793650724 0.05238095238095231 0.05132275132275123 0.05291005291005285 0.05185185185185177
0.048677248677248604 0.05026455026455019 0.08253968253968247 0.10105820105820096 0.04814814814814808 0.05502645502645496 0.048677248677248604 0.050264550264550185 0.052380952380952306 0.04920634920634914 0.048677248677248604 0.053968253968253894 0.21005291005290966 0.04920634920634913 0.05185185185185179
0.06234567901234556 0.06296296296296283 0.06296296296296285 0.06296296296296285 0.1419753086419751 0.06049382716049371 0.059876543209876426 0.05864197530864187 0.05864197530864187 0.058024691358024585 0.06049382716049371 0.06419753086419741 0.058024691358024585 0.05925925925925916 0.06913580246913568
0.06274509803921555 0.06013071895424824 0.05882352941176457 0.05882352941176457 0.059477124183006415 0.16339869281045727 0.059477124183006415 0.0594771241830064 0.05882352941176457 0.0594771241830064 0.06013071895424824 0.061437908496731884 0.059477124183006415 0.05882352941176457 0.0594771241830064
0.05497076023391813 0.14035087719298237 0.057309941520467846 0.05614035087719298 0.061403508771929766 0.0654970760233918 0.06198830409356726 0.0637426900584795 0.05614035087719298 0.057309941520467804 0.0643274853801169 0.07426900584795318 0.07192982456140348 0.05906432748538011 0.05555555555555554
0.0625 0.0625 0.0625 0.0625 0.0625 0.06319444444444444 0.12222222222222222 0.0625 0.0625 0.0625 0.0625 0.06388888888888888 0.0625 0.0625 0.06319444444444444
0.06172839506172829 0.06728395061728384 0.09691358024691347 0.05555555555555545 0.06604938271604925 0.06296296296296283 0.062345679012345556 0.06543209876543198 0.0679012345679011 0.06111111111111101 0.0728395061728394 0.07037037037037024 0.0691358024691357 0.058024691358024585 0.06234567901234556
0.0625 0.0625 0.0625 0.0625 0.0625 0.0625 0.06319444444444444 0.0625 0.12361111111111112 0.0625 0.0625 0.06319444444444444 0.0625 0.0625 0.0625
0.0625 0.06319444444444444 0.1 0.0625 0.0625 0.06527777777777778 0.06319444444444444 0.06597222222222222 0.06458333333333334 0.06319444444444444 0.0625 0.07013888888888889 0.06875 0.06319444444444444 0.0625
0.06078431372549007 0.062091503267973726 0.0594771241830064 0.07189542483660118 0.06013071895424824 0.06339869281045737 0.06339869281045737 0.061437908496731905 0.06013071895424824 0.0614379084967319 0.05882352941176457 0.06339869281045737 0.0640522875816992 0.061437908496731884 0.1281045751633985
0.06470588235294103 0.09019607843137238 0.0594771241830064 0.05882352941176457 0.06013071895424823 0.06013071895424823 0.11633986928104552 0.06732026143790837 0.059477124183006415 0.0594771241830064 0.060784313725490056 0.06470588235294106 0.06013071895424823 0.059477124183006415 0.05882352941176457
0.06405228758169922 0.06732026143790838 0.06405228758169922 0.061437908496731884 0.0660130718954247 0.06470588235294104 0.062091503267973726 0.06535947712418287 0.06274509803921555 0.06470588235294104 0.08169934640522862 0.07908496732026131 0.0640522875816992 0.06339869281045737 0.06928104575163385
0.05380116959064329 0.0614035087719298 0.05730994152046782 0.055555555555555546 0.16491228070175412 0.05438596491228069 0.05614035087719297 0.055555555555555546 0.05438596491228071 0.05497076023391812 0.11403508771929817 0.05497076023391812 0.05321637426900584 0.05380116959064329 0.055555555555555546
0.0594771241830064 0.0594771241830064 0.10915032679738539 0.0594771241830064 0.05882352941176457 0.06013071895424824 0.059477124183006415 0.06013071895424824 0.05882352941176457 0.0614379084967319 0.11372549019607818 0.0594771241830064 0.060784313725490056 0.059477124183006415 0.06013071895424824
0.05802469135802457 0.05925925925925915 0.0574074074074073 0.06913580246913567 0.07839506172839492 0.05864197530864187 0.058024691358024585 0.058641975308641854 0.05864197530864187 0.05925925925925915 0.06358024691358012 0.1259259259259258 0.06604938271604927 0.0604938271604937 0.06851851851851841
0.05166666666666658 0.05555555555555547 0.09777777777777767 0.07388888888888878 0.053888888888888806 0.05611111111111103 0.055555555555555476 0.053888888888888806 0.05166666666666658 0.05444444444444436 0.05055555555555547 0.06722222222222216 0.053888888888888806 0.05611111111111102 0.16777777777777783
0.06274509803921556 0.0705882352941175 0.06470588235294106 0.060784313725490056 0.06535947712418286 0.0614379084967319 0.060784313725490056 0.060784313725490056 0.06078431372549008 0.06470588235294104 0.12026143790849653 0.0614379084967319 0.0614379084967319 0.06339869281045737 0.06078431372549007
0.0625 0.06458333333333334 0.06458333333333334 0.0625 0.06527777777777778 0.08125 0.06319444444444444 0.06458333333333334 0.06319444444444444 0.06458333333333334 0.07916666666666666 0.07291666666666667 0.06666666666666667 0.0625 0.0625
0.0614379084967319 0.061437908496731884 0.06013071895424824 0.1464052287581697 0.0614379084967319 0.0614379084967319 0.0614379084967319 0.0594771241830064 0.06013071895424823 0.06013071895424824 0.06013071895424823 0.06209150326797371 0.06013071895424823 0.06078431372549007 0.06339869281045739
0.050264550264550206 0.06613756613756604 0.05449735449735441 0.1068783068783068 0.0857142857142857 0.053968253968253894 0.06031746031746024 0.056084656084656 0.050264550264550185 0.05502645502645495 0.06137566137566128 0.07248677248677239 0.11375661375661363 0.053439153439153356 0.059788359788359696
0.0625 0.06319444444444444 0.0625 0.0625 0.06319444444444444 0.0625 0.06319444444444444 0.0625 0.0625 0.0625 0.07569444444444444 0.10694444444444444 0.0625 0.06319444444444444 0.06458333333333334
0.05802469135802457 0.06728395061728383 0.059876543209876426 0.05617283950617273 0.1006172839506171 0.05679012345679001 0.08950617283950606 0.06296296296296285 0.0648148148148147 0.05802469135802457 0.06419753086419742 0.08086419753086407 0.058024691358024585 0.058641975308641854 0.06419753086419742
0.10944444444444436 0.07277777777777766 0.052222222222222135 0.05666666666666658 0.05944444444444435 0.07499999999999989 0.05944444444444436 0.05666666666666658 0.05277777777777769 0.10444444444444442 0.08555555555555545 0.0527777777777777 0.05444444444444436 0.05444444444444436 0.0538888888888888
0.06666666666666667 0.06458333333333334 0.06805555555555555 0.06597222222222222 0.06597222222222222 0.06736111111111111 0.06666666666666667 0.06875 0.06527777777777778 0.07083333333333333 0.06597222222222222 0.06666666666666667 0.06805555555555555 0.06388888888888888 0.06527777777777778
0.06666666666666653 0.11111111111111095 0.06078431372549007 0.059477124183006415 0.0614379084967319 0.06405228758169923 0.06013071895424824 0.07385620915032666 0.06078431372549008 0.06732026143790835 0.06209150326797373 0.06732026143790835 0.06339869281045737 0.06078431372549007 0.06078431372549007
0.06736111111111111 0.06944444444444445 0.06388888888888888 0.06388888888888888 0.07569444444444444 0.06736111111111111 0.06319444444444444 0.06666666666666667 0.06319444444444444 0.06458333333333334 0.06388888888888888 0.07013888888888889 0.07222222222222222 0.06388888888888888 0.06458333333333334
0.06805555555555555 0.06597222222222222 0.06805555555555555 0.06388888888888888 0.06597222222222222 0.06597222222222222 0.06597222222222222 0.06875 0.06458333333333334 0.06458333333333334 0.06319444444444444 0.06666666666666667 0.0763888888888889 0.06944444444444445 0.0625
0.11944444444444445 0.0625 0.06388888888888888 0.06319444444444444 0.0625 0.06319444444444444 0.0625 0.0625 0.06319444444444444 0.06319444444444444 0.0625 0.06319444444444444 0.0625 0.0625 0.06319444444444444
0.05111111111111103 0.05166666666666658 0.05055555555555547 0.06666666666666658 0.09055555555555544 0.05277777777777769 0.05444444444444436 0.04999999999999991 0.050555555555555465 0.06111111111111103 0.10555555555555543 0.05499999999999991 0.055555555555555476 0.050555555555555465 0.15388888888888902
0.06319444444444444 0.0625 0.0625 0.0625 0.06458333333333334 0.0625 0.06388888888888888 0.0625 0.06319444444444444 0.0625 0.11805555555555555 0.06319444444444444 0.06319444444444444 0.0625 0.06319444444444444
0.06470588235294104 0.06470588235294103 0.06013071895424824 0.0633986928104574 0.061437908496731905 0.062091503267973726 0.06274509803921555 0.06013071895424823 0.06013071895424823 0.061437908496731884 0.06928104575163385 0.062091503267973726 0.059477124183006415 0.06078431372549007 0.12745098039215658
0.05111111111111103 0.053888888888888806 0.15055555555555572 0.052222222222222135 0.0538888888888888 0.10666666666666662 0.05166666666666658 0.053333333333333253 0.055555555555555455 0.053888888888888806 0.05333333333333324 0.053888888888888806 0.09944444444444432 0.053888888888888806 0.05666666666666658
0.06527777777777778 0.06805555555555555 0.06388888888888888 0.06319444444444444 0.06319444444444444 0.06736111111111111 0.0625 0.06388888888888888 0.06319444444444444 0.06458333333333334 0.06388888888888888 0.08472222222222223 0.07430555555555556 0.06388888888888888 0.06805555555555555
0.0625 0.12430555555555556 0.0625 0.0625 0.0625 0.0625 0.0625 0.0625 0.06319444444444444 0.0625 0.0625 0.0625 0.0625 0.0625 0.0625
0.06222222222222213 0.07777777777777771 0.061666666666666564 0.05444444444444438 0.06333333333333324 0.07666666666666658 0.06555555555555546 0.07499999999999993 0.06277777777777768 0.06611111111111104 0.06666666666666655 0.08166666666666655 0.05611111111111102 0.06499999999999993 0.0649999999999999
0.060784313725490056 0.12156862745098014 0.0594771241830064 0.06732026143790835 0.06078431372549007 0.0614379084967319 0.06274509803921556 0.06078431372549007 0.0594771241830064 0.06470588235294104 0.06078431372549007 0.06405228758169922 0.07124183006535932 0.06274509803921556 0.062091503267973726
0.05802469135802457 0.06172839506172827 0.05617283950617273 0.06543209876543198 0.05925925925925916 0.07098765432098754 0.06296296296296283 0.058024691358024585 0.058024691358024585 0.06358024691358014 0.08888888888888873 0.11111111111111097 0.06419753086419741 0.06049382716049372 0.06111111111111099
0.0573099415204678 0.0549707602339181 0.059649122807017514 0.15789473684210498 0.05555555555555554 0.05614035087719298 0.06374269005847953 0.05730994152046782 0.055555555555555546 0.05906432748538011 0.05614035087719298 0.05497076023391812 0.06023391812865494 0.05614035087719296 0.09532163742690061
