0.09415204678362574 0.052631578947368425 0.05614035087719299 0.05321637426900584 0.05321637426900585 0.053801169590643266 0.05614035087719297 0.05321637426900585 0.05321637426900586 0.052631578947368425 0.16023391812865462 0.052631578947368425 0.052631578947368425 0.05321637426900585 0.10292397660818711
0.06013071895424823 0.05882352941176457 0.05882352941176457 0.059477124183006415 0.059477124183006415 0.05882352941176457 0.1712418300653592 0.05882352941176457 0.05882352941176457 0.05882352941176457 0.05882352941176457 0.05882352941176457 0.059477124183006415 0.06013071895424824 0.059477124183006415
0.06078431372549007 0.06013071895424823 0.0614379084967319 0.062091503267973726 0.059477124183006415 0.06013071895424824 0.062091503267973726 0.06274509803921556 0.060784313725490056 0.07450980392156849 0.1287581699346403 0.05882352941176457 0.06535947712418289 0.06274509803921556 0.06013071895424824
0.061904761904761824 0.04920634920634913 0.05238095238095231 0.053439153439153356 0.05026455026455019 0.053439153439153356 0.05291005291005284 0.06243386243386235 0.05555555555555547 0.11005291005290992 0.052380952380952306 0.05291005291005283 0.09523809523809514 0.14232804232804216 0.055555555555555476
0.06319444444444444 0.0625 0.0625 0.07152777777777777 0.0625 0.06319444444444444 0.06319444444444444 0.0625 0.06319444444444444 0.07083333333333333 0.0625 0.0625 0.10347222222222222 0.06388888888888888 0.0625
0.05864197530864187 0.061728395061728274 0.07407407407407396 0.06296296296296283 0.05679012345679002 0.09999999999999984 0.06111111111111099 0.06358024691358014 0.06419753086419742 0.05802469135802457 0.05679012345679001 0.06234567901234556 0.06728395061728384 0.05864197530864187 0.093827160493827
0.0527777777777777 0.05944444444444438 0.07444444444444433 0.055555555555555476 0.1855555555555555 0.06222222222222213 0.05833333333333325 0.058333333333333244 0.06166666666666658 0.056666666666666574 0.05166666666666657 0.058333333333333244 0.05444444444444437 0.053888888888888806 0.05666666666666658
0.05238095238095231 0.1428571428571427 0.051851851851851774 0.05502645502645495 0.06878306878306871 0.050264550264550206 0.052910052910052824 0.05449735449735441 0.06084656084656077 0.05449735449735443 0.055555555555555476 0.1074074074074073 0.05502645502645495 0.08835978835978825 0.04973544973544966
0.053801169590643266 0.05438596491228069 0.056725146198830394 0.09590643274853801 0.15906432748537983 0.05847953216374267 0.05438596491228069 0.058479532163742666 0.06725146198830405 0.05438596491228069 0.052631578947368425 0.05438596491228071 0.06900584795321638 0.05789473684210526 0.05321637426900586
0.06013071895424823 0.062091503267973726 0.06209150326797373 0.062091503267973726 0.13725490196078408 0.06209150326797373 0.06339869281045739 0.06274509803921555 0.06274509803921555 0.06274509803921555 0.06078431372549008 0.0594771241830064 0.06013071895424824 0.062091503267973726 0.06013071895424824
0.06851851851851841 0.06049382716049372 0.08024691358024677 0.06296296296296283 0.06358024691358014 0.06975308641975295 0.06604938271604928 0.06790123456790113 0.06604938271604925 0.06604938271604927 0.062345679012345556 0.07469135802469122 0.061111111111111005 0.061728395061728274 0.0685185185185184
0.0625 0.06319444444444444 0.0625 0.12152777777777778 0.0625 0.0625 0.06319444444444444 0.06319444444444444 0.06319444444444444 0.06319444444444444 0.0625 0.0625 0.0625 0.0625 0.0625
0.05617283950617273 0.05679012345679001 0.05617283950617273 0.21234567901234527 0.05679012345679001 0.05679012345679002 0.05555555555555545 0.05617283950617273 0.05617283950617273 0.05679012345679001 0.05555555555555545 0.05555555555555545 0.05617283950617273 0.05555555555555545 0.0574074074074073
0.0625 0.0625 0.06319444444444444 0.0625 0.12430555555555556 0.0625 0.0625 0.0625 0.0625 0.0625 0.0625 0.0625 0.0625 0.0625 0.0625
0.05617283950617273 0.05617283950617273 0.05617283950617273 0.05555555555555545 0.05679012345679001 0.16419753086419733 0.05555555555555545 0.10864197530864177 0.05679012345679002 0.05555555555555545 0.05555555555555545 0.05617283950617273 0.05555555555555545 0.05555555555555545 0.05555555555555545
0.05864197530864187 0.061728395061728274 0.06604938271604925 0.11728395061728375 0.07222222222222209 0.05802469135802457 0.08271604938271593 0.07407407407407392 0.0604938271604937 0.05679012345679001 0.0574074074074073 0.05802469135802457 0.05617283950617273 0.05740740740740729 0.06296296296296283
0.18412698412698386 0.050793650793650724 0.04973544973544967 0.04814814814814808 0.04973544973544966 0.048677248677248604 0.048677248677248604 0.048677248677248604 0.05238095238095232 0.04814814814814808 0.1455026455026454 0.07513227513227504 0.04920634920634912 0.05185185185185179 0.04920634920634913
0.0604938271604937 0.058024691358024585 0.05740740740740729 0.05925925925925915 0.059876543209876426 0.06172839506172829 0.061728395061728274 0.05617283950617273 0.05864197530864187 0.058641975308641875 0.17037037037037014 0.05987654320987644 0.05925925925925916 0.058641975308641854 0.05987654320987644
0.06049382716049372 0.07098765432098754 0.06543209876543196 0.058024691358024585 0.05617283950617273 0.05679012345679001 0.05802469135802457 0.059876543209876426 0.05802469135802459 0.05802469135802457 0.17098765432098742 0.05617283950617273 0.05679012345679001 0.0574074074074073 0.05679012345679002
0.06013071895424824 0.0594771241830064 0.059477124183006415 0.05882352941176457 0.059477124183006415 0.12222222222222198 0.0594771241830064 0.05882352941176457 0.06013071895424823 0.059477124183006415 0.0594771241830064 0.06797385620915017 0.05882352941176457 0.0594771241830064 0.09673202614379066
0.10833333333333334 0.0625 0.06458333333333334 0.0625 0.0625 0.06319444444444444 0.0625 0.06319444444444444 0.06319444444444444 0.0625 0.0625 0.06527777777777778 0.06458333333333334 0.06388888888888888 0.06875
0.07037037037037026 0.058641975308641854 0.06975308641975297 0.06111111111111099 0.05925925925925916 0.058024691358024585 0.12777777777777755 0.06234567901234558 0.06296296296296283 0.06234567901234556 0.0679012345679011 0.06111111111111099 0.059876543209876426 0.05925925925925915 0.05925925925925915
0.0594771241830064 0.05882352941176457 0.05882352941176457 0.07189542483660116 0.059477124183006415 0.0594771241830064 0.05882352941176457 0.0594771241830064 0.0594771241830064 0.0999999999999998 0.06013071895424824 0.05882352941176457 0.11437908496732004 0.0614379084967319 0.0594771241830064
0.05438596491228069 0.05380116959064327 0.05555555555555554 0.05789473684210527 0.05497076023391813 0.05497076023391812 0.055555555555555546 0.058479532163742666 0.06257309941520463 0.05380116959064327 0.21169590643274852 0.05847953216374269 0.05555555555555554 0.05497076023391814 0.05730994152046782
0.059477124183006415 0.05882352941176457 0.06013071895424824 0.0594771241830064 0.05882352941176457 0.07058823529411752 0.0594771241830064 0.0614379084967319 0.059477124183006415 0.059477124183006415 0.061437908496731905 0.06013071895424823 0.09607843137254882 0.0660130718954247 0.10915032679738539
0.0625 0.0625 0.0625 0.06388888888888888 0.0625 0.06319444444444444 0.06319444444444444 0.0625 0.0625 0.06319444444444444 0.0625 0.06319444444444444 0.11875 0.06458333333333334 0.0625
0.06875 0.0625 0.06388888888888888 0.06458333333333334 0.06597222222222222 0.06527777777777778 0.06666666666666667 0.06944444444444445 0.06736111111111111 0.06875 0.06319444444444444 0.06527777777777778 0.07847222222222222 0.06597222222222222 0.06388888888888888
0.05611111111111101 0.052222222222222135 0.08333333333333326 0.05333333333333324 0.05666666666666658 0.09388888888888883 0.06388888888888881 0.06999999999999991 0.05722222222222215 0.08611111111111101 0.05499999999999991 0.07777777777777768 0.06499999999999992 0.05666666666666658 0.07277777777777766
0.06805555555555555 0.06458333333333334 0.07083333333333333 0.06597222222222222 0.06527777777777778 0.06666666666666667 0.06597222222222222 0.06875 0.06944444444444445 0.06527777777777778 0.06666666666666667 0.06527777777777778 0.06597222222222222 0.06666666666666667 0.06458333333333334
0.048792270531401054 0.046376811594202975 0.16666666666666677 0.047826086956521824 0.047342995169082205 0.04637681159420297 0.09420289855072476 0.05410628019323681 0.046376811594202975 0.04685990338164258 0.04734299516908222 0.046376811594202975 0.11062801932367163 0.10193236714975842 0.04879227053140105
0.0423868312757202 0.03827160493827165 0.05102880658436219 0.056790123456790166 0.03991769547325107 0.03827160493827165 0.12962962962962954 0.04115226337448563 0.04197530864197536 0.04609053497942391 0.08559670781893004 0.0415637860082305 0.09835390946502057 0.20699588477366254 0.041975308641975344
0.05111111111111102 0.05055555555555547 0.053888888888888806 0.05166666666666657 0.0549999999999999 0.05166666666666658 0.07944444444444432 0.05222222222222213 0.0549999999999999 0.05444444444444436 0.05277777777777769 0.1400000000000001 0.05611111111111103 0.14333333333333342 0.0527777777777777
0.06339869281045737 0.062091503267973726 0.1202614379084965 0.06013071895424823 0.06078431372549007 0.0614379084967319 0.05882352941176457 0.062091503267973726 0.062091503267973726 0.06470588235294106 0.061437908496731905 0.0705882352941175 0.06078431372549007 0.06732026143790834 0.06405228758169922
0.05617283950617273 0.05555555555555545 0.08641975308641962 0.058641975308641854 0.05679012345679001 0.05617283950617273 0.05555555555555545 0.05617283950617273 0.05679012345679001 0.05679012345679001 0.09938271604938254 0.058024691358024585 0.05864197530864187 0.10864197530864177 0.08024691358024676
0.053888888888888806 0.052222222222222135 0.06611111111111101 0.05944444444444436 0.05333333333333324 0.05499999999999991 0.056666666666666594 0.0616666666666666 0.056666666666666574 0.08333333333333323 0.05611111111111102 0.0577777777777777 0.05444444444444436 0.18166666666666664 0.05166666666666658
0.0527777777777777 0.052222222222222135 0.057222222222222126 0.05499999999999991 0.053888888888888806 0.0538888888888888 0.057222222222222126 0.052222222222222135 0.053888888888888806 0.1533333333333335 0.053888888888888806 0.052222222222222135 0.05388888888888881 0.13555555555555562 0.06277777777777768
0.05864197530864187 0.058024691358024585 0.0574074074074073 0.10802469135802449 0.05925925925925916 0.0574074074074073 0.13703703703703682 0.05802469135802457 0.05555555555555545 0.05740740740740729 0.06111111111111099 0.05679012345679001 0.05864197530864187 0.05864197530864187 0.058024691358024585
0.0538888888888888 0.05444444444444436 0.0616666666666666 0.052222222222222135 0.05444444444444436 0.05111111111111103 0.055555555555555455 0.052222222222222135 0.053888888888888806 0.05944444444444436 0.05333333333333324 0.10444444444444441 0.04999999999999991 0.18611111111111095 0.05722222222222214
0.05444444444444436 0.05111111111111103 0.053333333333333253 0.09277777777777768 0.0538888888888888 0.05277777777777769 0.058333333333333244 0.0538888888888888 0.05444444444444436 0.05777777777777769 0.09833333333333322 0.09999999999999994 0.058333333333333265 0.10222222222222217 0.058333333333333244
0.06013071895424823 0.06339869281045737 0.06339869281045739 0.06666666666666653 0.0594771241830064 0.06339869281045737 0.06732026143790834 0.06013071895424824 0.06013071895424824 0.06535947712418286 0.06013071895424824 0.08300653594771225 0.10130718954248345 0.06405228758169922 0.062091503267973726
0.056084656084656 0.052380952380952306 0.05502645502645496 0.05608465608465599 0.05502645502645495 0.051851851851851774 0.053439153439153356 0.052380952380952306 0.051851851851851774 0.056084656084656 0.05185185185185179 0.05661375661375654 0.15132275132275116 0.14603174603174596 0.05396825396825389
0.059649122807017514 0.05555555555555554 0.06491228070175434 0.0596491228070175 0.0543859649122807 0.05730994152046782 0.060233918128654924 0.05555555555555554 0.056725146198830415 0.05906432748538011 0.06023391812865494 0.05906432748538012 0.07602339181286547 0.16666666666666666 0.054970760233918115
0.06666666666666668 0.05847953216374267 0.059064327485380076 0.05438596491228069 0.05730994152046782 0.055555555555555546 0.05614035087719296 0.05789473684210526 0.05555555555555555 0.05730994152046784 0.05497076023391813 0.05555555555555557 0.11286549707602332 0.14327485380116942 0.05497076023391812
0.05679012345679001 0.05617283950617273 0.059876543209876426 0.062345679012345556 0.05617283950617273 0.05987654320987644 0.0604938271604937 0.06049382716049371 0.05864197530864187 0.0574074074074073 0.05864197530864187 0.0574074074074073 0.09506172839506159 0.14135802469135783 0.05925925925925915
0.07124183006535932 0.059477124183006415 0.0614379084967319 0.06078431372549007 0.059477124183006415 0.05882352941176457 0.06339869281045739 0.06339869281045737 0.059477124183006415 0.06013071895424823 0.059477124183006415 0.060784313725490056 0.12483660130718928 0.07712418300653581 0.06013071895424824
0.05101010101010104 0.04797979797979798 0.04848484848484849 0.05050505050505053 0.048989898989899 0.04848484848484848 0.05050505050505052 0.05000000000000002 0.10101010101010106 0.05151515151515153 0.09393939393939395 0.048989898989899 0.04797979797979798 0.21212121212121207 0.04848484848484849
0.06049382716049371 0.05679012345679001 0.05925925925925916 0.05987654320987644 0.05740740740740729 0.058024691358024585 0.16111111111111082 0.06049382716049371 0.059876543209876426 0.059876543209876426 0.07037037037037025 0.05555555555555545 0.06049382716049371 0.06234567901234556 0.058024691358024585
0.06078431372549007 0.05882352941176457 0.05882352941176457 0.06013071895424824 0.05882352941176457 0.0594771241830064 0.05882352941176457 0.059477124183006415 0.0614379084967319 0.0614379084967319 0.060784313725490056 0.05882352941176457 0.14444444444444424 0.07843137254901948 0.059477124183006415
0.06555555555555546 0.05444444444444436 0.05999999999999993 0.05444444444444436 0.06222222222222214 0.053333333333333253 0.059999999999999915 0.058333333333333244 0.06111111111111101 0.06222222222222214 0.09777777777777764 0.05499999999999991 0.06388888888888879 0.13666666666666663 0.0549999999999999
0.06419753086419741 0.08456790123456775 0.06543209876543198 0.06234567901234558 0.06358024691358012 0.05987654320987642 0.06419753086419741 0.06111111111111101 0.06234567901234555 0.06049382716049372 0.058024691358024585 0.061111111111110984 0.06049382716049371 0.11481481481481462 0.05740740740740729
0.06198830409356722 0.05614035087719298 0.08830409356725144 0.05614035087719297 0.0584795321637427 0.05672514619883039 0.05789473684210525 0.0660818713450292 0.05847953216374267 0.06081871345029237 0.09883040935672516 0.08245614035087721 0.05789473684210526 0.057309941520467846 0.08245614035087721
0.05882352941176457 0.06013071895424823 0.0614379084967319 0.06339869281045739 0.059477124183006415 0.0614379084967319 0.06013071895424824 0.06013071895424824 0.06274509803921555 0.0660130718954247 0.05882352941176457 0.060784313725490056 0.1477124183006534 0.06013071895424823 0.05882352941176457
0.052222222222222135 0.05166666666666658 0.06055555555555548 0.05277777777777769 0.06555555555555546 0.059999999999999915 0.05777777777777769 0.055555555555555476 0.06166666666666654 0.07277777777777773 0.05444444444444435 0.06611111111111101 0.09944444444444438 0.10555555555555547 0.08388888888888876
0.05611111111111103 0.053888888888888806 0.081111111111111 0.07111111111111103 0.05611111111111103 0.05166666666666658 0.10999999999999986 0.056666666666666574 0.05666666666666657 0.056666666666666574 0.09833333333333322 0.05555555555555547 0.06555555555555546 0.07222222222222217 0.05833333333333324
0.08245614035087714 0.05438596491228071 0.06198830409356724 0.07368421052631581 0.057309941520467825 0.058479532163742694 0.05964912280701755 0.06374269005847952 0.05672514619883037 0.057309941520467804 0.05438596491228069 0.05672514619883037 0.058479532163742666 0.13684210526315774 0.06783625730994146
0.08496732026143775 0.06405228758169922 0.06470588235294104 0.06535947712418289 0.06797385620915017 0.06470588235294104 0.0699346405228757 0.06732026143790837 0.062091503267973726 0.06666666666666654 0.06274509803921555 0.0660130718954247 0.06405228758169922 0.06535947712418287 0.06405228758169922
0.0614379084967319 0.062091503267973726 0.062091503267973726 0.062091503267973726 0.06013071895424823 0.0614379084967319 0.06405228758169922 0.06274509803921556 0.06078431372549008 0.061437908496731884 0.06078431372549008 0.06013071895424823 0.06339869281045737 0.13594771241830042 0.0614379084967319
0.059477124183006415 0.06013071895424824 0.06535947712418287 0.0614379084967319 0.062091503267973726 0.0594771241830064 0.06078431372549007 0.060784313725490056 0.11176470588235272 0.06078431372549007 0.06405228758169922 0.06078431372549007 0.0594771241830064 0.08366013071895408 0.06993464052287567
0.06358024691358014 0.05617283950617273 0.06604938271604927 0.10370370370370353 0.05864197530864187 0.06234567901234558 0.0759259259259258 0.06543209876543199 0.06975308641975296 0.0753086419753085 0.05987654320987642 0.06172839506172829 0.061111111111111005 0.06296296296296285 0.05740740740740729
0.05964912280701757 0.05438596491228068 0.07192982456140344 0.05730994152046784 0.05497076023391814 0.0567251461988304 0.05964912280701754 0.061403508771929786 0.1543859649122805 0.056725146198830415 0.056725146198830394 0.06374269005847952 0.06959064327485383 0.061403508771929814 0.061403508771929786
0.06944444444444445 0.06597222222222222 0.06388888888888888 0.06458333333333334 0.06597222222222222 0.07222222222222222 0.06736111111111111 0.06458333333333334 0.06597222222222222 0.06666666666666667 0.06388888888888888 0.06527777777777778 0.06458333333333334 0.06805555555555555 0.07152777777777777
0.06013071895424823 0.05882352941176457 0.06862745098039204 0.07320261437908483 0.06013071895424823 0.06797385620915018 0.0705882352941175 0.06405228758169922 0.0594771241830064 0.06732026143790835 0.06013071895424823 0.061437908496731905 0.10784313725490177 0.061437908496731905 0.05882352941176457
0.04848484848484849 0.047474747474747475 0.058585858585858644 0.05353535353535357 0.05101010101010102 0.04848484848484848 0.0565656565656566 0.05000000000000001 0.05202020202020205 0.05252525252525256 0.17979797979797982 0.07070707070707076 0.05151515151515153 0.12575757575757585 0.053535353535353575
0.06078431372549007 0.0594771241830064 0.06013071895424824 0.0614379084967319 0.059477124183006415 0.06209150326797373 0.06078431372549007 0.061437908496731884 0.072549019607843 0.06078431372549007 0.05882352941176457 0.06078431372549007 0.07777777777777763 0.12352941176470564 0.06013071895424823
0.0625 0.0625 0.0625 0.0625 0.0625 0.0625 0.06319444444444444 0.06388888888888888 0.0625 0.0625 0.0625 0.11944444444444445 0.06388888888888888 0.0625 0.06458333333333334
0.06388888888888888 0.06319444444444444 0.06597222222222222 0.06319444444444444 0.06458333333333334 0.0625 0.0625 0.06319444444444444 0.10833333333333334 0.06319444444444444 0.0625 0.06458333333333334 0.06458333333333334 0.06458333333333334 0.06319444444444444
0.06319444444444444 0.0625 0.06319444444444444 0.06597222222222222 0.06319444444444444 0.0625 0.0625 0.06319444444444444 0.06319444444444444 0.07152777777777777 0.06319444444444444 0.06319444444444444 0.10694444444444444 0.06319444444444444 0.0625
0.0594771241830064 0.0594771241830064 0.14901960784313706 0.06078431372549007 0.06013071895424823 0.05882352941176457 0.06797385620915018 0.06013071895424824 0.0594771241830064 0.0594771241830064 0.061437908496731884 0.06013071895424824 0.06470588235294104 0.06013071895424823 0.05882352941176457
0.06944444444444445 0.06527777777777778 0.06875 0.06597222222222222 0.06319444444444444 0.06944444444444445 0.06736111111111111 0.06875 0.06736111111111111 0.06527777777777778 0.06388888888888888 0.07083333333333333 0.06458333333333334 0.06458333333333334 0.06527777777777778
0.05987654320987642 0.12839506172839488 0.07469135802469125 0.06049382716049371 0.07037037037037025 0.05679012345679001 0.06234567901234556 0.08024691358024678 0.05740740740740729 0.058024691358024585 0.05802469135802457 0.06172839506172829 0.05555555555555545 0.05802469135802457 0.05802469135802457
0.0614379084967319 0.06013071895424823 0.06405228758169922 0.12222222222222201 0.062091503267973726 0.062091503267973726 0.06274509803921556 0.06797385620915018 0.06078431372549007 0.06339869281045737 0.06274509803921555 0.05882352941176457 0.0660130718954247 0.06339869281045737 0.062091503267973726
0.0625 0.0625 0.0625 0.0798611111111111 0.06319444444444444 0.0625 0.06319444444444444 0.06319444444444444 0.0625 0.10416666666666667 0.0625 0.0625 0.06319444444444444 0.0625 0.06319444444444444
0.06078431372549007 0.1117647058823527 0.059477124183006415 0.0594771241830064 0.059477124183006415 0.05882352941176457 0.1117647058823527 0.06013071895424824 0.0594771241830064 0.05882352941176457 0.06013071895424824 0.06013071895424824 0.06013071895424823 0.06013071895424824 0.0594771241830064
0.09814814814814797 0.058024691358024585 0.10679012345678994 0.05679012345679001 0.1037037037037035 0.05679012345679001 0.05802469135802457 0.06234567901234556 0.05864197530864187 0.05679012345679001 0.05679012345679001 0.05679012345679001 0.05555555555555545 0.05679012345679001 0.05802469135802457
0.0543859649122807 0.10935672514619878 0.05906432748538012 0.057309941520467825 0.060818713450292376 0.057309941520467825 0.05497076023391813 0.0994152046783626 0.07309941520467832 0.056725146198830415 0.054970760233918115 0.05906432748538009 0.05380116959064327 0.08362573099415209 0.06608187134502923
0.06319444444444444 0.0625 0.0625 0.07083333333333333 0.11180555555555556 0.06388888888888888 0.0625 0.0625 0.06319444444444444 0.0625 0.0625 0.0625 0.06388888888888888 0.0625 0.06319444444444444
0.05617283950617273 0.05555555555555545 0.05617283950617273 0.06049382716049371 0.15802469135802447 0.05617283950617273 0.05617283950617273 0.05555555555555545 0.05555555555555545 0.05617283950617273 0.10987654320987633 0.05555555555555545 0.05679012345679002 0.05555555555555545 0.05617283950617273
0.03068783068783065 0.06931216931216927 0.03941798941798938 0.2833333333333334 0.02645502645502642 0.03412698412698409 0.03359788359788357 0.041798941798941766 0.02883597883597879 0.2597883597883598 0.0325396825396825 0.029629629629629593 0.026984126984126947 0.03412698412698409 0.029365079365079316
0.058479532163742645 0.05438596491228071 0.05789473684210524 0.15204678362573082 0.0543859649122807 0.05789473684210524 0.06374269005847949 0.05789473684210526 0.05555555555555554 0.10701754385964904 0.055555555555555546 0.05964912280701754 0.05555555555555555 0.05380116959064327 0.05614035087719297
0.053801169590643266 0.0543859649122807 0.052631578947368425 0.09824561403508773 0.15263157894736812 0.05321637426900585 0.05380116959064327 0.05321637426900584 0.05380116959064329 0.05497076023391812 0.10584795321637427 0.05321637426900584 0.05321637426900585 0.05321637426900584 0.05380116959064327
0.06078431372549007 0.06013071895424824 0.0614379084967319 0.0614379084967319 0.0614379084967319 0.06339869281045737 0.06339869281045737 0.06209150326797373 0.12679738562091478 0.06339869281045739 0.06209150326797373 0.06405228758169922 0.06339869281045737 0.06470588235294103 0.061437908496731884
0.06388888888888888 0.06319444444444444 0.06527777777777778 0.1125 0.06388888888888888 0.0625 0.06458333333333334 0.06319444444444444 0.0625 0.06319444444444444 0.06388888888888888 0.0625 0.06319444444444444 0.06319444444444444 0.0625
0.059477124183006415 0.0594771241830064 0.05882352941176457 0.05882352941176457 0.05882352941176457 0.05882352941176457 0.0594771241830064 0.059477124183006415 0.17189542483660106 0.05882352941176457 0.05882352941176457 0.06013071895424824 0.05882352941176457 0.05882352941176457 0.0594771241830064
0.06597222222222222 0.0625 0.06666666666666667 0.06458333333333334 0.06458333333333334 0.06666666666666667 0.06875 0.06458333333333334 0.07291666666666667 0.06805555555555555 0.06597222222222222 0.06944444444444445 0.06666666666666667 0.06597222222222222 0.06666666666666667
0.06470588235294107 0.0614379084967319 0.06274509803921556 0.062091503267973726 0.062091503267973726 0.062091503267973726 0.06339869281045737 0.0614379084967319 0.12026143790849653 0.06339869281045739 0.06666666666666653 0.062091503267973726 0.0640522875816992 0.06078431372549007 0.06274509803921555
0.06388888888888888 0.0625 0.06319444444444444 0.0625 0.0625 0.0625 0.0625 0.0625 0.12222222222222222 0.06319444444444444 0.0625 0.0625 0.0625 0.0625 0.0625
0.05617283950617273 0.05617283950617273 0.05617283950617273 0.0574074074074073 0.05555555555555545 0.05679012345679001 0.05617283950617273 0.05617283950617273 0.05679012345679001 0.05679012345679001 0.05617283950617273 0.05679012345679001 0.19938271604938243 0.06728395061728384 0.05617283950617273
0.0625 0.0625 0.06319444444444444 0.0625 0.0625 0.0625 0.0625 0.0625 0.0625 0.0625 0.0625 0.06388888888888888 0.0625 0.12291666666666666 0.0625
0.06736111111111111 0.06458333333333334 0.06666666666666667 0.06319444444444444 0.06666666666666667 0.06527777777777778 0.06875 0.0763888888888889 0.06666666666666667 0.06388888888888888 0.06597222222222222 0.06666666666666667 0.06527777777777778 0.06527777777777778 0.06736111111111111
0.050555555555555465 0.04999999999999991 0.05222222222222214 0.05111111111111102 0.05111111111111102 0.25222222222222224 0.05166666666666658 0.05166666666666657 0.05111111111111103 0.052222222222222135 0.05166666666666658 0.05055555555555547 0.0794444444444443 0.0527777777777777 0.05166666666666658
0.0625 0.06319444444444444 0.06319444444444444 0.06388888888888888 0.06319444444444444 0.11388888888888889 0.0625 0.0625 0.0625 0.06597222222222222 0.06388888888888888 0.06319444444444444 0.06458333333333334 0.0625 0.0625
0.06319444444444444 0.0625 0.0625 0.06597222222222222 0.0625 0.06319444444444444 0.06319444444444444 0.06388888888888888 0.0625 0.07013888888888889 0.0625 0.0625 0.10833333333333334 0.06458333333333334 0.0625
0.05802469135802457 0.05555555555555545 0.058641975308641875 0.0574074074074073 0.05555555555555545 0.20370370370370341 0.05617283950617273 0.05679012345679001 0.05555555555555545 0.05679012345679001 0.05555555555555545 0.05679012345679001 0.059876543209876426 0.05679012345679002 0.05679012345679001
0.06013071895424823 0.05882352941176457 0.05882352941176457 0.06013071895424823 0.059477124183006415 0.17124183006535923 0.05882352941176457 0.05882352941176457 0.05882352941176457 0.05882352941176457 0.06013071895424824 0.05882352941176457 0.05882352941176457 0.05882352941176457 0.0594771241830064
0.06319444444444444 0.0625 0.0625 0.0625 0.0625 0.12083333333333333 0.0625 0.06319444444444444 0.06319444444444444 0.06319444444444444 0.0625 0.06319444444444444 0.0625 0.06319444444444444 0.0625
0.06257309941520464 0.05614035087719297 0.06023391812865494 0.05964912280701754 0.06315789473684208 0.17076023391812856 0.05964912280701754 0.0614035087719298 0.06081871345029239 0.0584795321637427 0.05964912280701749 0.055555555555555546 0.056725146198830394 0.058479532163742666 0.05672514619883039
0.061728395061728274 0.05679012345679001 0.09135802469135794 0.0574074074074073 0.05617283950617273 0.09567901234567887 0.061111111111111005 0.05802469135802457 0.058641975308641854 0.061111111111110984 0.05925925925925915 0.06234567901234558 0.08518518518518509 0.06543209876543199 0.06975308641975295
0.044444444444444516 0.04492753623188413 0.19903381642512075 0.046376811594202975 0.04396135265700491 0.05603864734299526 0.04879227053140103 0.04637681159420297 0.04685990338164258 0.04830917874396143 0.0497584541062803 0.051207729468599104 0.04541062801932375 0.04637681159420299 0.18212560386473434
0.05959595959595963 0.048989898989899 0.06919191919191929 0.05000000000000002 0.047474747474747475 0.16616161616161623 0.06969696969696976 0.0545454545454546 0.051010101010101026 0.05151515151515154 0.04999999999999999 0.10505050505050509 0.05101010101010104 0.05101010101010102 0.07474747474747478
0.06875 0.06527777777777778 0.06944444444444445 0.06805555555555555 0.06458333333333334 0.06388888888888888 0.06736111111111111 0.06944444444444445 0.06944444444444445 0.06805555555555555 0.0625 0.06388888888888888 0.06388888888888888 0.06805555555555555 0.06736111111111111
0.05611111111111102 0.05499999999999991 0.05888888888888879 0.05722222222222215 0.05555555555555547 0.05944444444444436 0.058333333333333244 0.07499999999999993 0.055555555555555476 0.058333333333333244 0.16777777777777786 0.05722222222222214 0.05666666666666658 0.056666666666666574 0.07222222222222213
0.06257309941520466 0.057309941520467804 0.06491228070175438 0.05906432748538009 0.05789473684210523 0.05555555555555554 0.06900584795321635 0.07309941520467834 0.06140350877192979 0.06783625730994149 0.0654970760233918 0.06257309941520464 0.05789473684210523 0.05906432748538011 0.12631578947368405
0.05499999999999991 0.07833333333333323 0.050555555555555465 0.09166666666666655 0.050555555555555465 0.0538888888888888 0.05333333333333324 0.05277777777777769 0.05166666666666658 0.05277777777777769 0.2027777777777776 0.05055555555555547 0.05166666666666659 0.05333333333333324 0.05111111111111102
0.0625 0.0625 0.0625 0.0625 0.0625 0.06319444444444444 0.0625 0.0625 0.0625 0.0625 0.12430555555555556 0.0625 0.0625 0.0625 0.0625
0.10432098765432081 0.08456790123456775 0.0604938271604937 0.05555555555555545 0.05617283950617273 0.07222222222222209 0.058641975308641854 0.05555555555555545 0.05555555555555545 0.05617283950617273 0.05617283950617273 0.06604938271604924 0.05617283950617273 0.05617283950617273 0.10617283950617273
0.093827160493827 0.0679012345679011 0.06666666666666655 0.062345679012345556 0.08024691358024677 0.0648148148148147 0.06296296296296285 0.06358024691358012 0.06604938271604925 0.06049382716049371 0.061728395061728274 0.06234567901234558 0.06049382716049372 0.06296296296296285 0.06358024691358012
0.16432748538011668 0.06315789473684208 0.057309941520467825 0.0614035087719298 0.06549707602339176 0.06666666666666665 0.0590643274853801 0.06023391812865496 0.05789473684210523 0.05964912280701752 0.05380116959064327 0.05847953216374265 0.05906432748538011 0.05614035087719296 0.05730994152046784
0.052631578947368425 0.052631578947368425 0.054970760233918115 0.05730994152046784 0.053801169590643266 0.05321637426900585 0.05321637426900585 0.05555555555555555 0.052631578947368425 0.212280701754386 0.05321637426900586 0.05321637426900586 0.08596491228070179 0.056725146198830394 0.052631578947368425
0.10370370370370355 0.09197530864197515 0.06358024691358014 0.05925925925925916 0.058641975308641854 0.0574074074074073 0.05864197530864187 0.08209876543209864 0.05925925925925915 0.06234567901234556 0.06049382716049372 0.0574074074074073 0.059876543209876426 0.06358024691358012 0.061728395061728274
0.053888888888888806 0.05388888888888881 0.05888888888888879 0.10222222222222216 0.05499999999999991 0.06444444444444433 0.12888888888888883 0.05666666666666658 0.05388888888888881 0.05444444444444437 0.06555555555555546 0.06388888888888879 0.056666666666666594 0.06222222222222214 0.06944444444444435
0.0625 0.0625 0.06388888888888888 0.11041666666666666 0.06527777777777778 0.06319444444444444 0.06319444444444444 0.0625 0.0625 0.06319444444444444 0.06805555555555555 0.06319444444444444 0.06319444444444444 0.06388888888888888 0.0625
0.06078431372549007 0.05882352941176457 0.11241830065359455 0.11503267973856188 0.05882352941176457 0.06013071895424824 0.05882352941176457 0.05882352941176457 0.0594771241830064 0.06078431372549007 0.05882352941176457 0.0594771241830064 0.06013071895424824 0.05882352941176457 0.05882352941176457
0.0625 0.06319444444444444 0.06458333333333334 0.06527777777777778 0.06319444444444444 0.07013888888888889 0.08541666666666667 0.06458333333333334 0.06319444444444444 0.06319444444444444 0.06458333333333334 0.06736111111111111 0.06458333333333334 0.06388888888888888 0.07430555555555556
0.052631578947368425 0.052631578947368425 0.05438596491228069 0.05730994152046784 0.05321637426900585 0.05438596491228069 0.0543859649122807 0.052631578947368425 0.052631578947368425 0.061403508771929814 0.05321637426900584 0.20760233918128654 0.08596491228070177 0.05438596491228069 0.05321637426900585
0.05000000000000001 0.04696969696969696 0.04696969696969695 0.047474747474747475 0.0929292929292929 0.05101010101010104 0.07929292929292929 0.04646464646464645 0.045454545454545435 0.10353535353535369 0.04646464646464645 0.17828282828282827 0.047474747474747475 0.04797979797979797 0.0696969696969697
0.05882352941176457 0.05882352941176457 0.05882352941176457 0.0594771241830064 0.05882352941176457 0.06013071895424823 0.05882352941176457 0.11503267973856184 0.0594771241830064 0.05882352941176457 0.05882352941176457 0.11503267973856184 0.059477124183006415 0.05882352941176457 0.06078431372549007
0.0641975308641974 0.058641975308641854 0.06172839506172829 0.08024691358024677 0.058641975308641854 0.06234567901234555 0.061728395061728274 0.06358024691358014 0.06543209876543199 0.06111111111111099 0.05864197530864187 0.11975308641975292 0.06296296296296285 0.06049382716049371 0.06049382716049371
0.05730994152046782 0.05614035087719296 0.05614035087719297 0.05555555555555555 0.0543859649122807 0.054970760233918115 0.10584795321637422 0.05438596491228068 0.05380116959064329 0.05730994152046786 0.053801169590643266 0.17134502923976583 0.05672514619883039 0.05847953216374267 0.05380116959064329
0.06172839506172829 0.061111111111111005 0.06419753086419741 0.06358024691358014 0.06172839506172829 0.061111111111111005 0.06419753086419741 0.05925925925925915 0.061728395061728274 0.05987654320987642 0.06172839506172829 0.1382716049382714 0.06234567901234556 0.05925925925925914 0.059876543209876426
0.06274509803921555 0.06405228758169922 0.06209150326797373 0.0614379084967319 0.061437908496731884 0.060784313725490056 0.0640522875816992 0.0614379084967319 0.06470588235294104 0.09150326797385606 0.061437908496731905 0.08104575163398679 0.06862745098039201 0.06470588235294103 0.06993464052287568
0.06666666666666667 0.06388888888888888 0.06805555555555555 0.06736111111111111 0.06319444444444444 0.06527777777777778 0.06805555555555555 0.06319444444444444 0.07847222222222222 0.06597222222222222 0.06319444444444444 0.06597222222222222 0.07222222222222222 0.06458333333333334 0.06388888888888888
0.0625 0.0625 0.06527777777777778 0.06319444444444444 0.06458333333333334 0.0625 0.06458333333333334 0.0625 0.1111111111111111 0.0625 0.06319444444444444 0.06527777777777778 0.06319444444444444 0.0625 0.06458333333333334
0.08830409356725147 0.057309941520467804 0.05497076023391813 0.0619883040935672 0.06900584795321638 0.05497076023391813 0.16725146198830396 0.05730994152046784 0.05438596491228069 0.05555555555555554 0.05438596491228069 0.06081871345029235 0.05614035087719296 0.05380116959064327 0.05380116959064327
0.06419753086419741 0.05740740740740729 0.06419753086419742 0.06172839506172829 0.0604938271604937 0.05864197530864187 0.07716049382716036 0.06543209876543198 0.06358024691358012 0.06728395061728384 0.06049382716049372 0.11728395061728375 0.06049382716049371 0.06358024691358014 0.058024691358024585
0.0641414141414142 0.13080808080808093 0.06060606060606064 0.07474747474747478 0.06161616161616165 0.05202020202020203 0.05959595959595962 0.07070707070707079 0.05303030303030306 0.06111111111111115 0.05202020202020205 0.05353535353535359 0.09797979797979803 0.057070707070707126 0.051010101010101026
0.06013071895424823 0.0594771241830064 0.05882352941176457 0.06013071895424823 0.06078431372549007 0.059477124183006415 0.06013071895424824 0.06013071895424824 0.0594771241830064 0.05882352941176457 0.059477124183006415 0.16470588235294095 0.06078431372549007 0.05882352941176457 0.05882352941176457
0.06458333333333334 0.06458333333333334 0.06666666666666667 0.06527777777777778 0.0625 0.06805555555555555 0.06805555555555555 0.06388888888888888 0.06458333333333334 0.06458333333333334 0.06458333333333334 0.0875 0.06527777777777778 0.06458333333333334 0.06527777777777778
0.06711111111111115 0.04222222222222225 0.046222222222222255 0.04755555555555559 0.09155555555555561 0.07066666666666671 0.044444444444444474 0.046222222222222255 0.044444444444444474 0.09022222222222227 0.04133333333333336 0.09288888888888892 0.12044444444444442 0.11288888888888887 0.0417777777777778
0.08555555555555544 0.08888888888888878 0.056666666666666574 0.06666666666666658 0.09944444444444442 0.06277777777777768 0.05944444444444435 0.06111111111111102 0.06611111111111102 0.05611111111111102 0.05444444444444436 0.05777777777777769 0.059999999999999915 0.0688888888888888 0.05611111111111102
0.052380952380952306 0.11534391534391523 0.05502645502645494 0.05079365079365071 0.19153439153439134 0.05026455026455019 0.05449735449735442 0.059788359788359745 0.05449735449735443 0.056084656084656 0.04920634920634913 0.0576719576719576 0.05343915343915337 0.05026455026455019 0.04920634920634914
0.05321637426900585 0.07309941520467834 0.05321637426900585 0.052631578947368425 0.22923976608187138 0.053801169590643266 0.05321637426900585 0.053801169590643266 0.05438596491228069 0.05438596491228071 0.052631578947368425 0.05789473684210524 0.052631578947368425 0.052631578947368425 0.05321637426900585
0.050793650793650724 0.07037037037037026 0.048677248677248604 0.05185185185185179 0.278306878306878 0.04814814814814808 0.04920634920634913 0.051851851851851774 0.05079365079365071 0.050264550264550185 0.048677248677248604 0.05449735449735442 0.04920634920634913 0.048677248677248604 0.048677248677248604
0.061666666666666564 0.10444444444444437 0.0538888888888888 0.05166666666666658 0.09833333333333329 0.052222222222222135 0.05499999999999991 0.05777777777777768 0.05444444444444436 0.058333333333333265 0.05277777777777768 0.13888888888888892 0.0527777777777777 0.05555555555555547 0.05222222222222214
0.058024691358024585 0.06049382716049371 0.06049382716049371 0.1246913580246912 0.08765432098765416 0.06049382716049373 0.06234567901234555 0.059876543209876426 0.06666666666666655 0.05925925925925915 0.05925925925925915 0.05925925925925916 0.05864197530864187 0.062345679012345556 0.0604938271604937
0.0984126984126983 0.05238095238095232 0.08941798941798931 0.05291005291005283 0.052910052910052824 0.09894179894179887 0.07830687830687824 0.07037037037037028 0.06084656084656077 0.05502645502645495 0.050793650793650724 0.056084656084656 0.06031746031746025 0.050264550264550185 0.07301587301587292
0.06078431372549007 0.05882352941176457 0.06274509803921555 0.06339869281045737 0.0614379084967319 0.06078431372549007 0.12091503267973835 0.06209150326797373 0.07712418300653578 0.059477124183006415 0.06078431372549007 0.06013071895424823 0.06928104575163385 0.06013071895424823 0.062091503267973726
0.07083333333333333 0.06388888888888888 0.07708333333333334 0.06597222222222222 0.06319444444444444 0.07222222222222222 0.06944444444444445 0.06736111111111111 0.06458333333333334 0.06319444444444444 0.0625 0.06527777777777778 0.06527777777777778 0.06319444444444444 0.06597222222222222
0.059477124183006415 0.059477124183006415 0.059477124183006415 0.0614379084967319 0.0594771241830064 0.05882352941176457 0.05882352941176457 0.06013071895424824 0.06013071895424824 0.059477124183006415 0.0594771241830064 0.06013071895424824 0.09411764705882333 0.13071895424836574 0.05882352941176457
0.0625 0.06319444444444444 0.06319444444444444 0.0625 0.06319444444444444 0.06319444444444444 0.12222222222222222 0.0625 0.0625 0.0625 0.0625 0.0625 0.0625 0.0625 0.0625
0.06274509803921555 0.062091503267973726 0.09934640522875804 0.06274509803921555 0.06470588235294103 0.06013071895424824 0.06732026143790834 0.0882352941176469 0.06535947712418287 0.062091503267973726 0.06013071895424823 0.06470588235294104 0.0614379084967319 0.05882352941176457 0.06013071895424823
