0.0614379084967319 0.06732026143790838 0.06339869281045739 0.0614379084967319 0.06013071895424823 0.061437908496731884 0.061437908496731905 0.06013071895424823 0.06274509803921555 0.0614379084967319 0.12418300653594747 0.06209150326797373 0.06470588235294106 0.06470588235294104 0.06339869281045737
0.13227513227513213 0.05502645502645497 0.08624338624338618 0.057142857142857065 0.05238095238095231 0.053968253968253894 0.06031746031746025 0.058201058201058115 0.06560846560846552 0.056084656084655994 0.0613756613756613 0.05714285714285708 0.0835978835978835 0.06455026455026448 0.056084656084656
0.13398692810457496 0.060784313725490056 0.06078431372549008 0.06209150326797373 0.06993464052287565 0.062091503267973726 0.0614379084967319 0.06013071895424824 0.06013071895424824 0.06013071895424824 0.06209150326797373 0.0614379084967319 0.0614379084967319 0.062091503267973726 0.061437908496731884
0.052910052910052824 0.04973544973544966 0.09682539682539673 0.05132275132275125 0.055555555555555476 0.05079365079365071 0.0576719576719576 0.05132275132275125 0.05449735449735442 0.0873015873015872 0.1153439153439152 0.053968253968253894 0.0539682539682539 0.05925925925925918 0.10952380952380941
0.0625 0.06319444444444444 0.06319444444444444 0.0625 0.06319444444444444 0.0625 0.0625 0.0625 0.0625 0.12083333333333333 0.0625 0.06319444444444444 0.0625 0.06388888888888888 0.0625
0.05321637426900584 0.055555555555555566 0.08128654970760239 0.05321637426900586 0.1625730994152044 0.05380116959064327 0.05847953216374265 0.05847953216374267 0.05321637426900586 0.06315789473684215 0.06081871345029236 0.05380116959064327 0.08187134502923972 0.05614035087719296 0.05438596491228071
0.1466666666666666 0.08944444444444435 0.07333333333333322 0.0538888888888888 0.05111111111111103 0.058333333333333265 0.058333333333333265 0.053888888888888806 0.05277777777777769 0.05277777777777769 0.056666666666666574 0.05611111111111103 0.08111111111111102 0.05666666666666658 0.058888888888888796
0.08827160493827145 0.09814814814814797 0.06481481481481469 0.05864197530864187 0.05679012345679002 0.06604938271604929 0.06790123456790112 0.05925925925925915 0.05802469135802457 0.058024691358024585 0.06666666666666655 0.0648148148148147 0.06419753086419742 0.06543209876543199 0.06296296296296283
0.06736111111111111 0.06805555555555555 0.06805555555555555 0.0625 0.06875 0.06527777777777778 0.06805555555555555 0.06597222222222222 0.06527777777777778 0.06736111111111111 0.07013888888888889 0.06527777777777778 0.06736111111111111 0.06597222222222222 0.06458333333333334
0.060233918128654945 0.059649122807017535 0.05789473684210525 0.0549707602339181 0.05906432748538009 0.05789473684210525 0.06491228070175437 0.05497076023391813 0.057309941520467804 0.11345029239766073 0.06842105263157892 0.10818713450292396 0.06023391812865497 0.06432748538011694 0.058479532163742666
0.06458333333333334 0.06458333333333334 0.07777777777777778 0.06319444444444444 0.06319444444444444 0.06388888888888888 0.07291666666666667 0.06319444444444444 0.075 0.06458333333333334 0.06666666666666667 0.06527777777777778 0.06875 0.06319444444444444 0.06319444444444444
0.05740740740740729 0.06172839506172827 0.06296296296296286 0.05925925925925915 0.061728395061728294 0.06172839506172829 0.06296296296296286 0.06049382716049372 0.062345679012345556 0.11913580246913558 0.0691358024691357 0.0685185185185184 0.06111111111111099 0.06728395061728382 0.06419753086419741
0.08496732026143775 0.06013071895424824 0.060784313725490056 0.06013071895424824 0.059477124183006415 0.0594771241830064 0.07385620915032663 0.061437908496731905 0.06470588235294103 0.0699346405228757 0.07124183006535935 0.061437908496731884 0.06013071895424823 0.09084967320261421 0.0614379084967319
0.16363636363636372 0.053030303030303066 0.05151515151515154 0.048989898989899 0.09797979797979803 0.047474747474747475 0.10909090909090921 0.05 0.05000000000000002 0.04898989898989898 0.05353535353535357 0.05252525252525256 0.05151515151515155 0.07020202020202031 0.05151515151515155
0.11358024691358004 0.061111111111110984 0.058024691358024585 0.05617283950617273 0.11975308641975288 0.061728395061728274 0.05555555555555545 0.058024691358024585 0.058024691358024585 0.058024691358024585 0.06296296296296285 0.061111111111111005 0.05802469135802459 0.05925925925925915 0.05864197530864187
0.0640522875816992 0.06274509803921555 0.0594771241830064 0.06013071895424823 0.0660130718954247 0.0594771241830064 0.072549019607843 0.0614379084967319 0.06013071895424824 0.06013071895424824 0.0732026143790848 0.06274509803921556 0.0771241830065358 0.08888888888888873 0.07189542483660118
0.05740740740740729 0.093827160493827 0.11049382716049361 0.05617283950617273 0.05740740740740729 0.05679012345679001 0.0574074074074073 0.058024691358024585 0.0574074074074073 0.05802469135802457 0.06666666666666654 0.06111111111111099 0.07037037037037025 0.07962962962962948 0.05925925925925915
0.06458333333333334 0.0625 0.06805555555555555 0.0625 0.06458333333333334 0.0625 0.0625 0.06388888888888888 0.06319444444444444 0.06458333333333334 0.07708333333333334 0.06319444444444444 0.09375 0.06319444444444444 0.06388888888888888
0.04646464646464645 0.04595959595959594 0.06111111111111116 0.04848484848484848 0.04595959595959594 0.221212121212121 0.04646464646464645 0.04696969696969696 0.04848484848484848 0.04595959595959594 0.055050505050505114 0.0494949494949495 0.0974747474747475 0.07828282828282834 0.06262626262626272
0.04973544973544966 0.04973544973544966 0.04920634920634913 0.15291005291005272 0.04814814814814808 0.12539682539682534 0.0873015873015872 0.07777777777777775 0.04973544973544967 0.04973544973544967 0.04973544973544966 0.051322751322751256 0.05079365079365071 0.05661375661375657 0.05185185185185179
0.05882352941176457 0.06013071895424823 0.05882352941176457 0.05882352941176457 0.05882352941176457 0.06013071895424824 0.05882352941176457 0.06013071895424824 0.11895424836601284 0.05882352941176457 0.06013071895424823 0.10718954248365993 0.0594771241830064 0.06078431372549007 0.06013071895424824
0.062091503267973726 0.062091503267973726 0.060784313725490056 0.12287581699346385 0.06078431372549007 0.059477124183006415 0.0614379084967319 0.07581699346405214 0.0614379084967319 0.06078431372549007 0.06274509803921556 0.06078431372549007 0.0640522875816992 0.0614379084967319 0.06339869281045737
0.05321637426900585 0.056140350877193 0.05614035087719301 0.12514619883040926 0.056725146198830415 0.05789473684210525 0.05497076023391812 0.05614035087719297 0.06374269005847949 0.0543859649122807 0.07777777777777778 0.115204678362573 0.05614035087719298 0.05906432748538012 0.057309941520467825
0.05740740740740729 0.05740740740740729 0.08456790123456777 0.07407407407407395 0.05555555555555545 0.059876543209876426 0.05679012345679001 0.061111111111111005 0.05925925925925915 0.058641975308641854 0.05925925925925916 0.05864197530864187 0.10123456790123445 0.06851851851851837 0.08765432098765419
0.058479532163742694 0.07602339181286552 0.060233918128654966 0.054970760233918115 0.0543859649122807 0.06023391812865496 0.07953216374269004 0.05438596491228071 0.05847953216374267 0.08771929824561402 0.11403508771929818 0.05672514619883039 0.06257309941520463 0.06198830409356721 0.060233918128654966
0.05444444444444435 0.05222222222222214 0.05333333333333324 0.058888888888888796 0.05277777777777769 0.08833333333333321 0.13388888888888895 0.05722222222222214 0.05277777777777769 0.12166666666666662 0.055555555555555476 0.05444444444444436 0.05166666666666658 0.058888888888888796 0.053888888888888806
0.06339869281045737 0.06274509803921555 0.05882352941176457 0.0594771241830064 0.0594771241830064 0.05882352941176457 0.09411764705882335 0.059477124183006415 0.05882352941176457 0.07647058823529397 0.0882352941176469 0.06078431372549008 0.06209150326797373 0.062091503267973726 0.07516339869281029
0.0597883597883597 0.10529100529100521 0.06931216931216923 0.05714285714285704 0.05661375661375652 0.06190476190476183 0.06243386243386234 0.056084656084656015 0.05502645502645495 0.04973544973544967 0.05873015873015864 0.06402116402116396 0.10476190476190468 0.06507936507936503 0.074074074074074
0.0614379084967319 0.12679738562091483 0.06470588235294103 0.06013071895424823 0.0614379084967319 0.06013071895424824 0.06339869281045739 0.06405228758169922 0.0614379084967319 0.061437908496731884 0.06274509803921555 0.061437908496731905 0.06535947712418286 0.062091503267973726 0.06339869281045739
0.05132275132275125 0.0756613756613756 0.056084656084655994 0.0597883597883597 0.04973544973544967 0.08465608465608457 0.07089947089947085 0.05291005291005283 0.04973544973544966 0.13492063492063475 0.055555555555555455 0.04973544973544966 0.06031746031746024 0.08941798941798934 0.0592592592592592
0.1000000000000001 0.0580808080808081 0.05505050505050509 0.04797979797979798 0.04949494949494951 0.0565656565656566 0.051010101010101026 0.05505050505050509 0.14797979797979807 0.052525252525252544 0.06060606060606064 0.06111111111111115 0.07272727272727285 0.06010101010101014 0.07171717171717178
0.05321637426900586 0.05438596491228071 0.054970760233918115 0.05321637426900585 0.05438596491228071 0.05555555555555554 0.1175438596491227 0.053801169590643266 0.05906432748538009 0.12046783625730981 0.054970760233918115 0.10233918128654972 0.055555555555555546 0.05614035087719298 0.0543859649122807
0.06049382716049371 0.05864197530864187 0.11296296296296278 0.0574074074074073 0.058024691358024585 0.05802469135802457 0.0641975308641974 0.06172839506172829 0.059876543209876426 0.1074074074074072 0.06111111111111099 0.06111111111111099 0.061728395061728274 0.06049382716049371 0.05679012345679001
0.06031746031746023 0.048677248677248604 0.050793650793650724 0.05555555555555545 0.04920634920634913 0.0873015873015872 0.06613756613756608 0.05291005291005284 0.04761904761904755 0.0984126984126983 0.09576719576719567 0.052380952380952306 0.050793650793650724 0.1349206349206348 0.04920634920634914
0.05925925925925914 0.06358024691358016 0.05555555555555545 0.05555555555555545 0.05617283950617273 0.05679012345679001 0.0858024691358023 0.05679012345679001 0.05679012345679002 0.0746913580246912 0.11728395061728385 0.05617283950617273 0.05864197530864187 0.05987654320987642 0.08703703703703697
0.10409356725146199 0.054970760233918115 0.05497076023391814 0.05672514619883039 0.09473684210526319 0.055555555555555546 0.06257309941520466 0.05789473684210526 0.11286549707602336 0.05497076023391813 0.055555555555555546 0.0567251461988304 0.054970760233918115 0.05906432748538011 0.06432748538011697
0.06013071895424824 0.06209150326797371 0.0594771241830064 0.0614379084967319 0.06013071895424824 0.06078431372549007 0.06013071895424824 0.06013071895424824 0.06013071895424823 0.059477124183006415 0.152941176470588 0.06013071895424824 0.06013071895424824 0.06209150326797371 0.060784313725490056
0.04696969696969696 0.045454545454545435 0.23535353535353534 0.045454545454545435 0.13888888888888906 0.04595959595959594 0.05353535353535357 0.047474747474747475 0.053535353535353575 0.047474747474747475 0.047474747474747475 0.048484848484848464 0.048989898989899 0.04646464646464645 0.04848484848484848
0.0574074074074073 0.09197530864197515 0.14444444444444424 0.05555555555555545 0.05617283950617273 0.05555555555555545 0.05679012345679002 0.05617283950617273 0.05802469135802457 0.058024691358024585 0.05802469135802457 0.05555555555555545 0.07530864197530852 0.06049382716049371 0.06049382716049371
0.05 0.04595959595959594 0.047474747474747475 0.3106060606060603 0.04595959595959594 0.04646464646464645 0.04747474747474746 0.0641414141414142 0.047474747474747475 0.047474747474747475 0.056060606060606075 0.04696969696969695 0.04898989898989899 0.04848484848484849 0.04646464646464645
0.05999999999999989 0.0627777777777777 0.05777777777777769 0.05555555555555547 0.056666666666666574 0.05277777777777769 0.15277777777777773 0.052222222222222135 0.05611111111111102 0.05777777777777769 0.06111111111111101 0.06499999999999992 0.05944444444444436 0.09055555555555551 0.05944444444444437
0.058479532163742694 0.05555555555555555 0.05614035087719296 0.05614035087719297 0.11461988304093555 0.05497076023391812 0.05614035087719299 0.09473684210526313 0.061988304093567245 0.054970760233918115 0.05789473684210529 0.08128654970760232 0.06432748538011696 0.07251461988304088 0.060233918128654966
0.05740740740740729 0.059876543209876426 0.05864197530864187 0.05679012345679001 0.10987654320987637 0.05555555555555545 0.07469135802469123 0.061728395061728274 0.058641975308641854 0.06481481481481469 0.061111111111111005 0.06049382716049371 0.05864197530864187 0.10185185185185171 0.059876543209876426
0.08019323671497595 0.04927536231884066 0.04637681159420299 0.05265700483091796 0.06859903381642521 0.04589371980676337 0.18599033816425126 0.07149758454106289 0.04830917874396143 0.07439613526570056 0.058937198067632944 0.059903381642512174 0.048792270531401054 0.0603864734299518 0.048792270531401054
0.05882352941176457 0.06013071895424824 0.0594771241830064 0.1117647058823527 0.0594771241830064 0.060784313725490056 0.05882352941176457 0.0594771241830064 0.0594771241830064 0.05882352941176457 0.0594771241830064 0.05882352941176457 0.05882352941176457 0.061437908496731884 0.11437908496732004
0.05740740740740729 0.05864197530864187 0.08024691358024677 0.0574074074074073 0.05617283950617273 0.10987654320987633 0.05864197530864187 0.05617283950617273 0.05555555555555545 0.058641975308641854 0.06851851851851841 0.07962962962962948 0.08765432098765419 0.05740740740740729 0.05802469135802459
0.0543859649122807 0.052631578947368425 0.052631578947368425 0.052631578947368425 0.05321637426900584 0.052631578947368425 0.06432748538011694 0.05380116959064327 0.19766081871345031 0.05789473684210527 0.052631578947368425 0.06374269005847952 0.05321637426900584 0.0847953216374269 0.05380116959064327
0.0625 0.06666666666666667 0.06666666666666667 0.06319444444444444 0.06666666666666667 0.06458333333333334 0.07013888888888889 0.07152777777777777 0.06388888888888888 0.07361111111111111 0.07083333333333333 0.06597222222222222 0.06319444444444444 0.06458333333333334 0.06597222222222222
0.07152777777777777 0.06458333333333334 0.06527777777777778 0.06666666666666667 0.06388888888888888 0.06319444444444444 0.06666666666666667 0.06597222222222222 0.07291666666666667 0.06388888888888888 0.06736111111111111 0.07083333333333333 0.06736111111111111 0.06388888888888888 0.06597222222222222
0.0827160493827159 0.06419753086419741 0.06172839506172829 0.061111111111111005 0.06172839506172829 0.06234567901234556 0.06666666666666654 0.06358024691358012 0.06419753086419742 0.059259259259259164 0.06790123456790112 0.07283950617283938 0.08086419753086405 0.06604938271604925 0.0648148148148147
0.061728395061728274 0.059876543209876426 0.06666666666666654 0.05864197530864187 0.05864197530864187 0.06419753086419741 0.0648148148148147 0.0604938271604937 0.09567901234567887 0.06234567901234556 0.08271604938271598 0.06790123456790112 0.06604938271604928 0.06358024691358014 0.06666666666666654
0.05864197530864187 0.05864197530864187 0.09259259259259246 0.058024691358024585 0.05740740740740729 0.058024691358024585 0.0648148148148147 0.058024691358024585 0.1080246913580245 0.06234567901234556 0.05679012345679001 0.058641975308641854 0.0870370370370369 0.061728395061728274 0.05925925925925914
0.07291666666666667 0.06388888888888888 0.06944444444444445 0.06319444444444444 0.06597222222222222 0.0625 0.06319444444444444 0.06666666666666667 0.06805555555555555 0.0625 0.0763888888888889 0.06666666666666667 0.06736111111111111 0.06666666666666667 0.06458333333333334
0.07719298245614027 0.06315789473684208 0.06257309941520466 0.05672514619883039 0.054970760233918115 0.07836257309941522 0.058479532163742645 0.12456140350877187 0.05730994152046782 0.057309941520467825 0.06549707602339178 0.05730994152046782 0.06432748538011696 0.06081871345029239 0.06140350877192977
0.06339869281045739 0.06797385620915021 0.06274509803921555 0.06078431372549007 0.0614379084967319 0.06274509803921555 0.06274509803921555 0.06666666666666653 0.07124183006535932 0.0640522875816992 0.06601307189542469 0.06732026143790835 0.06862745098039202 0.08562091503267957 0.06862745098039204
0.06458333333333334 0.0625 0.0625 0.0625 0.0625 0.0625 0.09652777777777778 0.0625 0.0625 0.08402777777777778 0.0625 0.0625 0.06319444444444444 0.06666666666666667 0.0625
0.06339869281045737 0.0594771241830064 0.06078431372549007 0.05882352941176457 0.05882352941176457 0.0594771241830064 0.13464052287581682 0.06078431372549007 0.0614379084967319 0.07973856209150311 0.06078431372549007 0.05882352941176457 0.06078431372549007 0.060784313725490056 0.0614379084967319
0.06797385620915017 0.06013071895424824 0.08169934640522862 0.0594771241830064 0.06078431372549007 0.062091503267973726 0.0790849673202613 0.0594771241830064 0.07516339869281032 0.07385620915032666 0.06078431372549007 0.062091503267973726 0.06862745098039204 0.06666666666666653 0.062091503267973726
0.0660130718954247 0.06274509803921556 0.06405228758169923 0.06339869281045739 0.06535947712418289 0.06666666666666651 0.06405228758169922 0.06666666666666654 0.06666666666666653 0.06535947712418289 0.0679738562091502 0.07450980392156849 0.06470588235294103 0.07581699346405214 0.06601307189542471
0.05864197530864187 0.06604938271604928 0.05925925925925915 0.05925925925925915 0.06111111111111099 0.06049382716049371 0.05617283950617273 0.08086419753086407 0.06419753086419742 0.05679012345679001 0.0753086419753085 0.0685185185185184 0.07901234567901222 0.09135802469135788 0.06296296296296283
0.058024691358024585 0.05864197530864187 0.05617283950617273 0.05555555555555545 0.05555555555555545 0.05555555555555545 0.07407407407407392 0.05617283950617273 0.05679012345679001 0.08888888888888874 0.1185185185185183 0.05925925925925915 0.06666666666666655 0.08271604938271591 0.05740740740740729
0.0625 0.06388888888888888 0.09027777777777778 0.0625 0.0625 0.06388888888888888 0.0625 0.0625 0.0625 0.0625 0.0625 0.0625 0.09027777777777778 0.06527777777777778 0.06388888888888888
0.06319444444444444 0.06527777777777778 0.07569444444444444 0.0625 0.0625 0.06319444444444444 0.06597222222222222 0.06736111111111111 0.06458333333333334 0.0625 0.06875 0.06388888888888888 0.06597222222222222 0.07430555555555556 0.07430555555555556
0.058641975308641854 0.06172839506172829 0.05679012345679001 0.05925925925925916 0.05679012345679001 0.05679012345679002 0.059876543209876426 0.12037037037037014 0.05987654320987644 0.059876543209876426 0.06851851851851841 0.08950617283950603 0.059876543209876426 0.059876543209876426 0.0722222222222221
0.06319444444444444 0.06319444444444444 0.07847222222222222 0.06388888888888888 0.0625 0.06458333333333334 0.06597222222222222 0.06597222222222222 0.06666666666666667 0.06319444444444444 0.06527777777777778 0.06527777777777778 0.06597222222222222 0.07083333333333333 0.075
0.0625 0.0625 0.06319444444444444 0.0625 0.06319444444444444 0.06319444444444444 0.0625 0.06319444444444444 0.0625 0.0625 0.11875 0.06388888888888888 0.06458333333333334 0.0625 0.0625
0.06013071895424824 0.062091503267973726 0.06470588235294104 0.0594771241830064 0.06078431372549007 0.0594771241830064 0.0594771241830064 0.05882352941176457 0.06339869281045739 0.06013071895424823 0.06993464052287567 0.1156862745098037 0.08758169934640507 0.05882352941176457 0.0594771241830064
0.05882352941176457 0.05882352941176457 0.05882352941176457 0.05882352941176457 0.05882352941176457 0.05882352941176457 0.06013071895424823 0.05882352941176457 0.05882352941176457 0.1751633986928102 0.05882352941176457 0.05882352941176457 0.05882352941176457 0.05882352941176457 0.05882352941176457
0.05679012345679002 0.05555555555555545 0.05555555555555545 0.05617283950617273 0.05555555555555545 0.05555555555555545 0.061111111111111005 0.05555555555555545 0.16666666666666646 0.05617283950617273 0.05925925925925915 0.0574074074074073 0.05555555555555545 0.09691358024691342 0.05617283950617273
0.09583333333333334 0.06319444444444444 0.06666666666666667 0.0625 0.06319444444444444 0.06458333333333334 0.06388888888888888 0.06666666666666667 0.06597222222222222 0.0625 0.06319444444444444 0.06597222222222222 0.06527777777777778 0.06527777777777778 0.06527777777777778
0.058479532163742666 0.056725146198830415 0.0672514619883041 0.05497076023391813 0.05321637426900584 0.0543859649122807 0.08070175438596487 0.05555555555555555 0.12807017543859636 0.05964912280701752 0.06959064327485374 0.06023391812865496 0.0660818713450292 0.0678362573099415 0.06725146198830408
0.0567251461988304 0.1380116959064325 0.10467836257309943 0.052631578947368425 0.05438596491228069 0.05380116959064327 0.0666666666666666 0.05321637426900584 0.05438596491228069 0.05380116959064329 0.05321637426900584 0.05321637426900585 0.05555555555555554 0.09181286549707607 0.05789473684210524
0.0625 0.12152777777777778 0.0625 0.06319444444444444 0.0625 0.0625 0.06319444444444444 0.06319444444444444 0.0625 0.0625 0.06319444444444444 0.0625 0.0625 0.0625 0.06319444444444444
0.0596491228070175 0.11169590643274852 0.05906432748538009 0.055555555555555546 0.05789473684210524 0.05321637426900585 0.059649122807017514 0.059064327485380076 0.07426900584795322 0.05730994152046784 0.0666666666666666 0.06081871345029241 0.09590643274853795 0.06257309941520467 0.06666666666666662
0.06078431372549007 0.0843137254901959 0.059477124183006415 0.06274509803921555 0.06013071895424824 0.0594771241830064 0.05882352941176457 0.07647058823529397 0.0633986928104574 0.059477124183006415 0.0594771241830064 0.11437908496732004 0.062091503267973726 0.059477124183006415 0.0594771241830064
0.0594771241830064 0.0594771241830064 0.152941176470588 0.05882352941176457 0.06013071895424824 0.059477124183006415 0.05882352941176457 0.05882352941176457 0.05882352941176457 0.0594771241830064 0.0594771241830064 0.05882352941176457 0.07647058823529397 0.06013071895424824 0.05882352941176457
0.06078431372549007 0.0660130718954247 0.06797385620915018 0.0614379084967319 0.06535947712418287 0.06339869281045737 0.06601307189542471 0.06274509803921556 0.0790849673202613 0.06405228758169922 0.06928104575163384 0.060784313725490056 0.06339869281045737 0.0640522875816992 0.08562091503267961
0.11699346405228732 0.06013071895424823 0.05882352941176457 0.05882352941176457 0.0594771241830064 0.05882352941176457 0.07124183006535935 0.06013071895424823 0.059477124183006415 0.06209150326797371 0.05882352941176457 0.05882352941176457 0.0594771241830064 0.09803921568627431 0.05882352941176457
0.053801169590643266 0.05730994152046784 0.05380116959064327 0.05380116959064327 0.05438596491228069 0.055555555555555546 0.15964912280701732 0.05614035087719296 0.05614035087719298 0.1245614035087718 0.05555555555555554 0.0543859649122807 0.055555555555555566 0.05614035087719298 0.05321637426900585
0.05802469135802457 0.05617283950617273 0.08148148148148132 0.05617283950617273 0.05555555555555545 0.05679012345679001 0.06358024691358014 0.05679012345679001 0.05617283950617273 0.05802469135802457 0.061111111111110984 0.05617283950617273 0.09382716049382703 0.1327160493827159 0.05740740740740729
0.05555555555555545 0.05617283950617273 0.061111111111111005 0.07530864197530851 0.17037037037037014 0.05617283950617273 0.05740740740740729 0.058024691358024585 0.0574074074074073 0.05679012345679001 0.05925925925925915 0.06049382716049371 0.059876543209876426 0.05802469135802457 0.05802469135802457
0.05987654320987642 0.05617283950617273 0.05925925925925915 0.061728395061728274 0.06111111111111099 0.05925925925925915 0.05740740740740729 0.05740740740740729 0.058024691358024585 0.0574074074074073 0.05987654320987644 0.12160493827160475 0.05864197530864187 0.06172839506172829 0.11049382716049361
0.15424836601307165 0.06078431372549007 0.06078431372549007 0.06013071895424823 0.0594771241830064 0.06013071895424824 0.059477124183006415 0.06013071895424824 0.0594771241830064 0.05882352941176457 0.062091503267973726 0.06209150326797373 0.060784313725490056 0.06013071895424823 0.0614379084967319
0.06209150326797371 0.060784313725490056 0.08823529411764687 0.05882352941176457 0.0594771241830064 0.0594771241830064 0.10784313725490173 0.059477124183006415 0.0594771241830064 0.06013071895424823 0.0594771241830064 0.05882352941176457 0.08562091503267959 0.0614379084967319 0.05882352941176457
0.059876543209876426 0.061111111111111005 0.06234567901234558 0.06666666666666655 0.05679012345679001 0.1012345679012344 0.07283950617283938 0.06049382716049372 0.05617283950617273 0.061111111111111005 0.05987654320987642 0.06111111111111099 0.05864197530864187 0.10246913580246898 0.05925925925925914
0.058479532163742645 0.05730994152046782 0.0573099415204678 0.055555555555555546 0.09999999999999994 0.05555555555555555 0.06315789473684208 0.0590643274853801 0.05789473684210523 0.0660818713450292 0.10818713450292396 0.061403508771929786 0.05906432748538011 0.08070175438596487 0.060233918128654924
0.06875 0.06527777777777778 0.06597222222222222 0.06527777777777778 0.06527777777777778 0.06736111111111111 0.06458333333333334 0.06458333333333334 0.07847222222222222 0.06458333333333334 0.06666666666666667 0.06666666666666667 0.06527777777777778 0.06666666666666667 0.06458333333333334
0.062091503267973726 0.06209150326797373 0.0640522875816992 0.0594771241830064 0.1098039215686273 0.060784313725490056 0.06078431372549007 0.0751633986928103 0.06470588235294103 0.06078431372549007 0.06470588235294104 0.06209150326797373 0.06274509803921556 0.07058823529411748 0.06013071895424824
0.06470588235294104 0.07450980392156846 0.06078431372549007 0.06013071895424823 0.06209150326797371 0.12156862745098014 0.05882352941176457 0.06013071895424824 0.0614379084967319 0.06078431372549007 0.0614379084967319 0.05882352941176457 0.06274509803921557 0.06339869281045737 0.06862745098039202
0.06388888888888888 0.07013888888888889 0.06319444444444444 0.06319444444444444 0.06527777777777778 0.06319444444444444 0.0625 0.0875 0.06388888888888888 0.06319444444444444 0.06736111111111111 0.06458333333333334 0.07291666666666667 0.06527777777777778 0.06388888888888888
0.060784313725490056 0.06078431372549007 0.06078431372549007 0.05882352941176457 0.05882352941176457 0.05882352941176457 0.05882352941176457 0.06013071895424824 0.06013071895424823 0.05882352941176457 0.06993464052287567 0.06078431372549007 0.13137254901960765 0.08169934640522859 0.0594771241830064
0.06388888888888888 0.06597222222222222 0.06527777777777778 0.06527777777777778 0.06666666666666667 0.06666666666666667 0.06597222222222222 0.06597222222222222 0.06805555555555555 0.06597222222222222 0.07222222222222222 0.06458333333333334 0.06736111111111111 0.06805555555555555 0.06805555555555555
0.059477124183006415 0.06470588235294104 0.09607843137254882 0.0594771241830064 0.05882352941176457 0.06274509803921555 0.06078431372549007 0.0594771241830064 0.06470588235294103 0.06013071895424824 0.07973856209150311 0.06209150326797373 0.08888888888888873 0.06339869281045737 0.0594771241830064
0.05026455026455017 0.053968253968253915 0.04814814814814808 0.23862433862433818 0.08042328042328031 0.04814814814814808 0.06666666666666655 0.05238095238095229 0.04920634920634914 0.05132275132275125 0.04920634920634913 0.04920634920634912 0.05132275132275125 0.061375661375661306 0.04973544973544967
0.06013071895424824 0.09607843137254883 0.06078431372549007 0.0594771241830064 0.06013071895424823 0.09803921568627431 0.060784313725490056 0.06078431372549007 0.0614379084967319 0.07320261437908482 0.059477124183006415 0.05882352941176457 0.0640522875816992 0.06339869281045739 0.0633986928104574
0.05388888888888881 0.08833333333333322 0.0527777777777777 0.0538888888888888 0.13611111111111124 0.053333333333333253 0.06944444444444435 0.05277777777777769 0.055555555555555476 0.05722222222222214 0.05777777777777771 0.0538888888888888 0.05444444444444435 0.10499999999999987 0.05555555555555547
0.05380116959064327 0.052631578947368425 0.07309941520467837 0.05321637426900584 0.0543859649122807 0.1543859649122804 0.06257309941520464 0.0543859649122807 0.052631578947368425 0.053801169590643294 0.05380116959064327 0.052631578947368425 0.08128654970760234 0.09356725146198834 0.053801169590643266
0.12722222222222226 0.04999999999999991 0.13333333333333336 0.050555555555555465 0.08944444444444434 0.05166666666666658 0.05277777777777769 0.05277777777777769 0.053333333333333253 0.05277777777777769 0.052222222222222135 0.05555555555555547 0.07222222222222212 0.05555555555555547 0.05055555555555547
0.06274509803921555 0.06339869281045737 0.0660130718954247 0.06339869281045737 0.0633986928104574 0.06339869281045737 0.07450980392156849 0.06993464052287568 0.06862745098039202 0.06535947712418289 0.07058823529411751 0.06535947712418287 0.06666666666666653 0.06732026143790838 0.06928104575163384
0.0625 0.06319444444444444 0.06319444444444444 0.11597222222222223 0.06319444444444444 0.06458333333333334 0.06388888888888888 0.0625 0.0625 0.06388888888888888 0.0625 0.06319444444444444 0.0625 0.0625 0.06388888888888888
0.11666666666666677 0.09242424242424246 0.07020202020202028 0.06515151515151521 0.052525252525252544 0.05252525252525256 0.07626262626262635 0.05505050505050508 0.06818181818181825 0.057070707070707126 0.05909090909090913 0.0560606060606061 0.054040404040404076 0.06464646464646466 0.06010101010101015
0.08888888888888877 0.04973544973544967 0.04920634920634913 0.04814814814814808 0.048677248677248604 0.048677248677248604 0.1354497354497353 0.04814814814814808 0.04814814814814808 0.1867724867724865 0.04920634920634914 0.04814814814814808 0.04814814814814808 0.05343915343915339 0.04920634920634914
0.05882352941176457 0.05882352941176457 0.05882352941176457 0.06928104575163385 0.05882352941176457 0.15816993464052262 0.05882352941176457 0.06535947712418289 0.05882352941176457 0.05882352941176457 0.05882352941176457 0.05882352941176457 0.06013071895424824 0.05882352941176457 0.05882352941176457
0.09197530864197516 0.058024691358024585 0.05925925925925914 0.059876543209876426 0.07901234567901222 0.11296296296296277 0.05802469135802457 0.059876543209876426 0.05617283950617273 0.06481481481481471 0.061111111111111005 0.05864197530864187 0.058641975308641854 0.05925925925925916 0.062345679012345556
0.059477124183006415 0.0614379084967319 0.0614379084967319 0.0594771241830064 0.06405228758169922 0.0614379084967319 0.06078431372549007 0.06339869281045739 0.06732026143790837 0.06013071895424823 0.06535947712418287 0.06078431372549007 0.06797385620915021 0.06339869281045739 0.12352941176470564
0.06862745098039202 0.06470588235294103 0.06078431372549007 0.06078431372549007 0.06732026143790835 0.06339869281045737 0.07973856209150314 0.06470588235294104 0.06274509803921555 0.06535947712418286 0.06601307189542469 0.0660130718954247 0.07254901960784299 0.06274509803921556 0.07450980392156849
0.0625 0.0625 0.06319444444444444 0.06319444444444444 0.0625 0.0625 0.0625 0.0625 0.12222222222222222 0.0625 0.0625 0.0625 0.0625 0.06319444444444444 0.06319444444444444
0.05999999999999991 0.05722222222222215 0.05611111111111104 0.05666666666666658 0.05388888888888881 0.06055555555555546 0.06444444444444435 0.055555555555555476 0.05611111111111103 0.0699999999999999 0.06555555555555546 0.05722222222222212 0.1361111111111111 0.07055555555555547 0.07999999999999992
0.1467836257309939 0.05614035087719298 0.058479532163742694 0.0567251461988304 0.0567251461988304 0.060233918128654966 0.05847953216374264 0.05730994152046784 0.056725146198830415 0.05614035087719297 0.0637426900584795 0.05497076023391812 0.09766081871345032 0.05789473684210524 0.06198830409356724
0.09064327485380114 0.05497076023391814 0.0543859649122807 0.05438596491228072 0.05380116959064327 0.05380116959064327 0.07426900584795318 0.05555555555555554 0.05789473684210522 0.16315789473684184 0.05614035087719297 0.0549707602339181 0.057309941520467825 0.05964912280701754 0.059064327485380076
0.04949494949494949 0.09242424242424245 0.04797979797979796 0.16464646464646465 0.047474747474747475 0.0494949494949495 0.07575757575757582 0.092929292929293 0.0545454545454546 0.06262626262626267 0.05404040404040408 0.05151515151515152 0.05151515151515154 0.052525252525252544 0.05303030303030304
0.050555555555555465 0.050555555555555465 0.05333333333333323 0.05111111111111103 0.21555555555555525 0.05166666666666658 0.052222222222222135 0.05222222222222213 0.05111111111111103 0.050555555555555465 0.05611111111111103 0.05499999999999991 0.0577777777777777 0.052222222222222135 0.09999999999999992
0.0625 0.06458333333333334 0.09444444444444444 0.0625 0.0625 0.06319444444444444 0.0625 0.0625 0.0625 0.0625 0.06319444444444444 0.0625 0.08819444444444445 0.06388888888888888 0.0625
0.05882352941176457 0.05882352941176457 0.0594771241830064 0.05882352941176457 0.17450980392156837 0.05882352941176457 0.05882352941176457 0.05882352941176457 0.05882352941176457 0.0594771241830064 0.0594771241830064 0.05882352941176457 0.05882352941176457 0.05882352941176457 0.05882352941176457
0.08827160493827146 0.06172839506172829 0.06172839506172829 0.058024691358024585 0.06358024691358012 0.06358024691358012 0.05740740740740729 0.058024691358024585 0.06358024691358014 0.05925925925925916 0.0759259259259258 0.06913580246913567 0.06975308641975296 0.07530864197530855 0.07469135802469123
0.09735449735449722 0.05132275132275125 0.05079365079365073 0.04814814814814808 0.08465608465608453 0.04814814814814808 0.05820105820105814 0.05132275132275124 0.09947089947089939 0.05185185185185177 0.05291005291005284 0.050264550264550185 0.08253968253968247 0.10582010582010579 0.0671957671957671
0.1574074074074072 0.058641975308641854 0.05802469135802457 0.05617283950617273 0.05925925925925915 0.0574074074074073 0.09012345679012329 0.05679012345679001 0.05740740740740729 0.05740740740740729 0.058024691358024585 0.058641975308641854 0.0574074074074073 0.05740740740740729 0.05987654320987642
0.05617283950617273 0.05802469135802457 0.058024691358024585 0.1413580246913579 0.05555555555555545 0.05679012345679001 0.05679012345679001 0.05864197530864187 0.05802469135802457 0.05679012345679001 0.05617283950617273 0.06296296296296283 0.07407407407407396 0.0691358024691357 0.08148148148148135
0.12083333333333333 0.0625 0.0625 0.0625 0.06319444444444444 0.0625 0.0625 0.0625 0.0625 0.0625 0.06319444444444444 0.06388888888888888 0.0625 0.0625 0.06388888888888888
0.055555555555555525 0.05555555555555554 0.05614035087719297 0.05438596491228071 0.05555555555555555 0.05614035087719298 0.07368421052631575 0.05321637426900586 0.058479532163742666 0.06549707602339182 0.05438596491228069 0.05380116959064327 0.05614035087719297 0.19532163742690062 0.05614035087719296
0.15380116959064305 0.06900584795321639 0.05555555555555554 0.0543859649122807 0.055555555555555546 0.05614035087719298 0.1005847953216374 0.05730994152046782 0.05614035087719297 0.05555555555555554 0.054970760233918115 0.055555555555555546 0.05730994152046779 0.0619883040935672 0.05614035087719298
0.06319444444444444 0.06319444444444444 0.06319444444444444 0.10416666666666667 0.0625 0.06319444444444444 0.06388888888888888 0.06319444444444444 0.06458333333333334 0.06319444444444444 0.06388888888888888 0.06944444444444445 0.06458333333333334 0.06458333333333334 0.06319444444444444
0.06666666666666667 0.07013888888888889 0.06458333333333334 0.06458333333333334 0.06875 0.06597222222222222 0.06319444444444444 0.06666666666666667 0.06458333333333334 0.06319444444444444 0.06875 0.07222222222222222 0.06597222222222222 0.06875 0.06597222222222222
0.06527777777777778 0.06319444444444444 0.06597222222222222 0.06319444444444444 0.06388888888888888 0.0625 0.06597222222222222 0.06388888888888888 0.06805555555555555 0.06458333333333334 0.06805555555555555 0.07708333333333334 0.07152777777777777 0.06736111111111111 0.06944444444444445
0.04595959595959594 0.04747474747474746 0.04646464646464645 0.28939393939393915 0.04797979797979798 0.07272727272727275 0.04696969696969696 0.054545454545454564 0.04848484848484849 0.04696969696969696 0.05151515151515154 0.05353535353535357 0.053030303030303066 0.04646464646464645 0.04848484848484847
0.0625 0.0625 0.0625 0.0625 0.0625 0.0625 0.0625 0.0625 0.09305555555555556 0.0625 0.0625 0.09444444444444444 0.0625 0.0625 0.0625
0.05617283950617273 0.05617283950617273 0.05679012345679001 0.06111111111111099 0.05617283950617273 0.15555555555555536 0.05555555555555545 0.05925925925925914 0.05679012345679001 0.05555555555555545 0.06358024691358011 0.05802469135802457 0.0648148148148147 0.0870370370370369 0.05740740740740729
0.05438596491228071 0.05555555555555554 0.05497076023391812 0.055555555555555546 0.05555555555555555 0.054970760233918115 0.06608187134502926 0.060233918128654945 0.05730994152046782 0.05789473684210526 0.104093567251462 0.05555555555555554 0.05614035087719296 0.15847953216374247 0.05321637426900586
0.05873015873015868 0.04246031746031744 0.0884920634920634 0.09404761904761896 0.04007936507936506 0.042460317460317414 0.04404761904761905 0.04285714285714283 0.12023809523809521 0.07738095238095233 0.09880952380952376 0.05119047619047619 0.06349206349206345 0.08928571428571426 0.04642857142857141
0.05802469135802457 0.08765432098765416 0.05617283950617273 0.05555555555555545 0.058024691358024585 0.05555555555555545 0.10432098765432081 0.05679012345679002 0.10987654320987633 0.058641975308641854 0.05679012345679001 0.058024691358024585 0.06049382716049372 0.06604938271604927 0.058024691358024585
0.06049382716049371 0.05864197530864187 0.058024691358024585 0.05679012345679001 0.05864197530864187 0.058641975308641854 0.05925925925925915 0.05679012345679001 0.05925925925925914 0.05925925925925915 0.16111111111111087 0.062345679012345556 0.06296296296296285 0.06419753086419741 0.06358024691358014
0.056725146198830415 0.053801169590643266 0.11111111111111108 0.052631578947368425 0.0543859649122807 0.052631578947368425 0.06842105263157892 0.05380116959064329 0.06257309941520466 0.057309941520467825 0.06257309941520467 0.10877192982456138 0.05847953216374267 0.0906432748538012 0.05614035087719297
0.058024691358024585 0.05925925925925914 0.05925925925925914 0.05740740740740729 0.06234567901234558 0.05802469135802457 0.05555555555555545 0.05987654320987644 0.16975308641975287 0.05679012345679001 0.05925925925925915 0.05925925925925915 0.06419753086419741 0.05925925925925915 0.06172839506172829
0.06145833333333333 0.13506944444444444 0.06458333333333334 0.03923611111111111 0.059027777777777776 0.03715277777777778 0.05277777777777778 0.04583333333333333 0.036458333333333336 0.07465277777777778 0.08472222222222223 0.04895833333333333 0.06631944444444444 0.13541666666666666 0.058333333333333334
0.06274509803921556 0.06928104575163387 0.06535947712418287 0.06078431372549007 0.0594771241830064 0.09281045751633969 0.0614379084967319 0.0594771241830064 0.062091503267973726 0.06666666666666654 0.06601307189542471 0.08562091503267959 0.06078431372549007 0.0640522875816992 0.0633986928104574
0.062091503267973726 0.0614379084967319 0.06535947712418287 0.06339869281045737 0.060784313725490056 0.06339869281045739 0.0594771241830064 0.06339869281045739 0.06470588235294103 0.06078431372549007 0.07189542483660115 0.06535947712418287 0.07189542483660118 0.09869281045751618 0.06732026143790835
0.05925925925925915 0.05864197530864187 0.08086419753086407 0.0716049382716048 0.05617283950617273 0.1240740740740739 0.05679012345679001 0.059876543209876426 0.05802469135802457 0.05617283950617273 0.058641975308641854 0.059876543209876426 0.0827160493827159 0.058641975308641854 0.058641975308641875
0.07716049382716035 0.05802469135802457 0.06172839506172829 0.05864197530864187 0.058024691358024585 0.0574074074074073 0.13395061728395044 0.05802469135802457 0.05987654320987644 0.07407407407407397 0.05802469135802457 0.06172839506172829 0.0648148148148147 0.05864197530864187 0.05987654320987644
