0.0625 0.12083333333333333 0.0625 0.0625 0.06388888888888888 0.0625 0.0625 0.0625 0.0625 0.06458333333333334 0.0625 0.0625 0.0625 0.06319444444444444 0.0625
0.06666666666666655 0.1080246913580245 0.06358024691358014 0.062345679012345556 0.06604938271604927 0.05740740740740729 0.06296296296296285 0.05864197530864187 0.06851851851851841 0.06358024691358014 0.06049382716049373 0.06049382716049371 0.07530864197530851 0.06049382716049372 0.06543209876543196
0.06405228758169922 0.06535947712418287 0.06535947712418289 0.06470588235294104 0.06862745098039201 0.062091503267973726 0.07124183006535934 0.062091503267973726 0.06601307189542469 0.07124183006535934 0.06405228758169922 0.06535947712418289 0.07777777777777763 0.06666666666666653 0.06535947712418289
0.17719298245614012 0.056725146198830394 0.053801169590643266 0.05497076023391812 0.057309941520467804 0.05555555555555555 0.05730994152046784 0.05497076023391812 0.05614035087719295 0.05730994152046784 0.05438596491228071 0.057309941520467804 0.09298245614035087 0.059649122807017535 0.05438596491228071
0.06388888888888888 0.06319444444444444 0.06319444444444444 0.0625 0.0625 0.06319444444444444 0.06319444444444444 0.06319444444444444 0.06319444444444444 0.11805555555555555 0.0625 0.06319444444444444 0.06319444444444444 0.0625 0.0625
0.06458333333333334 0.06666666666666667 0.06319444444444444 0.06805555555555555 0.07083333333333333 0.06319444444444444 0.06388888888888888 0.06388888888888888 0.06805555555555555 0.06388888888888888 0.0625 0.07430555555555556 0.06875 0.07222222222222222 0.06597222222222222
0.06234567901234555 0.06049382716049372 0.058641975308641875 0.07839506172839493 0.06234567901234556 0.05679012345679001 0.06049382716049371 0.07222222222222212 0.06790123456790112 0.05925925925925915 0.0574074074074073 0.059876543209876426 0.061111111111111005 0.12407407407407389 0.058641975308641854
0.0625 0.06388888888888888 0.06388888888888888 0.06319444444444444 0.0625 0.0625 0.0625 0.06319444444444444 0.06388888888888888 0.06458333333333334 0.06388888888888888 0.06388888888888888 0.11319444444444444 0.06319444444444444 0.06319444444444444
0.05777777777777768 0.08499999999999991 0.0549999999999999 0.05611111111111104 0.058333333333333265 0.05499999999999991 0.10555555555555551 0.05944444444444437 0.06388888888888879 0.10055555555555551 0.058888888888888796 0.07499999999999993 0.05888888888888882 0.055555555555555455 0.054999999999999896
0.06458333333333334 0.06805555555555555 0.06388888888888888 0.0625 0.06319444444444444 0.06319444444444444 0.06388888888888888 0.10902777777777778 0.06458333333333334 0.06319444444444444 0.0625 0.06319444444444444 0.0625 0.0625 0.06319444444444444
0.06296296296296285 0.06604938271604925 0.05987654320987642 0.07283950617283938 0.06481481481481469 0.0728395061728394 0.07283950617283938 0.05864197530864187 0.06666666666666655 0.09629629629629617 0.059876543209876426 0.06666666666666655 0.059876543209876426 0.05925925925925915 0.06049382716049371
0.05802469135802457 0.17222222222222194 0.06419753086419742 0.05925925925925915 0.06419753086419741 0.05802469135802457 0.05740740740740729 0.059876543209876426 0.05925925925925914 0.05679012345679001 0.05617283950617273 0.05925925925925914 0.058641975308641854 0.06049382716049372 0.05617283950617273
0.05847953216374264 0.06257309941520467 0.059649122807017535 0.0596491228070175 0.06198830409356724 0.13099415204678344 0.1064327485380117 0.05614035087719296 0.0625730994152047 0.05672514619883039 0.052631578947368425 0.06198830409356721 0.0567251461988304 0.05380116959064327 0.05964912280701752
0.05882352941176457 0.0594771241830064 0.05882352941176457 0.05882352941176457 0.06013071895424824 0.11568627450980366 0.05882352941176457 0.0594771241830064 0.06013071895424823 0.07647058823529396 0.09150326797385604 0.06013071895424823 0.0594771241830064 0.05882352941176457 0.06339869281045737
0.0594771241830064 0.06274509803921555 0.06274509803921555 0.05882352941176457 0.05882352941176457 0.05882352941176457 0.06013071895424824 0.0594771241830064 0.06013071895424824 0.06013071895424823 0.0594771241830064 0.06209150326797373 0.062091503267973726 0.15490196078431348 0.06013071895424823
0.06419753086419741 0.06358024691358014 0.16604938271604916 0.05925925925925914 0.05864197530864187 0.05617283950617273 0.06111111111111099 0.058024691358024585 0.05925925925925915 0.058024691358024585 0.05925925925925916 0.061111111111111005 0.06111111111111099 0.05740740740740729 0.05679012345679001
0.06444444444444435 0.059999999999999915 0.11055555555555549 0.06499999999999992 0.05999999999999991 0.05277777777777769 0.08388888888888882 0.10388888888888877 0.06388888888888879 0.05444444444444435 0.05166666666666658 0.05722222222222214 0.05666666666666658 0.06055555555555548 0.054999999999999924
0.046222222222222255 0.04755555555555559 0.10444444444444445 0.04844444444444448 0.048000000000000036 0.04133333333333336 0.045333333333333364 0.11288888888888887 0.09555555555555559 0.07822222222222228 0.04222222222222225 0.04844444444444448 0.04711111111111113 0.1471111111111111 0.047111111111111145
0.05343915343915337 0.06084656084656077 0.11269841269841259 0.06031746031746023 0.0751322751322751 0.05026455026455019 0.05555555555555548 0.07195767195767187 0.11534391534391528 0.053439153439153356 0.05079365079365071 0.05661375661375653 0.05714285714285706 0.07354497354497345 0.05291005291005283
0.05555555555555548 0.0592592592592592 0.05555555555555547 0.065079365079365 0.13492063492063483 0.050793650793650724 0.05396825396825389 0.06137566137566131 0.12910052910052897 0.053439153439153356 0.04920634920634913 0.05291005291005284 0.053968253968253894 0.07142857142857134 0.05343915343915337
0.058730158730158646 0.065079365079365 0.05925925925925918 0.07407407407407401 0.08253968253968247 0.04867724867724861 0.06613756613756605 0.07883597883597872 0.07142857142857133 0.05502645502645497 0.05132275132275125 0.07513227513227502 0.07671957671957666 0.059259259259259185 0.07777777777777765
0.05614035087719297 0.06257309941520463 0.09941520467836258 0.0619883040935672 0.10877192982456131 0.05380116959064327 0.05614035087719297 0.05672514619883039 0.07543859649122811 0.05321637426900584 0.05321637426900584 0.056725146198830394 0.08830409356725147 0.054970760233918115 0.06257309941520463
0.05987654320987644 0.1709876543209874 0.05679012345679001 0.058024691358024585 0.06234567901234556 0.05617283950617273 0.058024691358024585 0.058641975308641854 0.05802469135802457 0.05802469135802457 0.05617283950617273 0.05679012345679001 0.0574074074074073 0.07283950617283937 0.059876543209876426
0.05882352941176457 0.17124183006535923 0.059477124183006415 0.059477124183006415 0.05882352941176457 0.05882352941176457 0.05882352941176457 0.05882352941176457 0.0594771241830064 0.0594771241830064 0.0594771241830064 0.0594771241830064 0.05882352941176457 0.05882352941176457 0.06013071895424824
0.05679012345679001 0.058641975308641854 0.05925925925925915 0.16234567901234545 0.06234567901234556 0.059876543209876426 0.06111111111111099 0.05925925925925915 0.06049382716049371 0.05617283950617273 0.05740740740740729 0.07098765432098753 0.058024691358024585 0.05740740740740729 0.05987654320987644
0.10308641975308627 0.061728395061728274 0.06666666666666654 0.06543209876543196 0.06111111111111099 0.05555555555555545 0.07222222222222209 0.061111111111111005 0.06049382716049372 0.09506172839506159 0.05679012345679001 0.06604938271604927 0.05740740740740729 0.05925925925925915 0.058024691358024585
0.05925925925925915 0.05864197530864187 0.05987654320987645 0.05864197530864187 0.05740740740740729 0.05679012345679001 0.059876543209876426 0.1746913580246911 0.06296296296296283 0.05740740740740729 0.05740740740740729 0.06049382716049372 0.05925925925925916 0.05679012345679001 0.0604938271604937
0.07962962962962952 0.06666666666666655 0.061728395061728294 0.06543209876543199 0.07407407407407397 0.0574074074074073 0.07222222222222209 0.0641975308641974 0.06728395061728383 0.059876543209876426 0.059876543209876426 0.06296296296296285 0.06358024691358014 0.061728395061728274 0.08333333333333323
0.06319444444444444 0.06319444444444444 0.1125 0.06944444444444445 0.06388888888888888 0.0625 0.0625 0.06319444444444444 0.0625 0.0625 0.0625 0.0625 0.06319444444444444 0.06319444444444444 0.06319444444444444
0.0640522875816992 0.06535947712418287 0.06078431372549007 0.061437908496731905 0.06274509803921555 0.0594771241830064 0.06078431372549007 0.06405228758169922 0.12941176470588217 0.06274509803921555 0.062091503267973726 0.06339869281045737 0.06274509803921555 0.06078431372549007 0.06013071895424824
0.056084656084656015 0.057142857142857065 0.05132275132275124 0.05132275132275125 0.05502645502645497 0.04920634920634913 0.05661375661375653 0.25555555555555537 0.05925925925925918 0.048677248677248604 0.050793650793650724 0.053968253968253915 0.05132275132275125 0.051851851851851774 0.05185185185185177
0.0614379084967319 0.06078431372549007 0.12287581699346385 0.068627450980392 0.0614379084967319 0.05882352941176457 0.0614379084967319 0.0771241830065358 0.060784313725490056 0.062091503267973726 0.06013071895424824 0.06274509803921555 0.06078431372549007 0.06209150326797371 0.05882352941176457
0.0614379084967319 0.06339869281045737 0.12091503267973835 0.06928104575163382 0.06339869281045737 0.0614379084967319 0.061437908496731905 0.06470588235294103 0.06339869281045737 0.06013071895424824 0.06339869281045737 0.06274509803921555 0.061437908496731905 0.06078431372549008 0.062091503267973726
0.11871345029239756 0.05730994152046782 0.10292397660818711 0.06257309941520466 0.06198830409356722 0.056725146198830394 0.06491228070175441 0.05964912280701748 0.05847953216374265 0.06257309941520464 0.05730994152046782 0.0614035087719298 0.05964912280701752 0.0590643274853801 0.056725146198830394
0.07083333333333333 0.06527777777777778 0.06527777777777778 0.06666666666666667 0.07083333333333333 0.06388888888888888 0.06527777777777778 0.06736111111111111 0.06597222222222222 0.06458333333333334 0.06875 0.06527777777777778 0.06666666666666667 0.06527777777777778 0.06805555555555555
0.06013071895424823 0.06078431372549008 0.059477124183006415 0.06013071895424824 0.06535947712418287 0.05882352941176457 0.0594771241830064 0.060784313725490056 0.0640522875816992 0.14901960784313703 0.06013071895424823 0.06013071895424824 0.06013071895424824 0.060784313725490056 0.06078431372549007
0.06274509803921556 0.06339869281045737 0.06274509803921555 0.06274509803921555 0.06797385620915018 0.06470588235294104 0.0660130718954247 0.06601307189542471 0.0771241830065358 0.0614379084967319 0.06209150326797371 0.06078431372549007 0.060784313725490056 0.10196078431372531 0.0594771241830064
0.05611111111111102 0.11777777777777773 0.06833333333333322 0.05944444444444435 0.0777777777777777 0.05444444444444437 0.06222222222222213 0.059999999999999915 0.06666666666666658 0.05722222222222214 0.06277777777777768 0.059999999999999915 0.06722222222222214 0.06722222222222213 0.06277777777777767
0.06296296296296287 0.06984126984126973 0.056084656084656 0.05925925925925918 0.06243386243386236 0.05661375661375653 0.0656084656084655 0.05714285714285708 0.06455026455026446 0.15925925925925907 0.056084656084656015 0.07354497354497347 0.05238095238095232 0.05238095238095229 0.051851851851851774
0.06732026143790834 0.06666666666666654 0.062091503267973726 0.07058823529411751 0.06732026143790837 0.06013071895424823 0.06535947712418287 0.06928104575163385 0.06928104575163387 0.06535947712418287 0.06535947712418289 0.06405228758169922 0.06666666666666654 0.0705882352941175 0.06993464052287568
0.09753086419753068 0.061111111111111005 0.0574074074074073 0.06049382716049371 0.06296296296296283 0.05679012345679001 0.061111111111111005 0.061111111111111005 0.05925925925925914 0.11481481481481465 0.05802469135802457 0.06913580246913567 0.06049382716049372 0.05740740740740729 0.06234567901234556
0.0614379084967319 0.06339869281045739 0.062091503267973726 0.062091503267973726 0.072549019607843 0.06274509803921555 0.07058823529411751 0.07124183006535935 0.09803921568627434 0.060784313725490056 0.060784313725490056 0.06274509803921556 0.06405228758169923 0.06535947712418287 0.06209150326797371
0.06535947712418286 0.06797385620915021 0.061437908496731884 0.06274509803921556 0.072549019607843 0.060784313725490056 0.06470588235294104 0.0640522875816992 0.06274509803921555 0.10457516339869266 0.0614379084967319 0.062091503267973726 0.06013071895424824 0.06274509803921555 0.06666666666666653
0.07124183006535935 0.06339869281045739 0.0614379084967319 0.0660130718954247 0.06732026143790838 0.05882352941176457 0.06666666666666654 0.06601307189542469 0.06797385620915018 0.06274509803921555 0.0614379084967319 0.06993464052287568 0.09281045751633973 0.0614379084967319 0.06274509803921557
0.0894179894179893 0.06190476190476183 0.06984126984126975 0.06455026455026447 0.06931216931216927 0.05132275132275124 0.058201058201058115 0.07142857142857136 0.11058201058201049 0.057671957671957604 0.05873015873015866 0.061375661375661285 0.05343915343915335 0.05873015873015866 0.06349206349206342
0.07189542483660118 0.06274509803921555 0.06405228758169923 0.0640522875816992 0.09738562091503257 0.06013071895424824 0.06470588235294103 0.06013071895424824 0.07058823529411748 0.0699346405228757 0.06013071895424824 0.0633986928104574 0.06405228758169922 0.0614379084967319 0.06535947712418286
0.07222222222222222 0.06388888888888888 0.06666666666666667 0.06666666666666667 0.07152777777777777 0.0625 0.06597222222222222 0.06458333333333334 0.06597222222222222 0.06527777777777778 0.06736111111111111 0.06805555555555555 0.06736111111111111 0.06666666666666667 0.06527777777777778
0.05231481481481479 0.05509259259259263 0.19861111111111107 0.0564814814814815 0.05462962962962959 0.04583333333333328 0.051851851851851836 0.054166666666666655 0.056018518518518544 0.06249999999999999 0.04583333333333328 0.05231481481481482 0.054166666666666696 0.10185185185185186 0.058333333333333334
0.05925925925925915 0.07530864197530851 0.05925925925925915 0.05617283950617273 0.05802469135802457 0.05679012345679001 0.11543209876543191 0.10246913580246896 0.06049382716049372 0.05740740740740729 0.058024691358024585 0.059876543209876426 0.061111111111111005 0.059876543209876426 0.06049382716049371
0.06111111111111118 0.05757575757575761 0.056060606060606116 0.059595959595959674 0.05909090909090915 0.053030303030303066 0.09646464646464646 0.13434343434343432 0.06262626262626264 0.059595959595959654 0.05454545454545455 0.0631313131313132 0.06616161616161621 0.05757575757575762 0.059090909090909145
0.05449735449735441 0.2333333333333331 0.05291005291005283 0.056084656084656 0.05291005291005283 0.050264550264550185 0.056084656084656015 0.0576719576719576 0.05661375661375654 0.050793650793650724 0.051851851851851774 0.05608465608465602 0.05132275132275124 0.06560846560846552 0.05396825396825389
0.06078431372549007 0.07254901960784298 0.06013071895424823 0.06209150326797373 0.06078431372549008 0.0594771241830064 0.062091503267973726 0.06078431372549007 0.06666666666666653 0.11503267973856188 0.0594771241830064 0.07320261437908483 0.06732026143790837 0.06013071895424824 0.0594771241830064
0.056084656084656 0.07883597883597876 0.06772486772486763 0.056084656084656036 0.06666666666666658 0.04973544973544966 0.10899470899470888 0.06031746031746024 0.056084656084656 0.10687830687830681 0.0539682539682539 0.06084656084656076 0.05978835978835973 0.056613756613756554 0.061375661375661285
0.05906432748538011 0.05614035087719297 0.0567251461988304 0.05789473684210524 0.05847953216374267 0.15380116959064308 0.05497076023391813 0.05438596491228069 0.05906432748538009 0.10350877192982454 0.0543859649122807 0.061403508771929814 0.05497076023391813 0.05789473684210524 0.05730994152046779
0.06458333333333334 0.06458333333333334 0.06458333333333334 0.06319444444444444 0.06666666666666667 0.0625 0.06527777777777778 0.06458333333333334 0.07291666666666667 0.06458333333333334 0.06319444444444444 0.07361111111111111 0.07708333333333334 0.06388888888888888 0.06875
0.05555555555555555 0.05730994152046782 0.0543859649122807 0.0543859649122807 0.06081871345029237 0.05321637426900585 0.05497076023391812 0.053801169590643266 0.060233918128654924 0.05497076023391812 0.1748538011695903 0.05321637426900585 0.0660818713450292 0.05614035087719297 0.09005847953216378
0.06111111111111101 0.062222222222222116 0.05277777777777771 0.0538888888888888 0.06277777777777767 0.05111111111111102 0.06277777777777768 0.052222222222222135 0.06111111111111101 0.08722222222222209 0.16500000000000004 0.0616666666666666 0.05611111111111104 0.052222222222222135 0.0577777777777777
0.05679012345679001 0.059876543209876426 0.05740740740740729 0.05679012345679001 0.06111111111111099 0.05740740740740729 0.058641975308641854 0.05617283950617273 0.05802469135802457 0.05925925925925915 0.18950617283950588 0.05617283950617273 0.05555555555555545 0.05679012345679002 0.06049382716049371
0.06013071895424824 0.06339869281045737 0.05882352941176457 0.15359477124182982 0.0614379084967319 0.059477124183006415 0.061437908496731905 0.06013071895424823 0.06078431372549007 0.059477124183006415 0.05882352941176457 0.062091503267973726 0.06078431372549008 0.059477124183006415 0.06013071895424824
0.058333333333333265 0.06055555555555547 0.11555555555555547 0.05944444444444438 0.1327777777777778 0.05333333333333324 0.055555555555555476 0.06055555555555548 0.06499999999999988 0.05833333333333325 0.0538888888888888 0.057222222222222126 0.05722222222222215 0.0577777777777777 0.05444444444444435
0.05679012345679001 0.06049382716049372 0.06111111111111099 0.10679012345678993 0.06234567901234556 0.05679012345679002 0.05925925925925915 0.05925925925925915 0.061728395061728274 0.11111111111111094 0.05987654320987642 0.06543209876543199 0.058641975308641875 0.05925925925925915 0.06111111111111099
0.062091503267973726 0.06013071895424823 0.0614379084967319 0.1039215686274508 0.06928104575163385 0.05882352941176457 0.0614379084967319 0.06535947712418289 0.0640522875816992 0.06274509803921555 0.06339869281045737 0.07450980392156846 0.06470588235294103 0.0660130718954247 0.06209150326797373
0.05454545454545458 0.07222222222222228 0.0646464646464647 0.059595959595959674 0.055555555555555594 0.04797979797979798 0.0767676767676769 0.05202020202020205 0.06515151515151524 0.1030303030303031 0.05252525252525256 0.1252525252525253 0.06161616161616166 0.05707070707070711 0.052020202020202036
0.06535947712418287 0.06405228758169922 0.06274509803921556 0.0660130718954247 0.06470588235294104 0.06078431372549007 0.06470588235294103 0.06797385620915018 0.06339869281045737 0.06078431372549007 0.06274509803921556 0.10392156862745079 0.06339869281045739 0.06732026143790835 0.062091503267973726
0.06805555555555555 0.06805555555555555 0.06666666666666667 0.06388888888888888 0.06736111111111111 0.06527777777777778 0.06597222222222222 0.06666666666666667 0.075 0.06527777777777778 0.06388888888888888 0.06736111111111111 0.06458333333333334 0.06597222222222222 0.06597222222222222
0.06419753086419741 0.06481481481481469 0.06419753086419742 0.06234567901234558 0.06666666666666653 0.05679012345679002 0.06172839506172829 0.06543209876543199 0.1209876543209875 0.05925925925925915 0.058024691358024585 0.06172839506172829 0.06358024691358014 0.061728395061728274 0.06851851851851838
0.0543859649122807 0.1052631578947368 0.05789473684210525 0.07836257309941512 0.06608187134502924 0.05321637426900585 0.05730994152046782 0.09005847953216374 0.06081871345029236 0.05438596491228071 0.054970760233918115 0.06491228070175434 0.06608187134502919 0.06842105263157894 0.06783625730994151
0.0625 0.06805555555555555 0.06319444444444444 0.0763888888888889 0.06736111111111111 0.0625 0.0625 0.08125 0.06319444444444444 0.0625 0.06388888888888888 0.06944444444444445 0.06736111111111111 0.06597222222222222 0.06388888888888888
0.06234567901234558 0.07345679012345668 0.06296296296296285 0.07716049382716036 0.07037037037037022 0.058024691358024585 0.06296296296296283 0.07777777777777764 0.07469135802469123 0.06111111111111101 0.05617283950617273 0.06913580246913568 0.06543209876543198 0.06419753086419742 0.06419753086419741
0.06527777777777778 0.06736111111111111 0.06666666666666667 0.06736111111111111 0.06944444444444445 0.06319444444444444 0.06944444444444445 0.06597222222222222 0.07430555555555556 0.06527777777777778 0.06319444444444444 0.06527777777777778 0.06805555555555555 0.06597222222222222 0.06319444444444444
0.06736111111111111 0.06666666666666667 0.06597222222222222 0.06527777777777778 0.06944444444444445 0.06388888888888888 0.06597222222222222 0.06944444444444445 0.07569444444444444 0.06666666666666667 0.06458333333333334 0.06666666666666667 0.06527777777777778 0.06458333333333334 0.0625
0.05555555555555547 0.0592592592592592 0.05714285714285706 0.06031746031746027 0.06296296296296287 0.04761904761904755 0.06349206349206339 0.17936507936507912 0.06455026455026448 0.054497354497354406 0.05449735449735442 0.05820105820105815 0.065079365079365 0.05820105820105814 0.059259259259259164
0.05740740740740729 0.06604938271604925 0.05925925925925915 0.05740740740740729 0.06419753086419741 0.05864197530864187 0.059876543209876426 0.15493827160493806 0.06111111111111101 0.06111111111111099 0.05864197530864187 0.061111111111111005 0.06049382716049372 0.06111111111111099 0.058641975308641854
0.05555555555555545 0.05555555555555545 0.05617283950617273 0.05555555555555545 0.05555555555555545 0.22098765432098721 0.05555555555555545 0.05555555555555545 0.05555555555555545 0.05555555555555545 0.05555555555555545 0.05555555555555545 0.05555555555555545 0.05617283950617273 0.05555555555555545
0.06274509803921556 0.06666666666666653 0.06797385620915021 0.06797385620915021 0.06666666666666653 0.09019607843137238 0.06535947712418289 0.07189542483660116 0.06470588235294103 0.06078431372549007 0.0594771241830064 0.06470588235294103 0.06405228758169922 0.06405228758169923 0.06274509803921555
0.0625 0.0625 0.0625 0.0625 0.0625 0.12291666666666666 0.0625 0.06319444444444444 0.0625 0.06319444444444444 0.0625 0.06319444444444444 0.0625 0.0625 0.0625
0.06013071895424823 0.06274509803921556 0.059477124183006415 0.1111111111111109 0.06078431372549007 0.05882352941176457 0.05882352941176457 0.05882352941176457 0.0594771241830064 0.0594771241830064 0.06013071895424824 0.0614379084967319 0.05882352941176457 0.11111111111111087 0.05882352941176457
0.0614379084967319 0.06274509803921555 0.0614379084967319 0.0614379084967319 0.062091503267973726 0.0594771241830064 0.06209150326797373 0.06405228758169923 0.06470588235294106 0.0614379084967319 0.06078431372549007 0.0614379084967319 0.06732026143790837 0.11960784313725463 0.06993464052287565
0.06319444444444444 0.06319444444444444 0.06319444444444444 0.06319444444444444 0.06319444444444444 0.0625 0.0625 0.0625 0.0625 0.0625 0.0625 0.06388888888888888 0.0625 0.11944444444444445 0.06319444444444444
0.07124183006535935 0.06078431372549007 0.06013071895424824 0.11568627450980369 0.06601307189542469 0.0594771241830064 0.06535947712418287 0.059477124183006415 0.06732026143790835 0.06732026143790837 0.059477124183006415 0.06339869281045737 0.06078431372549007 0.062091503267973726 0.0614379084967319
0.07777777777777778 0.06319444444444444 0.06527777777777778 0.06388888888888888 0.07152777777777777 0.0625 0.06597222222222222 0.06458333333333334 0.06944444444444445 0.07152777777777777 0.0625 0.06597222222222222 0.06458333333333334 0.06597222222222222 0.06527777777777778
0.06319444444444444 0.07013888888888889 0.06319444444444444 0.06458333333333334 0.08194444444444444 0.06319444444444444 0.06388888888888888 0.06458333333333334 0.08402777777777778 0.0625 0.0625 0.0625 0.0625 0.0625 0.06875
0.06527777777777778 0.06666666666666667 0.06944444444444445 0.06388888888888888 0.06736111111111111 0.0625 0.0875 0.06527777777777778 0.07222222222222222 0.06319444444444444 0.06319444444444444 0.06319444444444444 0.06319444444444444 0.06458333333333334 0.0625
0.06078431372549007 0.06666666666666654 0.06732026143790834 0.06274509803921556 0.07908496732026127 0.06078431372549007 0.0816993464052286 0.06274509803921556 0.08627450980392146 0.061437908496731884 0.06013071895424824 0.0614379084967319 0.06078431372549007 0.06339869281045737 0.06470588235294103
0.0625 0.06319444444444444 0.06319444444444444 0.12361111111111112 0.0625 0.0625 0.0625 0.0625 0.0625 0.0625 0.0625 0.0625 0.0625 0.0625 0.0625
0.06296296296296283 0.062345679012345556 0.0648148148148147 0.06358024691358014 0.07530864197530852 0.05679012345679001 0.06419753086419741 0.0604938271604937 0.0648148148148147 0.11666666666666649 0.061111111111111005 0.05925925925925915 0.06296296296296283 0.06419753086419741 0.06049382716049373
0.06319444444444444 0.06736111111111111 0.06597222222222222 0.06458333333333334 0.06666666666666667 0.06736111111111111 0.06736111111111111 0.06527777777777778 0.06875 0.06597222222222222 0.06597222222222222 0.06805555555555555 0.06666666666666667 0.07222222222222222 0.06458333333333334
0.06805555555555555 0.06527777777777778 0.06527777777777778 0.06388888888888888 0.06875 0.06388888888888888 0.06527777777777778 0.06736111111111111 0.06597222222222222 0.06319444444444444 0.06597222222222222 0.06666666666666667 0.06875 0.06805555555555555 0.07361111111111111
0.060648148148148125 0.046759259259259216 0.04490740740740736 0.04537037037037032 0.04861111111111109 0.04212962962962958 0.04212962962962957 0.04398148148148143 0.046759259259259216 0.11481481481481483 0.18749999999999997 0.08240740740740737 0.04583333333333328 0.04398148148148144 0.10416666666666664
0.0594771241830064 0.05882352941176457 0.0594771241830064 0.05882352941176457 0.0594771241830064 0.05882352941176457 0.0594771241830064 0.05882352941176457 0.0614379084967319 0.0732026143790848 0.11437908496732001 0.05882352941176457 0.05882352941176457 0.05882352941176457 0.10130718954248345
0.06013071895424823 0.0594771241830064 0.0594771241830064 0.059477124183006415 0.06013071895424823 0.0594771241830064 0.059477124183006415 0.06013071895424824 0.06078431372549007 0.08692810457516324 0.13594771241830048 0.059477124183006415 0.059477124183006415 0.0594771241830064 0.06013071895424824
0.0625 0.0625 0.0625 0.0625 0.0625 0.12430555555555556 0.0625 0.0625 0.0625 0.0625 0.0625 0.06319444444444444 0.0625 0.0625 0.0625
0.07847222222222222 0.06458333333333334 0.06319444444444444 0.06388888888888888 0.06805555555555555 0.0625 0.06944444444444445 0.06527777777777778 0.07013888888888889 0.07013888888888889 0.06319444444444444 0.06597222222222222 0.06319444444444444 0.06388888888888888 0.06805555555555555
0.05882352941176457 0.0594771241830064 0.05882352941176457 0.0594771241830064 0.0594771241830064 0.16732026143790824 0.059477124183006415 0.05882352941176457 0.06013071895424823 0.059477124183006415 0.06013071895424824 0.0614379084967319 0.0594771241830064 0.05882352941176457 0.05882352941176457
0.0625 0.0625 0.0625 0.0625 0.0625 0.0625 0.0625 0.0625 0.0625 0.0625 0.07708333333333334 0.0625 0.06319444444444444 0.0625 0.10972222222222222
0.0614379084967319 0.06405228758169923 0.09281045751633969 0.062091503267973726 0.06274509803921555 0.05882352941176457 0.06013071895424824 0.06013071895424823 0.06078431372549007 0.06209150326797373 0.10980392156862724 0.06339869281045739 0.061437908496731905 0.06013071895424824 0.06013071895424824
0.05111111111111102 0.0527777777777777 0.05166666666666658 0.04999999999999991 0.052222222222222135 0.050555555555555465 0.05111111111111103 0.05111111111111103 0.05055555555555547 0.04999999999999991 0.28222222222222254 0.05111111111111102 0.05277777777777769 0.052222222222222135 0.05055555555555547
0.07530864197530851 0.08209876543209862 0.06543209876543199 0.0648148148148147 0.06543209876543198 0.05679012345679002 0.06604938271604925 0.06296296296296283 0.0802469135802468 0.06358024691358014 0.06172839506172829 0.06296296296296285 0.06296296296296285 0.06296296296296283 0.06666666666666655
0.05730994152046782 0.06257309941520466 0.05497076023391813 0.0590643274853801 0.06257309941520467 0.05438596491228071 0.05614035087719296 0.06315789473684208 0.060818713450292376 0.061403508771929814 0.166081871345029 0.0643274853801169 0.058479532163742666 0.05964912280701752 0.05906432748538009
0.06405228758169922 0.06666666666666654 0.06274509803921555 0.06274509803921555 0.0921568627450979 0.06274509803921556 0.0640522875816992 0.06209150326797373 0.06535947712418287 0.06274509803921555 0.06013071895424824 0.06732026143790838 0.06535947712418287 0.062091503267973726 0.07973856209150311
0.06078431372549007 0.06209150326797371 0.06470588235294104 0.09607843137254886 0.06732026143790837 0.06078431372549007 0.062091503267973726 0.0614379084967319 0.06274509803921555 0.0614379084967319 0.0594771241830064 0.0771241830065358 0.0640522875816992 0.08039215686274497 0.0594771241830064
0.06111111111111102 0.05722222222222215 0.05666666666666658 0.10388888888888881 0.05611111111111104 0.053333333333333253 0.05777777777777768 0.05722222222222214 0.05833333333333324 0.05611111111111102 0.07666666666666654 0.05944444444444436 0.0549999999999999 0.05611111111111102 0.1350000000000001
0.06458333333333334 0.06319444444444444 0.06319444444444444 0.06458333333333334 0.06666666666666667 0.06388888888888888 0.06527777777777778 0.06458333333333334 0.06458333333333334 0.06597222222222222 0.08888888888888889 0.06597222222222222 0.06597222222222222 0.06666666666666667 0.06597222222222222
0.061437908496731884 0.06732026143790838 0.060784313725490056 0.11372549019607818 0.06993464052287565 0.0594771241830064 0.0594771241830064 0.0614379084967319 0.08104575163398677 0.062091503267973726 0.0594771241830064 0.06078431372549007 0.06078431372549007 0.062091503267973726 0.06013071895424823
0.07843137254901945 0.06732026143790835 0.062091503267973726 0.06078431372549007 0.06535947712418286 0.07777777777777763 0.06601307189542471 0.0660130718954247 0.06993464052287567 0.06601307189542471 0.06078431372549007 0.06732026143790837 0.0660130718954247 0.06274509803921555 0.06339869281045739
0.06597222222222222 0.06458333333333334 0.06527777777777778 0.06597222222222222 0.0625 0.06319444444444444 0.06388888888888888 0.06458333333333334 0.06597222222222222 0.09513888888888888 0.06388888888888888 0.06527777777777778 0.06666666666666667 0.06319444444444444 0.06388888888888888
0.05864197530864187 0.06296296296296283 0.05679012345679001 0.06234567901234556 0.059876543209876426 0.05555555555555545 0.06234567901234556 0.08271604938271591 0.06234567901234558 0.059876543209876426 0.058024691358024585 0.05925925925925915 0.06049382716049372 0.14074074074074053 0.05802469135802457
0.06842105263157888 0.05906432748538009 0.054970760233918115 0.05906432748538009 0.058479532163742666 0.14619883040935666 0.05906432748538011 0.053801169590643266 0.05906432748538012 0.09415204678362568 0.05380116959064327 0.0678362573099415 0.055555555555555546 0.053801169590643266 0.056725146198830415
0.058080808080808115 0.06111111111111116 0.053535353535353575 0.05909090909090915 0.06414141414141417 0.07171717171717175 0.058080808080808136 0.058585858585858644 0.05656565656565658 0.10808080808080817 0.1227272727272727 0.058080808080808115 0.0545454545454546 0.05303030303030304 0.06262626262626274
0.06274509803921555 0.06339869281045739 0.06274509803921556 0.0614379084967319 0.06535947712418286 0.05882352941176457 0.06339869281045739 0.062091503267973726 0.0640522875816992 0.06339869281045739 0.06078431372549007 0.06209150326797373 0.06797385620915018 0.12026143790849658 0.061437908496731884
0.0625 0.0625 0.0625 0.0625 0.0625 0.0625 0.0625 0.0625 0.06319444444444444 0.06319444444444444 0.12361111111111112 0.0625 0.0625 0.0625 0.0625
0.0640522875816992 0.06339869281045739 0.07124183006535934 0.06535947712418287 0.06470588235294104 0.0614379084967319 0.06993464052287568 0.06732026143790838 0.06928104575163387 0.06993464052287568 0.06209150326797373 0.072549019607843 0.06339869281045737 0.06601307189542471 0.06928104575163384
0.058641975308641854 0.05802469135802459 0.05555555555555545 0.05740740740740729 0.06234567901234556 0.05617283950617273 0.05679012345679001 0.05679012345679001 0.05925925925925915 0.058641975308641854 0.16728395061728374 0.07716049382716036 0.0574074074074073 0.058024691358024585 0.0604938271604937
0.06388888888888888 0.06319444444444444 0.06458333333333334 0.11805555555555555 0.06388888888888888 0.0625 0.0625 0.0625 0.0625 0.0625 0.0625 0.0625 0.0625 0.0625 0.06388888888888888
0.06274509803921556 0.06339869281045737 0.062091503267973726 0.12418300653594752 0.06535947712418286 0.061437908496731905 0.06274509803921555 0.06405228758169923 0.06732026143790835 0.0594771241830064 0.05882352941176457 0.0614379084967319 0.0614379084967319 0.062091503267973726 0.06339869281045737
0.06209150326797373 0.06928104575163387 0.06274509803921555 0.08431372549019596 0.0705882352941175 0.0594771241830064 0.06339869281045737 0.0614379084967319 0.06862745098039201 0.06274509803921555 0.06470588235294103 0.08431372549019593 0.0614379084967319 0.06274509803921556 0.06209150326797373
0.0633986928104574 0.06405228758169922 0.06078431372549008 0.06013071895424823 0.06862745098039202 0.06013071895424824 0.0594771241830064 0.06078431372549007 0.06601307189542469 0.07058823529411751 0.07843137254901945 0.06339869281045737 0.059477124183006415 0.062091503267973726 0.10261437908496714
0.061728395061728274 0.06296296296296285 0.06049382716049371 0.05987654320987644 0.08024691358024676 0.05679012345679002 0.061728395061728274 0.10617283950617268 0.07777777777777764 0.05802469135802457 0.05679012345679001 0.05679012345679001 0.07160493827160481 0.05925925925925915 0.06975308641975295
0.06732026143790835 0.06666666666666651 0.0640522875816992 0.062091503267973726 0.07189542483660116 0.062091503267973726 0.06666666666666653 0.06078431372549007 0.07189542483660116 0.06732026143790837 0.06078431372549008 0.0640522875816992 0.0836601307189541 0.06274509803921556 0.06797385620915017
0.06013071895424823 0.062091503267973726 0.1156862745098037 0.09150326797385602 0.06274509803921556 0.05882352941176457 0.06078431372549007 0.06013071895424823 0.0594771241830064 0.06013071895424824 0.059477124183006415 0.06862745098039201 0.06013071895424823 0.0614379084967319 0.05882352941176457
0.06319444444444444 0.06319444444444444 0.10833333333333334 0.06736111111111111 0.06319444444444444 0.0625 0.06458333333333334 0.0625 0.06458333333333334 0.06319444444444444 0.06388888888888888 0.06319444444444444 0.06319444444444444 0.06319444444444444 0.06388888888888888
0.06388888888888888 0.06319444444444444 0.0625 0.0625 0.06527777777777778 0.0625 0.06458333333333334 0.06388888888888888 0.06458333333333334 0.0625 0.06319444444444444 0.06388888888888888 0.11041666666666666 0.06458333333333334 0.0625
0.06666666666666654 0.06405228758169922 0.06470588235294104 0.06339869281045739 0.11176470588235277 0.06013071895424824 0.06339869281045739 0.06732026143790835 0.06601307189542471 0.0594771241830064 0.06274509803921555 0.06013071895424824 0.06274509803921555 0.06666666666666653 0.06078431372549007
0.06049382716049371 0.061728395061728274 0.07345679012345667 0.06419753086419742 0.06604938271604927 0.07777777777777765 0.05864197530864187 0.06234567901234558 0.07037037037037028 0.059876543209876426 0.05740740740740729 0.06358024691358012 0.0604938271604937 0.09999999999999987 0.06358024691358012
0.0625 0.06319444444444444 0.06319444444444444 0.06319444444444444 0.06736111111111111 0.0625 0.06388888888888888 0.06319444444444444 0.0763888888888889 0.06527777777777778 0.0625 0.06319444444444444 0.06527777777777778 0.09583333333333334 0.0625
0.0567251461988304 0.09590643274853797 0.06491228070175438 0.0695906432748537 0.06549707602339178 0.05321637426900585 0.05438596491228069 0.13333333333333328 0.05906432748538009 0.05497076023391812 0.05497076023391813 0.06198830409356721 0.057309941520467825 0.06081871345029239 0.05730994152046784
0.06388888888888888 0.07013888888888889 0.06319444444444444 0.07708333333333334 0.06805555555555555 0.0625 0.0625 0.08055555555555556 0.0625 0.06319444444444444 0.0625 0.06944444444444445 0.06458333333333334 0.06597222222222222 0.06388888888888888
0.06851851851851841 0.06851851851851841 0.06666666666666654 0.06666666666666655 0.06666666666666654 0.061111111111111005 0.07654320987654308 0.06604938271604925 0.06975308641975297 0.0679012345679011 0.06049382716049372 0.06604938271604927 0.06604938271604927 0.06604938271604925 0.06296296296296286
0.06527777777777778 0.06319444444444444 0.06319444444444444 0.06805555555555555 0.06597222222222222 0.06319444444444444 0.06458333333333334 0.09444444444444444 0.06458333333333334 0.06527777777777778 0.06458333333333334 0.06388888888888888 0.06458333333333334 0.06527777777777778 0.06388888888888888
0.06319444444444444 0.06805555555555555 0.06458333333333334 0.06458333333333334 0.06875 0.0625 0.06527777777777778 0.07083333333333333 0.07222222222222222 0.06458333333333334 0.06527777777777778 0.06388888888888888 0.06875 0.07222222222222222 0.06527777777777778
0.05321637426900584 0.052631578947368425 0.052631578947368425 0.05438596491228069 0.052631578947368425 0.2573099415204681 0.052631578947368425 0.052631578947368425 0.05321637426900585 0.052631578947368425 0.05321637426900584 0.05321637426900585 0.05380116959064327 0.052631578947368425 0.05321637426900586
0.0625 0.06388888888888888 0.06597222222222222 0.0625 0.11319444444444444 0.0625 0.0625 0.06597222222222222 0.0625 0.06319444444444444 0.0625 0.0625 0.06458333333333334 0.0625 0.06319444444444444
0.06339869281045739 0.062091503267973726 0.06078431372549007 0.0614379084967319 0.06470588235294103 0.05882352941176457 0.06470588235294104 0.06470588235294104 0.06797385620915017 0.11764705882352919 0.06013071895424823 0.06274509803921555 0.06078431372549007 0.06339869281045739 0.06666666666666653
0.05444444444444437 0.0527777777777777 0.05277777777777769 0.05277777777777769 0.05666666666666658 0.05166666666666659 0.10222222222222213 0.15611111111111123 0.05666666666666658 0.09888888888888879 0.050555555555555465 0.053888888888888806 0.053333333333333253 0.053888888888888806 0.053333333333333253
0.05802469135802457 0.06481481481481469 0.0574074074074073 0.1469135802469134 0.06049382716049372 0.05617283950617273 0.05740740740740729 0.10061728395061713 0.05987654320987642 0.05617283950617273 0.05617283950617273 0.05740740740740729 0.05617283950617273 0.05555555555555545 0.05679012345679001
0.05614035087719297 0.057309941520467846 0.07251461988304092 0.1175438596491227 0.06023391812865496 0.05555555555555554 0.059649122807017535 0.11403508771929818 0.057894736842105284 0.05906432748538009 0.05847953216374267 0.059064327485380125 0.057309941520467804 0.058479532163742694 0.056725146198830394
0.076470588235294 0.06666666666666651 0.061437908496731905 0.06339869281045737 0.07581699346405214 0.06078431372549007 0.06797385620915018 0.06405228758169923 0.0705882352941175 0.06862745098039204 0.06405228758169922 0.06862745098039202 0.06535947712418287 0.06274509803921556 0.06339869281045737
0.0625 0.06388888888888888 0.0625 0.0625 0.0625 0.0625 0.06319444444444444 0.12013888888888889 0.06319444444444444 0.06388888888888888 0.0625 0.06319444444444444 0.0625 0.0625 0.0625
0.07320261437908482 0.07124183006535934 0.06339869281045739 0.061437908496731884 0.0660130718954247 0.062091503267973726 0.07058823529411751 0.06209150326797371 0.07516339869281032 0.06601307189542469 0.07777777777777767 0.061437908496731905 0.062091503267973726 0.06339869281045739 0.0640522875816992
0.05617283950617273 0.058641975308641854 0.058024691358024585 0.061111111111111005 0.09938271604938254 0.05679012345679001 0.05740740740740729 0.05864197530864187 0.05679012345679001 0.05679012345679001 0.1506172839506171 0.05679012345679001 0.05925925925925915 0.05679012345679001 0.05679012345679001
