0.04444444444444452 0.06376811594202908 0.05555555555555562 0.05748792270531409 0.05507246376811603 0.04444444444444452 0.24734299516908212 0.04541062801932375 0.045410628019323745 0.04396135265700491 0.11690821256038642 0.04782608695652181 0.04492753623188414 0.0434782608695653 0.04396135265700491
0.05882352941176457 0.09084967320261428 0.06928104575163384 0.05882352941176457 0.11633986928104559 0.0614379084967319 0.05882352941176457 0.061437908496731905 0.05882352941176457 0.0594771241830064 0.06013071895424824 0.0679738562091502 0.06013071895424824 0.05882352941176457 0.05882352941176457
0.05333333333333324 0.14833333333333326 0.05944444444444436 0.05444444444444438 0.0649999999999999 0.05499999999999991 0.05166666666666658 0.05499999999999991 0.05722222222222215 0.053888888888888806 0.053333333333333253 0.06111111111111102 0.05333333333333324 0.05111111111111102 0.12777777777777777
0.06319444444444444 0.075 0.06388888888888888 0.0625 0.10208333333333333 0.06388888888888888 0.0625 0.06319444444444444 0.0625 0.0625 0.0625 0.06736111111111111 0.0625 0.0625 0.06388888888888888
0.06666666666666667 0.06388888888888888 0.07083333333333333 0.06319444444444444 0.06527777777777778 0.06388888888888888 0.0625 0.06458333333333334 0.06666666666666667 0.06319444444444444 0.06388888888888888 0.07847222222222222 0.06388888888888888 0.06388888888888888 0.07916666666666666
0.05888888888888882 0.056666666666666574 0.05722222222222214 0.052222222222222135 0.09777777777777769 0.05444444444444436 0.05166666666666658 0.06833333333333325 0.06777777777777767 0.052222222222222135 0.05277777777777769 0.05611111111111103 0.052222222222222135 0.054999999999999924 0.1666666666666667
0.05730994152046782 0.06023391812865494 0.05730994152046782 0.05730994152046782 0.05555555555555555 0.05906432748538009 0.053801169590643266 0.06257309941520463 0.05497076023391813 0.05730994152046784 0.05730994152046784 0.11520467836257302 0.05380116959064327 0.05614035087719298 0.1421052631578946
0.05555555555555545 0.10493827160493807 0.05864197530864187 0.05617283950617273 0.059876543209876426 0.058641975308641854 0.05679012345679002 0.07222222222222209 0.13148148148148128 0.05617283950617273 0.05555555555555545 0.05617283950617273 0.05679012345679001 0.05925925925925914 0.06172839506172829
0.06339869281045737 0.06339869281045737 0.06339869281045737 0.06013071895424823 0.062091503267973726 0.06013071895424824 0.06274509803921556 0.06405228758169923 0.12156862745098018 0.06274509803921555 0.06339869281045739 0.06470588235294104 0.06470588235294103 0.06209150326797371 0.061437908496731905
0.06388888888888879 0.06277777777777768 0.05444444444444436 0.05666666666666658 0.05722222222222215 0.0577777777777777 0.08277777777777767 0.0549999999999999 0.11222222222222213 0.06055555555555548 0.07333333333333324 0.055555555555555476 0.09777777777777767 0.05444444444444434 0.05555555555555547
0.06319444444444444 0.06875 0.06319444444444444 0.06319444444444444 0.06736111111111111 0.06388888888888888 0.0625 0.06458333333333334 0.0625 0.06319444444444444 0.0625 0.06736111111111111 0.06388888888888888 0.0625 0.10138888888888889
0.06209150326797373 0.06339869281045737 0.06078431372549007 0.06209150326797373 0.08823529411764688 0.06013071895424823 0.0594771241830064 0.06535947712418287 0.10522875816993446 0.06013071895424824 0.059477124183006415 0.0614379084967319 0.06405228758169922 0.06666666666666653 0.0614379084967319
0.05449735449735441 0.06031746031746023 0.056084656084656015 0.07619047619047611 0.05767195767195758 0.059259259259259164 0.05978835978835973 0.059788359788359696 0.06031746031746024 0.0576719576719576 0.14761904761904746 0.0576719576719576 0.055555555555555476 0.08571428571428562 0.05185185185185179
0.06013071895424824 0.06013071895424824 0.06013071895424823 0.09477124183006518 0.1117647058823527 0.0594771241830064 0.07581699346405214 0.06013071895424823 0.06013071895424824 0.059477124183006415 0.059477124183006415 0.06078431372549007 0.06013071895424824 0.05882352941176457 0.05882352941176457
0.060784313725490056 0.06078431372549007 0.06274509803921555 0.06535947712418289 0.06274509803921555 0.06797385620915018 0.062091503267973726 0.06339869281045739 0.0862745098039214 0.06405228758169922 0.06405228758169922 0.07058823529411754 0.06339869281045737 0.08169934640522859 0.06405228758169922
0.06458333333333334 0.06666666666666667 0.06597222222222222 0.06527777777777778 0.06458333333333334 0.06458333333333334 0.06319444444444444 0.06666666666666667 0.06527777777777778 0.06319444444444444 0.06388888888888888 0.06527777777777778 0.06458333333333334 0.06458333333333334 0.09166666666666666
0.0594771241830064 0.06732026143790835 0.06013071895424823 0.05882352941176457 0.09673202614379066 0.06013071895424824 0.08300653594771228 0.0594771241830064 0.09346405228758155 0.06013071895424823 0.05882352941176457 0.0640522875816992 0.05882352941176457 0.06013071895424824 0.0594771241830064
0.059477124183006415 0.0594771241830064 0.059477124183006415 0.06013071895424823 0.05882352941176457 0.05882352941176457 0.11503267973856184 0.06013071895424823 0.05882352941176457 0.05882352941176457 0.0594771241830064 0.05882352941176457 0.06078431372549007 0.11307189542483635 0.05882352941176457
0.06319444444444444 0.0625 0.0625 0.08472222222222223 0.0625 0.0625 0.0625 0.0625 0.06597222222222222 0.06319444444444444 0.0625 0.0625 0.0625 0.09791666666666667 0.0625
0.047826086956521824 0.04492753623188414 0.04444444444444452 0.04396135265700491 0.14347826086956506 0.09082125603864749 0.07342995169082138 0.04492753623188413 0.08985507246376816 0.04444444444444452 0.06666666666666675 0.04444444444444452 0.04444444444444452 0.1309178743961353 0.04541062801932375
0.07134502923976617 0.0543859649122807 0.05380116959064327 0.05321637426900585 0.05321637426900584 0.05380116959064327 0.15146198830409333 0.05380116959064327 0.11578947368421039 0.05438596491228069 0.07251461988304092 0.05321637426900584 0.052631578947368425 0.05321637426900585 0.05321637426900584
0.0614379084967319 0.09019607843137241 0.07320261437908482 0.06209150326797373 0.08300653594771228 0.06013071895424824 0.06209150326797371 0.06797385620915021 0.06274509803921555 0.0614379084967319 0.06078431372549007 0.06470588235294103 0.06405228758169922 0.06535947712418287 0.06078431372549007
0.05321637426900585 0.13099415204678347 0.06198830409356726 0.060818713450292376 0.06140350877192979 0.05614035087719295 0.06959064327485369 0.05672514619883037 0.07836257309941523 0.05321637426900584 0.053801169590643266 0.05906432748538011 0.053801169590643266 0.09590643274853804 0.05497076023391812
0.07385620915032666 0.062091503267973726 0.07320261437908483 0.07647058823529397 0.06601307189542471 0.06535947712418287 0.059477124183006415 0.06862745098039204 0.06470588235294104 0.06470588235294104 0.06078431372549007 0.06797385620915021 0.06339869281045739 0.06862745098039204 0.06470588235294103
0.05666666666666658 0.06166666666666658 0.061666666666666585 0.08555555555555545 0.0538888888888888 0.0549999999999999 0.05444444444444435 0.05499999999999991 0.05888888888888882 0.06333333333333324 0.05444444444444435 0.06055555555555547 0.05944444444444438 0.16111111111111123 0.058333333333333244
0.05882352941176457 0.05882352941176457 0.05882352941176457 0.07973856209150311 0.05882352941176457 0.05882352941176457 0.05882352941176457 0.05882352941176457 0.06470588235294103 0.05882352941176457 0.05882352941176457 0.05882352941176457 0.05882352941176457 0.14967320261437886 0.05882352941176457
0.06597222222222222 0.06527777777777778 0.06875 0.06527777777777778 0.06458333333333334 0.06666666666666667 0.06388888888888888 0.06527777777777778 0.06597222222222222 0.06805555555555555 0.06388888888888888 0.06875 0.06875 0.07222222222222222 0.06666666666666667
0.0625 0.06319444444444444 0.0625 0.0798611111111111 0.0625 0.0625 0.0625 0.0625 0.06527777777777778 0.0625 0.0625 0.0625 0.0625 0.10416666666666667 0.0625
0.0625 0.06319444444444444 0.06388888888888888 0.0625 0.0625 0.06388888888888888 0.0625 0.06458333333333334 0.06388888888888888 0.06319444444444444 0.0625 0.1125 0.06458333333333334 0.06458333333333334 0.06319444444444444
0.061728395061728274 0.08765432098765417 0.06296296296296286 0.058024691358024585 0.06234567901234556 0.05925925925925914 0.05740740740740729 0.06358024691358014 0.06481481481481469 0.05864197530864187 0.05740740740740729 0.06790123456790112 0.06049382716049371 0.058641975308641854 0.11913580246913559
0.06274509803921555 0.07450980392156847 0.059477124183006415 0.06078431372549007 0.0999999999999998 0.060784313725490056 0.05882352941176457 0.060784313725490056 0.06013071895424824 0.05882352941176457 0.05882352941176457 0.06928104575163387 0.060784313725490056 0.06013071895424824 0.09411764705882335
0.0625 0.0625 0.0625 0.0625 0.0625 0.0625 0.06319444444444444 0.0625 0.12083333333333333 0.0625 0.0625 0.06458333333333334 0.0625 0.0625 0.06388888888888888
0.05882352941176457 0.06013071895424823 0.05882352941176457 0.05882352941176457 0.0594771241830064 0.07843137254901947 0.05882352941176457 0.05882352941176457 0.05882352941176457 0.15359477124182982 0.0594771241830064 0.05882352941176457 0.0594771241830064 0.05882352941176457 0.05882352941176457
0.06388888888888888 0.0625 0.0625 0.06319444444444444 0.0625 0.06458333333333334 0.06388888888888888 0.06319444444444444 0.06388888888888888 0.11458333333333333 0.0625 0.06388888888888888 0.0625 0.0625 0.06388888888888888
0.06458333333333334 0.0625 0.0625 0.0625 0.06319444444444444 0.0625 0.0625 0.0625 0.0625 0.12222222222222222 0.0625 0.0625 0.0625 0.0625 0.0625
0.0625 0.0625 0.06319444444444444 0.0625 0.0625 0.0625 0.0625 0.0625 0.0625 0.12430555555555556 0.0625 0.0625 0.0625 0.0625 0.0625
0.05555555555555545 0.05555555555555545 0.05617283950617273 0.05555555555555545 0.05555555555555545 0.0975308641975307 0.05555555555555545 0.05617283950617273 0.05679012345679001 0.17592592592592568 0.05617283950617273 0.05555555555555545 0.05555555555555545 0.05555555555555545 0.05679012345679001
0.052380952380952306 0.05714285714285706 0.05555555555555547 0.049735449735449674 0.05132275132275125 0.14656084656084636 0.04920634920634913 0.05978835978835973 0.05291005291005283 0.1666666666666665 0.05026455026455019 0.05291005291005283 0.051851851851851774 0.050793650793650724 0.052910052910052824
0.061375661375661306 0.05026455026455019 0.13015873015873003 0.05502645502645497 0.04973544973544966 0.05502645502645496 0.048677248677248604 0.057142857142857065 0.048677248677248604 0.17089947089947066 0.04973544973544966 0.06296296296296287 0.05555555555555548 0.05132275132275125 0.053439153439153377
0.18769841269841264 0.04484126984126984 0.19166666666666668 0.04880952380952378 0.03888888888888887 0.04444444444444442 0.03809523809523806 0.04285714285714285 0.03809523809523807 0.10238095238095234 0.04404761904761903 0.05436507936507934 0.0456349206349206 0.04047619047619044 0.037698412698412676
0.061988304093567245 0.0637426900584795 0.06081871345029239 0.055555555555555546 0.0590643274853801 0.06725146198830403 0.05321637426900584 0.05730994152046782 0.05847953216374267 0.17076023391812845 0.05789473684210525 0.05614035087719298 0.05847953216374265 0.05906432748538012 0.060233918128654966
0.11739130434782609 0.04830917874396143 0.07826086956521747 0.05362318840579718 0.055072463768116045 0.05169082125603873 0.045893719806763364 0.08937198067632854 0.04879227053140107 0.14492753623188404 0.04830917874396145 0.06038647342995177 0.05169082125603873 0.04927536231884066 0.057004830917874484
0.06339869281045737 0.06732026143790837 0.08496732026143775 0.06535947712418289 0.062091503267973726 0.0679738562091502 0.06013071895424823 0.06862745098039202 0.06339869281045737 0.07647058823529398 0.06339869281045737 0.06535947712418286 0.06797385620915021 0.0614379084967319 0.062091503267973726
0.05882352941176457 0.05882352941176457 0.05882352941176457 0.05882352941176457 0.06013071895424824 0.05882352941176457 0.05882352941176457 0.059477124183006415 0.05882352941176457 0.17189542483660103 0.059477124183006415 0.05882352941176457 0.060784313725490056 0.05882352941176457 0.05882352941176457
0.0625 0.0625 0.0625 0.0625 0.06319444444444444 0.06319444444444444 0.0625 0.06319444444444444 0.0625 0.11805555555555555 0.06388888888888888 0.06388888888888888 0.06458333333333334 0.0625 0.0625
0.05555555555555555 0.05380116959064327 0.05438596491228071 0.05614035087719296 0.05321637426900584 0.05555555555555555 0.05321637426900584 0.0543859649122807 0.05497076023391813 0.2397660818713451 0.052631578947368425 0.05497076023391813 0.05321637426900585 0.054970760233918115 0.05321637426900584
0.061111111111110984 0.05740740740740729 0.06049382716049372 0.0802469135802468 0.05925925925925915 0.05925925925925915 0.05679012345679001 0.06543209876543198 0.05987654320987642 0.10308641975308627 0.05679012345679001 0.08641975308641962 0.06913580246913567 0.062345679012345556 0.06234567901234555
0.06597222222222222 0.06736111111111111 0.07083333333333333 0.06527777777777778 0.06736111111111111 0.06666666666666667 0.06388888888888888 0.06736111111111111 0.06319444444444444 0.06736111111111111 0.06527777777777778 0.06458333333333334 0.07361111111111111 0.06458333333333334 0.06666666666666667
0.06597222222222222 0.07916666666666666 0.07222222222222222 0.06388888888888888 0.06319444444444444 0.06805555555555555 0.0625 0.06736111111111111 0.06458333333333334 0.06875 0.06388888888888888 0.06805555555555555 0.06527777777777778 0.06319444444444444 0.06388888888888888
0.04973544973544965 0.05185185185185179 0.04920634920634913 0.05026455026455019 0.04761904761904755 0.04761904761904755 0.1185185185185184 0.04920634920634913 0.05449735449735444 0.04814814814814808 0.2132275132275129 0.057142857142857065 0.05079365079365071 0.05661375661375653 0.05555555555555548
0.06319444444444444 0.0625 0.0625 0.0625 0.0625 0.06319444444444444 0.0625 0.06319444444444444 0.0625 0.06319444444444444 0.0625 0.12152777777777778 0.0625 0.0625 0.06319444444444444
0.05380116959064327 0.06081871345029235 0.05321637426900584 0.05380116959064327 0.06023391812865492 0.052631578947368425 0.052631578947368425 0.05614035087719298 0.05321637426900585 0.052631578947368425 0.053801169590643266 0.053801169590643266 0.05497076023391813 0.05438596491228069 0.23391812865497086
0.06458333333333334 0.06319444444444444 0.0625 0.06319444444444444 0.06597222222222222 0.06319444444444444 0.06319444444444444 0.06388888888888888 0.06388888888888888 0.06319444444444444 0.0625 0.06458333333333334 0.10416666666666667 0.06875 0.06319444444444444
0.08209876543209862 0.05925925925925915 0.05802469135802457 0.05802469135802457 0.06049382716049372 0.05864197530864187 0.11666666666666649 0.05679012345679001 0.05864197530864187 0.05925925925925916 0.06358024691358014 0.05679012345679001 0.09691358024691342 0.05740740740740729 0.0574074074074073
0.061111111111111005 0.05925925925925915 0.061111111111111005 0.05864197530864187 0.05987654320987642 0.11111111111111095 0.05679012345679001 0.05925925925925915 0.05802469135802457 0.06049382716049371 0.05864197530864187 0.0679012345679011 0.10987654320987639 0.05925925925925915 0.058641975308641854
0.06535947712418287 0.06405228758169922 0.07189542483660118 0.06339869281045739 0.0679738562091502 0.06797385620915021 0.06013071895424824 0.08366013071895408 0.06209150326797373 0.06470588235294103 0.06339869281045737 0.06797385620915021 0.06666666666666653 0.06274509803921555 0.06797385620915021
0.061728395061728274 0.06790123456790112 0.05925925925925915 0.05802469135802457 0.09444444444444429 0.06975308641975296 0.058024691358024585 0.058024691358024585 0.05679012345679001 0.05679012345679002 0.05740740740740729 0.12469135802469121 0.06111111111111099 0.05617283950617273 0.059876543209876426
0.06458333333333334 0.0625 0.06527777777777778 0.06388888888888888 0.06458333333333334 0.06319444444444444 0.0625 0.10694444444444444 0.06597222222222222 0.06319444444444444 0.0625 0.06458333333333334 0.06319444444444444 0.0625 0.06458333333333334
0.06608187134502921 0.05964912280701752 0.06257309941520463 0.05789473684210525 0.055555555555555546 0.11578947368421044 0.055555555555555546 0.0725146198830409 0.05555555555555555 0.09181286549707603 0.05789473684210526 0.06081871345029236 0.0614035087719298 0.0695906432748538 0.05730994152046782
0.06666666666666667 0.06597222222222222 0.06388888888888888 0.075 0.06527777777777778 0.06319444444444444 0.06458333333333334 0.07361111111111111 0.06944444444444445 0.07013888888888889 0.0625 0.06527777777777778 0.06527777777777778 0.06388888888888888 0.06527777777777778
0.06358024691358014 0.05740740740740729 0.05740740740740729 0.12839506172839488 0.05925925925925915 0.05864197530864187 0.05617283950617273 0.05740740740740729 0.059876543209876426 0.058024691358024585 0.05925925925925915 0.061111111111110984 0.05802469135802457 0.10864197530864178 0.05679012345679001
0.06078431372549007 0.11633986928104552 0.0594771241830064 0.05882352941176457 0.05882352941176457 0.1071895424836599 0.05882352941176457 0.05882352941176457 0.06013071895424824 0.05882352941176457 0.06078431372549007 0.0594771241830064 0.06274509803921556 0.0594771241830064 0.0594771241830064
0.06470588235294104 0.06274509803921555 0.06339869281045737 0.10718954248365993 0.06013071895424823 0.0751633986928103 0.062091503267973726 0.062091503267973726 0.06013071895424823 0.06078431372549007 0.06274509803921556 0.06470588235294103 0.07124183006535935 0.062091503267973726 0.060784313725490056
0.06543209876543198 0.06049382716049372 0.05925925925925915 0.0944444444444443 0.059876543209876426 0.06234567901234556 0.05679012345679001 0.06049382716049372 0.05987654320987644 0.061111111111111005 0.11049382716049364 0.0685185185185184 0.059876543209876426 0.06049382716049371 0.06049382716049371
0.04311111111111114 0.13733333333333328 0.05511111111111115 0.04088888888888891 0.07022222222222227 0.04133333333333336 0.04977777777777781 0.044444444444444474 0.04355555555555558 0.0417777777777778 0.2479999999999999 0.05866666666666671 0.04222222222222226 0.04133333333333337 0.04222222222222225
0.06805555555555555 0.06458333333333334 0.06875 0.06597222222222222 0.06458333333333334 0.06388888888888888 0.06388888888888888 0.06458333333333334 0.06527777777777778 0.07083333333333333 0.06458333333333334 0.0763888888888889 0.06666666666666667 0.06388888888888888 0.06805555555555555
0.060784313725490056 0.060784313725490056 0.0594771241830064 0.05882352941176457 0.06013071895424824 0.0614379084967319 0.05882352941176457 0.06013071895424824 0.0594771241830064 0.0594771241830064 0.06078431372549007 0.06013071895424824 0.11633986928104552 0.06013071895424823 0.10326797385620894
0.052020202020202036 0.056565656565656555 0.052525252525252565 0.1929292929292928 0.07878787878787885 0.047474747474747475 0.04696969696969695 0.04898989898989899 0.04848484848484847 0.04848484848484847 0.04595959595959594 0.1030303030303031 0.05000000000000001 0.0494949494949495 0.07828282828282827
0.0625 0.0625 0.0625 0.06319444444444444 0.09444444444444444 0.0625 0.0625 0.0625 0.08958333333333333 0.0625 0.06319444444444444 0.06458333333333334 0.0625 0.0625 0.0625
0.05321637426900586 0.052631578947368425 0.05321637426900585 0.052631578947368425 0.05321637426900584 0.06315789473684208 0.24444444444444458 0.053801169590643266 0.0543859649122807 0.052631578947368425 0.05380116959064327 0.05321637426900585 0.05321637426900584 0.052631578947368425 0.05380116959064327
0.06319444444444444 0.0625 0.06319444444444444 0.0625 0.06597222222222222 0.06388888888888888 0.0625 0.0625 0.06319444444444444 0.06319444444444444 0.0625 0.11458333333333333 0.0625 0.06388888888888888 0.06388888888888888
0.06944444444444445 0.06736111111111111 0.06597222222222222 0.06388888888888888 0.06458333333333334 0.06319444444444444 0.0625 0.06319444444444444 0.06527777777777778 0.0763888888888889 0.06388888888888888 0.06527777777777778 0.0763888888888889 0.06597222222222222 0.06666666666666667
0.07124183006535934 0.06274509803921556 0.06013071895424824 0.11503267973856186 0.07581699346405214 0.060784313725490056 0.0594771241830064 0.061437908496731884 0.06601307189542469 0.0594771241830064 0.05882352941176457 0.06928104575163385 0.06013071895424824 0.06078431372549007 0.05882352941176457
0.05679012345679001 0.0574074074074073 0.05555555555555545 0.10370370370370349 0.08086419753086406 0.05555555555555545 0.05555555555555545 0.05555555555555545 0.13827160493827143 0.05617283950617273 0.05617283950617273 0.05617283950617273 0.05679012345679001 0.05925925925925914 0.05617283950617273
0.07098765432098754 0.05925925925925914 0.07530864197530851 0.059876543209876426 0.07160493827160483 0.10679012345678997 0.05617283950617273 0.06172839506172829 0.06296296296296285 0.06111111111111099 0.05679012345679001 0.07592592592592579 0.0648148148148147 0.058024691358024585 0.05864197530864187
0.05882352941176457 0.05882352941176457 0.0594771241830064 0.05882352941176457 0.05882352941176457 0.0594771241830064 0.09477124183006518 0.0594771241830064 0.06013071895424824 0.059477124183006415 0.08235294117647042 0.05882352941176457 0.05882352941176457 0.11307189542483635 0.05882352941176457
0.125 0.0625 0.0625 0.0625 0.0625 0.0625 0.0625 0.0625 0.0625 0.0625 0.0625 0.0625 0.0625 0.0625 0.0625
0.12026143790849649 0.05882352941176457 0.05882352941176457 0.0594771241830064 0.06274509803921557 0.05882352941176457 0.059477124183006415 0.06209150326797371 0.06013071895424823 0.05882352941176457 0.0594771241830064 0.06078431372549007 0.059477124183006415 0.05882352941176457 0.10196078431372528
0.05444444444444437 0.05666666666666658 0.05666666666666658 0.052222222222222135 0.07833333333333323 0.05499999999999991 0.04999999999999991 0.09444444444444434 0.145 0.050555555555555465 0.05111111111111103 0.06666666666666658 0.05277777777777768 0.05111111111111103 0.08499999999999987
0.07058823529411751 0.06666666666666651 0.08627450980392141 0.06274509803921555 0.07320261437908482 0.06862745098039201 0.06013071895424824 0.06797385620915018 0.06405228758169922 0.0660130718954247 0.062091503267973726 0.06666666666666653 0.06209150326797373 0.06078431372549007 0.06209150326797373
0.07083333333333333 0.06736111111111111 0.07083333333333333 0.06666666666666667 0.06458333333333334 0.06666666666666667 0.06319444444444444 0.06736111111111111 0.06736111111111111 0.06458333333333334 0.06527777777777778 0.06666666666666667 0.06736111111111111 0.06666666666666667 0.06458333333333334
0.056084656084656 0.05873015873015866 0.05820105820105812 0.12645502645502632 0.0555555555555555 0.05449735449735442 0.07724867724867716 0.05555555555555547 0.05714285714285706 0.05661375661375653 0.05132275132275125 0.08994708994708993 0.054497354497354454 0.065079365079365 0.08306878306878296
0.06388888888888888 0.06319444444444444 0.06458333333333334 0.0625 0.06319444444444444 0.06458333333333334 0.10347222222222222 0.06319444444444444 0.06319444444444444 0.06388888888888888 0.06805555555555555 0.06388888888888888 0.06527777777777778 0.06458333333333334 0.0625
0.05833333333333324 0.07722222222222215 0.05555555555555547 0.05555555555555547 0.05611111111111102 0.11333333333333334 0.05055555555555547 0.071111111111111 0.05499999999999991 0.05999999999999993 0.06111111111111102 0.05833333333333324 0.05777777777777769 0.05444444444444435 0.11555555555555552
0.05256410256410252 0.047008547008546966 0.06495726495726489 0.042735042735042694 0.04529914529914526 0.07478632478632471 0.08888888888888878 0.04487179487179485 0.04102564102564098 0.04786324786324783 0.18803418803418784 0.04401709401709397 0.12863247863247848 0.04188034188034184 0.04743589743589739
0.06666666666666667 0.06805555555555555 0.06458333333333334 0.06597222222222222 0.06388888888888888 0.07430555555555556 0.06319444444444444 0.06597222222222222 0.06458333333333334 0.06666666666666667 0.06944444444444445 0.06458333333333334 0.07152777777777777 0.06388888888888888 0.06666666666666667
0.0574074074074073 0.07283950617283938 0.1709876543209874 0.05679012345679002 0.06666666666666655 0.05740740740740729 0.05555555555555545 0.0617283950617283 0.05555555555555545 0.05679012345679001 0.05555555555555545 0.05925925925925916 0.05987654320987644 0.05740740740740729 0.05617283950617273
0.058479532163742666 0.05672514619883042 0.05614035087719298 0.07426900584795323 0.05555555555555554 0.05555555555555555 0.05497076023391812 0.05614035087719297 0.05555555555555555 0.055555555555555546 0.05497076023391812 0.0590643274853801 0.052631578947368425 0.19649122807017538 0.05789473684210525
0.10116959064327485 0.05380116959064327 0.05555555555555555 0.053801169590643266 0.08538011695906435 0.0543859649122807 0.05380116959064329 0.08654970760233921 0.07251461988304089 0.053801169590643266 0.054970760233918115 0.10877192982456138 0.05380116959064327 0.05438596491228069 0.057309941520467804
0.059876543209876426 0.05740740740740729 0.16234567901234545 0.058641975308641854 0.05987654320987642 0.061728395061728274 0.05617283950617273 0.05987654320987644 0.06296296296296285 0.05864197530864187 0.05864197530864187 0.06728395061728383 0.06172839506172829 0.05740740740740729 0.0574074074074073
0.06527777777777778 0.0625 0.11736111111111111 0.0625 0.0625 0.06388888888888888 0.06319444444444444 0.0625 0.0625 0.06319444444444444 0.0625 0.06319444444444444 0.06388888888888888 0.0625 0.0625
0.06319444444444444 0.0625 0.0625 0.06458333333333334 0.0625 0.0625 0.0625 0.06388888888888888 0.06319444444444444 0.11875 0.0625 0.06388888888888888 0.0625 0.0625 0.0625
0.06013071895424824 0.06405228758169922 0.11437908496732005 0.0594771241830064 0.06013071895424823 0.06209150326797373 0.05882352941176457 0.062091503267973726 0.05882352941176457 0.0614379084967319 0.06013071895424824 0.0660130718954247 0.0594771241830064 0.05882352941176457 0.09411764705882335
0.061437908496731884 0.06470588235294104 0.08954248366013058 0.0594771241830064 0.07124183006535935 0.06339869281045739 0.06013071895424824 0.0699346405228757 0.06013071895424823 0.06535947712418287 0.0614379084967319 0.0797385620915031 0.06535947712418287 0.06339869281045739 0.06470588235294104
0.0594771241830064 0.06013071895424823 0.10915032679738539 0.05882352941176457 0.06013071895424824 0.05882352941176457 0.05882352941176457 0.0614379084967319 0.060784313725490056 0.0594771241830064 0.0594771241830064 0.0594771241830064 0.05882352941176457 0.05882352941176457 0.11633986928104552
0.0625 0.0625 0.0625 0.0625 0.0625 0.0625 0.0625 0.06388888888888888 0.0625 0.06319444444444444 0.0625 0.0625 0.0625 0.0625 0.12291666666666666
0.06875 0.07083333333333333 0.07013888888888889 0.06458333333333334 0.06597222222222222 0.06527777777777778 0.06319444444444444 0.06805555555555555 0.06597222222222222 0.07013888888888889 0.06597222222222222 0.06458333333333334 0.06805555555555555 0.06319444444444444 0.06527777777777778
0.0625 0.06319444444444444 0.0625 0.0625 0.0625 0.0625 0.0625 0.0625 0.0625 0.06388888888888888 0.0625 0.12152777777777778 0.0625 0.0625 0.06388888888888888
0.05396825396825389 0.05291005291005284 0.053968253968253894 0.10105820105820096 0.16772486772486747 0.05502645502645495 0.05079365079365073 0.058201058201058135 0.07354497354497348 0.05396825396825389 0.056084656084656015 0.05185185185185177 0.053968253968253874 0.0634920634920634 0.053439153439153356
0.05864197530864187 0.059876543209876426 0.05925925925925916 0.0574074074074073 0.06049382716049371 0.059876543209876426 0.05864197530864187 0.06543209876543199 0.05617283950617273 0.16975308641975284 0.06296296296296283 0.05617283950617273 0.05925925925925915 0.058641975308641854 0.05740740740740729
0.06339869281045739 0.062091503267973726 0.06470588235294103 0.07058823529411751 0.06601307189542471 0.06535947712418287 0.062091503267973726 0.06339869281045737 0.06666666666666653 0.10326797385620896 0.06405228758169922 0.06078431372549007 0.06535947712418287 0.0614379084967319 0.06078431372549007
0.06319444444444444 0.0625 0.06319444444444444 0.0625 0.0625 0.06597222222222222 0.06319444444444444 0.06319444444444444 0.06458333333333334 0.1125 0.06458333333333334 0.06319444444444444 0.0625 0.06319444444444444 0.06319444444444444
0.062091503267973726 0.06862745098039202 0.06535947712418287 0.08431372549019593 0.06535947712418287 0.06274509803921555 0.08300653594771226 0.06078431372549007 0.062091503267973726 0.060784313725490056 0.06078431372549007 0.06666666666666653 0.0660130718954247 0.06993464052287567 0.061437908496731884
0.04177777777777781 0.055555555555555594 0.04088888888888891 0.04311111111111114 0.04133333333333336 0.047111111111111145 0.2706666666666668 0.04222222222222225 0.044444444444444474 0.04044444444444447 0.1373333333333332 0.04888888888888892 0.04177777777777781 0.044444444444444474 0.060000000000000046
0.07901234567901223 0.0796296296296295 0.07222222222222209 0.062345679012345556 0.07777777777777763 0.05864197530864187 0.05679012345679001 0.062345679012345584 0.05740740740740729 0.06481481481481469 0.05740740740740729 0.06481481481481469 0.08950617283950606 0.05802469135802457 0.05925925925925915
0.04444444444444452 0.08019323671497597 0.04444444444444452 0.0434782608695653 0.04541062801932375 0.04734299516908222 0.2763285024154588 0.04396135265700491 0.06425120772946867 0.0434782608695653 0.08840579710144941 0.04492753623188414 0.04492753623188413 0.04444444444444452 0.04396135265700491
0.048000000000000036 0.05111111111111115 0.05777777777777782 0.045333333333333364 0.0546666666666667 0.055555555555555594 0.14799999999999985 0.04888888888888892 0.13822222222222225 0.04755555555555558 0.10844444444444443 0.05777777777777782 0.044888888888888916 0.047111111111111145 0.0466666666666667
0.05555555555555547 0.0849999999999999 0.05111111111111103 0.10611111111111096 0.05111111111111103 0.05888888888888882 0.08166666666666655 0.05555555555555547 0.05499999999999991 0.05222222222222214 0.07555555555555546 0.05888888888888879 0.054999999999999924 0.10555555555555543 0.05277777777777769
0.05882352941176457 0.05882352941176457 0.0594771241830064 0.059477124183006415 0.0594771241830064 0.05882352941176457 0.0934640522875815 0.05882352941176457 0.059477124183006415 0.05882352941176457 0.08562091503267957 0.059477124183006415 0.0594771241830064 0.11111111111111087 0.05882352941176457
0.059876543209876426 0.10061728395061724 0.06419753086419742 0.05925925925925914 0.05925925925925915 0.06234567901234556 0.05617283950617273 0.10308641975308631 0.0641975308641974 0.05925925925925915 0.05679012345679001 0.07716049382716034 0.06358024691358014 0.05617283950617273 0.058024691358024585
0.06736111111111111 0.06736111111111111 0.06319444444444444 0.06736111111111111 0.06527777777777778 0.07291666666666667 0.06319444444444444 0.06875 0.06458333333333334 0.06597222222222222 0.06597222222222222 0.06736111111111111 0.06805555555555555 0.06805555555555555 0.06458333333333334
0.058641975308641854 0.05679012345679002 0.05555555555555545 0.17283950617283925 0.05617283950617273 0.0574074074074073 0.05555555555555545 0.05679012345679001 0.058641975308641854 0.05740740740740729 0.05679012345679001 0.05864197530864187 0.05617283950617273 0.0870370370370369 0.05555555555555545
0.050793650793650724 0.05343915343915335 0.05238095238095231 0.17460317460317443 0.050264550264550185 0.05238095238095229 0.050264550264550185 0.056084656084655994 0.055555555555555476 0.04973544973544967 0.050264550264550185 0.06031746031746024 0.06455026455026446 0.12592592592592583 0.053439153439153377
0.05617283950617273 0.05679012345679001 0.09753086419753068 0.13456790123456772 0.05740740740740729 0.05555555555555545 0.05555555555555545 0.05679012345679001 0.05740740740740729 0.05679012345679001 0.05679012345679001 0.05617283950617273 0.05617283950617273 0.08950617283950602 0.05679012345679001
0.061437908496731884 0.05882352941176457 0.05882352941176457 0.0921568627450979 0.059477124183006415 0.05882352941176457 0.05882352941176457 0.05882352941176457 0.0614379084967319 0.05882352941176457 0.05882352941176457 0.06405228758169922 0.06013071895424824 0.12875816993464034 0.06078431372549007
0.05740740740740729 0.05555555555555545 0.05617283950617273 0.05679012345679001 0.05617283950617273 0.05679012345679001 0.05617283950617273 0.058641975308641854 0.05555555555555545 0.05679012345679001 0.05617283950617273 0.05679012345679002 0.06358024691358014 0.058024691358024585 0.19938271604938243
0.06274509803921555 0.0614379084967319 0.06013071895424824 0.09281045751633968 0.06013071895424823 0.06274509803921556 0.05882352941176457 0.06078431372549007 0.0614379084967319 0.059477124183006415 0.06013071895424824 0.062091503267973726 0.059477124183006415 0.06339869281045739 0.11437908496732001
0.059876543209876426 0.05987654320987644 0.05679012345679001 0.09629629629629612 0.05925925925925915 0.05740740740740729 0.05555555555555545 0.06234567901234556 0.058641975308641854 0.05925925925925914 0.05555555555555545 0.06111111111111099 0.05617283950617273 0.05802469135802457 0.14382716049382693
0.06234567901234556 0.11604938271604924 0.05740740740740729 0.05617283950617273 0.06296296296296285 0.058641975308641854 0.05617283950617273 0.10308641975308627 0.05802469135802457 0.0574074074074073 0.05740740740740729 0.059876543209876426 0.05555555555555545 0.05740740740740729 0.08148148148148136
0.0640522875816992 0.06274509803921555 0.0594771241830064 0.0614379084967319 0.0614379084967319 0.061437908496731905 0.061437908496731884 0.0633986928104574 0.11960784313725471 0.06339869281045737 0.05882352941176457 0.06209150326797373 0.06274509803921555 0.07058823529411752 0.06732026143790838
0.06388888888888888 0.06388888888888888 0.06388888888888888 0.06458333333333334 0.06458333333333334 0.06666666666666667 0.06319444444444444 0.07708333333333334 0.07013888888888889 0.06736111111111111 0.06319444444444444 0.06805555555555555 0.06805555555555555 0.06388888888888888 0.07152777777777777
0.045893719806763364 0.04830917874396142 0.06473429951690832 0.12657004830917878 0.04879227053140105 0.049758454106280284 0.05217391304347834 0.047826086956521824 0.08405797101449286 0.053140096618357564 0.04782608695652181 0.062318840579710245 0.04927536231884065 0.09661835748792275 0.12270531400966182
0.0625 0.06319444444444444 0.0625 0.0625 0.0625 0.0625 0.0625 0.0625 0.06319444444444444 0.0625 0.06319444444444444 0.06319444444444444 0.0625 0.0625 0.12222222222222222
0.06597222222222222 0.06597222222222222 0.06805555555555555 0.06597222222222222 0.06666666666666667 0.06805555555555555 0.06388888888888888 0.06736111111111111 0.06736111111111111 0.06597222222222222 0.06527777777777778 0.06944444444444445 0.06944444444444445 0.06527777777777778 0.06527777777777778
0.04898989898989899 0.053535353535353575 0.0494949494949495 0.0742424242424243 0.04595959595959594 0.04797979797979798 0.219191919191919 0.04797979797979798 0.05000000000000001 0.04848484848484849 0.09040404040404036 0.047474747474747475 0.05000000000000001 0.07727272727272731 0.04898989898989898
0.0625 0.0625 0.0625 0.08125 0.0625 0.0625 0.0625 0.0625 0.06388888888888888 0.0625 0.0625 0.0625 0.0625 0.10486111111111111 0.0625
0.04927536231884067 0.047826086956521824 0.07053140096618365 0.05990338164251217 0.11256038647342997 0.04879227053140105 0.08212560386473444 0.05748792270531411 0.11400966183574887 0.04492753623188413 0.08695652173913057 0.058937198067632944 0.048792270531401054 0.0705314009661837 0.047342995169082205
0.04537037037037031 0.04907407407407404 0.049537037037037046 0.06296296296296297 0.04398148148148143 0.0527777777777778 0.13148148148148145 0.045833333333333295 0.09027777777777772 0.048148148148148134 0.15879629629629627 0.0523148148148148 0.04768518518518515 0.07638888888888888 0.04537037037037034
0.05555555555555545 0.05679012345679002 0.07222222222222212 0.07160493827160483 0.10185185185185165 0.05617283950617273 0.05555555555555545 0.06234567901234558 0.0790123456790122 0.05740740740740729 0.05617283950617273 0.06975308641975295 0.05617283950617273 0.0932098765432097 0.05617283950617273
0.050555555555555465 0.10277777777777763 0.05499999999999991 0.05277777777777769 0.16000000000000003 0.0527777777777777 0.05722222222222214 0.05277777777777769 0.09444444444444443 0.05222222222222214 0.0527777777777777 0.05444444444444435 0.05611111111111103 0.05277777777777769 0.053333333333333253
0.05820105820105812 0.0539682539682539 0.05343915343915337 0.06666666666666658 0.05555555555555548 0.053968253968253894 0.09682539682539673 0.05343915343915337 0.05291005291005284 0.05291005291005284 0.14656084656084645 0.053968253968253874 0.05502645502645494 0.09417989417989409 0.052380952380952306
0.0625 0.0625 0.06319444444444444 0.06319444444444444 0.0625 0.0625 0.06458333333333334 0.0625 0.06319444444444444 0.0625 0.11944444444444445 0.0625 0.0625 0.06319444444444444 0.06319444444444444
0.06732026143790835 0.0699346405228757 0.0751633986928103 0.05882352941176457 0.06339869281045737 0.07908496732026128 0.06013071895424824 0.06405228758169923 0.062091503267973726 0.06339869281045739 0.06078431372549007 0.07058823529411752 0.07647058823529396 0.06405228758169923 0.06470588235294104
0.0466666666666667 0.04844444444444448 0.045777777777777806 0.07066666666666671 0.057333333333333375 0.04755555555555559 0.12355555555555547 0.046222222222222255 0.07644444444444451 0.05377777777777781 0.10044444444444448 0.04977777777777781 0.044444444444444474 0.11777777777777773 0.07111111111111115
0.09197530864197516 0.062345679012345556 0.062345679012345556 0.05864197530864187 0.061111111111111005 0.0574074074074073 0.05617283950617273 0.07345679012345664 0.08024691358024678 0.05740740740740729 0.058641975308641854 0.05864197530864187 0.05864197530864187 0.10308641975308622 0.05987654320987644
0.07569444444444444 0.06527777777777778 0.07013888888888889 0.06736111111111111 0.07013888888888889 0.06666666666666667 0.06458333333333334 0.06527777777777778 0.06388888888888888 0.06666666666666667 0.0625 0.06597222222222222 0.06527777777777778 0.06597222222222222 0.06458333333333334
0.0625 0.0625 0.0625 0.08125 0.0625 0.0625 0.0625 0.0625 0.06458333333333334 0.0625 0.0625 0.0625 0.0625 0.10416666666666667 0.0625
0.07345679012345667 0.061111111111110984 0.06975308641975296 0.06851851851851838 0.05987654320987644 0.06234567901234558 0.058024691358024585 0.06358024691358014 0.06049382716049371 0.06543209876543196 0.05925925925925915 0.06851851851851842 0.10987654320987637 0.061728395061728274 0.058024691358024585
0.12430555555555556 0.0625 0.0625 0.0625 0.0625 0.0625 0.0625 0.0625 0.0625 0.0625 0.0625 0.06319444444444444 0.0625 0.0625 0.0625
0.06458333333333334 0.06388888888888888 0.06458333333333334 0.06319444444444444 0.06319444444444444 0.06458333333333334 0.0625 0.06458333333333334 0.0625 0.0625 0.06388888888888888 0.06319444444444444 0.1111111111111111 0.06319444444444444 0.0625
0.05802469135802457 0.0574074074074073 0.05617283950617273 0.07469135802469123 0.09876543209876527 0.05740740740740729 0.05679012345679001 0.0574074074074073 0.09814814814814797 0.05679012345679001 0.05679012345679001 0.06111111111111099 0.05679012345679001 0.09629629629629613 0.05740740740740729
0.053439153439153356 0.053439153439153356 0.053968253968253894 0.05343915343915337 0.053968253968253915 0.10952380952380938 0.04973544973544967 0.061375661375661285 0.09047619047619038 0.09841269841269831 0.05185185185185179 0.05661375661375653 0.05714285714285705 0.09629629629629619 0.06031746031746027
0.05555555555555545 0.0574074074074073 0.059876543209876426 0.05617283950617273 0.05679012345679001 0.05617283950617273 0.05555555555555545 0.05740740740740729 0.16358024691358003 0.0574074074074073 0.05617283950617273 0.05679012345679001 0.05617283950617273 0.05740740740740729 0.09753086419753068
0.06319444444444444 0.08611111111111111 0.07847222222222222 0.0625 0.07569444444444444 0.0625 0.0625 0.06666666666666667 0.06319444444444444 0.06319444444444444 0.0625 0.06319444444444444 0.0625 0.06458333333333334 0.06319444444444444
