2.1689285492966438E-4 1.394311210262128E-4 1.394311210262128E-4 1.394311210262128E-4 1.394311210262128E-4 1.394311210262128E-4 1.394311210262128E-4 1.394311210262128E-4 1.394311210262128E-4 1.394311210262128E-4 1.394311210262128E-4 1.394311210262128E-4 1.394311210262128E-4 2.1689285492966403E-4 1.394311210262128E-4 1.394311210262128E-4 1.394311210262128E-4 1.394311210262128E-4 2.168928549296645E-4 0.9966071760550278 2.168928549296645E-4 2.9435458883311604E-4
4.297009281540055E-5 4.297009281540055E-5 4.297009281540055E-5 6.684236660173394E-5 4.297009281540055E-5 6.684236660173391E-5 9.071464038806752E-5 4.297009281540055E-5 2.3394828310606977E-4 9.071464038806766E-5 6.684236660173391E-5 6.684236660173394E-5 6.684236660173392E-5 1.145869141744016E-4 4.297009281540055E-5 9.07146403880676E-5 9.07146403880676E-5 6.684236660173402E-5 6.684236660173409E-5 0.35476108628394637 0.643758832741301 4.297009281540055E-5
6.684236660173391E-5 4.297009281540055E-5 6.68423666017341E-5 1.145869141744012E-4 6.684236660173392E-5 1.145869141744012E-4 6.684236660173394E-5 6.684236660173391E-5 1.3845918796073526E-4 9.07146403880676E-5 6.684236660173403E-5 9.07146403880676E-5 4.297009281540055E-5 9.071464038806751E-5 6.684236660173411E-5 1.1458691417440147E-4 9.071464038806773E-5 6.684236660173391E-5 6.684236660173391E-5 0.35693346319850267 0.6414432221840266 9.071464038806765E-5
2.5710245532844844E-4 2.5710245532844877E-4 9.641342074816823E-5 1.4997643227492879E-4 4.713545014354895E-4 0.0032030680893002606 0.39057076745082914 9.641342074816823E-5 0.0026138749625058996 1.499764322749287E-4 0.0011141106397566068 2.0353944380168887E-4 3.10665466855209E-4 1.4997643227492879E-4 0.2472361486052193 3.1066546685520896E-4 0.0016497407550242124 3.1066546685520885E-4 7.92732570596047E-4 0.34911299652911676 7.39169559069289E-4 2.0353944380168884E-4
0.002087872185911398 7.262164124909204E-4 4.236262406197039E-4 0.0011801016702977507 4.236262406197039E-4 7.262164124909219E-4 0.0016339869281045746 0.0013313967562333569 4.236262406197039E-4 7.262164124909215E-4 0.09679859598160255 4.236262406197039E-4 0.0010288065843621402 4.236262406197039E-4 0.6969862018881627 2.72331154684096E-4 5.749213265553116E-4 5.74921326555311E-4 5.749213265553114E-4 0.1916606148632292 4.236262406197048E-4 5.749213265553118E-4
2.993010440324661E-4 7.922674694977023E-5 1.2324160636630966E-4 7.922674694977023E-5 1.2324160636630966E-4 1.6725646578284885E-4 2.5528618461592695E-4 2.112713251993874E-4 0.002191939998943641 1.2324160636630966E-4 0.7790542087008575 1.6725646578284866E-4 3.873307628655433E-4 0.0022359548583601803 0.0031602669061075 1.6725646578284866E-4 1.2324160636630957E-4 7.922674694977023E-5 7.922674694977023E-5 0.21020616560150704 4.3134562228208255E-4 2.552861846159266E-4
1.2543903662819852E-4 2.6481574399286374E-4 1.9512739031053115E-4 1.2543903662819852E-4 8.920109271338603E-4 1.9512739031053115E-4 8.920109271338617E-4 3.345040976751964E-4 8.920109271338584E-4 1.9512739031053115E-4 8.920109271338604E-4 6.829458660868594E-4 2.6481574399286374E-4 2.6481574399286374E-4 4.0419245135752893E-4 1.9512739031053115E-4 1.9512739031053115E-4 1.2543903662819852E-4 2.6481574399286374E-4 0.5195824273847354 0.47289123041757275 1.2543903662819852E-4
1.437401178668971E-4 1.4374011786689707E-4 1.4374011786689667E-4 9.24043614858621E-5 1.9507587424793157E-4 1.4374011786689707E-4 1.9507587424793157E-4 1.4374011786689704E-4 2.4641163062896635E-4 5.03090412534137E-4 2.4641163062896613E-4 1.9507587424793117E-4 5.544261689151722E-4 4.004188997720691E-4 0.06046325386558248 1.950758742479315E-4 9.24043614858621E-5 9.24043614858621E-5 1.4374011786689686E-4 0.3492782192652827 0.5861927349637568 1.950758742479316E-4
2.455795677799611E-4 2.455795677799611E-4 2.455795677799611E-4 5.184457542021383E-4 2.455795677799611E-4 2.455795677799611E-4 2.455795677799611E-4 3.8201266099104986E-4 2.455795677799611E-4 3.8201266099104997E-4 2.455795677799611E-4 2.455795677799611E-4 2.455795677799611E-4 0.0010641781270464945 2.455795677799611E-4 2.455795677799611E-4 2.455795677799611E-4 0.993205631958086 2.455795677799611E-4 3.8201266099104997E-4 3.8201266099104997E-4 2.455795677799611E-4
2.664871384891579E-4 3.3661533282841036E-4 1.2623074981065412E-4 1.2623074981065412E-4 1.2623074981065412E-4 1.2623074981065412E-4 1.2623074981065412E-4 2.6648713848915817E-4 1.9635894414990598E-4 1.2623074981065412E-4 1.2623074981065412E-4 1.9635894414990598E-4 0.4518920586832731 1.9635894414990598E-4 1.2623074981065412E-4 1.96358944149906E-4 1.2623074981065412E-4 1.2623074981065412E-4 1.2623074981065412E-4 0.544741787988443 1.2623074981065412E-4 1.9635894414990598E-4
3.8201266099104997E-4 2.455795677799611E-4 2.455795677799611E-4 2.455795677799611E-4 2.455795677799611E-4 3.8201266099105024E-4 2.455795677799611E-4 2.455795677799611E-4 2.455795677799611E-4 3.8201266099104997E-4 2.455795677799611E-4 5.184457542021385E-4 2.455795677799611E-4 7.913119406243179E-4 2.455795677799611E-4 2.455795677799611E-4 3.8201266099104997E-4 0.9934784981445082 2.455795677799611E-4 2.455795677799611E-4 2.455795677799611E-4 2.455795677799611E-4
1.1659088259298105E-4 1.1659088259298113E-4 1.8946018421359432E-4 6.801134817923914E-5 6.801134817923925E-5 2.3803971862733638E-4 2.1374995142046534E-4 1.6517041700672314E-4 4.3721580972367915E-5 4.3721580972367915E-5 1.6517041700672323E-4 1.8946018421359432E-4 6.801134817923913E-5 0.40699448136489047 9.230111538611017E-5 1.8946018421359427E-4 2.623294858342076E-4 4.3721580972367915E-5 1.1659088259298128E-4 0.5904793828455948 9.23011153861101E-5 4.3721580972367915E-5
2.455795677799611E-4 2.455795677799611E-4 3.8201266099104986E-4 3.8201266099104997E-4 3.8201266099104997E-4 5.184457542021396E-4 2.455795677799611E-4 2.455795677799611E-4 2.455795677799611E-4 3.8201266099104986E-4 3.8201266099104986E-4 2.455795677799611E-4 2.455795677799611E-4 6.548788474132268E-4 2.455795677799611E-4 2.455795677799611E-4 2.455795677799611E-4 0.9930691988648748 3.8201266099104986E-4 5.184457542021379E-4 2.455795677799611E-4 2.455795677799611E-4
1.9149751053236318E-4 4.0427252223498893E-4 4.0427252223498855E-4 1.9149751053236318E-4 4.042725222349889E-4 4.042725222349886E-4 5.106600280863022E-4 4.0427252223498893E-4 0.018596536022809498 4.042725222349889E-4 2.97885016383676E-4 1.9149751053236318E-4 2.978850163836756E-4 1.9149751053236318E-4 0.002638410145112552 2.978850163836751E-4 9.362100514915535E-4 1.9149751053236318E-4 5.106600280863024E-4 0.306800289374016 6.17047533937616E-4 0.6651134090812375
1.007861318282604E-4 1.007861318282604E-4 1.007861318282604E-4 1.007861318282604E-4 1.007861318282604E-4 1.007861318282604E-4 1.5677842728840507E-4 1.5677842728840507E-4 1.5677842728840507E-4 1.567784272884051E-4 1.007861318282604E-4 1.007861318282604E-4 1.007861318282604E-4 2.1277072274854988E-4 2.687630182086952E-4 1.5677842728840507E-4 1.5677842728840507E-4 2.1277072274855042E-4 1.007861318282604E-4 0.3882953705570112 1.007861318282604E-4 0.6089610069654416
6.39889742075211E-4 3.117411563956161E-4 1.4766686355581826E-4 2.2970400997571717E-4 2.2970400997571717E-4 3.93778302815514E-4 5.578525956553128E-4 2.2970400997571717E-4 4.7581544923541225E-4 3.117411563956161E-4 0.0011321126205946041 2.2970400997571717E-4 1.4766686355581826E-4 3.117411563956161E-4 2.2970400997571717E-4 1.4766686355581826E-4 3.9377830281551454E-4 9.680383277548057E-4 3.9377830281551405E-4 0.5274004069042465 5.57852595655311E-4 0.46455995274660355
1.9417872618755652E-4 9.197939661515811E-5 9.197939661515811E-5 1.4307906140135712E-4 2.452783909737555E-4 1.4307906140135712E-4 1.4307906140135712E-4 1.4307906140135712E-4 1.9417872618755652E-4 9.197939661515811E-5 1.9417872618755622E-4 9.197939661515811E-5 1.4307906140135715E-4 2.452783909737557E-4 1.4307906140135712E-4 9.197939661515811E-5 9.197939661515811E-5 1.9417872618755652E-4 1.9417872618755622E-4 0.9965354427274947 4.496770501185512E-4 1.4307906140135712E-4
4.137018037398638E-5 4.137018037398638E-5 6.435361391508995E-5 1.3330391453840077E-4 1.562873480795045E-4 0.0022247963667788285 8.733704745619354E-5 2.4822108224391894E-4 6.435361391508996E-5 0.6513459098681669 4.320885505727463E-4 4.0910511703164305E-4 1.3330391453840077E-4 1.1032048099729743E-4 5.699891518193683E-4 8.733704745619351E-5 4.137018037398638E-5 2.0225421516171133E-4 6.435361391508996E-5 0.3428622648794748 6.15956018901575E-4 6.435361391508993E-5
9.641342074816823E-5 1.4997643227492879E-4 2.0353944380168903E-4 1.4997643227492854E-4 2.571024553284487E-4 1.4997643227492851E-4 9.641342074816823E-5 5.249175129622489E-4 9.641342074816823E-5 2.0353944380168895E-4 2.0353944380168857E-4 3.1066546685520896E-4 0.41997686077902047 5.249175129622495E-4 9.641342074816823E-5 2.57102455328449E-4 1.4997643227492879E-4 1.499764322749283E-4 1.4997643227492838E-4 0.39753395894930793 9.641342074816823E-5 0.1786219308394395
9.197939661515811E-5 1.9417872618755614E-4 9.197939661515811E-5 9.197939661515811E-5 3.985773853323522E-4 9.197939661515811E-5 2.9637805575995544E-4 1.9417872618755647E-4 2.963780557599546E-4 1.9417872618755652E-4 3.474777205461533E-4 9.197939661515811E-5 1.4307906140135715E-4 1.9417872618755652E-4 9.197939661515811E-5 1.9417872618755652E-4 2.452783909737556E-4 9.197939661515811E-5 9.197939661515811E-5 0.996279944403564 1.4307906140135712E-4 1.4307906140135712E-4
4.958066522126422E-4 1.596665490176305E-4 3.697541135145128E-4 4.958066522126421E-4 2.857190877157599E-4 1.1764903611825403E-4 3.277366006151363E-4 1.1764903611825404E-4 0.0049916805324459225 1.596665490176305E-4 1.596665490176305E-4 7.563152321887757E-5 7.563152321887757E-5 0.6501705911023716 2.437015748163834E-4 0.22642397351216006 2.857190877157599E-4 1.596665490176305E-4 1.596665490176305E-4 0.11364896889023347 1.1764903611825404E-4 9.579992941057831E-4
2.0818463002617192E-4 1.3383297644539596E-4 1.3383297644539596E-4 2.825362836069476E-4 1.3383297644539596E-4 1.3383297644539596E-4 1.3383297644539596E-4 1.3383297644539596E-4 0.630933261955746 4.312395907684991E-4 1.3383297644539596E-4 1.3383297644539596E-4 7.286462050916011E-4 2.825362836069476E-4 5.055912443492747E-4 1.3383297644539596E-4 1.3383297644539596E-4 2.8253628360694794E-4 8.029978586723775E-4 0.3637134189864383 1.3383297644539596E-4 3.5688793718772376E-4
0.0010170353419781328 3.813882532417995E-4 0.0012289177048902438 3.813882532417995E-4 0.0012289177048902442 8.051529790660215E-4 5.932706161539108E-4 0.0014408000678023552 0.001864564793626578 0.001440800067802355 8.05152979066022E-4 8.051529790660217E-4 5.932706161539108E-4 0.0020764471565386886 0.0016526824307144664 0.0012289177048902444 8.05152979066022E-4 3.813882532417995E-4 5.932706161539105E-4 0.9773709636409851 0.002076447156538688 0.001228917704890244
1.101512218917685E-4 1.8883066610017498E-4 1.101512218917685E-4 7.081149978756537E-5 1.4949094399597195E-4 3.0684983241278425E-4 1.1015122189176861E-4 3.461895545169871E-4 3.4618955451698723E-4 2.675101103085809E-4 1.1015122189176865E-4 1.1015122189176853E-4 1.888306661001748E-4 0.007860076476419802 1.1015122189176871E-4 1.888306661001746E-4 7.081149978756537E-5 3.068498324127841E-4 1.1015122189176867E-4 0.9881272718689519 5.03548442933798E-4 3.0684983241278425E-4
2.168928549296645E-4 1.394311210262128E-4 2.1689285492966422E-4 1.394311210262128E-4 1.394311210262128E-4 1.394311210262128E-4 2.168928549296645E-4 1.394311210262128E-4 1.394311210262128E-4 1.394311210262128E-4 1.394311210262128E-4 2.1689285492966403E-4 1.394311210262128E-4 7.591249922538259E-4 2.168928549296645E-4 2.1689285492966428E-4 2.9435458883311577E-4 1.394311210262128E-4 1.394311210262128E-4 0.9957550969820899 1.394311210262128E-4 2.168928549296644E-4
2.247263154515399E-4 2.2472631545153974E-4 4.655045105781883E-4 6.260233073292883E-4 2.2472631545153993E-4 2.247263154515399E-4 1.4446691707598955E-4 2.2472631545153966E-4 4.6550451057818796E-4 3.852451122026389E-4 3.8524511220263866E-4 3.0498571382708974E-4 2.2472631545153974E-4 0.2726251244020675 4.655045105781886E-4 2.2472631545153955E-4 3.8524511220263904E-4 6.260233073292881E-4 4.6550451057818845E-4 0.720151529744133 2.2472631545153955E-4 7.06282705704837E-4
2.2970400997571717E-4 3.9377830281551464E-4 2.2970400997571723E-4 4.75815449235413E-4 3.937783028155142E-4 4.758154492354134E-4 2.2970400997571717E-4 2.2970400997571717E-4 2.2970400997571717E-4 2.2970400997571717E-4 0.0029369298418323864 2.2970400997571717E-4 2.2970400997571717E-4 6.398897420752107E-4 2.2970400997571717E-4 3.117411563956161E-4 1.4766686355581826E-4 0.0013782240598542996 1.4766686355581826E-4 0.5224781781190522 1.4766686355581826E-4 0.4680055128962395
0.002174588381484928 8.062249441559727E-4 1.405346232932441E-4 7.322593529490076E-4 1.4053462329324408E-4 3.2544860131067036E-4 9.171733309664293E-4 1.7751741889672934E-4 1.7751741889672934E-4 3.624313969141556E-4 0.38772023254781873 1.4053462329324408E-4 2.514830101036999E-4 1.7751741889672934E-4 0.00291424429355464 3.624313969141556E-4 6.656903208627356E-5 6.952765573455227E-4 2.145002145002146E-4 0.5998535481294102 0.0015828636518291632 6.656903208627356E-5
0.002967359050445103 0.05846796351247386 0.0015935817122760738 0.0029673590504451027 0.006264424662050773 0.0010440707770084617 7.693153093746559E-4 0.0015935817122760734 0.002692603582811297 0.002967359050445103 7.693153093746559E-4 7.693153093746559E-4 4.945598417408499E-4 4.945598417408499E-4 0.0010440707770084613 0.002143092647543685 7.693153093746556E-4 0.0021430926475436854 0.0021430926475436854 0.9033410264864274 0.003242114518078909 0.0013188262446422678
5.804902504023859E-4 0.006649251959154602 3.166310456740291E-4 9.103142563128326E-4 1.847014433098499E-4 4.4856064803820754E-4 9.762790574949211E-4 2.506662444919398E-4 0.0015039974669516251 2.506662444919392E-4 3.166310456740285E-4 5.145254492202966E-4 0.001042243858677011 8.443494551307432E-4 0.6577218396263753 5.145254492202972E-4 4.48560648038208E-4 5.804902504023859E-4 0.003285047098868038 0.31879469115280096 3.1663104567402863E-4 0.0035489063035963925
3.80747609128985E-4 3.2475531366884044E-4 1.007861318282604E-4 1.567784272884051E-4 1.007861318282604E-4 1.007861318282604E-4 1.007861318282604E-4 1.007861318282604E-4 1.007861318282604E-4 1.5677842728840507E-4 2.6876301820869506E-4 1.5677842728840507E-4 1.5677842728840507E-4 2.6876301820869506E-4 2.687630182086958E-4 3.2475531366884044E-4 1.007861318282604E-4 3.8074760912898496E-4 1.007861318282604E-4 0.3899191471253556 2.1277072274854998E-4 0.6062173844878946
0.0020706924780891805 1.4446691707598955E-4 1.4446691707598955E-4 1.4446691707598955E-4 1.4446691707598955E-4 1.4446691707598955E-4 1.4446691707598955E-4 2.2472631545153966E-4 3.0498571382708953E-4 1.4446691707598955E-4 0.0011878390959581377 2.2472631545153993E-4 3.0498571382708953E-4 3.8524511220263834E-4 7.062827057048369E-4 1.4446691707598955E-4 1.4446691707598955E-4 1.4446691707598955E-4 1.4446691707598955E-4 0.516934733057241 0.4759221804873351 1.4446691707598955E-4
0.001187839095958139 2.2472631545153963E-4 1.4446691707598955E-4 1.4446691707598955E-4 3.049857138270903E-4 2.2472631545153955E-4 4.6550451057818915E-4 1.4446691707598955E-4 3.049857138270899E-4 1.4446691707598955E-4 7.865421040803899E-4 1.4446691707598955E-4 2.2472631545153993E-4 3.0498571382708964E-4 3.049857138270899E-4 1.4446691707598955E-4 1.4446691707598955E-4 1.4446691707598955E-4 4.655045105781888E-4 0.5248804134964201 0.4690198722270376 1.4446691707598955E-4
1.5109584247860827E-4 3.49906161529407E-4 3.4990616152940756E-4 1.5109584247860821E-4 1.510958424786083E-4 7.157171485828811E-5 1.113337786684482E-4 1.9085790628876775E-4 0.006791360498775319 5.089544167700487E-4 1.510958424786081E-4 1.510958424786083E-4 0.0015825301396443687 5.884785443903682E-4 2.30619970098928E-4 1.5109584247860827E-4 1.9085790628876797E-4 1.510958424786081E-4 3.4990616152940805E-4 0.5850908165537427 0.40234437128224704 1.9085790628876783E-4
0.5875120662500639 7.620789513793621E-5 7.620789513793621E-5 7.620789513793621E-5 1.608833341800876E-4 1.608833341800876E-4 1.1854561465901188E-4 7.620789513793621E-5 2.8789649274331533E-4 7.620789513793621E-5 1.608833341800875E-4 1.6088333418008758E-4 1.1854561465901193E-4 1.608833341800875E-4 2.8789649274331495E-4 7.620789513793621E-5 2.0322105370116362E-4 2.4555877322223895E-4 7.620789513793621E-5 0.4097359819810667 7.620789513793621E-5 7.620789513793621E-5
0.5867499872986847 1.1854561465901176E-4 7.620789513793621E-5 7.620789513793621E-5 1.6088333418008748E-4 1.1854561465901174E-4 1.1854561465901176E-4 7.620789513793621E-5 1.1854561465901193E-4 1.1854561465901193E-4 7.620789513793621E-5 7.620789513793621E-5 1.1854561465901193E-4 7.620789513793621E-5 1.6088333418008764E-4 1.1854561465901176E-4 7.620789513793621E-5 2.0322105370116383E-4 1.1854561465901176E-4 0.4109214381276566 1.1854561465901189E-4 2.0322105370116356E-4
8.493921537399793E-4 1.1944577161968459E-4 1.1944577161968459E-4 1.1944577161968459E-4 1.1944577161968459E-4 2.52163295641556E-4 1.1944577161968459E-4 3.18522057652492E-4 0.002375643679991506 1.1944577161968459E-4 1.1944577161968459E-4 9.157509157509144E-4 3.18522057652492E-4 0.9897940224027189 3.185220576524921E-4 3.185220576524919E-4 1.1944577161968459E-4 2.52163295641556E-4 9.157509157509142E-4 0.0019774911079258896 1.8580453363062019E-4 2.521632956415561E-4
2.68027135436884E-4 8.318083513558457E-5 8.318083513558457E-5 1.2939241021090947E-4 0.5355367012329248 2.68027135436884E-4 1.7560398528623425E-4 2.2181556036155915E-4 1.2939241021090947E-4 2.68027135436884E-4 1.2939241021090947E-4 1.2939241021090947E-4 1.2939241021090947E-4 8.318083513558457E-5 1.2939241021090941E-4 8.318083513558457E-5 1.2939241021090936E-4 2.218155603615592E-4 1.7560398528623425E-4 0.4613209116619531 2.2181556036155917E-4 8.318083513558457E-5
0.0012154220129850163 0.001215422012985016 9.07720237545771E-4 0.001061571125265394 0.002907781777900859 0.0019077510077233153 0.0010615711252653943 0.002446229114741993 0.010215698944582862 5.230930182467169E-4 0.0026770054463214257 7.538693498261499E-4 8.307947936859607E-4 3.69242130527093E-4 5.230930182467153E-4 0.005292470537555004 0.0030616326656204814 0.0015231237884242607 8.307947936859597E-4 0.950167697467614 0.0020616018954429383 0.008446413735807252
2.218155603615592E-4 1.7560398528623412E-4 1.2939241021090928E-4 8.318083513558457E-5 0.5373851642359377 2.218155603615592E-4 8.318083513558457E-5 8.318083513558457E-5 8.318083513558457E-5 1.7560398528623414E-4 8.318083513558457E-5 1.7560398528623425E-4 8.318083513558457E-5 2.68027135436884E-4 1.293924102109093E-4 8.318083513558457E-5 8.318083513558457E-5 1.7560398528623433E-4 1.7560398528623414E-4 0.4598883528346179 8.318083513558457E-5 1.2939241021090925E-4
2.08285995607059E-4 6.627281678406446E-5 2.5562372188139154E-4 4.2603953646898434E-5 8.99416799212302E-5 7.05332121487542E-4 4.2603953646898434E-5 1.1361054305839565E-4 6.627281678406427E-5 4.2603953646898434E-5 1.6094826933272716E-4 8.994167992123005E-5 3.0296144815572334E-4 8.99416799212302E-5 0.7489254336135726 8.99416799212302E-5 6.627281678406434E-5 4.2603953646898434E-5 6.627281678406446E-5 0.2484473225782019 4.2603953646898434E-5 4.2603953646898434E-5
1.7937679376793772E-4 1.153136531365315E-4 3.0750307503075E-4 5.637556375563748E-4 4.3562935629356213E-4 1.7937679376793772E-4 6.278187781877813E-4 1.7937679376793772E-4 1.153136531365315E-4 6.278187781877818E-4 0.00101219762197622 1.153136531365315E-4 3.0750307503074956E-4 2.4343993439934414E-4 1.153136531365315E-4 1.7937679376793772E-4 1.153136531365315E-4 1.153136531365315E-4 1.7937679376793772E-4 0.9939268142681416 1.153136531365315E-4 2.434399343993437E-4
4.3562935629356213E-4 4.996924969249684E-4 3.7156621566215576E-4 1.153136531365315E-4 3.075030750307502E-4 1.153136531365315E-4 3.715662156621558E-4 2.4343993439934333E-4 4.356293562935629E-4 2.4343993439934346E-4 9.481344813448162E-4 1.153136531365315E-4 1.7937679376793774E-4 1.153136531365315E-4 4.356293562935625E-4 4.3562935629356213E-4 5.637556375563748E-4 2.4343993439934327E-4 1.153136531365315E-4 0.993350246002459 1.7937679376793772E-4 1.7937679376793774E-4
0.0015495867768595035 0.001119146005509647 5.452249770431584E-4 5.452249770431584E-4 2.582644628099168E-4 2.582644628099168E-4 6.88705234159779E-4 6.887052341597791E-4 5.452249770431585E-4 4.017447199265376E-4 4.017447199265376E-4 5.452249770431582E-4 5.452249770431585E-4 2.582644628099168E-4 4.017447199265376E-4 0.0011191460055096447 0.0014061065197428836 0.0021235078053259823 0.4362947658402204 0.5489267676767675 9.756657483930242E-4 4.017447199265376E-4
9.149654028707033E-4 5.575570423743346E-4 2.001486818779666E-4 2.001486818779664E-4 2.0014868187796667E-4 0.0017012637959627186 2.7163035397724115E-4 2.7163035397724126E-4 1.2866700977869257E-4 3.4311202607651455E-4 0.8748498884885915 1.2866700977869257E-4 1.2866700977869257E-4 0.0018442271401612623 5.575570423743338E-4 4.860753702750618E-4 1.2866700977869257E-4 2.0014868187796643E-4 2.7163035397724034E-4 0.11564304912220504 7.720020586721545E-4 2.0014868187796634E-4
0.537054894817672 4.285867352405442E-4 2.5000892889031733E-4 6.964534447658845E-4 3.392978320654308E-4 6.964534447658845E-4 1.60720025715204E-4 5.178756384156575E-4 1.60720025715204E-4 1.60720025715204E-4 3.3929783206543073E-4 2.500089288903174E-4 9.643201542912281E-4 1.60720025715204E-4 1.60720025715204E-4 1.60720025715204E-4 5.178756384156575E-4 9.643201542912261E-4 4.285867352405442E-4 0.4542840815743421 2.500089288903174E-4 0.00105360905746634
2.552116913819038E-4 1.8805071996561346E-4 2.5521169138190353E-4 1.2088974854932287E-4 3.223726627981946E-4 1.2088974854932287E-4 2.5521169138190396E-4 2.552116913819039E-4 0.41551149795830633 1.8805071996561319E-4 1.8805071996561297E-4 1.8805071996561319E-4 1.2088974854932287E-4 0.0010611433483773906 1.88050719965613E-4 3.22372662798194E-4 3.2237266279819444E-4 3.223726627981942E-4 7.924994627122267E-4 0.5787126584998927 1.2088974854932287E-4 1.8805071996561343E-4
3.3143614711193386E-4 1.600036572264511E-4 1.6000365722645127E-4 1.0285949393129007E-4 2.1714782052161197E-4 2.742919838167726E-4 2.7429198381677286E-4 2.1714782052161148E-4 0.4781709296212483 2.742919838167728E-4 4.4572447370225525E-4 2.1714782052161176E-4 1.0285949393129007E-4 7.885894534732218E-4 1.6000365722645116E-4 1.0285949393129007E-4 1.6000365722645108E-4 1.0285949393129007E-4 1.600036572264511E-4 0.5170861048252531 2.7429198381677254E-4 2.1714782052161148E-4
8.113684308134563E-5 5.2159399123722055E-5 2.260240628694627E-4 5.2159399123722055E-5 8.113684308134549E-5 0.0014140992651320214 2.2602406286946285E-4 8.113684308134545E-5 5.2159399123722055E-5 2.2602406286946293E-4 8.113684308134549E-5 8.113684308134544E-5 1.101142870389686E-4 0.0018777383684539955 1.3909173099659205E-4 2.2602406286946256E-4 3.998887266152029E-4 8.113684308134563E-5 1.390917309965924E-4 0.9940654194774795 1.9704661891183932E-4 1.1011428703896868E-4
1.2522585377198182E-4 8.050233456770238E-5 1.2522585377198185E-4 8.050233456770238E-5 1.2522585377198168E-4 1.2522585377198168E-4 1.699493729762611E-4 1.2522585377198182E-4 8.050233456770238E-5 1.2522585377198157E-4 1.6994937297626133E-4 1.6994937297626106E-4 1.2522585377198187E-4 1.699493729762607E-4 8.050233456770238E-5 1.2522585377198168E-4 1.2522585377198168E-4 8.050233456770238E-5 8.050233456770238E-5 0.9974149805899915 2.1467289218053988E-4 8.050233456770238E-5
0.013888888888888862 0.02160493827160491 0.013888888888888862 0.12962962962962987 0.02160493827160491 0.07561728395061743 0.037037037037037 0.029320987654320948 0.029320987654320944 0.037037037037037 0.037037037037037 0.037037037037037 0.04475308641975306 0.02160493827160491 0.11419753086419777 0.029320987654320962 0.02160493827160491 0.029320987654320944 0.029320987654320944 0.15277777777777798 0.0216049382716049 0.05246913580246915
8.050233456770238E-5 8.050233456770238E-5 8.050233456770238E-5 2.5939641138481956E-4 1.2522585377198187E-4 1.6994937297626077E-4 1.2522585377198182E-4 1.699493729762609E-4 8.050233456770238E-5 8.050233456770238E-5 8.050233456770238E-5 8.050233456770238E-5 2.5939641138481945E-4 2.1467289218054023E-4 2.593964113848192E-4 8.050233456770238E-5 8.050233456770238E-5 8.050233456770238E-5 1.69949372976261E-4 0.9972808100323786 8.050233456770238E-5 8.050233456770238E-5
0.3815401494891312 1.6000365722645108E-4 2.171478205216115E-4 1.0285949393129007E-4 2.1714782052161208E-4 5.028686369974161E-4 3.885803104070944E-4 3.314361471119336E-4 1.600036572264512E-4 3.3143614711193353E-4 1.6000365722645116E-4 6.171569635877384E-4 3.314361471119341E-4 0.3189101465176349 1.6000365722645116E-4 2.171478205216114E-4 2.742919838167718E-4 1.0285949393129007E-4 2.7429198381677254E-4 0.29422386797412536 3.8858031040709437E-4 3.885803104070941E-4
0.0021395259387470555 0.002500120198086451 0.0021395259387470564 0.011034184335785352 0.0012981393336218075 3.365546420500981E-4 0.001177941247175344 4.5675272849656125E-4 0.0010577431607288808 0.00105774316072888 0.0014183374200682736 9.375450742824166E-4 0.0018991297658541271 9.375450742824162E-4 9.375450742824169E-4 0.0031011106303187757 0.0022597240251935233 3.365546420500985E-4 0.0011779412471753436 0.959637482571278 8.173469878359525E-4 0.0033415068032117035
0.4001061993893535 4.2037258285764883E-4 5.309969467675562E-4 3.0974821894774133E-4 1.9912385503783345E-4 1.9912385503783345E-4 4.2037258285764916E-4 3.0974821894774176E-4 1.9912385503783345E-4 1.9912385503783345E-4 1.9912385503783345E-4 4.2037258285764953E-4 1.9912385503783345E-4 0.3526483472720034 1.9912385503783345E-4 1.9912385503783345E-4 3.097482189477417E-4 1.9912385503783345E-4 5.309969467675568E-4 0.2418027346342758 1.9912385503783345E-4 1.9912385503783345E-4
8.406893652795272E-4 4.904021297463929E-4 4.904021297463924E-4 3.1525851197982286E-4 3.1525851197982286E-4 3.1525851197982286E-4 3.1525851197982286E-4 3.1525851197982286E-4 8.406893652795294E-4 3.1525851197982286E-4 8.406893652795304E-4 6.655457475129604E-4 6.655457475129617E-4 0.21994535519125671 3.1525851197982286E-4 3.1525851197982286E-4 3.1525851197982286E-4 4.904021297463915E-4 0.6868782401569287 0.083858764186633 3.1525851197982286E-4 8.406893652795268E-4
1.405346232932441E-4 1.0355182768975881E-4 1.4053462329324408E-4 2.145002145002146E-4 3.254486013106704E-4 3.6243139691415565E-4 1.0355182768975881E-4 2.1450021450021458E-4 1.4053462329324408E-4 1.7751741889672934E-4 1.405346232932441E-4 1.7751741889672934E-4 5.47345374931582E-4 1.4053462329324408E-4 3.994141925176409E-4 0.4879436086332639 6.656903208627356E-5 2.145002145002146E-4 1.7751741889672934E-4 0.5076924214855251 3.624313969141556E-4 2.145002145002146E-4
5.61104253170239E-5 4.6135238593997404E-4 3.678350104116007E-4 1.808002593548548E-4 5.61104253170239E-5 1.808002593548547E-4 1.8080025935485492E-4 1.4962780084539705E-4 1.4962780084539737E-4 2.1197271786431283E-4 8.72828838264815E-5 1.1845534233593964E-4 1.4962780084539732E-4 1.1845534233593947E-4 0.313464008279405 3.0549009339268525E-4 8.728288382648163E-5 1.808002593548548E-4 3.9900746892105823E-4 0.6500018703475108 3.3666255190214356E-4 0.032756019401738216
1.247238258142685E-4 8.017960230917264E-5 1.247238258142685E-4 2.5835649632955504E-4 2.1381227282445977E-4 2.1381227282445985E-4 1.6926804931936438E-4 1.247238258142685E-4 2.5835649632955575E-4 8.017960230917264E-5 1.2472382581426854E-4 1.247238258142685E-4 1.247238258142685E-4 1.6926804931936438E-4 1.6926804931936435E-4 1.6926804931936438E-4 1.2472382581426854E-4 1.247238258142685E-4 1.6926804931936438E-4 0.33812629178248155 1.247238258142685E-4 0.6588001567956667
3.4484010308904214E-4 2.5409270753929406E-4 0.31269737558532074 1.6334531198954584E-4 3.448401030890425E-4 3.4484010308904203E-4 0.0011615666630367663 6.170822897382853E-4 3.448401030890425E-4 1.6334531198954584E-4 1.6334531198954584E-4 3.4484010308904214E-4 7.985770808377801E-4 6.170822897382853E-4 4.355874986387903E-4 2.5409270753929444E-4 3.448401030890415E-4 2.540927075392943E-4 1.6334531198954584E-4 0.6768666739264586 6.170822897382859E-4 0.002704272387382488
5.1488003295232196E-5 8.009244957036107E-5 1.0869689584549013E-4 5.1488003295232196E-5 1.0869689584549023E-4 2.517191272211341E-4 8.009244957036102E-5 8.009244957036102E-5 0.44628084989530775 8.009244957036121E-5 5.1488003295232196E-5 1.6590578839574852E-4 1.0869689584549027E-4 0.003684252680236625 5.1488003295232196E-5 8.009244957036096E-5 5.1488003295232196E-5 2.231146809460057E-4 8.009244957036121E-5 0.5481412830810422 1.0869689584549035E-4 8.009244957036098E-5
1.4163833899886677E-4 3.7492501499700016E-5 1.4163833899886655E-4 7.915083649936691E-5 7.915083649936703E-5 7.915083649936687E-5 7.915083649936684E-5 2.4578417649803356E-4 5.83216689995335E-5 1.4163833899886655E-4 1.208091714990335E-4 0.23334499766713326 2.0412584149836647E-4 3.7492501499700016E-5 2.4578417649803334E-4 7.915083649936706E-5 0.0018704592414850384 9.99800039992001E-5 5.832166899953347E-5 0.761676831300406 3.7492501499700016E-5 0.001141438378990871
6.655457475129616E-4 6.655457475129617E-4 3.1525851197982286E-4 3.1525851197982286E-4 4.904021297463921E-4 3.1525851197982286E-4 3.1525851197982286E-4 3.1525851197982286E-4 0.0025921255429452207 4.904021297463928E-4 0.0010158329830460963 4.904021297463926E-4 4.904021297463921E-4 0.22432394563542096 4.904021297463928E-4 4.904021297463928E-4 3.1525851197982286E-4 3.1525851197982286E-4 0.6805730699173321 0.08438419503993273 3.1525851197982286E-4 3.1525851197982286E-4
0.07854574588658304 1.8564114589439965E-4 3.3219994528471415E-4 2.3449407902450452E-4 0.0011626998084965012 7.230234103255552E-4 3.810528784148193E-4 3.3219994528471415E-4 0.06354789541564067 1.3678821276429465E-4 3.32199945284715E-4 4.299058115449245E-4 5.276116778051355E-4 8.793527963418917E-5 0.06169148395669661 8.793527963418917E-5 1.3678821276429467E-4 8.793527963418917E-5 4.299058115449243E-4 0.5779204283425178 3.810528784148193E-4 0.21230507679681088
0.0013874436351023214 0.0013874436351023216 0.0022545959070412753 0.039831194357729215 0.008324661810613945 5.202913631633718E-4 5.202913631633718E-4 5.202913631633718E-4 0.0019655451497282875 0.001965545149728289 0.001098392877789338 5.202913631633718E-4 8.093421204763558E-4 0.0025436466643542566 0.004567001965545155 0.002832697421667243 0.001098392877789337 0.0013874436351023224 0.0022545959070412757 0.9225922071915834 8.093421204763556E-4 8.093421204763558E-4
3.86761699541411E-4 2.4863252113376417E-4 2.4863252113376417E-4 2.4863252113376417E-4 2.4863252113376417E-4 2.4863252113376417E-4 2.4863252113376417E-4 2.4863252113376417E-4 2.4863252113376417E-4 2.4863252113376417E-4 3.867616995414108E-4 2.4863252113376417E-4 2.4863252113376417E-4 3.8676169954141113E-4 2.4863252113376417E-4 2.4863252113376417E-4 2.4863252113376417E-4 0.9940880711641538 2.4863252113376417E-4 2.4863252113376417E-4 3.867616995414108E-4 3.867616995414112E-4
2.4863252113376417E-4 2.4863252113376417E-4 2.4863252113376417E-4 3.8676169954141157E-4 2.4863252113376417E-4 2.4863252113376417E-4 2.4863252113376417E-4 2.4863252113376417E-4 2.4863252113376417E-4 2.4863252113376417E-4 3.867616995414108E-4 2.4863252113376417E-4 2.4863252113376417E-4 3.8676169954141097E-4 2.4863252113376417E-4 2.4863252113376417E-4 2.4863252113376417E-4 0.9940880711641538 2.4863252113376417E-4 5.248908779490596E-4 2.4863252113376417E-4 2.4863252113376417E-4
1.6388069485414634E-4 1.2973888342619926E-4 9.559707199825214E-5 1.2973888342619918E-4 5.052988091336165E-4 4.370151862777219E-4 3.345897519938806E-4 1.638806948541464E-4 6.145526057030486E-5 1.2973888342619926E-4 1.2973888342619928E-4 3.687315634218283E-4 1.6388069485414637E-4 6.145526057030486E-5 0.09176636075603627 1.6388069485414624E-4 1.638806948541464E-4 9.559707199825202E-5 1.297388834261992E-4 0.9043756145526061 3.6873156342182847E-4 6.145526057030486E-5
1.1991640113749294E-4 1.1991640113749294E-4 2.0557097337855929E-4 2.0557097337855937E-4 7.708911501695949E-5 2.0557097337855929E-4 7.708911501695949E-5 7.708911501695949E-5 7.708911501695949E-5 1.199164011374928E-4 7.708911501695949E-5 2.4839825949909223E-4 1.1991640113749263E-4 2.9122554561962553E-4 0.9967965189981841 7.708911501695949E-5 2.0557097337855888E-4 7.708911501695949E-5 7.708911501695949E-5 5.053619762222899E-4 1.1991640113749286E-4 1.1991640113749294E-4
7.708911501695949E-5 7.708911501695949E-5 1.199164011374929E-4 2.483982594990924E-4 1.1991640113749298E-4 1.199164011374929E-4 1.627436872580263E-4 1.6274368725802596E-4 1.1991640113749293E-4 2.0557097337855901E-4 7.708911501695949E-5 5.481892623428215E-4 1.6274368725802634E-4 2.9122554561962553E-4 0.9958543187035315 7.708911501695949E-5 1.627436872580261E-4 7.708911501695949E-5 7.708911501695949E-5 0.0010621166957892213 1.1991640113749294E-4 7.708911501695949E-5
1.497810553396944E-4 3.9647926413448526E-5 0.44255455995207016 3.9647926413448526E-5 1.4978105533969423E-4 1.718076811249437E-4 2.1586093269544216E-4 3.9647926413448526E-5 0.005854677133719215 1.0572780376919606E-4 3.9647926413448526E-5 6.167455219869784E-5 1.718076811249434E-4 0.003541881426268062 5.682869452594305E-4 8.370117798394714E-5 6.167455219869784E-5 2.599141842659407E-4 2.5991418426594075E-4 0.5453748491176134 1.0572780376919612E-4 1.497810553396942E-4
3.164135358379965E-4 1.498800959232617E-4 3.1641353583799597E-4 2.3314681588062873E-4 1.498800959232617E-4 1.498800959232617E-4 1.498800959232617E-4 1.498800959232617E-4 2.331468158806287E-4 1.498800959232617E-4 2.331468158806289E-4 2.3314681588062854E-4 2.3314681588062876E-4 0.9093391953104188 0.08583133493205443 3.996802557953634E-4 1.498800959232617E-4 3.164135358379961E-4 3.164135358379956E-4 3.996802557953637E-4 3.996802557953635E-4 1.498800959232617E-4
8.500148752603192E-5 1.5583606046439103E-4 0.18556533072662104 9.173077195517579E-4 4.958420105685174E-5 3.1875557822261834E-5 8.50014875260319E-5 8.641817898479883E-4 1.3812741722980107E-4 1.3812741722980102E-4 3.3292249281029044E-4 1.2041877399521117E-4 2.4437927663734056E-4 0.014871718588408675 2.6208791987193046E-4 1.7354470369898093E-4 8.500148752603172E-5 3.152138495757003E-4 2.443792766373405E-4 0.7949728703585645 1.9125334693357085E-4 1.5583606046439108E-4
7.224389539083945E-5 5.323234397219748E-5 1.4829010106540732E-4 5.323234397219748E-5 3.4220792553555514E-5 3.4220792553555514E-5 3.4220792553555514E-5 1.4829010106540732E-4 6.996250922060259E-4 1.1026699822812338E-4 4.5247492376368037E-4 9.847983634856544E-4 1.6730165248404926E-4 0.40442893101848687 9.125544680948141E-5 7.224389539083945E-5 1.6730165248404926E-4 1.8631320390269122E-4 0.4263492498041809 0.16543471813473867 9.125544680948141E-5 1.8631320390269122E-4
3.50566441566109E-4 1.6605778811026216E-4 2.5831211483818564E-4 1.6605778811026216E-4 1.6605778811026216E-4 3.505664415661092E-4 1.6605778811026216E-4 3.505664415661092E-4 1.6605778811026216E-4 1.6605778811026216E-4 1.6605778811026216E-4 3.505664415661092E-4 1.6605778811026216E-4 3.505664415661092E-4 3.5056644156610905E-4 0.9930071220340236 1.6605778811026216E-4 1.6605778811026216E-4 1.6605778811026216E-4 0.0023801616295804303 1.6605778811026216E-4 2.583121148381857E-4
2.5992503214862305E-4 2.599250321486229E-4 8.071356261457209E-4 6.019316533968088E-4 4.6512900489753415E-4 3.283263563982604E-4 1.9152370789898523E-4 1.2312238364934762E-4 1.2312238364934762E-4 0.4287942214561272 1.9152370789898507E-4 3.967276806478978E-4 2.5992503214862284E-4 1.9152370789898507E-4 0.0018331554898902834 1.2312238364934762E-4 1.2312238364934762E-4 6.019316533968088E-4 1.9152370789898553E-4 0.5629292183096664 6.019316533968082E-4 6.019316533968084E-4
4.3565219113249885E-4 8.91106754589198E-5 8.91106754589198E-5 1.8812253707994227E-4 2.871343987009651E-4 0.0014257708073427185 1.386166062694309E-4 1.881225370799422E-4 1.8812253707994227E-4 0.3122240044357314 8.91106754589198E-5 4.356521911324987E-4 1.8812253707994208E-4 1.8812253707994222E-4 4.851581219430092E-4 5.841699835640319E-4 1.386166062694309E-4 8.91106754589198E-5 1.386166062694307E-4 0.6820828135210595 1.3861660626943078E-4 1.881225370799422E-4
2.344940790245048E-4 1.3678821276429473E-4 1.8564114589439965E-4 8.793527963418917E-5 2.3449407902450433E-4 1.3678821276429432E-4 2.3449407902450468E-4 2.8334701215460966E-4 0.006536522452808113 1.8564114589439946E-4 2.833470121546097E-4 1.3678821276429435E-4 1.856411458943993E-4 0.0028236995349200755 1.3678821276429467E-4 3.321999452847141E-4 1.3678821276429467E-4 2.344940790245039E-4 8.207292765857652E-4 0.36433540469769793 1.367882127642947E-4 0.6221811857583931
3.1852205765249195E-4 6.503158677071721E-4 0.16495461060678476 0.0039682539682539784 0.12752826883261664 5.839571056962373E-4 9.821096777618504E-4 1.8580453363062054E-4 0.0018447735839040148 7.830333917290442E-4 0.002110208631947759 3.84880819663429E-4 6.503158677071731E-4 1.1944577161968459E-4 0.0015129797738493377 5.175983436853008E-4 0.0037691776822211635 0.06780538302277406 0.0017120560598821463 0.6177204438074002 0.00111482720178372 7.830333917290433E-4
6.546570951284487E-4 5.417851821752681E-4 2.0316944331572536E-4 2.0316944331572536E-4 3.1604135626890514E-4 4.289132692220869E-4 3.1604135626890514E-4 2.0316944331572536E-4 2.0316944331572536E-4 4.289132692220869E-4 3.160413562689061E-4 2.0316944331572536E-4 5.41785182175268E-4 0.3065375411982482 4.2891326922208744E-4 2.0316944331572536E-4 5.41785182175268E-4 2.0316944331572536E-4 3.160413562689053E-4 0.6865772721116076 3.160413562689055E-4 3.160413562689053E-4
5.395549601845645E-4 8.186351120041672E-4 2.6047480836496325E-4 2.604748083649626E-4 3.535015256381641E-4 1.674480910917615E-4 6.325816774577668E-4 0.0010977152638237688 6.325816774577651E-4 4.465282429113646E-4 5.395549601845656E-4 4.465282429113642E-4 2.6047480836496325E-4 0.03700602813127921 1.674480910917615E-4 1.674480910917615E-4 0.14007963086998582 0.002214035871102179 0.003330356478380589 0.809313834933393 4.4652824291136346E-4 8.186351120041664E-4
2.3969319271332706E-4 2.3969319271332706E-4 9.055076169170141E-4 0.0011718333865984895 3.728560775540639E-4 3.728560775540639E-4 3.7285607755406405E-4 3.728560775540639E-4 3.728560775540639E-4 6.391818472355366E-4 3.7285607755406405E-4 3.728560775540639E-4 2.3969319271332706E-4 5.060189623947992E-4 2.3969319271332706E-4 6.391818472355369E-4 2.3969319271332706E-4 7.723447320762746E-4 0.22248854799190376 0.7683232129540853 3.728560775540639E-4 3.728560775540639E-4
2.1391027991688068E-4 2.9030680845862404E-4 2.903068084586239E-4 4.4309986554210947E-4 9.014790367925668E-4 2.903068084586237E-4 3.6670333700036627E-4 9.014790367925657E-4 2.9030680845862377E-4 2.903068084586239E-4 2.139102799168809E-4 7.486859797090806E-4 1.375137513751376E-4 0.9817565089842321 1.375137513751376E-4 4.430998655421094E-4 0.004339322821171016 2.903068084586239E-4 2.903068084586237E-4 0.006784011734506797 3.6670333700036665E-4 2.1391027991688098E-4
0.002066892145809843 0.0014405611925341324 0.002380057622447697 0.0016493381769593705 0.0024844461146603172 3.966762704079514E-4 0.0035283310367865027 9.186187314710436E-4 3.966762704079514E-4 0.003632719528999125 0.0029020000835107934 6.054532548331881E-4 6.054532548331886E-4 7.098417470458063E-4 5.010647626205697E-4 0.001962503653597227 0.002484446114660313 5.010647626205701E-4 0.001231784208108899 0.966616560190405 0.0016493381769593712 0.001336172700321518
8.208052531536195E-4 8.208052531536196E-4 0.0023328149300155493 6.048038707447734E-4 0.002548816312424396 3.888024883359253E-4 0.0010368066355624656 8.208052531536196E-4 0.0014688094003801608 8.208052531536203E-4 0.0010368066355624672 6.048038707447745E-4 3.888024883359253E-4 8.208052531536195E-4 0.0036288232244686366 0.0010368066355624656 0.06000518403317787 6.048038707447741E-4 6.048038707447731E-4 0.9166666666666666 0.002548816312424398 3.888024883359253E-4
