0.05617283950617273 0.05679012345679001 0.0574074074074073 0.05555555555555545 0.058024691358024585 0.05555555555555545 0.05617283950617273 0.05617283950617273 0.2104938271604935 0.05617283950617273 0.05617283950617273 0.05740740740740729 0.05555555555555545 0.05679012345679001 0.05555555555555545
0.06666666666666654 0.06274509803921556 0.0594771241830064 0.06013071895424823 0.12483660130718932 0.060784313725490056 0.06274509803921556 0.06013071895424824 0.06405228758169922 0.06013071895424824 0.06013071895424823 0.0771241830065358 0.061437908496731884 0.059477124183006415 0.06013071895424824
0.06736111111111111 0.06527777777777778 0.06458333333333334 0.06388888888888888 0.09930555555555555 0.06388888888888888 0.06458333333333334 0.06597222222222222 0.06319444444444444 0.06388888888888888 0.0625 0.06388888888888888 0.06458333333333334 0.06319444444444444 0.06388888888888888
0.06797385620915018 0.0679738562091502 0.06862745098039202 0.06339869281045739 0.07058823529411752 0.06339869281045737 0.07058823529411751 0.06274509803921555 0.06274509803921556 0.06666666666666654 0.06535947712418289 0.06732026143790835 0.07124183006535934 0.06339869281045737 0.06797385620915018
0.12046783625730989 0.06081871345029236 0.0643274853801169 0.06140350877192982 0.061988304093567224 0.05847953216374265 0.08538011695906432 0.0573099415204678 0.05964912280701755 0.06900584795321635 0.06549707602339173 0.060233918128654966 0.05672514619883042 0.057309941520467846 0.061403508771929814
0.06388888888888888 0.07777777777777778 0.06736111111111111 0.06736111111111111 0.06388888888888888 0.07777777777777778 0.06597222222222222 0.06319444444444444 0.0625 0.06319444444444444 0.06388888888888888 0.06319444444444444 0.06805555555555555 0.06319444444444444 0.06875
0.06666666666666655 0.061728395061728294 0.06172839506172829 0.062345679012345556 0.06234567901234556 0.06358024691358012 0.06296296296296283 0.05617283950617273 0.058641975308641854 0.07037037037037026 0.061111111111111005 0.06111111111111099 0.062345679012345556 0.12654320987654305 0.06234567901234556
0.06875 0.06944444444444445 0.06805555555555555 0.06527777777777778 0.06944444444444445 0.06319444444444444 0.06736111111111111 0.06388888888888888 0.06666666666666667 0.06527777777777778 0.06527777777777778 0.06736111111111111 0.06875 0.06527777777777778 0.06597222222222222
0.11555555555555547 0.06333333333333327 0.06444444444444436 0.06611111111111101 0.06055555555555546 0.05999999999999993 0.06333333333333327 0.05666666666666658 0.05666666666666658 0.059999999999999915 0.0838888888888888 0.062222222222222116 0.061666666666666585 0.0538888888888888 0.07166666666666656
0.1071895424836599 0.06274509803921556 0.062091503267973726 0.06601307189542471 0.06013071895424824 0.060784313725490056 0.07058823529411751 0.062091503267973726 0.06013071895424824 0.06339869281045737 0.060784313725490056 0.06339869281045739 0.06209150326797371 0.06928104575163384 0.06928104575163385
0.07013888888888889 0.06666666666666667 0.06666666666666667 0.06736111111111111 0.07083333333333333 0.06458333333333334 0.06875 0.06388888888888888 0.06458333333333334 0.06597222222222222 0.06805555555555555 0.06527777777777778 0.06388888888888888 0.06527777777777778 0.06805555555555555
0.06736111111111111 0.06805555555555555 0.06597222222222222 0.06458333333333334 0.06458333333333334 0.06458333333333334 0.06666666666666667 0.06458333333333334 0.06458333333333334 0.08055555555555556 0.06805555555555555 0.06666666666666667 0.06319444444444444 0.06319444444444444 0.06736111111111111
0.0625 0.06319444444444444 0.0625 0.06458333333333334 0.0625 0.06319444444444444 0.07013888888888889 0.06319444444444444 0.0625 0.0625 0.0625 0.0625 0.1 0.07569444444444444 0.0625
0.0625 0.0625 0.0625 0.0625 0.0625 0.12083333333333333 0.06319444444444444 0.0625 0.0625 0.06319444444444444 0.06388888888888888 0.06319444444444444 0.0625 0.0625 0.06319444444444444
0.0574074074074073 0.05864197530864187 0.05864197530864187 0.05864197530864187 0.05617283950617273 0.05617283950617273 0.058024691358024585 0.05679012345679001 0.191975308641975 0.05617283950617273 0.058024691358024585 0.0574074074074073 0.05679012345679002 0.05679012345679001 0.062345679012345556
0.05882352941176457 0.059477124183006415 0.06078431372549007 0.05882352941176457 0.06013071895424823 0.05882352941176457 0.06013071895424823 0.05882352941176457 0.1686274509803919 0.05882352941176457 0.05882352941176457 0.05882352941176457 0.05882352941176457 0.059477124183006415 0.06078431372549007
0.06543209876543198 0.0648148148148147 0.05802469135802457 0.0604938271604937 0.1388888888888887 0.05925925925925914 0.06234567901234556 0.05740740740740729 0.05740740740740729 0.05925925925925915 0.05925925925925914 0.07716049382716039 0.06049382716049372 0.05864197530864187 0.061111111111111005
0.05679012345679002 0.05802469135802457 0.05679012345679001 0.05740740740740729 0.093827160493827 0.05740740740740729 0.05740740740740729 0.059876543209876426 0.15864197530864174 0.05555555555555545 0.05802469135802457 0.05802469135802457 0.05679012345679001 0.05679012345679001 0.058641975308641854
0.06274509803921555 0.06339869281045737 0.061437908496731884 0.061437908496731884 0.07450980392156849 0.06013071895424823 0.072549019607843 0.0594771241830064 0.06078431372549007 0.06274509803921556 0.06078431372549007 0.06274509803921557 0.0633986928104574 0.0934640522875815 0.08039215686274494
0.06597222222222222 0.07013888888888889 0.06458333333333334 0.06666666666666667 0.06527777777777778 0.06388888888888888 0.06597222222222222 0.06388888888888888 0.06458333333333334 0.08194444444444444 0.06458333333333334 0.06736111111111111 0.06458333333333334 0.06458333333333334 0.06597222222222222
0.06993464052287568 0.0679738562091502 0.06470588235294106 0.06993464052287568 0.06797385620915018 0.06535947712418287 0.06797385620915021 0.0614379084967319 0.06339869281045739 0.07647058823529397 0.062091503267973726 0.06470588235294106 0.06732026143790835 0.06862745098039202 0.062091503267973726
0.06736111111111111 0.06805555555555555 0.06805555555555555 0.06805555555555555 0.06458333333333334 0.06527777777777778 0.06666666666666667 0.06597222222222222 0.06319444444444444 0.06458333333333334 0.06388888888888888 0.06597222222222222 0.07569444444444444 0.06458333333333334 0.06805555555555555
0.06319444444444444 0.11180555555555556 0.06319444444444444 0.06388888888888888 0.0625 0.0625 0.06527777777777778 0.06388888888888888 0.0625 0.0625 0.06388888888888888 0.06388888888888888 0.06319444444444444 0.06388888888888888 0.06388888888888888
0.06388888888888888 0.06458333333333334 0.06319444444444444 0.0625 0.08958333333333333 0.06388888888888888 0.06597222222222222 0.0625 0.06944444444444445 0.06666666666666667 0.0625 0.07152777777777777 0.06597222222222222 0.0625 0.06527777777777778
0.06458333333333334 0.07013888888888889 0.06527777777777778 0.06597222222222222 0.06527777777777778 0.06388888888888888 0.06805555555555555 0.06597222222222222 0.06597222222222222 0.08125 0.06736111111111111 0.06527777777777778 0.06388888888888888 0.06319444444444444 0.06388888888888888
0.059999999999999894 0.06444444444444437 0.07333333333333328 0.06722222222222213 0.1155555555555556 0.05611111111111103 0.05944444444444437 0.05333333333333324 0.06722222222222216 0.05777777777777769 0.055555555555555476 0.07777777777777772 0.07555555555555546 0.0538888888888888 0.06277777777777767
0.06527777777777778 0.06944444444444445 0.06736111111111111 0.06597222222222222 0.06805555555555555 0.06597222222222222 0.06736111111111111 0.06527777777777778 0.06319444444444444 0.07013888888888889 0.06805555555555555 0.06597222222222222 0.06805555555555555 0.06458333333333334 0.06527777777777778
0.06432748538011697 0.07543859649122804 0.0631578947368421 0.06257309941520463 0.07485380116959063 0.057309941520467825 0.0824561403508772 0.05380116959064327 0.05847953216374267 0.09883040935672512 0.06257309941520463 0.06315789473684207 0.06023391812865494 0.06023391812865496 0.06257309941520467
0.06666666666666655 0.07098765432098753 0.06543209876543198 0.0648148148148147 0.0716049382716048 0.06419753086419742 0.08148148148148134 0.061728395061728274 0.058641975308641854 0.07283950617283938 0.06234567901234556 0.06604938271604928 0.06296296296296285 0.062345679012345556 0.06790123456790113
0.05882352941176457 0.05882352941176457 0.059477124183006415 0.05882352941176457 0.0594771241830064 0.06013071895424824 0.0614379084967319 0.06013071895424824 0.059477124183006415 0.06013071895424824 0.0594771241830064 0.05882352941176457 0.06013071895424824 0.16535947712418272 0.0594771241830064
0.06274509803921556 0.0640522875816992 0.0640522875816992 0.06339869281045737 0.06666666666666651 0.06013071895424823 0.06535947712418287 0.06274509803921555 0.06013071895424824 0.10196078431372528 0.06339869281045739 0.07189542483660116 0.06470588235294106 0.06601307189542469 0.06274509803921555
0.06111111111111103 0.06055555555555547 0.06222222222222213 0.06055555555555548 0.05777777777777767 0.05388888888888881 0.06166666666666658 0.05944444444444436 0.06111111111111103 0.05944444444444435 0.058333333333333244 0.06055555555555546 0.0577777777777777 0.16666666666666677 0.058888888888888796
0.06805555555555555 0.06597222222222222 0.06944444444444445 0.06805555555555555 0.06597222222222222 0.06666666666666667 0.06666666666666667 0.06319444444444444 0.06666666666666667 0.06666666666666667 0.06736111111111111 0.06597222222222222 0.06666666666666667 0.06666666666666667 0.06597222222222222
0.06535947712418287 0.06601307189542471 0.062091503267973726 0.06339869281045739 0.05882352941176457 0.06274509803921556 0.0640522875816992 0.06274509803921555 0.09934640522875805 0.060784313725490056 0.08104575163398678 0.06405228758169922 0.0660130718954247 0.0594771241830064 0.06405228758169922
0.05555555555555545 0.05679012345679001 0.05679012345679001 0.05679012345679001 0.0574074074074073 0.05555555555555545 0.05555555555555545 0.05555555555555545 0.20864197530864168 0.05617283950617273 0.062345679012345556 0.05617283950617273 0.05555555555555545 0.05555555555555545 0.05555555555555545
0.06013071895424824 0.06013071895424824 0.06013071895424824 0.06078431372549007 0.08235294117647043 0.059477124183006415 0.06405228758169922 0.0594771241830064 0.12287581699346381 0.062091503267973726 0.06013071895424824 0.0653594771241829 0.062091503267973726 0.06078431372549007 0.06013071895424824
0.06772486772486763 0.05873015873015864 0.05661375661375652 0.05555555555555548 0.0835978835978835 0.053968253968253894 0.0613756613756613 0.05449735449735442 0.15449735449735427 0.05555555555555547 0.06931216931216923 0.0613756613756613 0.05608465608465602 0.053968253968253894 0.057142857142857065
0.06339869281045739 0.08169934640522858 0.0614379084967319 0.0967320261437907 0.06078431372549007 0.0614379084967319 0.06078431372549007 0.0594771241830064 0.0594771241830064 0.06078431372549007 0.06078431372549007 0.060784313725490056 0.09281045751633969 0.05882352941176457 0.06078431372549007
0.06597222222222222 0.06319444444444444 0.06458333333333334 0.10694444444444444 0.06527777777777778 0.06388888888888888 0.06388888888888888 0.06319444444444444 0.0625 0.06319444444444444 0.06319444444444444 0.06388888888888888 0.06388888888888888 0.0625 0.06388888888888888
0.06560846560846553 0.05502645502645495 0.04920634920634913 0.11640211640211624 0.05291005291005284 0.050793650793650724 0.0613756613756613 0.05079365079365073 0.1423280423280422 0.053439153439153356 0.05449735449735443 0.059788359788359724 0.07777777777777765 0.052380952380952306 0.05767195767195757
0.05789473684210522 0.123391812865497 0.06842105263157894 0.06081871345029236 0.06491228070175432 0.056725146198830394 0.07368421052631573 0.05730994152046784 0.05964912280701749 0.061988304093567245 0.05964912280701752 0.061988304093567266 0.07368421052631582 0.055555555555555566 0.06432748538011696
0.06975308641975296 0.06975308641975296 0.06790123456790113 0.06604938271604925 0.06604938271604927 0.05925925925925915 0.062345679012345556 0.058641975308641854 0.08024691358024677 0.07345679012345667 0.06543209876543199 0.06481481481481469 0.07407407407407395 0.06049382716049371 0.061728395061728274
0.06339869281045739 0.06209150326797373 0.06078431372549007 0.06339869281045737 0.09999999999999987 0.062091503267973726 0.06601307189542471 0.059477124183006415 0.06666666666666651 0.06601307189542471 0.06078431372549007 0.08300653594771228 0.06339869281045739 0.06013071895424824 0.06274509803921555
0.09999999999999987 0.06172839506172829 0.06358024691358014 0.06913580246913567 0.0679012345679011 0.05864197530864187 0.061728395061728294 0.05740740740740729 0.07777777777777765 0.0604938271604937 0.06728395061728383 0.06728395061728384 0.06296296296296285 0.05925925925925915 0.0648148148148147
0.06527777777777778 0.06458333333333334 0.06319444444444444 0.06875 0.06805555555555555 0.06319444444444444 0.06666666666666667 0.0625 0.06319444444444444 0.06597222222222222 0.06388888888888888 0.06319444444444444 0.0625 0.09444444444444444 0.06458333333333334
0.059876543209876426 0.06049382716049372 0.05864197530864187 0.061728395061728274 0.06543209876543199 0.0574074074074073 0.06049382716049371 0.05617283950617273 0.10987654320987635 0.05925925925925915 0.06049382716049371 0.05925925925925915 0.0574074074074073 0.11604938271604921 0.05740740740740729
0.0549999999999999 0.05944444444444436 0.05555555555555547 0.059999999999999915 0.05222222222222214 0.052222222222222135 0.06333333333333327 0.05611111111111103 0.05166666666666658 0.0527777777777777 0.058333333333333244 0.05333333333333324 0.2244444444444444 0.05277777777777769 0.05277777777777769
0.0625 0.0625 0.0625 0.0625 0.06319444444444444 0.0625 0.0625 0.0625 0.12361111111111112 0.0625 0.06319444444444444 0.0625 0.0625 0.0625 0.0625
0.06038647342995178 0.05555555555555562 0.05942028985507255 0.058937198067632944 0.1256038647342995 0.04830917874396143 0.06473429951690829 0.04685990338164258 0.13091787439613534 0.06231884057971023 0.053140096618357564 0.07149758454106288 0.05700483091787452 0.05410628019323681 0.05120772946859911
0.058479532163742694 0.06023391812865497 0.05789473684210523 0.058479532163742666 0.14152046783625719 0.05789473684210523 0.06257309941520468 0.061403508771929814 0.07660818713450292 0.06432748538011693 0.061988304093567224 0.0619883040935672 0.058479532163742666 0.06198830409356724 0.05614035087719299
0.06209150326797371 0.06405228758169922 0.06209150326797373 0.06928104575163384 0.06470588235294104 0.0614379084967319 0.0614379084967319 0.060784313725490056 0.060784313725490056 0.11437908496732004 0.0614379084967319 0.0771241830065358 0.06078431372549007 0.05882352941176457 0.06078431372549007
0.07345679012345667 0.0648148148148147 0.06666666666666655 0.06728395061728382 0.06604938271604927 0.06234567901234558 0.08024691358024678 0.06296296296296283 0.06358024691358014 0.0728395061728394 0.06543209876543199 0.06234567901234556 0.06604938271604927 0.058641975308641854 0.06728395061728382
0.06078431372549007 0.06339869281045739 0.06013071895424824 0.06339869281045739 0.06078431372549007 0.059477124183006415 0.07124183006535935 0.06078431372549007 0.06013071895424824 0.06013071895424824 0.060784313725490056 0.06209150326797373 0.13071895424836585 0.0660130718954247 0.06013071895424824
0.06732026143790835 0.06601307189542473 0.06732026143790835 0.0679738562091502 0.072549019607843 0.06339869281045739 0.06535947712418289 0.062091503267973726 0.06339869281045739 0.06601307189542471 0.06732026143790835 0.06732026143790835 0.0679738562091502 0.061437908496731884 0.07450980392156847
0.06172839506172829 0.09320987654320974 0.06419753086419742 0.0679012345679011 0.06111111111111099 0.05740740740740729 0.11049382716049365 0.05679012345679001 0.05802469135802457 0.05802469135802457 0.058641975308641854 0.07160493827160481 0.061111111111111005 0.058024691358024585 0.06172839506172829
0.060784313725490056 0.06470588235294103 0.06601307189542469 0.06862745098039204 0.06339869281045739 0.06797385620915018 0.07189542483660116 0.0614379084967319 0.0594771241830064 0.06274509803921556 0.06339869281045739 0.06405228758169922 0.09281045751633969 0.06928104575163385 0.06339869281045737
0.06728395061728384 0.09135802469135788 0.06296296296296286 0.06604938271604925 0.06913580246913567 0.06049382716049372 0.06358024691358014 0.05864197530864187 0.08209876543209862 0.0648148148148147 0.062345679012345556 0.06666666666666655 0.0604938271604937 0.06111111111111099 0.06296296296296285
0.06470588235294103 0.06862745098039204 0.0640522875816992 0.06666666666666654 0.06339869281045739 0.09084967320261421 0.0614379084967319 0.06470588235294104 0.06470588235294106 0.0660130718954247 0.06535947712418286 0.06470588235294104 0.06470588235294104 0.062091503267973726 0.06797385620915018
0.05679012345679001 0.05925925925925914 0.05802469135802459 0.11913580246913563 0.08456790123456777 0.05740740740740729 0.06419753086419742 0.061728395061728274 0.06728395061728384 0.06234567901234558 0.06296296296296283 0.06851851851851841 0.05925925925925915 0.05864197530864187 0.05987654320987642
0.061728395061728294 0.06358024691358012 0.06543209876543199 0.061728395061728274 0.05925925925925915 0.06728395061728383 0.06419753086419742 0.05740740740740729 0.0827160493827159 0.10740740740740723 0.058024691358024585 0.06419753086419741 0.06234567901234556 0.06358024691358014 0.06111111111111099
0.06666666666666667 0.07083333333333333 0.06666666666666667 0.06944444444444445 0.06875 0.06319444444444444 0.06875 0.0625 0.06458333333333334 0.06805555555555555 0.06597222222222222 0.06875 0.06666666666666667 0.06458333333333334 0.06458333333333334
0.06339869281045739 0.11503267973856188 0.0614379084967319 0.0614379084967319 0.0594771241830064 0.06209150326797373 0.06209150326797371 0.06274509803921556 0.060784313725490056 0.06405228758169922 0.07777777777777763 0.06274509803921555 0.06013071895424824 0.059477124183006415 0.06732026143790835
0.06601307189542469 0.06862745098039202 0.06666666666666654 0.06732026143790835 0.06797385620915018 0.06862745098039202 0.06535947712418287 0.0640522875816992 0.06732026143790835 0.06470588235294104 0.06535947712418287 0.07320261437908482 0.06601307189542471 0.06405228758169922 0.06470588235294104
0.06209150326797373 0.062091503267973726 0.06601307189542471 0.12352941176470564 0.062091503267973726 0.06078431372549007 0.062091503267973726 0.0614379084967319 0.06339869281045737 0.06274509803921556 0.062091503267973726 0.06078431372549007 0.06601307189542471 0.06078431372549008 0.0640522875816992
0.06234567901234555 0.06604938271604927 0.05679012345679001 0.06296296296296286 0.08395061728395051 0.05679012345679001 0.09567901234567887 0.0574074074074073 0.05925925925925915 0.06419753086419742 0.05925925925925915 0.061111111111111005 0.07407407407407397 0.08086419753086405 0.05925925925925915
0.06666666666666667 0.08611111111111111 0.07430555555555556 0.06388888888888888 0.06458333333333334 0.06388888888888888 0.06736111111111111 0.0625 0.06388888888888888 0.06597222222222222 0.06388888888888888 0.06597222222222222 0.06388888888888888 0.06319444444444444 0.06388888888888888
0.06388888888888888 0.06944444444444445 0.06805555555555555 0.06875 0.06458333333333334 0.06319444444444444 0.06527777777777778 0.06736111111111111 0.06388888888888888 0.07083333333333333 0.06597222222222222 0.06597222222222222 0.07013888888888889 0.06388888888888888 0.06875
0.06319444444444444 0.06458333333333334 0.0625 0.06597222222222222 0.0875 0.06319444444444444 0.06458333333333334 0.06388888888888888 0.07083333333333333 0.06388888888888888 0.0625 0.075 0.06527777777777778 0.06319444444444444 0.06388888888888888
0.12888888888888883 0.06277777777777768 0.06611111111111104 0.05611111111111102 0.07166666666666659 0.05333333333333324 0.06277777777777768 0.05444444444444435 0.054999999999999924 0.1099999999999999 0.057222222222222126 0.05611111111111104 0.0549999999999999 0.0538888888888888 0.05666666666666658
0.053968253968253894 0.05661375661375653 0.05343915343915337 0.057671957671957576 0.07513227513227505 0.05343915343915337 0.07883597883597876 0.05238095238095232 0.1502645502645501 0.05291005291005284 0.05661375661375653 0.05185185185185179 0.09206349206349201 0.0613756613756613 0.053439153439153377
0.06274509803921555 0.06666666666666653 0.06666666666666654 0.06339869281045737 0.06470588235294104 0.0614379084967319 0.0640522875816992 0.06535947712418287 0.06078431372549007 0.062091503267973726 0.061437908496731905 0.060784313725490056 0.0653594771241829 0.1117647058823527 0.06274509803921555
0.07222222222222209 0.06543209876543198 0.061111111111111005 0.06419753086419742 0.05864197530864187 0.05679012345679001 0.061728395061728274 0.06049382716049371 0.06111111111111099 0.05987654320987642 0.06296296296296285 0.059876543209876426 0.13765432098765412 0.058641975308641854 0.05925925925925915
0.06388888888888888 0.06388888888888888 0.06319444444444444 0.06597222222222222 0.0625 0.06458333333333334 0.07013888888888889 0.0625 0.0625 0.06319444444444444 0.0625 0.06319444444444444 0.10208333333333333 0.06736111111111111 0.0625
0.0596491228070175 0.06432748538011697 0.057309941520467825 0.061988304093567224 0.060233918128654924 0.055555555555555546 0.08304093567251462 0.053801169590643266 0.05321637426900585 0.05614035087719298 0.05438596491228069 0.05614035087719297 0.16900584795321635 0.0549707602339181 0.060233918128654924
0.06388888888888888 0.06388888888888888 0.06319444444444444 0.06388888888888888 0.0625 0.0625 0.06944444444444445 0.0625 0.06319444444444444 0.06319444444444444 0.06388888888888888 0.06319444444444444 0.09930555555555555 0.07152777777777777 0.06388888888888888
0.0685185185185184 0.06481481481481469 0.058024691358024585 0.06419753086419742 0.059876543209876426 0.05617283950617273 0.07654320987654309 0.05925925925925916 0.05802469135802457 0.061111111111111005 0.06234567901234556 0.061728395061728274 0.12283950617283931 0.06543209876543198 0.061111111111111005
0.06736111111111111 0.06666666666666667 0.06527777777777778 0.06458333333333334 0.06388888888888888 0.0625 0.06666666666666667 0.0625 0.08958333333333333 0.06597222222222222 0.06458333333333334 0.06388888888888888 0.06527777777777778 0.06388888888888888 0.06736111111111111
0.06666666666666667 0.06315789473684208 0.0596491228070175 0.06374269005847946 0.09298245614035089 0.05321637426900585 0.05964912280701754 0.05906432748538014 0.06491228070175442 0.05321637426900585 0.05555555555555554 0.059064327485380076 0.13274853801169573 0.05964912280701752 0.0567251461988304
0.06851851851851841 0.07962962962962952 0.06604938271604925 0.06975308641975296 0.07222222222222209 0.06666666666666654 0.06481481481481469 0.06296296296296286 0.06049382716049373 0.0759259259259258 0.06172839506172829 0.05864197530864187 0.06481481481481469 0.06234567901234556 0.06543209876543199
0.06527777777777778 0.06805555555555555 0.06458333333333334 0.06388888888888888 0.07916666666666666 0.06597222222222222 0.07291666666666667 0.06319444444444444 0.06805555555555555 0.06805555555555555 0.06458333333333334 0.06458333333333334 0.06597222222222222 0.0625 0.06319444444444444
0.06388888888888888 0.06458333333333334 0.06458333333333334 0.06527777777777778 0.06805555555555555 0.0625 0.06875 0.0625 0.0625 0.06597222222222222 0.0625 0.06458333333333334 0.06388888888888888 0.09652777777777778 0.06388888888888888
0.05611111111111102 0.1516666666666666 0.05444444444444436 0.09611111111111104 0.0577777777777777 0.05111111111111103 0.06111111111111101 0.05277777777777769 0.0527777777777777 0.0527777777777777 0.056666666666666574 0.055555555555555476 0.08611111111111101 0.05888888888888879 0.05611111111111102
0.06277777777777768 0.05777777777777769 0.06222222222222214 0.11944444444444445 0.05944444444444434 0.05611111111111101 0.05611111111111103 0.06222222222222213 0.05833333333333325 0.05722222222222214 0.05888888888888881 0.06111111111111101 0.10611111111111102 0.06166666666666656 0.06055555555555547
0.06458333333333334 0.09722222222222222 0.06527777777777778 0.06527777777777778 0.06388888888888888 0.06388888888888888 0.06319444444444444 0.06458333333333334 0.06319444444444444 0.06319444444444444 0.06388888888888888 0.06875 0.06527777777777778 0.06319444444444444 0.06458333333333334
0.04999999999999997 0.05046296296296296 0.05601851851851853 0.04999999999999998 0.10231481481481484 0.04629629629629625 0.05138888888888886 0.045833333333333295 0.21296296296296297 0.08703703703703701 0.05046296296296296 0.05185185185185186 0.049537037037037004 0.04305555555555551 0.05277777777777778
0.06388888888888888 0.06319444444444444 0.0625 0.0625 0.0625 0.11944444444444445 0.0625 0.0625 0.06319444444444444 0.06319444444444444 0.0625 0.06319444444444444 0.0625 0.06319444444444444 0.06319444444444444
0.05611111111111102 0.058333333333333244 0.05777777777777769 0.12222222222222216 0.05444444444444436 0.058888888888888796 0.06111111111111103 0.05444444444444436 0.05166666666666658 0.05444444444444435 0.056666666666666574 0.06055555555555547 0.14111111111111113 0.05277777777777769 0.05944444444444436
0.065079365079365 0.06243386243386235 0.058730158730158646 0.06560846560846555 0.05978835978835972 0.053968253968253894 0.06507936507936501 0.05555555555555547 0.05661375661375654 0.06084656084656078 0.06243386243386234 0.059259259259259164 0.14603174603174587 0.053968253968253894 0.07460317460317453
0.06339869281045737 0.06405228758169922 0.06470588235294106 0.06601307189542469 0.062091503267973726 0.06470588235294103 0.06078431372549007 0.06274509803921555 0.06209150326797373 0.061437908496731905 0.11568627450980369 0.06339869281045737 0.062091503267973726 0.06013071895424823 0.06666666666666654
0.06736111111111111 0.06875 0.06875 0.06944444444444445 0.06666666666666667 0.06597222222222222 0.06666666666666667 0.06527777777777778 0.06458333333333334 0.06805555555555555 0.06875 0.06388888888888888 0.06527777777777778 0.06319444444444444 0.06736111111111111
0.06728395061728383 0.05987654320987642 0.06666666666666655 0.06111111111111099 0.06172839506172829 0.06111111111111099 0.0648148148148147 0.06296296296296285 0.07037037037037024 0.06543209876543199 0.05802469135802457 0.061111111111111005 0.06358024691358012 0.11604938271604918 0.059876543209876426
0.05740740740740729 0.06296296296296283 0.05617283950617273 0.06234567901234556 0.06049382716049371 0.059876543209876426 0.059876543209876426 0.0574074074074073 0.05679012345679001 0.10555555555555542 0.06172839506172829 0.062345679012345556 0.05925925925925915 0.11604938271604917 0.06172839506172829
0.06388888888888888 0.07222222222222222 0.06666666666666667 0.075 0.06666666666666667 0.06388888888888888 0.06736111111111111 0.06666666666666667 0.0625 0.06527777777777778 0.06666666666666667 0.06805555555555555 0.06458333333333334 0.06458333333333334 0.06597222222222222
0.0637426900584795 0.06959064327485374 0.0695906432748538 0.06374269005847948 0.06257309941520463 0.05555555555555557 0.060233918128654966 0.05438596491228069 0.05438596491228069 0.06725146198830403 0.059649122807017514 0.05847953216374265 0.09181286549707604 0.11052631578947363 0.058479532163742694
0.06666666666666654 0.0614379084967319 0.06078431372549008 0.0614379084967319 0.0614379084967319 0.06078431372549007 0.06535947712418287 0.0594771241830064 0.059477124183006415 0.0614379084967319 0.0614379084967319 0.0614379084967319 0.13137254901960763 0.0640522875816992 0.06339869281045737
0.06597222222222222 0.07083333333333333 0.06666666666666667 0.06597222222222222 0.07777777777777778 0.06458333333333334 0.06736111111111111 0.0625 0.06388888888888888 0.06597222222222222 0.06388888888888888 0.07152777777777777 0.06527777777777778 0.0625 0.06527777777777778
0.06797385620915018 0.06797385620915018 0.06862745098039204 0.06601307189542471 0.06928104575163385 0.06339869281045737 0.06732026143790835 0.06013071895424824 0.07973856209150311 0.06601307189542471 0.06470588235294104 0.06666666666666653 0.06535947712418286 0.06078431372549007 0.06601307189542469
0.0596491228070175 0.14210526315789462 0.058479532163742666 0.05555555555555555 0.05906432748538011 0.05906432748538011 0.05906432748538011 0.05438596491228071 0.053801169590643266 0.05906432748538009 0.09883040935672516 0.06257309941520466 0.05789473684210525 0.05847953216374267 0.06198830409356724
0.05380116959064329 0.09766081871345036 0.05321637426900585 0.05321637426900584 0.05321637426900584 0.05380116959064327 0.0590643274853801 0.05380116959064327 0.052631578947368425 0.05497076023391812 0.05438596491228069 0.05438596491228071 0.14736842105263134 0.104093567251462 0.05438596491228071
0.06805555555555555 0.06458333333333334 0.07083333333333333 0.06805555555555555 0.06597222222222222 0.06527777777777778 0.06597222222222222 0.06597222222222222 0.06666666666666667 0.06597222222222222 0.06666666666666667 0.06666666666666667 0.06527777777777778 0.06597222222222222 0.06805555555555555
0.06388888888888888 0.08125 0.06458333333333334 0.09305555555555556 0.06319444444444444 0.06319444444444444 0.06319444444444444 0.0625 0.0625 0.06319444444444444 0.06527777777777778 0.06319444444444444 0.06527777777777778 0.0625 0.06319444444444444
0.06319444444444444 0.06319444444444444 0.06319444444444444 0.12013888888888889 0.0625 0.06319444444444444 0.0625 0.0625 0.0625 0.0625 0.0625 0.06388888888888888 0.0625 0.0625 0.06319444444444444
0.06319444444444444 0.06319444444444444 0.06319444444444444 0.0625 0.0625 0.06388888888888888 0.06527777777777778 0.06319444444444444 0.0625 0.10833333333333334 0.0625 0.06388888888888888 0.0625 0.07083333333333333 0.0625
0.06597222222222222 0.06388888888888888 0.06805555555555555 0.06527777777777778 0.06597222222222222 0.06319444444444444 0.06666666666666667 0.06319444444444444 0.08472222222222223 0.06805555555555555 0.06458333333333334 0.06319444444444444 0.06597222222222222 0.06319444444444444 0.06805555555555555
0.06013071895424824 0.06013071895424824 0.06013071895424824 0.05882352941176457 0.05882352941176457 0.05882352941176457 0.05882352941176457 0.06013071895424823 0.16732026143790826 0.06013071895424823 0.05882352941176457 0.0594771241830064 0.06078431372549007 0.05882352941176457 0.05882352941176457
0.06049382716049371 0.05802469135802457 0.06296296296296286 0.05864197530864187 0.05555555555555545 0.09876543209876527 0.06049382716049371 0.06049382716049372 0.05679012345679002 0.05740740740740729 0.14012345679012322 0.058641975308641854 0.05740740740740729 0.05679012345679001 0.0574074074074073
0.06419753086419742 0.06419753086419742 0.06543209876543199 0.07530864197530854 0.07654320987654308 0.06111111111111099 0.06728395061728384 0.05679012345679001 0.07962962962962947 0.065432098765432 0.061111111111111005 0.06975308641975297 0.06419753086419742 0.061111111111110984 0.0679012345679011
0.05679012345679001 0.0759259259259258 0.05617283950617273 0.08518518518518504 0.0574074074074073 0.05679012345679001 0.05617283950617273 0.05555555555555545 0.05679012345679001 0.0975308641975307 0.05555555555555545 0.058641975308641854 0.05987654320987644 0.1148148148148146 0.05679012345679001
0.05614035087719295 0.09532163742690061 0.055555555555555566 0.05614035087719298 0.05497076023391812 0.05614035087719297 0.057309941520467846 0.053801169590643266 0.052631578947368425 0.08947368421052636 0.0947368421052632 0.05730994152046784 0.053801169590643266 0.11111111111111105 0.05555555555555555
0.0625 0.0625 0.0625 0.0625 0.0625 0.0625 0.0625 0.06319444444444444 0.0625 0.06319444444444444 0.0625 0.06319444444444444 0.0625 0.12291666666666666 0.0625
0.05906432748538009 0.05847953216374265 0.0590643274853801 0.06432748538011693 0.06783625730994153 0.0883040935672515 0.07368421052631575 0.05672514619883039 0.05614035087719297 0.0614035087719298 0.05730994152046782 0.06315789473684208 0.08421052631578944 0.09298245614035086 0.05730994152046782
0.06666666666666653 0.06601307189542469 0.06666666666666653 0.06535947712418287 0.06013071895424824 0.06209150326797373 0.06209150326797373 0.06013071895424823 0.06013071895424824 0.06274509803921556 0.0640522875816992 0.06339869281045739 0.06013071895424824 0.11633986928104552 0.0640522875816992
0.06458333333333334 0.06319444444444444 0.0625 0.0625 0.06319444444444444 0.06319444444444444 0.0625 0.0625 0.06319444444444444 0.0625 0.06319444444444444 0.06319444444444444 0.06319444444444444 0.11736111111111111 0.06319444444444444
0.06611111111111101 0.062222222222222116 0.06611111111111102 0.06444444444444435 0.05777777777777768 0.050555555555555465 0.05944444444444436 0.05833333333333324 0.0527777777777777 0.0916666666666666 0.05555555555555547 0.06111111111111102 0.09444444444444439 0.10388888888888881 0.05555555555555547
0.06274509803921556 0.12352941176470572 0.06274509803921555 0.0633986928104574 0.059477124183006415 0.062091503267973726 0.0699346405228757 0.06339869281045737 0.06013071895424824 0.06013071895424823 0.0614379084967319 0.062091503267973726 0.0640522875816992 0.06078431372549007 0.06405228758169922
0.06013071895424824 0.061437908496731905 0.05882352941176457 0.061437908496731884 0.06078431372549007 0.0594771241830064 0.06339869281045737 0.06013071895424823 0.0594771241830064 0.06013071895424824 0.06013071895424824 0.06078431372549008 0.09084967320261421 0.12352941176470564 0.0594771241830064
0.10185185185185167 0.0734567901234567 0.05802469135802457 0.0870370370370369 0.06234567901234556 0.058024691358024585 0.0574074074074073 0.05679012345679001 0.059876543209876426 0.05925925925925915 0.06172839506172829 0.0796296296296295 0.06234567901234556 0.05987654320987642 0.062345679012345556
0.06975308641975299 0.05925925925925914 0.0827160493827159 0.05864197530864187 0.0574074074074073 0.05555555555555545 0.05740740740740729 0.058641975308641854 0.15246913580246896 0.05740740740740729 0.0574074074074073 0.05679012345679001 0.058024691358024585 0.05679012345679001 0.06172839506172827
0.061728395061728274 0.06296296296296287 0.059876543209876426 0.05925925925925915 0.06049382716049371 0.05925925925925915 0.05864197530864187 0.05679012345679001 0.05617283950617273 0.06296296296296285 0.05555555555555545 0.058641975308641875 0.17283950617283922 0.05740740740740729 0.05740740740740729
0.06535947712418286 0.07516339869281033 0.0699346405228757 0.06993464052287568 0.06535947712418287 0.06339869281045737 0.06797385620915018 0.06274509803921555 0.06209150326797373 0.06928104575163385 0.0660130718954247 0.06862745098039201 0.06470588235294104 0.060784313725490056 0.06862745098039204
0.058641975308641854 0.08518518518518504 0.05987654320987642 0.059876543209876426 0.05925925925925915 0.10246913580246896 0.058024691358024585 0.05925925925925915 0.093827160493827 0.05740740740740729 0.07037037037037024 0.05987654320987644 0.0604938271604937 0.05679012345679001 0.05864197530864187
0.06527777777777778 0.06666666666666667 0.06388888888888888 0.06666666666666667 0.07083333333333333 0.06666666666666667 0.06527777777777778 0.06458333333333334 0.06388888888888888 0.06319444444444444 0.08333333333333333 0.06597222222222222 0.06319444444444444 0.06388888888888888 0.06666666666666667
0.06555555555555544 0.07111111111111103 0.06666666666666655 0.0627777777777777 0.06222222222222214 0.10833333333333335 0.06222222222222215 0.06111111111111103 0.05777777777777768 0.0627777777777777 0.0688888888888888 0.06833333333333325 0.06222222222222215 0.05722222222222215 0.06277777777777768
0.061728395061728274 0.06543209876543199 0.06296296296296285 0.061728395061728274 0.061111111111110984 0.1117283950617282 0.0604938271604937 0.06049382716049372 0.09444444444444426 0.061728395061728274 0.06049382716049372 0.06049382716049371 0.05864197530864187 0.05802469135802457 0.06049382716049372
0.06078431372549007 0.1156862745098037 0.06274509803921555 0.06078431372549007 0.06339869281045737 0.06993464052287567 0.06666666666666654 0.0660130718954247 0.05882352941176457 0.06013071895424823 0.061437908496731905 0.06601307189542471 0.06078431372549007 0.0594771241830064 0.06732026143790835
0.06666666666666667 0.06736111111111111 0.06527777777777778 0.06875 0.06666666666666667 0.06597222222222222 0.06527777777777778 0.06527777777777778 0.06736111111111111 0.06875 0.06527777777777778 0.06458333333333334 0.06736111111111111 0.06666666666666667 0.06875
0.06597222222222222 0.06805555555555555 0.06736111111111111 0.06597222222222222 0.06736111111111111 0.06527777777777778 0.06597222222222222 0.06597222222222222 0.06527777777777778 0.06805555555555555 0.06805555555555555 0.06388888888888888 0.06597222222222222 0.06875 0.06805555555555555
0.06319444444444444 0.06319444444444444 0.06388888888888888 0.06527777777777778 0.0625 0.11527777777777778 0.06319444444444444 0.0625 0.06388888888888888 0.0625 0.06388888888888888 0.0625 0.06319444444444444 0.0625 0.0625
0.06666666666666667 0.06319444444444444 0.0625 0.0625 0.11458333333333333 0.06319444444444444 0.06388888888888888 0.06319444444444444 0.0625 0.06319444444444444 0.06319444444444444 0.06319444444444444 0.0625 0.0625 0.06319444444444444
0.0660130718954247 0.06928104575163384 0.06470588235294106 0.06535947712418287 0.06274509803921555 0.11045751633986908 0.062091503267973726 0.06339869281045739 0.0594771241830064 0.062091503267973726 0.06601307189542471 0.06339869281045737 0.06013071895424824 0.06013071895424823 0.06470588235294104
0.0614379084967319 0.0777777777777776 0.06535947712418287 0.0862745098039214 0.06601307189542471 0.062091503267973726 0.06405228758169922 0.06535947712418287 0.06274509803921556 0.0614379084967319 0.07450980392156849 0.0640522875816992 0.06209150326797373 0.06274509803921555 0.06405228758169922
0.06419753086419741 0.08086419753086409 0.06234567901234558 0.09320987654320972 0.06358024691358014 0.058024691358024585 0.07283950617283938 0.0574074074074073 0.05925925925925914 0.08333333333333323 0.06111111111111101 0.05925925925925915 0.06728395061728382 0.05679012345679001 0.06049382716049372
0.07222222222222222 0.06458333333333334 0.06597222222222222 0.06666666666666667 0.06319444444444444 0.06319444444444444 0.07430555555555556 0.06458333333333334 0.06319444444444444 0.0625 0.06458333333333334 0.06736111111111111 0.08055555555555556 0.0625 0.06458333333333334
0.06736111111111111 0.06875 0.06736111111111111 0.07152777777777777 0.06875 0.0625 0.06527777777777778 0.06527777777777778 0.06319444444444444 0.06666666666666667 0.06944444444444445 0.06736111111111111 0.06527777777777778 0.06388888888888888 0.06736111111111111
0.06319444444444444 0.11875 0.0625 0.0625 0.0625 0.0625 0.06458333333333334 0.0625 0.0625 0.0625 0.06319444444444444 0.06319444444444444 0.0625 0.0625 0.06458333333333334
0.062091503267973726 0.07908496732026131 0.0614379084967319 0.10261437908496719 0.062091503267973726 0.060784313725490056 0.06013071895424824 0.06078431372549007 0.060784313725490056 0.06339869281045737 0.06078431372549007 0.0771241830065358 0.06405228758169922 0.06274509803921555 0.06209150326797373
0.06458333333333334 0.06458333333333334 0.0625 0.06944444444444445 0.0625 0.0625 0.07013888888888889 0.0625 0.0625 0.06319444444444444 0.0625 0.06319444444444444 0.09375 0.07361111111111111 0.0625
0.06388888888888888 0.11527777777777778 0.06319444444444444 0.06458333333333334 0.0625 0.0625 0.06597222222222222 0.0625 0.0625 0.06319444444444444 0.0625 0.0625 0.06319444444444444 0.0625 0.06319444444444444
0.07058823529411751 0.06470588235294106 0.06339869281045739 0.06732026143790837 0.06470588235294104 0.06470588235294104 0.07320261437908483 0.06274509803921555 0.06405228758169923 0.06339869281045739 0.06928104575163385 0.07058823529411751 0.06666666666666653 0.06470588235294104 0.06993464052287568
0.061728395061728294 0.06481481481481469 0.06172839506172829 0.06234567901234558 0.06666666666666654 0.06358024691358015 0.05802469135802457 0.06172839506172829 0.0679012345679011 0.06358024691358014 0.06481481481481469 0.06543209876543199 0.06543209876543199 0.11111111111111094 0.06111111111111099
