0.06666666666666667 0.06527777777777778 0.06736111111111111 0.07291666666666667 0.06736111111111111 0.06736111111111111 0.06458333333333334 0.06597222222222222 0.06597222222222222 0.06527777777777778 0.06666666666666667 0.06666666666666667 0.06597222222222222 0.06805555555555555 0.06388888888888888
0.07569444444444444 0.06388888888888888 0.06527777777777778 0.06597222222222222 0.06319444444444444 0.06319444444444444 0.06388888888888888 0.08333333333333333 0.06319444444444444 0.07152777777777777 0.06319444444444444 0.06388888888888888 0.06458333333333334 0.06319444444444444 0.06597222222222222
0.06805555555555555 0.06597222222222222 0.07013888888888889 0.06597222222222222 0.06597222222222222 0.06458333333333334 0.06805555555555555 0.06944444444444445 0.06597222222222222 0.06388888888888888 0.06388888888888888 0.06736111111111111 0.06527777777777778 0.06666666666666667 0.06875
0.06481481481481471 0.05864197530864187 0.058641975308641875 0.05864197530864187 0.06358024691358012 0.05617283950617273 0.0574074074074073 0.06111111111111099 0.05987654320987642 0.16481481481481455 0.059876543209876426 0.058024691358024585 0.05740740740740729 0.06172839506172829 0.05925925925925915
0.08055555555555556 0.0625 0.06527777777777778 0.06666666666666667 0.07152777777777777 0.06319444444444444 0.06458333333333334 0.0763888888888889 0.06458333333333334 0.06319444444444444 0.06388888888888888 0.0625 0.06388888888888888 0.06319444444444444 0.06805555555555555
0.052631578947368425 0.12865497076023377 0.052631578947368425 0.053801169590643266 0.05497076023391813 0.11169590643274846 0.10350877192982458 0.05380116959064327 0.052631578947368425 0.05321637426900585 0.052631578947368425 0.05438596491228071 0.05321637426900585 0.052631578947368425 0.06959064327485377
0.06319444444444444 0.0625 0.0625 0.0625 0.0625 0.0625 0.0625 0.0625 0.0625 0.0625 0.0625 0.12361111111111112 0.06319444444444444 0.0625 0.0625
0.06172839506172829 0.06419753086419741 0.059876543209876426 0.06296296296296285 0.06358024691358014 0.06049382716049371 0.10061728395061713 0.06296296296296283 0.05925925925925915 0.05679012345679001 0.05925925925925915 0.10493827160493814 0.06234567901234556 0.05925925925925915 0.061728395061728274
0.062091503267973726 0.0594771241830064 0.05882352941176457 0.06013071895424824 0.0594771241830064 0.0594771241830064 0.06013071895424824 0.06078431372549007 0.16013071895424813 0.06078431372549007 0.06013071895424824 0.06013071895424823 0.0594771241830064 0.06013071895424824 0.05882352941176457
0.06527777777777778 0.06458333333333334 0.06458333333333334 0.07083333333333333 0.06875 0.0625 0.08680555555555555 0.06666666666666667 0.06319444444444444 0.06527777777777778 0.06458333333333334 0.06388888888888888 0.06458333333333334 0.06458333333333334 0.06388888888888888
0.07320261437908483 0.06339869281045737 0.0640522875816992 0.0679738562091502 0.06862745098039201 0.06470588235294104 0.06666666666666653 0.06862745098039201 0.06535947712418289 0.06732026143790837 0.06274509803921555 0.06928104575163387 0.06862745098039201 0.06274509803921556 0.06666666666666653
0.05555555555555555 0.05321637426900584 0.056725146198830415 0.054970760233918115 0.054970760233918115 0.05380116959064327 0.055555555555555546 0.05730994152046782 0.0584795321637427 0.05497076023391813 0.054970760233918115 0.1614035087719297 0.11812865497076018 0.05555555555555555 0.05438596491228069
0.059876543209876426 0.05802469135802457 0.1012345679012344 0.05802469135802457 0.0574074074074073 0.05925925925925916 0.058024691358024585 0.06049382716049372 0.05679012345679002 0.08148148148148134 0.05617283950617273 0.11049382716049364 0.05740740740740729 0.06543209876543199 0.05987654320987642
0.06111111111111118 0.0540404040404041 0.05000000000000002 0.053535353535353575 0.05404040404040407 0.062121212121212147 0.05101010101010101 0.06060606060606062 0.053535353535353575 0.05353535353535357 0.05101010101010101 0.1954545454545455 0.08383838383838388 0.05606060606060608 0.06010101010101017
0.0771241830065358 0.06535947712418287 0.0640522875816992 0.07124183006535935 0.06732026143790834 0.06535947712418289 0.06274509803921555 0.06732026143790835 0.06470588235294106 0.072549019607843 0.062091503267973726 0.0633986928104574 0.06339869281045737 0.06797385620915018 0.06535947712418287
0.06212121212121219 0.053535353535353575 0.05454545454545458 0.057575757575757634 0.07525252525252536 0.05555555555555555 0.10555555555555565 0.06414141414141415 0.054545454545454584 0.05151515151515155 0.05050505050505051 0.057070707070707126 0.08383838383838389 0.10707070707070718 0.06717171717171723
0.07345679012345668 0.06111111111111099 0.06296296296296286 0.059876543209876426 0.0679012345679011 0.07037037037037022 0.06481481481481469 0.07469135802469123 0.06234567901234556 0.05802469135802457 0.05925925925925915 0.06296296296296285 0.08950617283950607 0.06049382716049371 0.0722222222222221
0.0625 0.06388888888888888 0.0625 0.0625 0.0625 0.09930555555555555 0.0625 0.06319444444444444 0.0625 0.0625 0.0625 0.06319444444444444 0.0625 0.0625 0.08541666666666667
0.07058823529411752 0.061437908496731905 0.0614379084967319 0.06535947712418287 0.06013071895424823 0.06209150326797373 0.0660130718954247 0.06666666666666653 0.11111111111111094 0.062091503267973726 0.06078431372549007 0.062091503267973726 0.06339869281045737 0.06405228758169922 0.06274509803921556
0.05614035087719297 0.056725146198830394 0.05438596491228069 0.05614035087719297 0.05321637426900585 0.0824561403508772 0.05321637426900585 0.05614035087719298 0.052631578947368425 0.054970760233918115 0.055555555555555546 0.07894736842105261 0.055555555555555546 0.054970760233918115 0.17894736842105266
0.06234567901234556 0.09074074074074064 0.06666666666666654 0.06296296296296286 0.06543209876543199 0.09197530864197517 0.06234567901234556 0.06172839506172829 0.06296296296296283 0.061111111111110984 0.05802469135802457 0.06604938271604925 0.06296296296296286 0.06049382716049371 0.06419753086419741
0.06875 0.06527777777777778 0.0625 0.06597222222222222 0.06805555555555555 0.06319444444444444 0.06527777777777778 0.06388888888888888 0.06666666666666667 0.06527777777777778 0.07222222222222222 0.06458333333333334 0.06597222222222222 0.07916666666666666 0.06319444444444444
0.061111111111111005 0.05864197530864187 0.05864197530864187 0.05925925925925915 0.05617283950617273 0.059876543209876426 0.06172839506172829 0.061728395061728274 0.05740740740740729 0.05925925925925915 0.059876543209876426 0.05740740740740729 0.05864197530864187 0.1697530864197528 0.0604938271604937
0.06875 0.06527777777777778 0.06458333333333334 0.06875 0.06736111111111111 0.06736111111111111 0.06944444444444445 0.06736111111111111 0.06597222222222222 0.06736111111111111 0.06458333333333334 0.06458333333333334 0.06736111111111111 0.06736111111111111 0.06388888888888888
0.055555555555555566 0.05555555555555557 0.0472222222222222 0.05694444444444444 0.09166666666666665 0.04768518518518515 0.05000000000000001 0.057870370370370426 0.08888888888888896 0.045833333333333295 0.15925925925925924 0.04953703703703701 0.050462962962962966 0.09398148148148153 0.04953703703703701
0.06081871345029237 0.06549707602339182 0.056725146198830394 0.07017543859649122 0.06023391812865497 0.0567251461988304 0.059649122807017514 0.05906432748538011 0.08362573099415202 0.05555555555555555 0.1239766081871344 0.05789473684210524 0.05906432748538007 0.07076023391812859 0.060233918128654966
0.059477124183006415 0.05882352941176457 0.11633986928104549 0.062091503267973726 0.059477124183006415 0.05882352941176457 0.0594771241830064 0.05882352941176457 0.059477124183006415 0.05882352941176457 0.10980392156862721 0.05882352941176457 0.06013071895424824 0.06078431372549007 0.05882352941176457
0.06805555555555555 0.06458333333333334 0.06527777777777778 0.07291666666666667 0.06527777777777778 0.06388888888888888 0.06597222222222222 0.06805555555555555 0.06458333333333334 0.07708333333333334 0.06527777777777778 0.0625 0.06736111111111111 0.06597222222222222 0.06319444444444444
0.06597222222222222 0.07361111111111111 0.06736111111111111 0.06458333333333334 0.06736111111111111 0.07013888888888889 0.06527777777777778 0.06597222222222222 0.06527777777777778 0.06527777777777778 0.06458333333333334 0.06388888888888888 0.07013888888888889 0.06458333333333334 0.06597222222222222
0.06543209876543199 0.0574074074074073 0.0574074074074073 0.07654320987654306 0.05925925925925915 0.05740740740740729 0.061728395061728294 0.06666666666666655 0.06049382716049371 0.05925925925925916 0.11234567901234552 0.0685185185185184 0.05925925925925914 0.07530864197530854 0.06296296296296283
0.06993464052287568 0.06470588235294104 0.06732026143790838 0.0679738562091502 0.0679738562091502 0.0640522875816992 0.07254901960784299 0.0660130718954247 0.0640522875816992 0.0614379084967319 0.06339869281045739 0.06862745098039204 0.06535947712418287 0.06993464052287568 0.06666666666666653
0.0625 0.0625 0.06319444444444444 0.12222222222222222 0.06319444444444444 0.0625 0.0625 0.0625 0.06319444444444444 0.0625 0.0625 0.0625 0.0625 0.06319444444444444 0.0625
0.06875 0.06666666666666667 0.06527777777777778 0.06388888888888888 0.06527777777777778 0.06319444444444444 0.06736111111111111 0.06597222222222222 0.06805555555555555 0.06458333333333334 0.07569444444444444 0.06458333333333334 0.06458333333333334 0.07083333333333333 0.06527777777777778
0.060555555555555446 0.05944444444444435 0.05611111111111104 0.12444444444444436 0.06444444444444436 0.05777777777777771 0.05611111111111103 0.05999999999999991 0.05611111111111102 0.058333333333333244 0.10388888888888881 0.06499999999999989 0.052222222222222135 0.06611111111111104 0.05944444444444435
0.0625 0.0625 0.0625 0.12222222222222222 0.0625 0.0625 0.06319444444444444 0.0625 0.0625 0.06319444444444444 0.0625 0.0625 0.0625 0.06388888888888888 0.0625
0.06319444444444444 0.0625 0.06458333333333334 0.0625 0.0625 0.0625 0.0625 0.06388888888888888 0.0625 0.0625 0.11944444444444445 0.06319444444444444 0.0625 0.0625 0.06319444444444444
0.05333333333333337 0.044888888888888916 0.044888888888888916 0.058222222222222265 0.07911111111111116 0.045333333333333364 0.05155555555555559 0.054666666666666704 0.045777777777777806 0.07688888888888894 0.25155555555555537 0.046222222222222255 0.04844444444444448 0.05022222222222226 0.04888888888888892
0.06049382716049372 0.05864197530864187 0.059876543209876426 0.062345679012345556 0.05679012345679001 0.05617283950617273 0.05617283950617273 0.05802469135802457 0.059876543209876426 0.05617283950617273 0.1716049382716047 0.05679012345679001 0.05740740740740729 0.07222222222222209 0.05740740740740729
0.07124183006535935 0.06209150326797373 0.0679738562091502 0.07712418300653583 0.06666666666666651 0.062091503267973726 0.0640522875816992 0.07058823529411752 0.06601307189542471 0.06013071895424823 0.062091503267973726 0.06470588235294103 0.06535947712418287 0.07712418300653583 0.06274509803921555
0.06862745098039204 0.0614379084967319 0.061437908496731905 0.07124183006535932 0.06535947712418286 0.06339869281045737 0.06470588235294104 0.06601307189542471 0.0614379084967319 0.10065359477124163 0.06535947712418289 0.06666666666666653 0.06013071895424824 0.0614379084967319 0.062091503267973726
0.06842105263157897 0.05497076023391812 0.05847953216374269 0.05964912280701748 0.11578947368421044 0.060233918128654966 0.06257309941520464 0.07251461988304088 0.05730994152046784 0.06081871345029235 0.05789473684210526 0.05906432748538011 0.05672514619883042 0.09415204678362571 0.061403508771929745
0.058201058201058115 0.05238095238095232 0.05026455026455019 0.056084656084656 0.053439153439153356 0.049735449735449674 0.05502645502645494 0.05291005291005283 0.061904761904761844 0.05238095238095232 0.05978835978835972 0.050793650793650724 0.05185185185185179 0.24391534391534367 0.05132275132275124
0.08039215686274495 0.0640522875816992 0.06666666666666653 0.07320261437908482 0.0679738562091502 0.062091503267973726 0.06339869281045739 0.06666666666666654 0.062091503267973726 0.06535947712418287 0.06405228758169922 0.06535947712418287 0.06732026143790835 0.06470588235294103 0.06666666666666653
0.05925925925925918 0.05555555555555548 0.05449735449735442 0.06931216931216926 0.052380952380952306 0.05291005291005285 0.05449735449735442 0.05925925925925918 0.058730158730158646 0.0597883597883597 0.20317460317460284 0.051851851851851774 0.052380952380952306 0.05661375661375653 0.059788359788359696
0.059477124183006415 0.05882352941176457 0.05882352941176457 0.061437908496731905 0.059477124183006415 0.05882352941176457 0.059477124183006415 0.06013071895424824 0.059477124183006415 0.05882352941176457 0.16928104575163375 0.05882352941176457 0.05882352941176457 0.0594771241830064 0.05882352941176457
0.0625 0.0625 0.0625 0.06319444444444444 0.0625 0.0625 0.0625 0.0625 0.0625 0.0625 0.12361111111111112 0.06319444444444444 0.0625 0.0625 0.0625
0.06535947712418287 0.06013071895424824 0.06339869281045737 0.0660130718954247 0.06470588235294103 0.06078431372549007 0.06405228758169923 0.06797385620915018 0.10588235294117627 0.06535947712418287 0.06078431372549007 0.06274509803921555 0.06470588235294103 0.06470588235294106 0.06339869281045739
0.06805555555555555 0.06666666666666667 0.06527777777777778 0.06666666666666667 0.06527777777777778 0.06527777777777778 0.06458333333333334 0.06458333333333334 0.06527777777777778 0.07430555555555556 0.06458333333333334 0.06875 0.06458333333333334 0.06666666666666667 0.06944444444444445
0.09281045751633972 0.06274509803921555 0.06274509803921557 0.06535947712418289 0.062091503267973726 0.06013071895424823 0.05882352941176457 0.08888888888888873 0.06013071895424823 0.06928104575163384 0.06339869281045737 0.0640522875816992 0.062091503267973726 0.0614379084967319 0.0660130718954247
0.05925925925925915 0.05679012345679002 0.05740740740740729 0.06049382716049371 0.05925925925925915 0.058641975308641875 0.059876543209876426 0.06790123456790112 0.16728395061728368 0.05679012345679001 0.0574074074074073 0.061728395061728274 0.05864197530864187 0.05864197530864187 0.059876543209876426
0.06023391812865496 0.05380116959064329 0.1666666666666664 0.05555555555555554 0.0543859649122807 0.053801169590643266 0.05438596491228071 0.05380116959064329 0.10058479532163744 0.07426900584795317 0.05438596491228071 0.05438596491228071 0.05380116959064327 0.05438596491228069 0.055555555555555546
0.0625 0.0625 0.0625 0.06319444444444444 0.11458333333333333 0.06319444444444444 0.0625 0.06875 0.0625 0.0625 0.0625 0.06319444444444444 0.06319444444444444 0.06319444444444444 0.06319444444444444
0.0543859649122807 0.053801169590643266 0.052631578947368425 0.05614035087719298 0.052631578947368425 0.05321637426900586 0.053801169590643294 0.05321637426900584 0.12865497076023374 0.0543859649122807 0.16900584795321633 0.05380116959064327 0.05321637426900584 0.05789473684210524 0.05321637426900585
0.05499999999999991 0.053333333333333253 0.052222222222222135 0.05777777777777769 0.053888888888888806 0.05333333333333324 0.05111111111111103 0.05333333333333324 0.19666666666666655 0.05166666666666658 0.1072222222222222 0.05166666666666658 0.0538888888888888 0.05499999999999993 0.053888888888888806
0.07426900584795322 0.061988304093567224 0.05906432748538012 0.07309941520467834 0.0771929824561403 0.059064327485380076 0.06432748538011694 0.07719298245614031 0.060233918128654945 0.06959064327485377 0.06257309941520466 0.06491228070175435 0.06374269005847949 0.06842105263157892 0.06432748538011691
0.06458333333333334 0.0625 0.06388888888888888 0.06319444444444444 0.06319444444444444 0.06388888888888888 0.06319444444444444 0.06388888888888888 0.06458333333333334 0.11041666666666666 0.0625 0.06319444444444444 0.06388888888888888 0.06319444444444444 0.06388888888888888
0.06728395061728384 0.05802469135802457 0.05617283950617273 0.05925925925925915 0.05864197530864187 0.05740740740740729 0.05617283950617273 0.06049382716049371 0.05679012345679001 0.05617283950617273 0.15925925925925902 0.07530864197530852 0.05802469135802459 0.06234567901234558 0.05864197530864187
0.07569444444444444 0.06458333333333334 0.06319444444444444 0.06458333333333334 0.06458333333333334 0.06388888888888888 0.06597222222222222 0.06597222222222222 0.06458333333333334 0.06527777777777778 0.06388888888888888 0.08055555555555556 0.06666666666666667 0.06388888888888888 0.06666666666666667
0.07152777777777777 0.06597222222222222 0.06805555555555555 0.06597222222222222 0.06666666666666667 0.07361111111111111 0.06458333333333334 0.06458333333333334 0.06458333333333334 0.06319444444444444 0.06319444444444444 0.06666666666666667 0.06666666666666667 0.0625 0.07222222222222222
0.06222222222222214 0.05166666666666658 0.12222222222222215 0.1649999999999999 0.05444444444444436 0.05111111111111102 0.05277777777777769 0.061111111111111005 0.05166666666666658 0.06944444444444435 0.050555555555555465 0.05166666666666658 0.05055555555555547 0.053333333333333253 0.052222222222222135
0.06913580246913568 0.06604938271604928 0.0691358024691357 0.0679012345679011 0.061728395061728274 0.0648148148148147 0.05925925925925915 0.07592592592592581 0.06296296296296283 0.06975308641975296 0.05864197530864187 0.06543209876543199 0.06975308641975296 0.06543209876543199 0.07407407407407396
0.09938271604938262 0.058024691358024585 0.05679012345679001 0.06049382716049371 0.061728395061728274 0.06049382716049371 0.06172839506172829 0.0833333333333332 0.06111111111111099 0.09012345679012332 0.05925925925925915 0.06172839506172829 0.0691358024691357 0.05925925925925915 0.0574074074074073
0.0798611111111111 0.0625 0.06388888888888888 0.06388888888888888 0.0625 0.06319444444444444 0.06319444444444444 0.08125 0.06319444444444444 0.08263888888888889 0.0625 0.0625 0.0625 0.06319444444444444 0.06319444444444444
0.0625 0.06458333333333334 0.11666666666666667 0.06319444444444444 0.06319444444444444 0.0625 0.06388888888888888 0.06388888888888888 0.0625 0.0625 0.0625 0.06319444444444444 0.0625 0.06319444444444444 0.06319444444444444
0.06172839506172829 0.05925925925925915 0.05925925925925915 0.061728395061728274 0.058641975308641854 0.061728395061728274 0.058641975308641875 0.06481481481481469 0.15061728395061705 0.06172839506172829 0.058024691358024585 0.06358024691358014 0.05925925925925915 0.06049382716049372 0.06049382716049371
0.06543209876543199 0.061111111111111005 0.061728395061728294 0.06543209876543196 0.06296296296296285 0.09938271604938258 0.058641975308641854 0.06543209876543196 0.06049382716049371 0.06234567901234556 0.06296296296296286 0.06543209876543199 0.06481481481481469 0.061728395061728274 0.08209876543209865
0.05617283950617273 0.0759259259259258 0.05617283950617273 0.05617283950617273 0.05617283950617273 0.12901234567901218 0.10493827160493807 0.05555555555555545 0.05617283950617273 0.05617283950617273 0.05555555555555545 0.05740740740740729 0.05679012345679002 0.05555555555555545 0.07222222222222212
0.057309941520467825 0.0766081871345029 0.05380116959064327 0.08771929824561402 0.0543859649122807 0.07953216374269007 0.15029239766081842 0.05497076023391813 0.05438596491228072 0.05380116959064327 0.0543859649122807 0.05380116959064327 0.0543859649122807 0.059064327485380146 0.05555555555555554
0.05740740740740729 0.06049382716049371 0.05679012345679001 0.05740740740740729 0.059876543209876426 0.10123456790123445 0.10925925925925907 0.05740740740740729 0.05617283950617273 0.05617283950617273 0.05555555555555545 0.062345679012345556 0.0574074074074073 0.05617283950617273 0.09629629629629621
0.04927536231884065 0.06859903381642522 0.04975845410628028 0.053140096618357585 0.04927536231884067 0.14444444444444451 0.16086956521739135 0.05458937198067641 0.052173913043478334 0.04637681159420297 0.04541062801932375 0.04830917874396144 0.04927536231884067 0.050724637681159486 0.07777777777777788
0.07555555555555546 0.07499999999999993 0.10277777777777763 0.05333333333333324 0.058333333333333265 0.11499999999999999 0.059999999999999935 0.07277777777777766 0.05111111111111103 0.04999999999999991 0.05111111111111103 0.05833333333333324 0.05333333333333324 0.053333333333333253 0.06999999999999991
0.06875 0.06527777777777778 0.06319444444444444 0.07291666666666667 0.06666666666666667 0.06319444444444444 0.06388888888888888 0.06875 0.06388888888888888 0.06388888888888888 0.07152777777777777 0.07013888888888889 0.06666666666666667 0.06458333333333334 0.06666666666666667
0.07516339869281034 0.06339869281045737 0.07385620915032666 0.06732026143790837 0.0640522875816992 0.07124183006535935 0.06470588235294103 0.06601307189542469 0.05882352941176457 0.05882352941176457 0.05882352941176457 0.06862745098039202 0.06862745098039202 0.061437908496731905 0.07908496732026128
0.06666666666666653 0.0660130718954247 0.06013071895424823 0.06666666666666651 0.06339869281045737 0.06732026143790837 0.06470588235294104 0.06274509803921556 0.06274509803921555 0.0614379084967319 0.09803921568627434 0.062091503267973726 0.0699346405228757 0.06339869281045739 0.06470588235294104
0.0625 0.0625 0.12361111111111112 0.0625 0.0625 0.0625 0.06319444444444444 0.06319444444444444 0.0625 0.0625 0.0625 0.0625 0.0625 0.0625 0.0625
0.08641975308641964 0.05987654320987644 0.05740740740740729 0.06543209876543199 0.06358024691358012 0.05864197530864187 0.06111111111111099 0.08518518518518503 0.06728395061728383 0.08209876543209865 0.059876543209876426 0.07283950617283938 0.05987654320987644 0.05925925925925915 0.061111111111111005
0.08055555555555556 0.06319444444444444 0.0625 0.06319444444444444 0.07430555555555556 0.0625 0.06319444444444444 0.09027777777777778 0.0625 0.06319444444444444 0.0625 0.0625 0.06319444444444444 0.06319444444444444 0.06319444444444444
0.0685185185185184 0.05864197530864187 0.15617283950617264 0.05925925925925915 0.05617283950617273 0.05679012345679001 0.05555555555555545 0.07222222222222212 0.05740740740740729 0.07407407407407397 0.05555555555555545 0.05802469135802457 0.05617283950617273 0.05679012345679001 0.05864197530864187
0.06604938271604925 0.06111111111111099 0.06975308641975296 0.06296296296296285 0.058024691358024585 0.05740740740740729 0.05925925925925915 0.06358024691358014 0.05679012345679001 0.13518518518518494 0.05864197530864187 0.062345679012345556 0.06049382716049372 0.06481481481481469 0.06358024691358014
0.06666666666666667 0.06527777777777778 0.06527777777777778 0.06805555555555555 0.06527777777777778 0.06319444444444444 0.06666666666666667 0.06805555555555555 0.07222222222222222 0.07013888888888889 0.06666666666666667 0.06736111111111111 0.06527777777777778 0.06388888888888888 0.06597222222222222
0.08518518518518504 0.061728395061728274 0.061111111111111005 0.06481481481481469 0.06111111111111099 0.05987654320987644 0.07037037037037024 0.09135802469135791 0.06419753086419742 0.06049382716049371 0.05617283950617273 0.06419753086419742 0.0722222222222221 0.06172839506172829 0.06543209876543199
0.06851851851851841 0.061111111111110984 0.062345679012345556 0.05740740740740729 0.05679012345679002 0.09012345679012333 0.058641975308641854 0.05925925925925915 0.05617283950617273 0.05617283950617273 0.05679012345679001 0.0641975308641974 0.058641975308641875 0.05864197530864187 0.135185185185185
0.06975308641975297 0.09629629629629613 0.059876543209876426 0.06604938271604928 0.0641975308641974 0.09444444444444433 0.06111111111111099 0.06851851851851841 0.05617283950617273 0.05555555555555545 0.05740740740740729 0.06172839506172829 0.06604938271604927 0.05925925925925915 0.06358024691358012
0.0594771241830064 0.05882352941176457 0.06013071895424824 0.16405228758169912 0.05882352941176457 0.05882352941176457 0.06013071895424824 0.061437908496731905 0.06078431372549007 0.05882352941176457 0.06013071895424823 0.06013071895424824 0.059477124183006415 0.0594771241830064 0.0594771241830064
0.07908496732026128 0.06405228758169922 0.06405228758169922 0.06535947712418287 0.0614379084967319 0.0594771241830064 0.06470588235294106 0.07973856209150311 0.0679738562091502 0.07516339869281034 0.06013071895424824 0.06405228758169922 0.06732026143790837 0.06339869281045737 0.0640522875816992
0.1294444444444443 0.053333333333333253 0.05111111111111102 0.05611111111111103 0.06777777777777771 0.0527777777777777 0.05555555555555547 0.1572222222222223 0.0538888888888888 0.05166666666666658 0.05166666666666658 0.05277777777777769 0.05944444444444437 0.05333333333333324 0.053888888888888806
0.06944444444444445 0.06805555555555555 0.0625 0.0625 0.06666666666666667 0.06388888888888888 0.06458333333333334 0.06527777777777778 0.0625 0.0625 0.0625 0.0625 0.09722222222222222 0.06319444444444444 0.06666666666666667
0.07908496732026128 0.06339869281045737 0.06470588235294106 0.06862745098039201 0.0614379084967319 0.06732026143790837 0.06535947712418286 0.07320261437908483 0.0640522875816992 0.06732026143790837 0.06339869281045739 0.0660130718954247 0.06732026143790837 0.06078431372549007 0.06797385620915018
0.06555555555555546 0.05333333333333324 0.055555555555555476 0.056666666666666574 0.05444444444444435 0.053888888888888806 0.05777777777777768 0.0627777777777777 0.05611111111111102 0.18611111111111103 0.055555555555555476 0.05833333333333324 0.056666666666666574 0.07055555555555547 0.05666666666666658
0.07124183006535935 0.06601307189542469 0.06732026143790837 0.06732026143790837 0.06405228758169922 0.0633986928104574 0.06797385620915018 0.0679738562091502 0.06601307189542469 0.06862745098039202 0.062091503267973726 0.06274509803921555 0.06470588235294104 0.0745098039215685 0.0660130718954247
0.06333333333333324 0.05277777777777769 0.0549999999999999 0.05555555555555548 0.0549999999999999 0.05222222222222214 0.05555555555555547 0.0627777777777777 0.05888888888888881 0.21888888888888877 0.05277777777777769 0.05333333333333324 0.05277777777777769 0.05444444444444437 0.056666666666666594
0.06736111111111111 0.06388888888888888 0.06319444444444444 0.06388888888888888 0.06666666666666667 0.06388888888888888 0.06527777777777778 0.06527777777777778 0.06597222222222222 0.06388888888888888 0.09166666666666666 0.06458333333333334 0.06388888888888888 0.06597222222222222 0.06458333333333334
0.0660130718954247 0.0594771241830064 0.0594771241830064 0.08431372549019592 0.06274509803921555 0.06013071895424823 0.06013071895424824 0.0699346405228757 0.0594771241830064 0.11437908496732004 0.05882352941176457 0.06013071895424824 0.06078431372549007 0.062091503267973726 0.062091503267973726
0.06805555555555555 0.06388888888888888 0.0625 0.09305555555555556 0.06527777777777778 0.06319444444444444 0.06319444444444444 0.07152777777777777 0.06458333333333334 0.06388888888888888 0.0625 0.06458333333333334 0.06527777777777778 0.06458333333333334 0.06388888888888888
0.06527777777777778 0.06527777777777778 0.06527777777777778 0.06805555555555555 0.06458333333333334 0.06666666666666667 0.06736111111111111 0.06736111111111111 0.07083333333333333 0.06736111111111111 0.06666666666666667 0.06666666666666667 0.06527777777777778 0.06666666666666667 0.06666666666666667
0.06274509803921555 0.06274509803921556 0.06339869281045739 0.0679738562091502 0.06535947712418286 0.0614379084967319 0.06405228758169922 0.06666666666666653 0.060784313725490056 0.10196078431372531 0.06274509803921555 0.0653594771241829 0.06405228758169922 0.06732026143790835 0.06339869281045737
0.06666666666666653 0.061437908496731884 0.0614379084967319 0.06274509803921555 0.06078431372549007 0.061437908496731905 0.06209150326797373 0.06470588235294104 0.06405228758169922 0.095424836601307 0.06013071895424824 0.0790849673202613 0.06078431372549007 0.07581699346405213 0.06339869281045739
0.04761904761904755 0.30423280423280397 0.04761904761904755 0.04761904761904755 0.04973544973544966 0.06031746031746025 0.05555555555555547 0.04814814814814808 0.04814814814814808 0.048677248677248604 0.04814814814814808 0.04920634920634913 0.04867724867724861 0.04814814814814808 0.04814814814814808
0.05888888888888883 0.05444444444444435 0.07388888888888881 0.08944444444444437 0.05833333333333325 0.1094444444444446 0.06055555555555546 0.059999999999999915 0.05166666666666658 0.05277777777777769 0.05277777777777769 0.055555555555555476 0.05722222222222214 0.0527777777777777 0.11222222222222228
0.09166666666666666 0.06319444444444444 0.0625 0.0625 0.0625 0.06319444444444444 0.06319444444444444 0.08958333333333333 0.06319444444444444 0.0625 0.06319444444444444 0.06319444444444444 0.0625 0.06388888888888888 0.06319444444444444
0.06013071895424824 0.06013071895424824 0.05882352941176457 0.059477124183006415 0.05882352941176457 0.0594771241830064 0.06013071895424824 0.06209150326797373 0.06078431372549007 0.05882352941176457 0.16143790849673176 0.059477124183006415 0.059477124183006415 0.060784313725490056 0.06013071895424823
0.06805555555555555 0.06527777777777778 0.06458333333333334 0.07083333333333333 0.06597222222222222 0.06388888888888888 0.06388888888888888 0.07083333333333333 0.06458333333333334 0.06458333333333334 0.07013888888888889 0.06944444444444445 0.06527777777777778 0.06736111111111111 0.06527777777777778
0.07251461988304088 0.06023391812865496 0.060818713450292376 0.059064327485380125 0.07602339181286548 0.054970760233918115 0.058479532163742666 0.08421052631578947 0.09649122807017543 0.0567251461988304 0.05672514619883039 0.0567251461988304 0.07134502923976603 0.07017543859649122 0.06549707602339178
0.05265700483091795 0.09613526570048317 0.045410628019323745 0.046859903381642594 0.04782608695652181 0.2120772946859902 0.04589371980676338 0.05507246376811604 0.04541062801932375 0.04492753623188413 0.04444444444444452 0.057487922705314096 0.04492753623188413 0.0468599033816426 0.11400966183574887
0.06049382716049371 0.05679012345679001 0.059876543209876426 0.061728395061728274 0.059876543209876426 0.08703703703703689 0.058641975308641854 0.05679012345679001 0.06296296296296286 0.05740740740740729 0.05740740740740729 0.06111111111111099 0.058024691358024585 0.05925925925925915 0.1425925925925924
0.06049382716049371 0.05925925925925916 0.05617283950617273 0.05617283950617273 0.06172839506172827 0.05679012345679001 0.058024691358024585 0.061111111111110984 0.05679012345679001 0.05555555555555545 0.0574074074074073 0.1604938271604936 0.08456790123456775 0.05617283950617273 0.05925925925925915
0.06732026143790835 0.06339869281045737 0.0614379084967319 0.0633986928104574 0.06666666666666655 0.06274509803921556 0.06339869281045737 0.06862745098039201 0.06078431372549007 0.062091503267973726 0.0640522875816992 0.06274509803921555 0.09869281045751617 0.06862745098039202 0.0660130718954247
0.056613756613756554 0.05291005291005284 0.05132275132275125 0.07037037037037028 0.052380952380952285 0.052380952380952334 0.19523809523809493 0.06296296296296289 0.06190476190476183 0.050264550264550185 0.07513227513227502 0.05343915343915337 0.050793650793650724 0.05661375661375652 0.05767195767195758
0.07345679012345667 0.0641975308641974 0.05925925925925915 0.06604938271604928 0.0604938271604937 0.0574074074074073 0.111111111111111 0.07777777777777767 0.06604938271604929 0.0574074074074073 0.05679012345679001 0.05987654320987642 0.06728395061728383 0.058024691358024585 0.06481481481481469
0.06842105263157885 0.056140350877193 0.0678362573099415 0.06725146198830409 0.05847953216374269 0.05497076023391813 0.05906432748538011 0.06491228070175438 0.061403508771929814 0.05614035087719297 0.05614035087719299 0.07192982456140348 0.13040935672514609 0.06315789473684208 0.06374269005847949
0.06875 0.07013888888888889 0.06458333333333334 0.06805555555555555 0.06736111111111111 0.06458333333333334 0.06944444444444445 0.06597222222222222 0.06597222222222222 0.06388888888888888 0.06597222222222222 0.06388888888888888 0.06597222222222222 0.06875 0.06666666666666667
0.05666666666666658 0.11277777777777769 0.04999999999999991 0.04999999999999991 0.05833333333333322 0.12444444444444448 0.052222222222222135 0.06055555555555549 0.050555555555555465 0.04999999999999991 0.04999999999999991 0.05277777777777768 0.10166666666666666 0.04999999999999991 0.07999999999999989
0.08011695906432742 0.0649122807017544 0.0590643274853801 0.08654970760233915 0.06081871345029239 0.059064327485380076 0.0654970760233918 0.07660818713450292 0.06257309941520466 0.05789473684210527 0.05614035087719296 0.06549707602339178 0.07660818713450288 0.061403508771929814 0.06725146198830408
0.06604938271604927 0.05617283950617273 0.05740740740740729 0.061111111111110984 0.05679012345679001 0.05740740740740729 0.05679012345679001 0.06604938271604925 0.058641975308641875 0.17592592592592562 0.05679012345679002 0.05679012345679002 0.05740740740740729 0.05617283950617273 0.06049382716049372
0.07098765432098753 0.06543209876543198 0.05925925925925914 0.0691358024691357 0.0648148148148147 0.05679012345679002 0.061728395061728274 0.06419753086419742 0.0722222222222221 0.10864197530864182 0.0574074074074073 0.06419753086419741 0.06358024691358014 0.05925925925925914 0.06234567901234556
0.05964912280701756 0.054970760233918115 0.059064327485380076 0.06140350877192979 0.053801169590643266 0.05497076023391813 0.05438596491228069 0.06081871345029236 0.058479532163742645 0.1964912280701754 0.05614035087719295 0.054970760233918115 0.05847953216374269 0.058479532163742694 0.05789473684210526
0.06419753086419741 0.06111111111111099 0.06851851851851841 0.0648148148148147 0.06358024691358014 0.06234567901234556 0.061111111111111005 0.06358024691358012 0.06049382716049371 0.11913580246913562 0.05802469135802457 0.062345679012345556 0.06296296296296286 0.06111111111111099 0.06666666666666654
0.05882352941176457 0.06013071895424824 0.0594771241830064 0.16274509803921544 0.0594771241830064 0.05882352941176457 0.05882352941176457 0.06013071895424824 0.06013071895424824 0.05882352941176457 0.059477124183006415 0.06078431372549007 0.06013071895424824 0.06209150326797371 0.06013071895424823
0.06274509803921556 0.06013071895424823 0.0594771241830064 0.06013071895424823 0.06078431372549007 0.05882352941176457 0.05882352941176457 0.06470588235294103 0.10130718954248345 0.0594771241830064 0.06013071895424823 0.0594771241830064 0.0594771241830064 0.11372549019607821 0.060784313725490056
0.06013071895424824 0.05882352941176457 0.05882352941176457 0.05882352941176457 0.05882352941176457 0.06013071895424824 0.06013071895424824 0.0594771241830064 0.0594771241830064 0.05882352941176457 0.05882352941176457 0.0614379084967319 0.05882352941176457 0.16732026143790824 0.06013071895424823
0.07569444444444444 0.06458333333333334 0.06458333333333334 0.06597222222222222 0.07083333333333333 0.06458333333333334 0.06666666666666667 0.07083333333333333 0.06875 0.06458333333333334 0.06319444444444444 0.06458333333333334 0.06597222222222222 0.06597222222222222 0.06319444444444444
0.06388888888888888 0.0625 0.06319444444444444 0.10972222222222222 0.06319444444444444 0.06388888888888888 0.06319444444444444 0.06388888888888888 0.06319444444444444 0.0625 0.06458333333333334 0.06388888888888888 0.06319444444444444 0.06597222222222222 0.06319444444444444
0.06388888888888888 0.06319444444444444 0.0625 0.06666666666666667 0.06458333333333334 0.06388888888888888 0.0625 0.06319444444444444 0.08472222222222223 0.06388888888888888 0.08611111111111111 0.0625 0.0625 0.06458333333333334 0.06527777777777778
0.06797385620915018 0.0594771241830064 0.06274509803921555 0.06732026143790837 0.062091503267973726 0.06013071895424824 0.06339869281045739 0.06732026143790835 0.060784313725490056 0.0614379084967319 0.11437908496732004 0.06339869281045739 0.06339869281045739 0.062091503267973726 0.06405228758169922
0.05964912280701754 0.05380116959064327 0.053801169590643294 0.05906432748538012 0.05614035087719296 0.053801169590643266 0.055555555555555546 0.061403508771929766 0.0596491228070175 0.05555555555555557 0.1 0.0543859649122807 0.0543859649122807 0.16608187134502914 0.056725146198830394
0.06458333333333334 0.06319444444444444 0.06319444444444444 0.10833333333333334 0.06319444444444444 0.0625 0.06458333333333334 0.0625 0.06319444444444444 0.0625 0.06527777777777778 0.0625 0.06319444444444444 0.06736111111111111 0.06388888888888888
0.06555555555555546 0.05611111111111102 0.06055555555555546 0.06944444444444435 0.05722222222222214 0.05444444444444436 0.05722222222222214 0.06333333333333326 0.06388888888888881 0.056666666666666574 0.161111111111111 0.05722222222222214 0.053888888888888806 0.06555555555555546 0.0577777777777777
0.06405228758169923 0.0614379084967319 0.12091503267973833 0.06928104575163385 0.06339869281045739 0.06078431372549007 0.06535947712418287 0.06732026143790837 0.06274509803921555 0.060784313725490056 0.059477124183006415 0.06209150326797371 0.061437908496731884 0.06013071895424824 0.06078431372549007
0.07385620915032667 0.06405228758169922 0.07058823529411752 0.06405228758169923 0.0640522875816992 0.06274509803921556 0.06535947712418287 0.072549019607843 0.06928104575163384 0.06078431372549007 0.06013071895424823 0.06535947712418289 0.07124183006535934 0.0660130718954247 0.0699346405228757
0.06944444444444445 0.06388888888888888 0.06388888888888888 0.06805555555555555 0.06597222222222222 0.06388888888888888 0.06944444444444445 0.07361111111111111 0.06388888888888888 0.06805555555555555 0.06597222222222222 0.06388888888888888 0.06875 0.06458333333333334 0.06666666666666667
0.06458333333333334 0.06458333333333334 0.0625 0.0625 0.0625 0.0875 0.06388888888888888 0.0625 0.06319444444444444 0.06319444444444444 0.06319444444444444 0.0625 0.06319444444444444 0.0625 0.09166666666666666
0.09753086419753068 0.0641975308641974 0.06604938271604925 0.06172839506172829 0.06419753086419741 0.05925925925925916 0.06049382716049371 0.0950617283950616 0.05925925925925915 0.05925925925925915 0.0604938271604937 0.06111111111111099 0.06358024691358014 0.06172839506172829 0.06604938271604925
0.07708333333333334 0.06388888888888888 0.06319444444444444 0.06736111111111111 0.06597222222222222 0.06527777777777778 0.0625 0.0763888888888889 0.06388888888888888 0.0625 0.0625 0.0625 0.075 0.06388888888888888 0.06805555555555555
0.08496732026143775 0.06601307189542471 0.0614379084967319 0.06078431372549008 0.06405228758169922 0.062091503267973726 0.06535947712418287 0.07189542483660118 0.06013071895424824 0.06078431372549007 0.06078431372549007 0.06013071895424823 0.09281045751633968 0.0640522875816992 0.06470588235294103
0.05777777777777767 0.08944444444444437 0.050555555555555465 0.05277777777777769 0.08055555555555545 0.14999999999999997 0.05999999999999993 0.05444444444444438 0.05055555555555547 0.05111111111111103 0.050555555555555465 0.0549999999999999 0.07499999999999991 0.05277777777777769 0.06944444444444436
0.06797385620915018 0.062091503267973726 0.06732026143790837 0.06274509803921555 0.06535947712418287 0.06928104575163387 0.06013071895424824 0.0660130718954247 0.0640522875816992 0.0594771241830064 0.05882352941176457 0.08169934640522859 0.0843137254901959 0.06209150326797373 0.06862745098039202
0.05222222222222213 0.07277777777777769 0.05111111111111103 0.050555555555555465 0.10111111111111097 0.11499999999999998 0.05166666666666658 0.05111111111111103 0.05111111111111103 0.05166666666666658 0.050555555555555465 0.12888888888888897 0.054999999999999924 0.04999999999999991 0.06722222222222213
0.06470588235294103 0.05882352941176457 0.0594771241830064 0.062091503267973726 0.06013071895424824 0.06013071895424824 0.0614379084967319 0.06274509803921555 0.1202614379084965 0.08954248366013055 0.0594771241830064 0.059477124183006415 0.0594771241830064 0.062091503267973726 0.06013071895424824
0.06078431372549007 0.06405228758169922 0.12156862745098018 0.06339869281045737 0.06078431372549007 0.06535947712418287 0.06013071895424824 0.06339869281045737 0.061437908496731884 0.06013071895424823 0.059477124183006415 0.07058823529411751 0.06274509803921555 0.05882352941176457 0.06732026143790835
