0.06209150326797373 0.06405228758169922 0.06274509803921556 0.06339869281045737 0.06339869281045737 0.0640522875816992 0.06339869281045739 0.0614379084967319 0.06274509803921555 0.06666666666666654 0.1150326797385619 0.060784313725490056 0.06666666666666651 0.06274509803921556 0.060784313725490056
0.13086419753086398 0.05679012345679001 0.05679012345679001 0.058641975308641854 0.05617283950617273 0.1123456790123455 0.05617283950617273 0.058024691358024585 0.05679012345679001 0.05617283950617273 0.0574074074074073 0.07037037037037026 0.0574074074074073 0.05679012345679001 0.05925925925925915
0.057487922705314096 0.06183574879227062 0.05990338164251217 0.05942028985507255 0.08067632850241553 0.10193236714975853 0.054589371980676406 0.057004830917874484 0.11787439613526571 0.057971014492753714 0.0681159420289856 0.05024154589371989 0.06280193236714984 0.05265700483091796 0.057487922705314096
0.05864197530864187 0.05740740740740729 0.0796296296296295 0.06049382716049371 0.06049382716049372 0.05679012345679001 0.05925925925925915 0.06049382716049371 0.10555555555555533 0.09382716049382704 0.05925925925925915 0.059876543209876426 0.06913580246913567 0.058641975308641875 0.06049382716049371
0.04814814814814808 0.05026455026455019 0.060846560846560746 0.048677248677248604 0.04814814814814808 0.04920634920634913 0.19682539682539651 0.051851851851851774 0.051322751322751256 0.12645502645502635 0.05343915343915337 0.048677248677248604 0.06243386243386233 0.04973544973544966 0.05396825396825389
0.06862745098039202 0.06405228758169922 0.06535947712418287 0.06339869281045739 0.06274509803921555 0.062091503267973726 0.11437908496732001 0.062091503267973726 0.062091503267973726 0.0640522875816992 0.0640522875816992 0.06339869281045739 0.060784313725490056 0.0614379084967319 0.0614379084967319
0.10579710144927537 0.09082125603864749 0.06280193236714982 0.04927536231884066 0.05169082125603874 0.07632850241545903 0.048792270531401054 0.05169082125603874 0.05555555555555564 0.07632850241545903 0.0859903381642513 0.06376811594202907 0.07053140096618368 0.058937198067632944 0.051690821256038716
0.06049382716049372 0.1283950617283949 0.05740740740740729 0.058641975308641854 0.06419753086419741 0.05617283950617273 0.05617283950617273 0.06481481481481469 0.06296296296296287 0.05987654320987642 0.059876543209876426 0.09135802469135786 0.05925925925925914 0.059876543209876426 0.06049382716049371
0.05882352941176457 0.06274509803921555 0.0614379084967319 0.15620915032679714 0.06013071895424824 0.0594771241830064 0.06013071895424824 0.0594771241830064 0.06013071895424824 0.06078431372549007 0.06078431372549007 0.06078431372549007 0.06078431372549007 0.0594771241830064 0.05882352941176457
0.06013071895424823 0.06078431372549007 0.07777777777777763 0.0614379084967319 0.06339869281045739 0.06013071895424824 0.0614379084967319 0.06339869281045737 0.06339869281045739 0.09411764705882339 0.07124183006535935 0.06013071895424823 0.07124183006535934 0.0633986928104574 0.0679738562091502
0.06339869281045737 0.06470588235294103 0.06405228758169923 0.0614379084967319 0.0640522875816992 0.06274509803921556 0.06274509803921555 0.06535947712418287 0.11633986928104553 0.06274509803921556 0.0614379084967319 0.06405228758169922 0.06013071895424823 0.0614379084967319 0.06535947712418287
0.048989898989899 0.0494949494949495 0.04848484848484849 0.052020202020202036 0.1737373737373737 0.1505050505050506 0.04848484848484848 0.05404040404040407 0.053030303030303066 0.05151515151515155 0.05000000000000001 0.05202020202020206 0.057575757575757634 0.053535353535353554 0.05656565656565661
0.06078431372549007 0.06078431372549007 0.06405228758169922 0.06601307189542471 0.06535947712418287 0.11372549019607821 0.06274509803921555 0.06732026143790835 0.06535947712418287 0.06274509803921555 0.06274509803921556 0.06013071895424823 0.06274509803921555 0.06535947712418287 0.06013071895424823
0.05617283950617273 0.16481481481481458 0.05555555555555545 0.05555555555555545 0.05679012345679001 0.05555555555555545 0.05555555555555545 0.05617283950617273 0.05617283950617273 0.05679012345679001 0.05679012345679001 0.05617283950617273 0.05679012345679001 0.1037037037037035 0.05740740740740729
0.05906432748538011 0.0631578947368421 0.0596491228070175 0.05964912280701747 0.06549707602339176 0.15847953216374253 0.05847953216374269 0.06023391812865496 0.05964912280701755 0.05906432748538009 0.058479532163742694 0.05789473684210525 0.061403508771929835 0.05906432748538009 0.06023391812865497
0.0625 0.0625 0.0763888888888889 0.06527777777777778 0.06388888888888888 0.0625 0.06319444444444444 0.06319444444444444 0.06319444444444444 0.08819444444444445 0.06319444444444444 0.0625 0.07777777777777778 0.0625 0.06319444444444444
0.06666666666666667 0.06458333333333334 0.06875 0.06736111111111111 0.07152777777777777 0.06736111111111111 0.06319444444444444 0.06527777777777778 0.06875 0.06527777777777778 0.06944444444444445 0.06458333333333334 0.06666666666666667 0.06666666666666667 0.06388888888888888
0.052222222222222135 0.05166666666666658 0.05499999999999991 0.09722222222222217 0.1938888888888888 0.05999999999999991 0.04999999999999991 0.055555555555555476 0.05833333333333325 0.0538888888888888 0.05499999999999991 0.053333333333333253 0.05333333333333324 0.05444444444444436 0.05611111111111103
0.06458333333333334 0.06388888888888888 0.06527777777777778 0.06527777777777778 0.06944444444444445 0.06875 0.06388888888888888 0.06944444444444445 0.07083333333333333 0.06875 0.06527777777777778 0.06597222222222222 0.06597222222222222 0.06666666666666667 0.06597222222222222
0.06013071895424823 0.09215686274509786 0.059477124183006415 0.059477124183006415 0.0594771241830064 0.0594771241830064 0.05882352941176457 0.06013071895424824 0.05882352941176457 0.06013071895424823 0.05882352941176457 0.07973856209150308 0.11437908496732001 0.0594771241830064 0.059477124183006415
0.0625 0.08125 0.0625 0.06319444444444444 0.06597222222222222 0.06388888888888888 0.0625 0.06388888888888888 0.06458333333333334 0.06319444444444444 0.0625 0.09444444444444444 0.06319444444444444 0.06388888888888888 0.0625
0.05499999999999993 0.1744444444444445 0.059999999999999915 0.06055555555555548 0.0772222222222221 0.05777777777777769 0.05111111111111102 0.0538888888888888 0.06444444444444435 0.058888888888888796 0.05722222222222215 0.05499999999999991 0.05611111111111103 0.05666666666666658 0.06166666666666658
0.1386666666666666 0.12488888888888887 0.056444444444444485 0.08488888888888893 0.04933333333333337 0.04755555555555559 0.05288888888888892 0.06044444444444449 0.05200000000000004 0.08622222222222228 0.048000000000000036 0.05244444444444448 0.05600000000000003 0.045333333333333364 0.044888888888888916
0.06172839506172829 0.061111111111111005 0.06049382716049371 0.06851851851851841 0.06234567901234556 0.1499999999999998 0.058024691358024585 0.0574074074074073 0.06111111111111099 0.05802469135802457 0.061111111111111005 0.06296296296296283 0.06049382716049371 0.05740740740740729 0.05925925925925914
0.05410628019323681 0.2869565217391305 0.05265700483091796 0.06038647342995177 0.051207729468599125 0.04975845410628026 0.04734299516908222 0.05072463768115951 0.04927536231884066 0.053623188405797204 0.04879227053140105 0.0473429951690822 0.048792270531401054 0.051207729468599125 0.04782608695652181
0.05151515151515154 0.10606060606060613 0.057575757575757606 0.053030303030303066 0.0964646464646465 0.05202020202020206 0.06767676767676775 0.055555555555555566 0.05353535353535355 0.051010101010101026 0.05202020202020205 0.14494949494949505 0.0565656565656566 0.05303030303030306 0.048989898989899
0.0625 0.12222222222222222 0.0625 0.06319444444444444 0.0625 0.0625 0.0625 0.06319444444444444 0.0625 0.0625 0.0625 0.0625 0.06388888888888888 0.0625 0.0625
0.06319444444444444 0.12083333333333333 0.0625 0.0625 0.06319444444444444 0.0625 0.0625 0.0625 0.0625 0.0625 0.0625 0.0625 0.06388888888888888 0.06319444444444444 0.06319444444444444
0.06666666666666667 0.06458333333333334 0.07013888888888889 0.07013888888888889 0.06597222222222222 0.06458333333333334 0.06597222222222222 0.06527777777777778 0.06527777777777778 0.07013888888888889 0.06805555555555555 0.06597222222222222 0.06527777777777778 0.06527777777777778 0.06666666666666667
0.05882352941176457 0.0594771241830064 0.07712418300653583 0.062091503267973726 0.05882352941176457 0.05882352941176457 0.06078431372549007 0.05882352941176457 0.0594771241830064 0.11633986928104559 0.0594771241830064 0.06013071895424824 0.09019607843137237 0.06078431372549007 0.05882352941176457
0.05882352941176457 0.059477124183006415 0.05882352941176457 0.0594771241830064 0.059477124183006415 0.06013071895424824 0.05882352941176457 0.0594771241830064 0.059477124183006415 0.0594771241830064 0.05882352941176457 0.059477124183006415 0.16993464052287557 0.0594771241830064 0.05882352941176457
0.05277777777777769 0.05222222222222213 0.059999999999999894 0.06333333333333327 0.05166666666666658 0.06222222222222214 0.10388888888888877 0.17611111111111105 0.056666666666666574 0.05444444444444435 0.055555555555555476 0.052222222222222135 0.05166666666666657 0.053333333333333253 0.0538888888888888
0.056725146198830394 0.06315789473684207 0.06432748538011693 0.08421052631578942 0.061403508771929835 0.05847953216374265 0.06666666666666667 0.0590643274853801 0.09181286549707598 0.0631578947368421 0.09239766081871349 0.0567251461988304 0.05964912280701756 0.06081871345029239 0.061403508771929786
0.05789473684210524 0.0654970760233918 0.06608187134502921 0.06549707602339179 0.06491228070175437 0.05614035087719295 0.0614035087719298 0.0631578947368421 0.061988304093567245 0.060818713450292376 0.057309941520467804 0.11871345029239756 0.059064327485380076 0.08011695906432746 0.0614035087719298
0.05497076023391813 0.05789473684210526 0.05964912280701754 0.06491228070175435 0.06374269005847953 0.056725146198830394 0.1146198830409356 0.058479532163742666 0.0660818713450292 0.05789473684210523 0.055555555555555546 0.053801169590643266 0.11345029239766075 0.06374269005847948 0.05847953216374265
0.0614379084967319 0.07124183006535935 0.06797385620915018 0.06993464052287568 0.08627450980392143 0.06666666666666653 0.06209150326797373 0.06470588235294106 0.06862745098039202 0.0640522875816992 0.0640522875816992 0.06339869281045739 0.06470588235294104 0.06013071895424823 0.06470588235294104
0.055555555555555476 0.058888888888888796 0.059999999999999915 0.059999999999999894 0.05222222222222214 0.05277777777777769 0.056666666666666574 0.08166666666666657 0.06055555555555546 0.10611111111111102 0.053333333333333253 0.06111111111111101 0.06722222222222213 0.09111111111111105 0.08277777777777764
0.062091503267973726 0.06013071895424824 0.0594771241830064 0.06013071895424823 0.05882352941176457 0.0594771241830064 0.05882352941176457 0.05882352941176457 0.06013071895424824 0.059477124183006415 0.05882352941176457 0.05882352941176457 0.11568627450980369 0.10980392156862724 0.0594771241830064
0.0625 0.0625 0.07152777777777777 0.06458333333333334 0.06319444444444444 0.06319444444444444 0.06388888888888888 0.0625 0.0625 0.09375 0.0625 0.0625 0.07847222222222222 0.06388888888888888 0.0625
0.11830065359477102 0.06862745098039202 0.06470588235294106 0.0771241830065358 0.06013071895424823 0.06274509803921555 0.06013071895424824 0.0614379084967319 0.06078431372549007 0.062091503267973726 0.06078431372549008 0.06078431372549007 0.06209150326797373 0.0614379084967319 0.05882352941176457
0.06388888888888888 0.06597222222222222 0.06666666666666667 0.06597222222222222 0.06736111111111111 0.06597222222222222 0.06458333333333334 0.06805555555555555 0.06875 0.06736111111111111 0.06458333333333334 0.06597222222222222 0.06805555555555555 0.06875 0.06805555555555555
0.05730994152046784 0.057309941520467825 0.05614035087719297 0.08011695906432749 0.05380116959064327 0.055555555555555546 0.10701754385964912 0.10818713450292396 0.05614035087719297 0.05906432748538007 0.0654970760233918 0.055555555555555546 0.05438596491228069 0.05555555555555555 0.07836257309941522
0.06358024691358014 0.05740740740740729 0.05987654320987642 0.06975308641975297 0.06049382716049372 0.059876543209876426 0.0574074074074073 0.14012345679012328 0.06358024691358014 0.05679012345679001 0.06481481481481469 0.061111111111111005 0.06543209876543196 0.05864197530864187 0.06111111111111099
0.05906432748538009 0.05497076023391814 0.0567251461988304 0.10877192982456138 0.05672514619883039 0.05438596491228071 0.09532163742690061 0.10467836257309938 0.05847953216374267 0.05789473684210525 0.05964912280701754 0.0567251461988304 0.05614035087719296 0.06023391812865497 0.06023391812865497
0.03928571428571426 0.03809523809523806 0.040079365079365055 0.04325396825396824 0.04007936507936505 0.11230158730158726 0.11428571428571427 0.09603174603174593 0.04246031746031744 0.038492063492063466 0.09285714285714282 0.03690476190476187 0.043253968253968246 0.03849206349206346 0.18412698412698394
0.05964912280701754 0.08011695906432743 0.06842105263157891 0.08304093567251455 0.06315789473684211 0.055555555555555546 0.06315789473684208 0.07953216374269005 0.06842105263157892 0.07017543859649121 0.06257309941520463 0.06549707602339182 0.06432748538011693 0.060233918128654966 0.05614035087719298
0.04848484848484848 0.07424242424242429 0.05050505050505052 0.21464646464646464 0.04848484848484848 0.047474747474747475 0.04999999999999999 0.11565656565656576 0.05000000000000002 0.05353535353535354 0.05000000000000002 0.05101010101010104 0.048989898989899 0.047474747474747475 0.04949494949494951
0.061437908496731884 0.05882352941176457 0.0594771241830064 0.05882352941176457 0.05882352941176457 0.05882352941176457 0.059477124183006415 0.0594771241830064 0.0594771241830064 0.0594771241830064 0.16797385620915006 0.06013071895424824 0.0594771241830064 0.05882352941176457 0.0594771241830064
0.05614035087719297 0.06023391812865496 0.05847953216374267 0.07134502923976606 0.06315789473684205 0.0573099415204678 0.05614035087719297 0.15146198830409358 0.058479532163742694 0.06081871345029235 0.06783625730994149 0.0590643274853801 0.05964912280701752 0.06023391812865496 0.059649122807017514
0.06319444444444444 0.06458333333333334 0.06944444444444445 0.06875 0.06319444444444444 0.06527777777777778 0.06736111111111111 0.07361111111111111 0.06458333333333334 0.06666666666666667 0.07291666666666667 0.06597222222222222 0.06527777777777778 0.06388888888888888 0.06527777777777778
0.0625 0.0625 0.0625 0.0625 0.0625 0.0625 0.0625 0.12430555555555556 0.0625 0.0625 0.06319444444444444 0.0625 0.0625 0.0625 0.0625
0.04814814814814808 0.051851851851851774 0.04920634920634913 0.09259259259259255 0.05291005291005283 0.050793650793650724 0.04920634920634913 0.25291005291005253 0.053439153439153356 0.04867724867724861 0.04814814814814808 0.04920634920634912 0.05132275132275125 0.05079365079365071 0.0507936507936507
0.06049382716049371 0.06049382716049371 0.05925925925925916 0.06111111111111099 0.06358024691358014 0.05679012345679001 0.059876543209876426 0.12469135802469117 0.05925925925925915 0.06296296296296285 0.058024691358024585 0.06358024691358011 0.08395061728395048 0.06172839506172829 0.06419753086419742
0.06319444444444444 0.0625 0.06666666666666667 0.06388888888888888 0.06458333333333334 0.06458333333333334 0.06458333333333334 0.06388888888888888 0.06527777777777778 0.09027777777777778 0.06458333333333334 0.0625 0.06388888888888888 0.06597222222222222 0.07361111111111111
0.048677248677248604 0.05185185185185177 0.05238095238095231 0.11111111111111104 0.059788359788359696 0.05238095238095231 0.09682539682539672 0.12645502645502632 0.05185185185185177 0.07037037037037026 0.05079365079365071 0.053439153439153377 0.05873015873015867 0.05343915343915337 0.061904761904761844
0.05169082125603874 0.04830917874396145 0.05169082125603873 0.06570048309178754 0.046859903381642594 0.05072463768115952 0.05024154589371989 0.21545893719806766 0.07101449275362329 0.054589371980676406 0.0685990338164252 0.05169082125603873 0.05169082125603874 0.05555555555555564 0.06618357487922716
0.05722222222222214 0.0538888888888888 0.06055555555555548 0.06166666666666658 0.05666666666666658 0.058333333333333244 0.05222222222222214 0.11166666666666658 0.06611111111111105 0.05888888888888881 0.05833333333333322 0.05277777777777769 0.06333333333333324 0.10833333333333334 0.07999999999999988
0.059876543209876426 0.05987654320987644 0.06358024691358014 0.05987654320987644 0.06049382716049372 0.06419753086419742 0.06728395061728384 0.1148148148148146 0.06481481481481469 0.06481481481481471 0.06296296296296283 0.07222222222222209 0.05802469135802457 0.06913580246913567 0.05802469135802457
0.05333333333333324 0.12777777777777782 0.053888888888888806 0.05444444444444435 0.055555555555555476 0.053888888888888785 0.05444444444444436 0.1049999999999999 0.053333333333333253 0.05555555555555547 0.05944444444444436 0.1066666666666667 0.05444444444444436 0.05722222222222215 0.054999999999999924
0.05614035087719298 0.06081871345029237 0.060233918128654945 0.0795321637426901 0.09883040935672509 0.06608187134502923 0.054970760233918115 0.1175438596491227 0.0549707602339181 0.06140350877192979 0.055555555555555546 0.05789473684210522 0.059064327485380125 0.06257309941520468 0.05438596491228068
0.05000000000000002 0.07575757575757582 0.048989898989899 0.10252525252525257 0.0641414141414142 0.04646464646464645 0.052020202020202036 0.05353535353535359 0.05050505050505052 0.05000000000000002 0.05050505050505053 0.20202020202020204 0.05101010101010102 0.052525252525252544 0.05000000000000001
0.06732026143790835 0.06274509803921555 0.0614379084967319 0.06078431372549008 0.06666666666666653 0.0614379084967319 0.06274509803921555 0.0640522875816992 0.06339869281045737 0.06013071895424823 0.06274509803921555 0.11699346405228736 0.06209150326797373 0.062091503267973726 0.06535947712418287
0.05679012345679001 0.05987654320987642 0.0783950617283949 0.06728395061728382 0.06049382716049371 0.058024691358024585 0.07530864197530851 0.058641975308641854 0.06111111111111099 0.07098765432098754 0.06296296296296287 0.05617283950617273 0.0648148148148147 0.10679012345678997 0.062345679012345556
0.06339869281045737 0.06470588235294103 0.06339869281045737 0.06405228758169923 0.0614379084967319 0.062091503267973726 0.06013071895424824 0.06470588235294104 0.06535947712418289 0.06601307189542471 0.06274509803921555 0.060784313725490056 0.06274509803921556 0.11503267973856188 0.06339869281045739
0.06597222222222222 0.06597222222222222 0.06527777777777778 0.07083333333333333 0.06805555555555555 0.06527777777777778 0.06736111111111111 0.06597222222222222 0.06597222222222222 0.06666666666666667 0.06875 0.06319444444444444 0.06666666666666667 0.06805555555555555 0.06597222222222222
0.06666666666666665 0.056725146198830415 0.05964912280701749 0.06783625730994149 0.0637426900584795 0.05789473684210527 0.05906432748538014 0.12397660818713442 0.05789473684210524 0.07660818713450296 0.05614035087719295 0.07192982456140345 0.06608187134502916 0.05730994152046779 0.058479532163742666
0.05614035087719297 0.05614035087719299 0.0596491228070175 0.05730994152046784 0.06374269005847952 0.0573099415204678 0.05672514619883039 0.1637426900584793 0.08888888888888889 0.05614035087719295 0.0578947368421052 0.05789473684210525 0.055555555555555546 0.057309941520467825 0.055555555555555546
0.047892720306513356 0.05785440613026816 0.0593869731800766 0.12605363984674334 0.039846743295019096 0.0383141762452107 0.07777777777777779 0.08467432950191572 0.04252873563218386 0.05440613026819919 0.039080459770114886 0.1938697318007663 0.054022988505747105 0.04061302681992334 0.04367816091954019
0.06049382716049372 0.06358024691358014 0.06604938271604927 0.07654320987654309 0.061111111111110984 0.05925925925925914 0.06296296296296285 0.11975308641975292 0.06296296296296283 0.06296296296296285 0.06049382716049372 0.05987654320987642 0.06543209876543199 0.06049382716049372 0.058024691358024585
0.05277777777777777 0.04861111111111109 0.10231481481481478 0.05462962962962963 0.07685185185185185 0.10509259259259256 0.10185185185185185 0.054629629629629646 0.0560185185185185 0.05879629629629632 0.056481481481481466 0.058796296296296346 0.055555555555555546 0.06250000000000001 0.05509259259259262
0.05277777777777769 0.05944444444444434 0.05777777777777769 0.12055555555555557 0.053333333333333253 0.05444444444444436 0.0538888888888888 0.06222222222222213 0.06722222222222213 0.058888888888888796 0.0577777777777777 0.05666666666666658 0.12388888888888884 0.0655555555555555 0.055555555555555476
0.059477124183006415 0.062091503267973726 0.060784313725490056 0.06274509803921556 0.062091503267973726 0.12352941176470564 0.06339869281045739 0.0614379084967319 0.06078431372549007 0.06339869281045739 0.062091503267973726 0.0614379084967319 0.06928104575163387 0.06535947712418289 0.062091503267973726
0.04879227053140105 0.08019323671497602 0.05265700483091797 0.06135265700483102 0.05024154589371989 0.04830917874396143 0.05169082125603874 0.07053140096618364 0.05024154589371988 0.05458937198067641 0.04927536231884066 0.047826086956521824 0.04637681159420297 0.23478260869565212 0.053140096618357564
0.05438596491228071 0.05789473684210525 0.06491228070175435 0.05964912280701749 0.059064327485380055 0.05614035087719298 0.11520467836257302 0.061988304093567224 0.05789473684210527 0.09298245614035087 0.059649122807017514 0.056725146198830394 0.08947368421052632 0.059064327485380076 0.05497076023391813
0.058024691358024585 0.058641975308641854 0.061728395061728274 0.08641975308641962 0.09012345679012332 0.06296296296296285 0.059876543209876426 0.06358024691358014 0.05987654320987645 0.06358024691358014 0.0574074074074073 0.06049382716049372 0.09506172839506156 0.06049382716049371 0.06172839506172827
0.05555555555555545 0.05555555555555545 0.05617283950617273 0.05555555555555545 0.05555555555555545 0.21666666666666629 0.05679012345679001 0.05555555555555545 0.05679012345679001 0.05679012345679001 0.05555555555555545 0.05555555555555545 0.05617283950617273 0.05617283950617273 0.05555555555555545
0.06013071895424824 0.06797385620915021 0.06470588235294106 0.06013071895424824 0.06339869281045737 0.062091503267973726 0.060784313725490056 0.062091503267973726 0.06666666666666651 0.06078431372549007 0.06470588235294104 0.05882352941176457 0.12222222222222198 0.06274509803921557 0.06274509803921555
0.05740740740740729 0.05740740740740729 0.12037037037037018 0.06481481481481471 0.06234567901234556 0.05925925925925916 0.05925925925925914 0.05864197530864187 0.098148148148148 0.062345679012345556 0.06234567901234556 0.05740740740740729 0.061728395061728274 0.05987654320987642 0.058641975308641875
0.06736111111111111 0.06597222222222222 0.06736111111111111 0.06875 0.06805555555555555 0.06527777777777778 0.06527777777777778 0.06736111111111111 0.06597222222222222 0.06666666666666667 0.06666666666666667 0.06666666666666667 0.06666666666666667 0.06666666666666667 0.06527777777777778
0.061111111111110984 0.059876543209876426 0.07037037037037024 0.061111111111111005 0.06604938271604928 0.05802469135802457 0.06296296296296285 0.0574074074074073 0.06049382716049371 0.06358024691358014 0.0648148148148147 0.11728395061728379 0.06234567901234556 0.07716049382716036 0.05740740740740729
0.06013071895424823 0.0614379084967319 0.06274509803921555 0.095424836601307 0.06535947712418287 0.06339869281045739 0.0660130718954247 0.07058823529411752 0.07320261437908485 0.06470588235294103 0.060784313725490056 0.06405228758169922 0.06339869281045737 0.06274509803921555 0.0660130718954247
0.06458333333333334 0.06319444444444444 0.06597222222222222 0.06666666666666667 0.07083333333333333 0.06388888888888888 0.06388888888888888 0.06666666666666667 0.06458333333333334 0.06736111111111111 0.06736111111111111 0.06388888888888888 0.06597222222222222 0.08055555555555556 0.06458333333333334
0.06358024691358014 0.05925925925925916 0.05740740740740729 0.06234567901234556 0.05925925925925914 0.13518518518518505 0.05617283950617273 0.05740740740740729 0.05679012345679001 0.05617283950617273 0.05679012345679001 0.05679012345679001 0.05740740740740729 0.10679012345678993 0.05864197530864187
0.05050505050505053 0.04949494949494949 0.057575757575757606 0.04949494949494951 0.058585858585858595 0.09646464646464649 0.04797979797979798 0.04999999999999999 0.054040404040404076 0.07272727272727277 0.05000000000000002 0.11161616161616172 0.06363636363636373 0.13888888888888903 0.048989898989899
0.0625 0.06319444444444444 0.06388888888888888 0.06458333333333334 0.10625 0.0625 0.0625 0.0625 0.07291666666666667 0.06319444444444444 0.06388888888888888 0.06319444444444444 0.0625 0.0625 0.06388888888888888
0.0614379084967319 0.0614379084967319 0.06535947712418289 0.060784313725490056 0.06666666666666654 0.062091503267973726 0.06013071895424823 0.062091503267973726 0.06339869281045737 0.06078431372549007 0.06732026143790834 0.06078431372549007 0.06274509803921556 0.12287581699346385 0.06209150326797371
0.06078431372549007 0.06209150326797373 0.06078431372549007 0.06274509803921555 0.06666666666666654 0.12352941176470567 0.06013071895424823 0.06078431372549007 0.060784313725490056 0.0640522875816992 0.06470588235294103 0.06013071895424824 0.06666666666666653 0.06405228758169923 0.062091503267973726
0.05925925925925915 0.0648148148148147 0.1246913580246912 0.06172839506172829 0.07222222222222209 0.05802469135802457 0.05925925925925915 0.06234567901234556 0.059876543209876426 0.06358024691358014 0.062345679012345556 0.06358024691358014 0.06234567901234556 0.06358024691358014 0.062345679012345556
0.06013071895424824 0.08562091503267959 0.06732026143790835 0.06666666666666651 0.06339869281045737 0.06601307189542471 0.07124183006535934 0.06339869281045739 0.06339869281045739 0.06274509803921555 0.0614379084967319 0.07385620915032666 0.07189542483660118 0.0614379084967319 0.0614379084967319
0.11111111111111117 0.052222222222222135 0.056666666666666574 0.11888888888888878 0.05722222222222215 0.05166666666666658 0.05444444444444435 0.05444444444444435 0.12166666666666667 0.0527777777777777 0.05666666666666658 0.05166666666666658 0.05222222222222214 0.0549999999999999 0.053333333333333253
0.06601307189542471 0.06274509803921556 0.06274509803921555 0.06666666666666653 0.06732026143790835 0.06535947712418289 0.06339869281045737 0.06274509803921555 0.06666666666666651 0.07973856209150312 0.06209150326797373 0.0640522875816992 0.06928104575163387 0.0679738562091502 0.07320261437908483
0.05864197530864187 0.14012345679012328 0.06234567901234556 0.06049382716049372 0.06728395061728383 0.06172839506172829 0.05864197530864187 0.05925925925925915 0.05864197530864187 0.062345679012345556 0.06419753086419742 0.06111111111111099 0.05987654320987644 0.05864197530864187 0.06666666666666655
0.05864197530864187 0.12777777777777757 0.059876543209876426 0.06358024691358014 0.09629629629629613 0.0574074074074073 0.05987654320987644 0.06049382716049371 0.058641975308641854 0.06481481481481469 0.0574074074074073 0.058024691358024585 0.058024691358024585 0.058641975308641854 0.06049382716049372
0.06013071895424824 0.10457516339869259 0.06078431372549007 0.0594771241830064 0.06274509803921555 0.06013071895424824 0.05882352941176457 0.06013071895424824 0.06013071895424824 0.05882352941176457 0.06013071895424823 0.05882352941176457 0.05882352941176457 0.05882352941176457 0.11764705882352915
0.05740740740740729 0.1339506172839504 0.06913580246913568 0.06049382716049372 0.06604938271604927 0.05925925925925914 0.05740740740740729 0.059876543209876426 0.07283950617283938 0.05925925925925915 0.0679012345679011 0.05679012345679001 0.059876543209876426 0.05925925925925915 0.06049382716049372
0.05444444444444436 0.16666666666666677 0.06611111111111101 0.052222222222222135 0.08055555555555545 0.053333333333333253 0.053888888888888806 0.053333333333333253 0.05444444444444436 0.08777777777777766 0.05444444444444436 0.05277777777777769 0.06333333333333324 0.0538888888888888 0.05277777777777769
0.06604938271604925 0.09506172839506163 0.06419753086419741 0.06728395061728383 0.06728395061728384 0.06111111111111099 0.0648148148148147 0.06358024691358014 0.061111111111111005 0.0679012345679011 0.06728395061728384 0.06358024691358012 0.06234567901234556 0.06358024691358015 0.0648148148148147
0.06388888888888888 0.06319444444444444 0.06458333333333334 0.06319444444444444 0.07847222222222222 0.06388888888888888 0.0625 0.0625 0.06527777777777778 0.08541666666666667 0.0625 0.06388888888888888 0.06319444444444444 0.075 0.0625
0.06736111111111111 0.06597222222222222 0.06666666666666667 0.06736111111111111 0.06666666666666667 0.06736111111111111 0.06805555555555555 0.07569444444444444 0.06388888888888888 0.06388888888888888 0.06666666666666667 0.06527777777777778 0.06458333333333334 0.06666666666666667 0.06388888888888888
0.06319444444444444 0.06597222222222222 0.07777777777777778 0.06875 0.06666666666666667 0.06458333333333334 0.06666666666666667 0.06319444444444444 0.07013888888888889 0.06666666666666667 0.06805555555555555 0.06458333333333334 0.06458333333333334 0.06388888888888888 0.06527777777777778
0.050555555555555465 0.050555555555555465 0.0638888888888888 0.05222222222222213 0.050555555555555465 0.050555555555555465 0.12388888888888887 0.050555555555555465 0.05444444444444435 0.0699999999999999 0.053888888888888806 0.10388888888888878 0.12277777777777772 0.052222222222222135 0.04999999999999991
0.059477124183006415 0.05882352941176457 0.05882352941176457 0.06013071895424824 0.0594771241830064 0.0594771241830064 0.12941176470588212 0.05882352941176457 0.0594771241830064 0.061437908496731884 0.0594771241830064 0.095424836601307 0.06078431372549007 0.06013071895424824 0.05882352941176457
0.05882352941176457 0.06013071895424824 0.06339869281045737 0.06078431372549007 0.0614379084967319 0.09281045751633968 0.06078431372549007 0.061437908496731905 0.10196078431372531 0.06535947712418287 0.059477124183006415 0.0594771241830064 0.07124183006535935 0.06274509803921556 0.06013071895424824
0.0625 0.0625 0.0763888888888889 0.06388888888888888 0.0625 0.0625 0.06527777777777778 0.0625 0.06388888888888888 0.08611111111111111 0.0625 0.0625 0.08125 0.0625 0.06319444444444444
0.0625 0.06319444444444444 0.0625 0.0625 0.06388888888888888 0.0625 0.11875 0.06319444444444444 0.06319444444444444 0.0625 0.0625 0.0625 0.06319444444444444 0.0625 0.06458333333333334
0.061437908496731905 0.0594771241830064 0.0614379084967319 0.06535947712418287 0.07320261437908483 0.0660130718954247 0.10130718954248348 0.06470588235294104 0.06666666666666651 0.06274509803921556 0.06535947712418286 0.06339869281045737 0.06470588235294104 0.0640522875816992 0.06013071895424823
0.0625 0.0625 0.0625 0.0625 0.0625 0.0625 0.12291666666666666 0.0625 0.06319444444444444 0.0625 0.0625 0.06319444444444444 0.0625 0.0625 0.06319444444444444
0.05882352941176457 0.059477124183006415 0.11633986928104552 0.05882352941176457 0.06013071895424823 0.05882352941176457 0.0888888888888887 0.059477124183006415 0.0594771241830064 0.06013071895424824 0.05882352941176457 0.08366013071895408 0.05882352941176457 0.05882352941176457 0.059477124183006415
0.057309941520467846 0.0590643274853801 0.14327485380116947 0.06608187134502919 0.056725146198830394 0.056725146198830415 0.05847953216374267 0.060818713450292376 0.06842105263157892 0.06666666666666661 0.06491228070175432 0.05614035087719297 0.06608187134502917 0.061403508771929814 0.05789473684210525
0.0625 0.06388888888888888 0.0625 0.08888888888888889 0.08888888888888889 0.0625 0.0625 0.06319444444444444 0.0625 0.06805555555555555 0.06319444444444444 0.0625 0.06388888888888888 0.0625 0.0625
0.0625 0.0625 0.12013888888888889 0.06319444444444444 0.06319444444444444 0.0625 0.0625 0.06319444444444444 0.06458333333333334 0.0625 0.0625 0.06319444444444444 0.0625 0.0625 0.0625
0.06078431372549008 0.11699346405228739 0.0614379084967319 0.0614379084967319 0.06535947712418287 0.062091503267973726 0.0614379084967319 0.06209150326797371 0.06666666666666651 0.06732026143790834 0.06928104575163387 0.06078431372549007 0.060784313725490056 0.060784313725490056 0.06274509803921557
0.08641975308641964 0.11728395061728379 0.06913580246913567 0.06419753086419742 0.06234567901234556 0.06172839506172829 0.058024691358024585 0.06049382716049371 0.05987654320987644 0.06358024691358012 0.058024691358024585 0.059876543209876426 0.058024691358024585 0.06172839506172829 0.05925925925925914
0.076111111111111 0.2066666666666665 0.05277777777777769 0.05166666666666658 0.06055555555555547 0.05111111111111102 0.05166666666666658 0.06388888888888879 0.05111111111111103 0.053888888888888806 0.07166666666666657 0.04999999999999991 0.0527777777777777 0.05444444444444435 0.05166666666666657
0.05111111111111102 0.2561111111111113 0.053333333333333253 0.05222222222222214 0.05222222222222213 0.05444444444444437 0.0527777777777777 0.0538888888888888 0.05333333333333324 0.05611111111111102 0.0527777777777777 0.05777777777777767 0.04999999999999991 0.04999999999999991 0.053888888888888806
0.09019607843137238 0.06013071895424824 0.059477124183006415 0.0816993464052286 0.08888888888888873 0.06013071895424824 0.059477124183006415 0.0614379084967319 0.06078431372549007 0.06535947712418289 0.05882352941176457 0.06078431372549007 0.05882352941176457 0.07450980392156846 0.0594771241830064
0.0625 0.0625 0.07569444444444444 0.06319444444444444 0.0625 0.0625 0.06597222222222222 0.0625 0.06458333333333334 0.09166666666666666 0.06319444444444444 0.06319444444444444 0.07361111111111111 0.0625 0.06388888888888888
0.0625 0.06319444444444444 0.06319444444444444 0.0625 0.06319444444444444 0.0625 0.11944444444444445 0.0625 0.0625 0.0625 0.0625 0.06597222222222222 0.0625 0.0625 0.0625
0.06928104575163384 0.062091503267973726 0.06470588235294107 0.06274509803921555 0.062091503267973726 0.062091503267973726 0.06013071895424824 0.06013071895424823 0.06209150326797373 0.062091503267973726 0.12287581699346381 0.0614379084967319 0.06274509803921556 0.06274509803921555 0.06274509803921555
0.0625 0.06319444444444444 0.12222222222222222 0.06319444444444444 0.0625 0.0625 0.0625 0.0625 0.06388888888888888 0.0625 0.0625 0.0625 0.0625 0.0625 0.0625
0.05679012345679001 0.05555555555555545 0.05925925925925915 0.058641975308641854 0.1777777777777775 0.06049382716049372 0.058024691358024585 0.061728395061728274 0.0679012345679011 0.05679012345679001 0.05617283950617273 0.059876543209876426 0.05740740740740729 0.05679012345679001 0.05679012345679001
0.05740740740740729 0.05802469135802457 0.059876543209876426 0.05987654320987642 0.07654320987654309 0.11358024691358005 0.05617283950617273 0.05925925925925915 0.09814814814814801 0.05802469135802457 0.06543209876543198 0.05925925925925915 0.05925925925925915 0.05925925925925915 0.059876543209876426
0.05497076023391813 0.05789473684210524 0.053801169590643266 0.05497076023391812 0.05789473684210525 0.11345029239766075 0.056725146198830394 0.05730994152046784 0.05847953216374267 0.05614035087719296 0.057309941520467804 0.10877192982456138 0.05789473684210526 0.09999999999999998 0.05438596491228069
0.0625 0.11805555555555555 0.06319444444444444 0.06319444444444444 0.06319444444444444 0.06319444444444444 0.06319444444444444 0.0625 0.06388888888888888 0.06319444444444444 0.06319444444444444 0.0625 0.06319444444444444 0.0625 0.0625
0.061111111111110984 0.06543209876543198 0.06049382716049372 0.0685185185185184 0.07716049382716039 0.06296296296296285 0.06358024691358014 0.0604938271604937 0.07654320987654308 0.059876543209876426 0.05925925925925915 0.06049382716049372 0.061728395061728294 0.10246913580246897 0.05987654320987644
0.0625 0.0625 0.0625 0.0625 0.0625 0.0625 0.0625 0.0625 0.0625 0.0625 0.0625 0.125 0.0625 0.0625 0.0625
0.04401709401709399 0.055982905982905964 0.04700854700854699 0.04316239316239313 0.2047008547008547 0.2192307692307691 0.044017094017093986 0.04273504273504271 0.04145299145299141 0.04401709401709398 0.040598290598290565 0.04145299145299141 0.04487179487179485 0.043162393162393106 0.043589743589743546
0.052631578947368425 0.05321637426900585 0.053801169590643266 0.0543859649122807 0.10409356725146199 0.2023391812865497 0.05321637426900586 0.05321637426900585 0.05321637426900585 0.052631578947368425 0.052631578947368425 0.052631578947368425 0.05380116959064327 0.05321637426900585 0.05497076023391813
0.06157407407407409 0.05694444444444447 0.0458333333333333 0.045833333333333295 0.2370370370370371 0.1384259259259259 0.04537037037037031 0.04583333333333328 0.046759259259259216 0.045833333333333295 0.048148148148148114 0.04259259259259254 0.044444444444444384 0.04675925925925921 0.0486111111111111
0.05679012345679001 0.06172839506172829 0.059876543209876426 0.058024691358024585 0.17962962962962936 0.05617283950617273 0.05740740740740729 0.059876543209876426 0.05864197530864187 0.06234567901234556 0.05802469135802457 0.058641975308641854 0.05740740740740729 0.05679012345679001 0.05864197530864187
0.0625 0.0625 0.06319444444444444 0.06597222222222222 0.0625 0.06458333333333334 0.0625 0.06319444444444444 0.0625 0.0625 0.0625 0.0625 0.11736111111111111 0.0625 0.06319444444444444
0.0494949494949495 0.053535353535353575 0.05353535353535357 0.07424242424242437 0.04999999999999999 0.04797979797979798 0.04848484848484849 0.08686868686868693 0.05353535353535357 0.055555555555555594 0.05454545454545456 0.05050505050505051 0.14191919191919208 0.12828282828282841 0.05151515151515154
0.055555555555555476 0.05277777777777769 0.05888888888888882 0.06055555555555548 0.05611111111111102 0.05611111111111103 0.09388888888888884 0.05777777777777769 0.057222222222222126 0.06277777777777767 0.059999999999999894 0.05722222222222214 0.15888888888888897 0.058333333333333244 0.0538888888888888
0.0625 0.06319444444444444 0.0625 0.0625 0.0625 0.0625 0.12291666666666666 0.0625 0.06319444444444444 0.06319444444444444 0.0625 0.0625 0.0625 0.0625 0.0625
0.06013071895424824 0.06797385620915018 0.07124183006535934 0.06862745098039202 0.06405228758169922 0.06339869281045739 0.07908496732026128 0.07189542483660118 0.07058823529411754 0.06339869281045737 0.06732026143790835 0.0614379084967319 0.06862745098039202 0.060784313725490056 0.0614379084967319
0.06013071895424824 0.06274509803921555 0.06339869281045737 0.06862745098039201 0.062091503267973726 0.06209150326797373 0.0660130718954247 0.09738562091503253 0.07058823529411752 0.0640522875816992 0.060784313725490056 0.06405228758169922 0.06470588235294104 0.0679738562091502 0.06535947712418287
0.06078431372549007 0.062091503267973726 0.06928104575163384 0.07124183006535935 0.068627450980392 0.06928104575163385 0.062091503267973726 0.06209150326797371 0.06928104575163387 0.0660130718954247 0.06601307189542469 0.07189542483660118 0.06405228758169922 0.0640522875816992 0.07320261437908483
0.07189542483660116 0.06666666666666653 0.060784313725490056 0.06209150326797373 0.062091503267973726 0.06013071895424824 0.0614379084967319 0.062091503267973726 0.06339869281045739 0.062091503267973726 0.08300653594771228 0.06274509803921556 0.062091503267973726 0.062091503267973726 0.09738562091503251
0.08465608465608458 0.053439153439153356 0.05238095238095231 0.051851851851851795 0.05026455026455019 0.04973544973544967 0.05079365079365071 0.05291005291005284 0.05079365079365073 0.05291005291005284 0.22222222222222193 0.05026455026455019 0.04920634920634914 0.04973544973544967 0.07883597883597875
0.06783625730994149 0.06198830409356726 0.05730994152046784 0.059649122807017514 0.06081871345029236 0.055555555555555566 0.05906432748538012 0.0643274853801169 0.0614035087719298 0.06432748538011694 0.13918128654970746 0.06374269005847946 0.060233918128654966 0.0608187134502924 0.06374269005847949
