0.0625 0.0625 0.0625 0.0625 0.06319444444444444 0.0625 0.06319444444444444 0.0625 0.12361111111111112 0.0625 0.0625 0.0625 0.0625 0.0625 0.0625
0.08641975308641961 0.05802469135802457 0.05864197530864187 0.05802469135802457 0.061111111111111005 0.07654320987654306 0.05987654320987645 0.05987654320987644 0.07530864197530855 0.05925925925925915 0.0604938271604937 0.0950617283950616 0.06172839506172829 0.06358024691358014 0.06604938271604925
0.05740740740740729 0.05679012345679001 0.05925925925925915 0.05617283950617273 0.05925925925925915 0.07839506172839494 0.07283950617283938 0.061728395061728294 0.05925925925925916 0.08765432098765419 0.06481481481481469 0.09074074074074062 0.06419753086419742 0.06234567901234558 0.0691358024691357
0.0625 0.06319444444444444 0.0625 0.06319444444444444 0.0625 0.06319444444444444 0.06805555555555555 0.0625 0.11527777777777778 0.06319444444444444 0.0625 0.0625 0.0625 0.06319444444444444 0.06319444444444444
0.12083333333333333 0.0625 0.0625 0.06319444444444444 0.0625 0.0625 0.0625 0.0625 0.06319444444444444 0.06319444444444444 0.06319444444444444 0.06388888888888888 0.0625 0.0625 0.0625
0.06732026143790837 0.06013071895424824 0.06666666666666653 0.06339869281045739 0.06013071895424824 0.06339869281045737 0.06339869281045737 0.062091503267973726 0.06405228758169922 0.07320261437908483 0.0614379084967319 0.07581699346405213 0.08235294117647043 0.07450980392156849 0.062091503267973726
0.07058823529411751 0.06013071895424824 0.06013071895424823 0.06339869281045737 0.06274509803921555 0.06013071895424824 0.07647058823529398 0.06470588235294103 0.06993464052287568 0.07124183006535935 0.06535947712418287 0.06666666666666654 0.06470588235294103 0.08169934640522858 0.06209150326797371
0.05789473684210525 0.05321637426900584 0.052631578947368425 0.05730994152046782 0.05497076023391812 0.05438596491228071 0.12865497076023374 0.11169590643274846 0.057309941520467825 0.05321637426900584 0.09824561403508775 0.05497076023391812 0.05614035087719301 0.05497076023391812 0.05438596491228069
0.06081871345029236 0.056725146198830394 0.0573099415204678 0.05497076023391813 0.059649122807017514 0.07777777777777779 0.06315789473684211 0.06374269005847953 0.05906432748538014 0.05964912280701754 0.05672514619883042 0.0695906432748538 0.1204678362573098 0.08128654970760225 0.05906432748538009
0.047474747474747475 0.04949494949494951 0.18080808080808072 0.05252525252525256 0.04949494949494951 0.08434343434343439 0.05151515151515154 0.09747474747474746 0.05353535353535355 0.04898989898989899 0.05353535353535357 0.07575757575757584 0.051010101010101026 0.05050505050505049 0.05353535353535355
0.052631578947368425 0.05497076023391813 0.09532163742690063 0.09239766081871349 0.052631578947368425 0.07017543859649122 0.09590643274853804 0.05789473684210527 0.05438596491228071 0.06959064327485373 0.05380116959064327 0.08304093567251457 0.05321637426900585 0.05438596491228069 0.05964912280701755
0.057222222222222126 0.05166666666666657 0.05055555555555547 0.057222222222222126 0.052222222222222135 0.05222222222222214 0.05111111111111103 0.2216666666666665 0.052222222222222135 0.052222222222222135 0.0527777777777777 0.05722222222222216 0.07222222222222212 0.06722222222222213 0.052222222222222135
0.05404040404040407 0.04848484848484847 0.04797979797979798 0.10555555555555561 0.052020202020202036 0.055050505050505086 0.053030303030303046 0.11262626262626277 0.056565656565656604 0.05909090909090908 0.056060606060606075 0.08535353535353543 0.09797979797979803 0.06767676767676778 0.04848484848484849
0.06339869281045737 0.06078431372549008 0.06209150326797373 0.0640522875816992 0.06470588235294104 0.0947712418300652 0.06666666666666654 0.0640522875816992 0.0660130718954247 0.0699346405228757 0.0660130718954247 0.0633986928104574 0.06470588235294106 0.06535947712418287 0.0640522875816992
0.06543209876543198 0.05617283950617273 0.061728395061728294 0.059876543209876426 0.061728395061728274 0.061728395061728274 0.08333333333333323 0.058024691358024585 0.06111111111111099 0.0907407407407406 0.059876543209876426 0.061728395061728274 0.09938271604938262 0.06172839506172829 0.05740740740740729
0.0625 0.0625 0.0625 0.06319444444444444 0.0625 0.0625 0.06319444444444444 0.0625 0.0625 0.0625 0.06319444444444444 0.11944444444444445 0.06527777777777778 0.06319444444444444 0.0625
0.05438596491228071 0.05497076023391812 0.1485380116959062 0.05380116959064327 0.09532163742690061 0.05321637426900585 0.05614035087719297 0.05497076023391813 0.055555555555555525 0.1 0.05321637426900584 0.056725146198830394 0.05497076023391814 0.054970760233918115 0.05321637426900585
0.06666666666666667 0.06319444444444444 0.06597222222222222 0.06527777777777778 0.07083333333333333 0.06527777777777778 0.06666666666666667 0.06736111111111111 0.06666666666666667 0.06736111111111111 0.06805555555555555 0.06458333333333334 0.06736111111111111 0.06666666666666667 0.06805555555555555
0.05925925925925915 0.05679012345679001 0.14382716049382702 0.05740740740740729 0.0907407407407406 0.059876543209876426 0.058024691358024585 0.05802469135802457 0.05617283950617273 0.0641975308641974 0.05864197530864187 0.06049382716049372 0.059876543209876426 0.05925925925925915 0.05740740740740729
0.06527777777777778 0.0625 0.06319444444444444 0.07222222222222222 0.06319444444444444 0.06597222222222222 0.06666666666666667 0.06458333333333334 0.0625 0.06458333333333334 0.08055555555555556 0.06319444444444444 0.06458333333333334 0.06597222222222222 0.075
0.06458333333333334 0.06319444444444444 0.0625 0.06458333333333334 0.06319444444444444 0.0625 0.11388888888888889 0.06319444444444444 0.06319444444444444 0.0625 0.0625 0.06388888888888888 0.06458333333333334 0.06319444444444444 0.0625
0.06928104575163384 0.06013071895424824 0.06339869281045737 0.06470588235294104 0.06535947712418287 0.0614379084967319 0.06274509803921556 0.062091503267973726 0.06274509803921555 0.11045751633986908 0.06274509803921556 0.06601307189542471 0.06601307189542471 0.0614379084967319 0.0614379084967319
0.0594771241830064 0.05882352941176457 0.0594771241830064 0.0594771241830064 0.0594771241830064 0.0594771241830064 0.0614379084967319 0.06078431372549007 0.06470588235294103 0.06078431372549007 0.15620915032679716 0.06013071895424823 0.06013071895424824 0.0594771241830064 0.06013071895424824
0.06319444444444444 0.0625 0.0625 0.0625 0.0625 0.12222222222222222 0.0625 0.06319444444444444 0.0625 0.0625 0.0625 0.0625 0.0625 0.06319444444444444 0.06319444444444444
0.0543859649122807 0.05380116959064327 0.055555555555555566 0.056140350877193 0.12222222222222207 0.05380116959064329 0.10877192982456138 0.05497076023391812 0.055555555555555525 0.10818713450292397 0.05438596491228069 0.057309941520467804 0.05614035087719297 0.055555555555555546 0.05321637426900584
0.06388888888888879 0.04999999999999991 0.0566666666666666 0.05166666666666658 0.05166666666666658 0.05166666666666658 0.07055555555555545 0.05277777777777769 0.06111111111111101 0.062222222222222116 0.20444444444444426 0.056666666666666594 0.05944444444444434 0.055555555555555455 0.05166666666666659
0.047111111111111145 0.044444444444444474 0.05333333333333337 0.04755555555555559 0.047111111111111145 0.045333333333333364 0.05022222222222226 0.18488888888888885 0.045777777777777806 0.07600000000000005 0.06800000000000005 0.14444444444444435 0.045777777777777806 0.04977777777777781 0.05022222222222226
0.06797385620915018 0.0640522875816992 0.06078431372549007 0.06274509803921555 0.06274509803921555 0.06013071895424824 0.06601307189542471 0.0640522875816992 0.06274509803921556 0.062091503267973726 0.06078431372549008 0.06274509803921555 0.06732026143790837 0.062091503267973726 0.11372549019607822
0.088888888888889 0.046859903381642594 0.05942028985507257 0.047826086956521824 0.046376811594202975 0.04927536231884065 0.10676328502415466 0.14589371980676327 0.05265700483091797 0.05458937198067642 0.04830917874396144 0.09758454106280205 0.05314009661835758 0.05024154589371989 0.05217391304347836
0.05555555555555545 0.05679012345679001 0.05679012345679001 0.05617283950617273 0.05555555555555545 0.05555555555555545 0.05679012345679001 0.05802469135802457 0.09691358024691339 0.05802469135802457 0.16172839506172815 0.058024691358024585 0.061111111111111005 0.05617283950617273 0.05679012345679002
0.04700854700854698 0.04145299145299141 0.0807692307692307 0.04487179487179484 0.044444444444444405 0.05940170940170935 0.0649572649572649 0.15085470085470065 0.04401709401709397 0.1059829059829059 0.08974358974358965 0.051282051282051246 0.08247863247863238 0.04999999999999997 0.04273504273504269
0.05185185185185179 0.04920634920634912 0.09312169312169305 0.05343915343915337 0.053439153439153356 0.05714285714285706 0.13650793650793636 0.0539682539682539 0.05767195767195758 0.07142857142857133 0.05714285714285706 0.05396825396825389 0.09735449735449725 0.06243386243386234 0.051322751322751256
0.053535353535353554 0.04797979797979797 0.04696969696969696 0.10858585858585873 0.05050505050505052 0.09545454545454546 0.048989898989899 0.10151515151515157 0.04898989898989898 0.04646464646464645 0.05000000000000002 0.061111111111111144 0.06212121212121216 0.06363636363636371 0.11414141414141425
0.05050505050505053 0.04595959595959594 0.04646464646464645 0.05959595959595968 0.04898989898989898 0.047474747474747475 0.07424242424242429 0.17222222222222217 0.05202020202020206 0.07171717171717176 0.04949494949494951 0.0494949494949495 0.05656565656565663 0.061111111111111074 0.11414141414141427
0.05769230769230765 0.04572649572649569 0.11495726495726474 0.07179487179487172 0.038888888888888855 0.040598290598290565 0.04572649572649571 0.042735042735042694 0.11367521367521363 0.05213675213675211 0.15598290598290582 0.05170940170940167 0.061965811965811926 0.06452991452991447 0.04188034188034184
0.08039215686274497 0.06078431372549007 0.0594771241830064 0.062091503267973726 0.05882352941176457 0.06078431372549007 0.06470588235294106 0.06535947712418287 0.09607843137254886 0.06078431372549007 0.07450980392156847 0.0640522875816992 0.06470588235294103 0.0660130718954247 0.061437908496731905
0.06597222222222222 0.06388888888888888 0.06458333333333334 0.06527777777777778 0.06388888888888888 0.06527777777777778 0.06875 0.06527777777777778 0.06805555555555555 0.06458333333333334 0.07708333333333334 0.06388888888888888 0.06666666666666667 0.07222222222222222 0.06458333333333334
0.12291666666666666 0.0625 0.0625 0.0625 0.0625 0.06319444444444444 0.0625 0.0625 0.06319444444444444 0.0625 0.0625 0.0625 0.06319444444444444 0.0625 0.0625
0.061728395061728274 0.05864197530864187 0.05617283950617273 0.061111111111111005 0.05679012345679002 0.06481481481481469 0.07037037037037025 0.05925925925925915 0.05987654320987642 0.05802469135802457 0.07839506172839492 0.061728395061728294 0.06790123456790112 0.05679012345679001 0.1283950617283949
0.11736111111111111 0.0625 0.06319444444444444 0.0625 0.0625 0.0625 0.06388888888888888 0.0625 0.06458333333333334 0.0625 0.06319444444444444 0.06458333333333334 0.0625 0.06319444444444444 0.0625
0.0637426900584795 0.05614035087719297 0.06257309941520466 0.07134502923976607 0.05497076023391813 0.05614035087719297 0.0590643274853801 0.061403508771929786 0.05614035087719297 0.05789473684210525 0.09590643274853787 0.05672514619883039 0.0584795321637427 0.13391812865497066 0.05555555555555555
0.09239766081871346 0.05438596491228072 0.05380116959064329 0.06023391812865494 0.059649122807017535 0.05789473684210525 0.06257309941520467 0.05906432748538012 0.05789473684210523 0.06023391812865494 0.06432748538011693 0.06432748538011693 0.13099415204678344 0.06666666666666664 0.05555555555555554
0.06470588235294104 0.06405228758169922 0.0640522875816992 0.0679738562091502 0.06862745098039202 0.06797385620915018 0.06339869281045739 0.06732026143790835 0.06928104575163384 0.0614379084967319 0.0705882352941175 0.06862745098039202 0.0660130718954247 0.072549019607843 0.06339869281045737
0.0627777777777777 0.1422222222222222 0.0538888888888888 0.05611111111111102 0.05444444444444437 0.07333333333333325 0.05499999999999991 0.053888888888888806 0.05666666666666658 0.054999999999999924 0.05611111111111102 0.07499999999999993 0.0766666666666666 0.07722222222222211 0.05166666666666658
0.052380952380952306 0.21481481481481446 0.05026455026455019 0.0576719576719576 0.05291005291005283 0.06084656084656076 0.05291005291005283 0.05343915343915337 0.052910052910052824 0.049735449735449674 0.05449735449735443 0.083068783068783 0.05185185185185179 0.054497354497354406 0.058201058201058115
0.05740740740740729 0.061728395061728274 0.06543209876543199 0.06049382716049371 0.05679012345679001 0.1185185185185183 0.07222222222222209 0.05617283950617273 0.05802469135802457 0.05864197530864187 0.05740740740740729 0.06111111111111099 0.07037037037037024 0.08765432098765419 0.058024691358024585
0.0594771241830064 0.05882352941176457 0.06078431372549007 0.059477124183006415 0.0594771241830064 0.05882352941176457 0.06013071895424824 0.059477124183006415 0.06078431372549007 0.1620915032679736 0.0594771241830064 0.06013071895424824 0.06013071895424823 0.060784313725490056 0.06013071895424823
0.05321637426900585 0.10350877192982458 0.17485380116959084 0.052631578947368425 0.05321637426900585 0.052631578947368425 0.05380116959064329 0.05321637426900584 0.052631578947368425 0.08479532163742678 0.05380116959064327 0.05321637426900585 0.05321637426900585 0.052631578947368425 0.052631578947368425
0.07058823529411752 0.0614379084967319 0.06013071895424824 0.06013071895424823 0.06013071895424824 0.0614379084967319 0.06078431372549007 0.06209150326797373 0.06470588235294104 0.05882352941176457 0.06666666666666651 0.09411764705882342 0.08366013071895412 0.07124183006535935 0.0640522875816992
0.07124183006535934 0.062091503267973726 0.0640522875816992 0.060784313725490056 0.06535947712418287 0.06274509803921555 0.06405228758169922 0.06209150326797375 0.06405228758169922 0.06339869281045739 0.06274509803921555 0.07516339869281032 0.08562091503267957 0.07385620915032666 0.06274509803921555
0.06956521739130442 0.04734299516908222 0.07922705314009676 0.05072463768115951 0.047342995169082205 0.06473429951690833 0.06473429951690829 0.05410628019323678 0.04830917874396142 0.16135265700483095 0.057487922705314096 0.05555555555555564 0.09082125603864741 0.05942028985507256 0.04927536231884067
0.06084656084656077 0.05449735449735441 0.10687830687830681 0.06719576719576713 0.059259259259259164 0.057142857142857065 0.06560846560846553 0.05714285714285705 0.059259259259259185 0.056084656084655994 0.06666666666666657 0.06402116402116396 0.06931216931216926 0.10317460317460314 0.05291005291005283
0.06959064327485377 0.13333333333333316 0.056725146198830435 0.061988304093567224 0.0608187134502924 0.06081871345029235 0.06257309941520466 0.06725146198830406 0.05847953216374267 0.06140350877192979 0.06900584795321642 0.057309941520467804 0.06608187134502916 0.057309941520467825 0.057309941520467825
0.06666666666666653 0.06797385620915018 0.06078431372549007 0.07124183006535932 0.06339869281045739 0.06274509803921555 0.06339869281045737 0.06274509803921555 0.06666666666666654 0.062091503267973726 0.06078431372549007 0.0777777777777776 0.06470588235294104 0.08627450980392144 0.06274509803921555
0.1555555555555553 0.06013071895424823 0.05882352941176457 0.06013071895424824 0.06013071895424824 0.059477124183006415 0.0594771241830064 0.05882352941176457 0.061437908496731905 0.0594771241830064 0.06209150326797373 0.06078431372549007 0.06274509803921555 0.0614379084967319 0.059477124183006415
0.0625 0.0625 0.1111111111111111 0.0625 0.06319444444444444 0.0625 0.06458333333333334 0.0625 0.0625 0.07361111111111111 0.0625 0.0625 0.0625 0.0625 0.0625
0.06296296296296283 0.06049382716049371 0.061111111111111005 0.07222222222222212 0.10617283950617268 0.05987654320987644 0.06913580246913568 0.06049382716049371 0.05925925925925915 0.07530864197530851 0.05925925925925915 0.05740740740740729 0.07037037037037026 0.06358024691358014 0.062345679012345556
0.04867724867724861 0.04814814814814808 0.15555555555555536 0.10105820105820092 0.051851851851851774 0.05291005291005283 0.08941798941798931 0.05343915343915337 0.04867724867724861 0.07883597883597876 0.05132275132275125 0.05079365079365071 0.0693121693121692 0.05026455026455019 0.04973544973544966
0.11637426900584787 0.05380116959064327 0.09590643274853805 0.05321637426900585 0.05380116959064327 0.05438596491228071 0.05906432748538012 0.0543859649122807 0.09590643274853805 0.05964912280701749 0.05321637426900586 0.06374269005847952 0.06374269005847946 0.06842105263157891 0.0543859649122807
0.09141414141414146 0.10050505050505056 0.14141414141414155 0.05858585858585862 0.055050505050505086 0.05505050505050509 0.05151515151515154 0.05404040404040407 0.058080808080808136 0.054040404040404055 0.0494949494949495 0.06464646464646474 0.05505050505050506 0.05656565656565658 0.05454545454545456
0.059477124183006415 0.06013071895424823 0.059477124183006415 0.05882352941176457 0.05882352941176457 0.05882352941176457 0.06013071895424823 0.0594771241830064 0.0660130718954247 0.059477124183006415 0.1601307189542481 0.060784313725490056 0.0594771241830064 0.0594771241830064 0.0594771241830064
0.1339181286549706 0.0619883040935672 0.05555555555555555 0.07426900584795318 0.059064327485380125 0.058479532163742694 0.060818713450292376 0.057309941520467825 0.05906432748538011 0.05789473684210526 0.06900584795321633 0.060818713450292376 0.061988304093567224 0.0695906432748538 0.06023391812865496
0.06842105263157894 0.11111111111111109 0.054970760233918115 0.057309941520467825 0.058479532163742715 0.0567251461988304 0.057309941520467825 0.05847953216374265 0.055555555555555546 0.05380116959064327 0.057309941520467825 0.08304093567251464 0.0947368421052631 0.0771929824561403 0.055555555555555546
0.0678362573099415 0.1614035087719296 0.05497076023391813 0.05906432748538009 0.05555555555555554 0.05964912280701754 0.05789473684210525 0.05789473684210527 0.061403508771929786 0.05730994152046784 0.05614035087719298 0.058479532163742666 0.06198830409356721 0.07426900584795319 0.05614035087719297
0.05672514619883039 0.19122807017543858 0.0549707602339181 0.05672514619883039 0.05438596491228069 0.05789473684210523 0.060233918128654924 0.058479532163742666 0.05964912280701752 0.055555555555555566 0.05555555555555557 0.05730994152046782 0.056140350877193 0.07076023391812865 0.0543859649122807
0.05169082125603874 0.11932367149758465 0.046376811594202975 0.2091787439613526 0.046859903381642594 0.05072463768115951 0.05169082125603875 0.0690821256038649 0.05024154589371989 0.0468599033816426 0.05072463768115951 0.05169082125603873 0.05072463768115951 0.05700483091787449 0.047826086956521824
0.058479532163742694 0.05614035087719296 0.05497076023391812 0.1596491228070175 0.05789473684210526 0.06198830409356724 0.05730994152046782 0.06257309941520466 0.05789473684210526 0.057309941520467825 0.06432748538011687 0.05789473684210526 0.0637426900584795 0.06666666666666665 0.06315789473684214
0.1590643274853798 0.05438596491228071 0.052631578947368425 0.06198830409356726 0.0543859649122807 0.053801169590643266 0.0543859649122807 0.05321637426900586 0.054970760233918115 0.05321637426900585 0.05380116959064327 0.11637426900584788 0.05555555555555555 0.067251461988304 0.05497076023391813
0.06993464052287568 0.06732026143790837 0.0594771241830064 0.0771241830065358 0.06274509803921555 0.06274509803921555 0.06274509803921555 0.06470588235294103 0.06470588235294106 0.0614379084967319 0.0614379084967319 0.0771241830065358 0.07777777777777764 0.07124183006535936 0.0594771241830064
0.06736111111111111 0.06527777777777778 0.06388888888888888 0.06944444444444445 0.0625 0.06527777777777778 0.06527777777777778 0.0625 0.075 0.06527777777777778 0.0625 0.07777777777777778 0.06875 0.06319444444444444 0.06597222222222222
0.06611111111111101 0.18222222222222217 0.05444444444444436 0.05777777777777769 0.05555555555555547 0.05611111111111104 0.058333333333333244 0.06055555555555546 0.053888888888888806 0.05277777777777769 0.06055555555555546 0.05944444444444436 0.055555555555555455 0.07388888888888877 0.05277777777777769
0.06458333333333334 0.06458333333333334 0.06458333333333334 0.06527777777777778 0.06527777777777778 0.06597222222222222 0.06527777777777778 0.06666666666666667 0.06319444444444444 0.06319444444444444 0.07430555555555556 0.07083333333333333 0.06527777777777778 0.0763888888888889 0.06458333333333334
0.06763285024154594 0.05942028985507256 0.046859903381642594 0.08067632850241557 0.05265700483091798 0.06376811594202908 0.057487922705314075 0.05700483091787449 0.05555555555555564 0.05652173913043486 0.05603864734299528 0.07391304347826096 0.0932367149758455 0.09565217391304355 0.0835748792270532
0.07469135802469122 0.06111111111111099 0.07037037037037026 0.07283950617283942 0.06728395061728384 0.06419753086419741 0.06358024691358014 0.06358024691358014 0.06851851851851838 0.06172839506172829 0.0641975308641974 0.06604938271604925 0.06358024691358014 0.07407407407407397 0.06419753086419741
0.06900584795321635 0.06608187134502923 0.05730994152046782 0.06198830409356724 0.06198830409356721 0.06549707602339178 0.06432748538011691 0.061403508771929814 0.06725146198830409 0.061988304093567245 0.08362573099415198 0.07309941520467833 0.06491228070175435 0.08304093567251461 0.05847953216374267
0.059876543209876426 0.058024691358024585 0.09012345679012329 0.06172839506172829 0.0679012345679011 0.06111111111111099 0.06481481481481469 0.05864197530864187 0.058641975308641854 0.06049382716049372 0.06419753086419741 0.06666666666666654 0.10679012345679 0.06172839506172829 0.05925925925925915
0.04999999999999991 0.05055555555555547 0.28666666666666696 0.052222222222222135 0.05166666666666658 0.050555555555555465 0.050555555555555465 0.04999999999999991 0.05111111111111103 0.05277777777777769 0.05222222222222214 0.04999999999999991 0.050555555555555465 0.050555555555555465 0.050555555555555465
0.06274509803921556 0.06013071895424823 0.06013071895424824 0.0594771241830064 0.06013071895424823 0.06013071895424824 0.06013071895424823 0.06078431372549007 0.06274509803921555 0.05882352941176457 0.05882352941176457 0.1424836601307187 0.0679738562091502 0.06666666666666655 0.05882352941176457
0.06274509803921555 0.12941176470588217 0.06013071895424823 0.06405228758169922 0.062091503267973726 0.0660130718954247 0.06078431372549007 0.0614379084967319 0.0614379084967319 0.0614379084967319 0.06209150326797371 0.06078431372549007 0.062091503267973726 0.06535947712418289 0.06013071895424824
0.06666666666666667 0.06458333333333334 0.0625 0.06319444444444444 0.0625 0.06319444444444444 0.0625 0.06458333333333334 0.0625 0.0625 0.06388888888888888 0.07777777777777778 0.08611111111111111 0.07430555555555556 0.06319444444444444
0.07124183006535935 0.06993464052287568 0.06274509803921555 0.06535947712418287 0.06470588235294104 0.06274509803921556 0.06470588235294104 0.06666666666666655 0.06274509803921555 0.06732026143790838 0.06535947712418286 0.06928104575163382 0.06797385620915018 0.0679738562091502 0.07124183006535935
0.0594771241830064 0.06013071895424823 0.06339869281045739 0.06339869281045737 0.062091503267973726 0.06274509803921556 0.06078431372549007 0.0614379084967319 0.0640522875816992 0.06274509803921556 0.06339869281045739 0.06405228758169922 0.06274509803921555 0.06470588235294104 0.1248366013071893
0.07083333333333333 0.0625 0.06597222222222222 0.06597222222222222 0.06944444444444445 0.06736111111111111 0.06875 0.06527777777777778 0.06805555555555555 0.06319444444444444 0.06875 0.06666666666666667 0.06666666666666667 0.06319444444444444 0.06736111111111111
0.06081871345029237 0.057309941520467825 0.05497076023391812 0.05789473684210527 0.07076023391812865 0.09064327485380114 0.059649122807017514 0.05789473684210525 0.057309941520467825 0.05321637426900584 0.05672514619883037 0.07602339181286552 0.06959064327485377 0.06666666666666665 0.11052631578947363
0.05882352941176457 0.05882352941176457 0.05882352941176457 0.0594771241830064 0.06013071895424824 0.06078431372549007 0.0594771241830064 0.05882352941176457 0.0594771241830064 0.059477124183006415 0.0614379084967319 0.06078431372549007 0.0594771241830064 0.0594771241830064 0.1647058823529409
0.0604938271604937 0.058024691358024585 0.05740740740740729 0.06481481481481469 0.061111111111111005 0.05987654320987642 0.06481481481481469 0.061111111111111005 0.06975308641975296 0.06296296296296286 0.11790123456790111 0.06234567901234558 0.06481481481481469 0.0679012345679011 0.06666666666666655
0.07083333333333333 0.06319444444444444 0.06458333333333334 0.06597222222222222 0.06736111111111111 0.06458333333333334 0.06736111111111111 0.06388888888888888 0.07013888888888889 0.06527777777777778 0.06805555555555555 0.06875 0.07013888888888889 0.06458333333333334 0.06527777777777778
0.06527777777777778 0.06458333333333334 0.06458333333333334 0.06875 0.06666666666666667 0.06736111111111111 0.06527777777777778 0.06736111111111111 0.06944444444444445 0.06736111111111111 0.06527777777777778 0.06736111111111111 0.06458333333333334 0.06805555555555555 0.06805555555555555
0.0625 0.06319444444444444 0.0625 0.0625 0.12013888888888889 0.06319444444444444 0.06319444444444444 0.0625 0.0625 0.0625 0.0625 0.06319444444444444 0.0625 0.06388888888888888 0.06319444444444444
0.06458333333333334 0.06388888888888888 0.06319444444444444 0.0625 0.0625 0.06388888888888888 0.06388888888888888 0.06319444444444444 0.06388888888888888 0.06388888888888888 0.10833333333333334 0.06319444444444444 0.06527777777777778 0.06388888888888888 0.06388888888888888
0.06736111111111111 0.0625 0.06458333333333334 0.06388888888888888 0.07152777777777777 0.06388888888888888 0.06875 0.07013888888888889 0.06388888888888888 0.06527777777777778 0.06875 0.06875 0.06666666666666667 0.06875 0.06527777777777778
0.14898989898989906 0.07777777777777777 0.05353535353535355 0.04848484848484849 0.04595959595959594 0.047474747474747475 0.11111111111111119 0.04949494949494951 0.04848484848484849 0.04848484848484849 0.0792929292929293 0.057070707070707105 0.06313131313131319 0.06919191919191932 0.05151515151515153
0.062345679012345556 0.059876543209876426 0.05679012345679001 0.06913580246913568 0.05925925925925914 0.0999999999999999 0.06172839506172829 0.059876543209876426 0.061728395061728274 0.058641975308641854 0.08703703703703693 0.06111111111111099 0.05925925925925914 0.06790123456790115 0.0753086419753085
0.11764705882352917 0.0594771241830064 0.05882352941176457 0.062091503267973726 0.059477124183006415 0.0640522875816992 0.06797385620915018 0.08627450980392141 0.06013071895424823 0.06013071895424824 0.06274509803921557 0.06078431372549008 0.0594771241830064 0.06013071895424824 0.060784313725490056
0.0625 0.10694444444444444 0.06319444444444444 0.0625 0.0625 0.06388888888888888 0.0625 0.0625 0.06319444444444444 0.0625 0.06319444444444444 0.0625 0.06319444444444444 0.0763888888888889 0.0625
0.0614379084967319 0.10326797385620896 0.06078431372549007 0.06013071895424823 0.0614379084967319 0.09215686274509786 0.06013071895424824 0.06274509803921556 0.05882352941176457 0.06078431372549007 0.06274509803921556 0.06078431372549007 0.059477124183006415 0.07254901960784298 0.06274509803921556
0.059064327485380125 0.1327485380116957 0.053801169590643266 0.0543859649122807 0.05497076023391813 0.11461988304093555 0.05614035087719297 0.056725146198830394 0.05614035087719295 0.05555555555555554 0.06257309941520463 0.055555555555555566 0.053801169590643266 0.07719298245614023 0.05672514619883039
0.062091503267973726 0.06013071895424823 0.0594771241830064 0.06013071895424824 0.06078431372549007 0.13071895424836583 0.06274509803921555 0.06535947712418289 0.0614379084967319 0.06013071895424823 0.06928104575163387 0.0614379084967319 0.06274509803921556 0.0614379084967319 0.06209150326797373
0.0567251461988304 0.05438596491228069 0.05555555555555555 0.06725146198830403 0.0543859649122807 0.12748538011695898 0.08070175438596487 0.06257309941520466 0.058479532163742666 0.05906432748538011 0.08654970760233921 0.05614035087719296 0.06315789473684208 0.05730994152046784 0.060233918128654924
0.0543859649122807 0.05321637426900586 0.052631578947368425 0.054970760233918115 0.0567251461988304 0.208187134502924 0.05730994152046784 0.0608187134502924 0.055555555555555546 0.05614035087719295 0.06315789473684208 0.0590643274853801 0.05789473684210523 0.05497076023391812 0.05497076023391812
0.06078431372549007 0.05882352941176457 0.0594771241830064 0.06013071895424824 0.06013071895424823 0.15816993464052262 0.059477124183006415 0.06470588235294103 0.05882352941176457 0.059477124183006415 0.0614379084967319 0.059477124183006415 0.059477124183006415 0.06013071895424824 0.059477124183006415
0.04782608695652181 0.05942028985507256 0.24782608695652175 0.04637681159420299 0.051207729468599125 0.04927536231884066 0.046859903381642594 0.04975845410628028 0.045410628019323745 0.09082125603864737 0.04830917874396143 0.0468599033816426 0.07487922705314018 0.04782608695652181 0.04734299516908222
0.06666666666666667 0.06319444444444444 0.06319444444444444 0.06666666666666667 0.06319444444444444 0.06388888888888888 0.06875 0.06388888888888888 0.07222222222222222 0.06666666666666667 0.07152777777777777 0.06666666666666667 0.06388888888888888 0.075 0.06458333333333334
0.07460317460317452 0.06031746031746025 0.05502645502645495 0.065079365079365 0.05661375661375654 0.05714285714285705 0.057671957671957604 0.055555555555555455 0.06084656084656078 0.0539682539682539 0.0925925925925925 0.056084656084656015 0.05502645502645495 0.14497354497354487 0.05449735449735441
0.07058823529411752 0.06078431372549007 0.06013071895424823 0.06405228758169922 0.061437908496731884 0.06339869281045739 0.0640522875816992 0.06274509803921555 0.08300653594771228 0.06274509803921555 0.06732026143790838 0.06732026143790838 0.06928104575163387 0.07908496732026128 0.06405228758169922
0.07385620915032665 0.062091503267973726 0.05882352941176457 0.06993464052287567 0.06013071895424824 0.05882352941176457 0.06013071895424823 0.06078431372549007 0.0594771241830064 0.0594771241830064 0.06013071895424823 0.08496732026143777 0.07908496732026128 0.0921568627450979 0.06013071895424824
0.0578703703703704 0.2814814814814815 0.0430555555555555 0.05046296296296294 0.045833333333333295 0.04398148148148143 0.045370370370370325 0.04675925925925923 0.043518518518518456 0.06898148148148146 0.04398148148148143 0.05231481481481484 0.05648148148148148 0.0750000000000001 0.044907407407407354
0.06358024691358012 0.05987654320987642 0.058641975308641854 0.12407407407407399 0.061111111111111005 0.06358024691358014 0.06604938271604928 0.06728395061728382 0.06172839506172827 0.058641975308641875 0.05987654320987642 0.07098765432098753 0.061728395061728274 0.06296296296296285 0.059876543209876426
0.050264550264550185 0.04973544973544966 0.04920634920634914 0.26031746031746017 0.06455026455026448 0.04973544973544967 0.05291005291005283 0.06719576719576706 0.050264550264550185 0.050793650793650724 0.04973544973544967 0.05026455026455019 0.04973544973544966 0.05026455026455019 0.05502645502645494
0.10849673202614359 0.06274509803921556 0.0640522875816992 0.06339869281045739 0.061437908496731905 0.062091503267973726 0.060784313725490056 0.06078431372549007 0.06470588235294104 0.06535947712418287 0.06601307189542471 0.06470588235294103 0.06862745098039202 0.06666666666666653 0.06013071895424823
0.06666666666666664 0.05614035087719299 0.055555555555555546 0.0596491228070175 0.07836257309941522 0.05614035087719296 0.06549707602339178 0.0584795321637427 0.05614035087719298 0.0596491228070175 0.0678362573099415 0.05964912280701755 0.11345029239766077 0.06081871345029236 0.08596491228070174
0.06013071895424823 0.06078431372549007 0.05882352941176457 0.07124183006535932 0.062091503267973726 0.0843137254901959 0.062091503267973726 0.05882352941176457 0.062091503267973726 0.06013071895424824 0.0614379084967319 0.06013071895424823 0.06274509803921556 0.0614379084967319 0.11372549019607825
0.059876543209876426 0.05679012345679001 0.06111111111111101 0.05925925925925915 0.0722222222222221 0.06111111111111099 0.08333333333333319 0.059876543209876426 0.07777777777777765 0.07716049382716036 0.0641975308641974 0.07654320987654308 0.06790123456790112 0.06419753086419742 0.05864197530864187
0.06728395061728383 0.05925925925925914 0.06975308641975297 0.07407407407407396 0.06728395061728384 0.062345679012345556 0.06481481481481469 0.06358024691358014 0.06666666666666655 0.06234567901234558 0.07592592592592581 0.06296296296296283 0.061111111111111005 0.07716049382716038 0.06543209876543199
0.06535947712418286 0.11568627450980369 0.06013071895424823 0.0614379084967319 0.06013071895424823 0.06339869281045739 0.0594771241830064 0.06078431372549007 0.06732026143790838 0.06013071895424824 0.0614379084967319 0.0633986928104574 0.0679738562091502 0.07320261437908479 0.06013071895424824
0.06172839506172827 0.0574074074074073 0.05987654320987644 0.0759259259259258 0.06172839506172829 0.06543209876543199 0.06666666666666655 0.06975308641975296 0.06604938271604925 0.06296296296296283 0.07283950617283938 0.06728395061728384 0.07530864197530852 0.07283950617283935 0.06419753086419741
0.06319444444444444 0.0625 0.06319444444444444 0.0625 0.06388888888888888 0.0798611111111111 0.0625 0.06319444444444444 0.0625 0.0625 0.06388888888888888 0.09166666666666666 0.0625 0.0625 0.07361111111111111
0.15370370370370348 0.05802469135802457 0.05555555555555545 0.05925925925925915 0.05925925925925915 0.05864197530864187 0.06049382716049372 0.05925925925925914 0.06234567901234556 0.0574074074074073 0.061111111111111005 0.06358024691358014 0.06049382716049371 0.059876543209876426 0.07098765432098753
0.058641975308641854 0.05555555555555545 0.05555555555555545 0.05617283950617273 0.05617283950617273 0.05555555555555545 0.05617283950617273 0.09999999999999983 0.06049382716049371 0.05617283950617273 0.16296296296296275 0.05740740740740729 0.05617283950617273 0.05679012345679001 0.05617283950617273
0.05679012345679001 0.05617283950617273 0.05617283950617273 0.05679012345679001 0.05987654320987644 0.08456790123456778 0.059876543209876426 0.05679012345679001 0.05740740740740729 0.05555555555555545 0.06296296296296287 0.1432098765432097 0.06111111111111099 0.06296296296296283 0.06975308641975293
0.12083333333333333 0.0625 0.0625 0.0625 0.0625 0.0625 0.06319444444444444 0.0625 0.06458333333333334 0.0625 0.06319444444444444 0.06319444444444444 0.0625 0.0625 0.0625
0.04761904761904755 0.32910052910052867 0.04761904761904755 0.04761904761904755 0.04761904761904755 0.04761904761904755 0.04761904761904755 0.04814814814814808 0.048677248677248604 0.04761904761904755 0.04761904761904755 0.04761904761904755 0.048677248677248604 0.048677248677248604 0.04814814814814808
0.05802469135802457 0.1882716049382713 0.05617283950617273 0.06111111111111099 0.05802469135802457 0.05679012345679002 0.05679012345679001 0.05740740740740729 0.058024691358024585 0.05617283950617273 0.05617283950617273 0.05864197530864187 0.05740740740740729 0.0641975308641974 0.05679012345679001
0.0625 0.125 0.0625 0.0625 0.0625 0.0625 0.0625 0.0625 0.0625 0.0625 0.0625 0.0625 0.0625 0.0625 0.0625
0.0458333333333333 0.2467592592592593 0.07407407407407401 0.04629629629629625 0.04537037037037034 0.04351851851851847 0.04629629629629626 0.044907407407407354 0.04629629629629626 0.09722222222222218 0.0444444444444444 0.0444444444444444 0.044907407407407354 0.046759259259259216 0.0828703703703703
0.05802469135802457 0.1530864197530862 0.05617283950617273 0.05802469135802457 0.05802469135802457 0.06049382716049371 0.05802469135802457 0.05925925925925915 0.06234567901234556 0.05740740740740729 0.062345679012345556 0.07901234567901222 0.05925925925925915 0.058641975308641854 0.05987654320987644
0.06010101010101017 0.15101010101010104 0.04646464646464645 0.08585858585858591 0.05151515151515153 0.05252525252525256 0.06060606060606064 0.05151515151515154 0.054040404040404076 0.05202020202020206 0.0565656565656566 0.06868686868686874 0.07020202020202024 0.08686868686868705 0.05202020202020206
0.05202020202020203 0.20505050505050507 0.05303030303030306 0.07575757575757582 0.05101010101010104 0.054040404040404076 0.057070707070707126 0.05151515151515154 0.04949494949494951 0.04949494949494951 0.04848484848484848 0.06363636363636364 0.06717171717171722 0.07222222222222234 0.05000000000000002
0.061988304093567224 0.05906432748538012 0.10116959064327487 0.0590643274853801 0.10116959064327485 0.059064327485380125 0.059064327485380076 0.05906432748538007 0.07894736842105263 0.06315789473684205 0.05847953216374267 0.05789473684210525 0.05906432748538012 0.06549707602339178 0.057309941520467804
0.0594771241830064 0.059477124183006415 0.10261437908496711 0.06013071895424823 0.05882352941176457 0.0594771241830064 0.10522875816993445 0.0594771241830064 0.05882352941176457 0.08104575163398677 0.05882352941176457 0.059477124183006415 0.059477124183006415 0.05882352941176457 0.05882352941176457
0.05802469135802457 0.05617283950617273 0.11049382716049368 0.05679012345679001 0.05617283950617273 0.05617283950617273 0.06666666666666654 0.05617283950617273 0.05679012345679001 0.139506172839506 0.05555555555555545 0.05617283950617273 0.06296296296296285 0.05617283950617273 0.05617283950617273
0.061111111111111005 0.05617283950617273 0.06111111111111099 0.05802469135802457 0.07283950617283938 0.0574074074074073 0.07592592592592576 0.05617283950617273 0.11358024691358003 0.08209876543209862 0.06049382716049372 0.05864197530864187 0.06543209876543199 0.06296296296296285 0.05802469135802457
0.06296296296296286 0.12962962962962948 0.05987654320987642 0.05864197530864187 0.05925925925925915 0.06111111111111099 0.05925925925925915 0.06172839506172829 0.05864197530864187 0.06358024691358014 0.05925925925925915 0.059876543209876426 0.059876543209876426 0.08888888888888873 0.05740740740740729
0.06944444444444445 0.06597222222222222 0.06388888888888888 0.0798611111111111 0.06597222222222222 0.06458333333333334 0.06597222222222222 0.06527777777777778 0.06944444444444445 0.06666666666666667 0.06458333333333334 0.06527777777777778 0.06388888888888888 0.06527777777777778 0.06388888888888888
0.06875 0.0625 0.0625 0.0625 0.0625 0.06319444444444444 0.07430555555555556 0.06388888888888888 0.07152777777777777 0.06458333333333334 0.06597222222222222 0.06597222222222222 0.06388888888888888 0.08472222222222223 0.06319444444444444
0.06604938271604927 0.05987654320987642 0.05679012345679001 0.0679012345679011 0.05555555555555545 0.0604938271604937 0.06049382716049372 0.10308641975308627 0.061728395061728274 0.058024691358024585 0.05864197530864187 0.06543209876543196 0.08641975308641964 0.0728395061728394 0.06666666666666655
0.059477124183006415 0.0614379084967319 0.0594771241830064 0.06535947712418287 0.11176470588235272 0.08496732026143773 0.06078431372549007 0.07385620915032667 0.061437908496731905 0.059477124183006415 0.05882352941176457 0.06013071895424824 0.06013071895424824 0.061437908496731884 0.061437908496731905
0.055555555555555476 0.04973544973544967 0.04920634920634914 0.05502645502645493 0.050793650793650724 0.05185185185185179 0.05873015873015862 0.10158730158730146 0.1592592592592591 0.051851851851851774 0.09999999999999992 0.05291005291005283 0.05661375661375652 0.05132275132275125 0.05555555555555547
0.07453703703703704 0.04722222222222219 0.04722222222222218 0.05000000000000001 0.149074074074074 0.0824074074074074 0.07500000000000002 0.0722222222222222 0.051851851851851816 0.07962962962962959 0.04953703703703703 0.05324074074074076 0.06435185185185187 0.05740740740740739 0.04629629629629626
