0.00000000 0.00198246 0.00198160 0.00171589 0.00183697 0.00171595 0.00220910 0.00165821 0.02278515 0.00213712 0.00324311 0.00178592 0.00462589 0.00175358 0.00162939
0.00198246 0.00000000 0.00267761 0.00341892 0.00169848 0.00518951 0.00170486 0.00177588 0.00226442 0.00375036 0.00387285 0.00164653 0.00155662 0.00161362 0.00297539
0.00198160 0.00267761 0.00000000 0.01057246 0.01515088 0.00532402 0.00989101 0.00177471 0.00159239 0.00430953 0.00304960 0.00222793 0.00155571 0.00188967 0.00176433
0.00171589 0.00341892 0.01057246 0.00000000 0.00180104 0.04370152 0.05890030 0.00182828 0.00145220 0.00152186 0.00216399 0.00141863 0.00127536 0.00133433 0.00120359
0.00183697 0.00169848 0.01515088 0.00180104 0.00000000 0.00142216 0.00168566 0.00146004 0.00144047 0.00164587 0.00194632 0.00149471 0.00140310 0.00146118 0.00160984
0.00171595 0.00518951 0.00532402 0.04370152 0.00142216 0.00000000 0.00497747 0.00233905 0.00173007 0.00152191 0.00472686 0.00136843 0.00127541 0.00133439 0.00120365
0.00220910 0.00170486 0.00989101 0.05890030 0.00168566 0.00497747 0.00000000 0.00136896 0.00172827 0.00232268 0.00900794 0.00211184 0.00140972 0.00170008 0.00138574
0.00165821 0.00177588 0.00177471 0.00182828 0.00146004 0.00233905 0.00136896 0.00000000 0.05025654 0.00191564 0.01355236 0.00130818 0.00542237 0.00127389 0.12821931
0.02278515 0.00226442 0.00159239 0.00145220 0.00144047 0.00173007 0.00172827 0.05025654 0.00000000 0.00198205 0.00319680 0.00154215 0.00166655 0.00135289 0.06820993
0.00213712 0.00375036 0.00430953 0.00152186 0.00164587 0.00152191 0.00232268 0.00191564 0.00198205 0.00000000 0.00514379 0.00193638 0.00888623 0.00156046 0.00160970
0.00324311 0.00387285 0.00304960 0.00216399 0.00194632 0.00472686 0.00900794 0.01355236 0.00319680 0.00514379 0.00000000 0.00212023 0.00821395 0.00176706 0.00826610
0.00178592 0.00164653 0.00222793 0.00141863 0.00149471 0.00136843 0.00211184 0.00130818 0.00154215 0.00193638 0.00212023 0.00000000 0.00134924 0.04366785 0.00127810
0.00462589 0.00155662 0.00155571 0.00127536 0.00140310 0.00127541 0.00140972 0.00542237 0.00166655 0.00888623 0.00821395 0.00134924 0.00000000 0.00131512 0.00282359
0.00175358 0.00161362 0.00188967 0.00133433 0.00146118 0.00133439 0.00170008 0.00127389 0.00135289 0.00156046 0.00176706 0.04366785 0.00131512 0.00000000 0.00124369
0.00162939 0.00297539 0.00176433 0.00120359 0.00160984 0.00120365 0.00138574 0.12821931 0.06820993 0.00160970 0.00826610 0.00127810 0.00282359 0.00124369 0.00000000
