0.06666666666666655 0.06666666666666654 0.0640522875816992 0.0640522875816992 0.0653594771241829 0.07124183006535935 0.06339869281045739 0.06339869281045737 0.06862745098039204 0.06339869281045737 0.08692810457516324 0.06535947712418287 0.06405228758169922 0.06274509803921555 0.0640522875816992
0.06388888888888888 0.06805555555555555 0.06527777777777778 0.07083333333333333 0.06597222222222222 0.07222222222222222 0.06875 0.06736111111111111 0.06527777777777778 0.06944444444444445 0.06527777777777778 0.06527777777777778 0.06597222222222222 0.0625 0.06388888888888888
0.06666666666666653 0.06234567901234556 0.07037037037037025 0.06358024691358014 0.06666666666666654 0.07777777777777765 0.0691358024691357 0.06049382716049372 0.0679012345679011 0.07962962962962951 0.06049382716049372 0.0679012345679011 0.06358024691358014 0.06049382716049371 0.06296296296296285
0.12156862745098018 0.06339869281045737 0.06535947712418287 0.06274509803921557 0.06078431372549007 0.06209150326797373 0.0614379084967319 0.0633986928104574 0.0614379084967319 0.06339869281045739 0.062091503267973726 0.06013071895424823 0.06535947712418289 0.06209150326797371 0.06470588235294103
0.06319444444444444 0.06597222222222222 0.06388888888888888 0.06805555555555555 0.06805555555555555 0.06458333333333334 0.06875 0.06319444444444444 0.0763888888888889 0.06527777777777778 0.06736111111111111 0.06944444444444445 0.06805555555555555 0.0625 0.06527777777777778
0.06736111111111111 0.06527777777777778 0.06805555555555555 0.06736111111111111 0.06736111111111111 0.06458333333333334 0.06805555555555555 0.06458333333333334 0.06875 0.06805555555555555 0.06666666666666667 0.06597222222222222 0.06666666666666667 0.06388888888888888 0.06736111111111111
0.16549707602339161 0.059064327485380076 0.06023391812865497 0.05847953216374269 0.06315789473684207 0.05730994152046784 0.060233918128654966 0.05614035087719298 0.06257309941520463 0.05906432748538011 0.061403508771929766 0.061403508771929786 0.06023391812865496 0.05672514619883042 0.058479532163742694
0.12530864197530844 0.06234567901234556 0.0691358024691357 0.05864197530864187 0.06419753086419742 0.06419753086419741 0.059876543209876426 0.05740740740740729 0.06543209876543199 0.06234567901234556 0.06234567901234558 0.06296296296296285 0.06604938271604927 0.05925925925925915 0.0604938271604937
0.11805555555555555 0.06319444444444444 0.06458333333333334 0.0625 0.06388888888888888 0.0625 0.0625 0.0625 0.06319444444444444 0.0625 0.0625 0.06388888888888888 0.06319444444444444 0.0625 0.0625
0.06405228758169922 0.06078431372549007 0.08300653594771225 0.060784313725490056 0.060784313725490056 0.11045751633986918 0.0614379084967319 0.06078431372549007 0.06862745098039204 0.062091503267973726 0.06078431372549007 0.0640522875816992 0.06013071895424824 0.060784313725490056 0.0614379084967319
0.06928104575163385 0.06601307189542471 0.0660130718954247 0.06339869281045737 0.06535947712418287 0.06732026143790837 0.06993464052287571 0.06274509803921555 0.06993464052287567 0.06862745098039204 0.06666666666666653 0.0660130718954247 0.06993464052287568 0.06535947712418287 0.06339869281045737
0.06666666666666667 0.06388888888888888 0.06875 0.06597222222222222 0.0625 0.06666666666666667 0.06805555555555555 0.06597222222222222 0.06527777777777778 0.06736111111111111 0.06527777777777778 0.075 0.06736111111111111 0.06597222222222222 0.06527777777777778
0.06666666666666667 0.06666666666666667 0.06666666666666667 0.06666666666666667 0.06597222222222222 0.06666666666666667 0.07013888888888889 0.06319444444444444 0.06805555555555555 0.06805555555555555 0.06805555555555555 0.06666666666666667 0.06736111111111111 0.0625 0.06666666666666667
0.06728395061728384 0.06851851851851838 0.06975308641975296 0.061728395061728294 0.059876543209876426 0.06666666666666655 0.06975308641975299 0.059876543209876426 0.06604938271604928 0.07777777777777763 0.06666666666666655 0.07222222222222212 0.07160493827160483 0.05925925925925914 0.06296296296296286
0.11790123456790105 0.06913580246913567 0.06728395061728384 0.05925925925925915 0.06481481481481469 0.06419753086419742 0.06049382716049371 0.061111111111110984 0.06790123456790112 0.05740740740740729 0.06172839506172829 0.06543209876543199 0.062345679012345556 0.05864197530864187 0.06234567901234556
0.07076023391812865 0.06725146198830406 0.0625730994152047 0.05906432748538009 0.06608187134502923 0.06783625730994151 0.06842105263157894 0.0590643274853801 0.07660818713450288 0.0701754385964912 0.07368421052631573 0.07192982456140345 0.0701754385964912 0.05321637426900586 0.06315789473684211
0.06928104575163387 0.06601307189542469 0.06993464052287568 0.06339869281045739 0.06601307189542469 0.06928104575163384 0.0699346405228757 0.062091503267973726 0.06732026143790838 0.06797385620915018 0.06601307189542469 0.06470588235294103 0.07320261437908483 0.060784313725490056 0.06405228758169922
0.06458333333333334 0.06666666666666667 0.07222222222222222 0.06597222222222222 0.07083333333333333 0.06597222222222222 0.06319444444444444 0.0625 0.06805555555555555 0.07152777777777777 0.06597222222222222 0.07013888888888889 0.06597222222222222 0.0625 0.06388888888888888
0.06805555555555555 0.06597222222222222 0.06805555555555555 0.06597222222222222 0.06527777777777778 0.06666666666666667 0.06666666666666667 0.06388888888888888 0.06805555555555555 0.06597222222222222 0.06875 0.06736111111111111 0.06875 0.06388888888888888 0.06666666666666667
0.06928104575163387 0.06078431372549007 0.08758169934640507 0.06339869281045737 0.06666666666666654 0.06339869281045739 0.06601307189542473 0.0594771241830064 0.07124183006535936 0.06339869281045737 0.06405228758169922 0.06535947712418287 0.07647058823529398 0.06013071895424824 0.06274509803921555
0.11597222222222223 0.06319444444444444 0.06319444444444444 0.06388888888888888 0.06319444444444444 0.0625 0.06319444444444444 0.0625 0.0625 0.06319444444444444 0.0625 0.06319444444444444 0.06527777777777778 0.0625 0.06319444444444444
0.06222222222222214 0.05888888888888881 0.08888888888888873 0.056666666666666594 0.07722222222222214 0.1372222222222223 0.0538888888888888 0.0538888888888888 0.07388888888888885 0.05944444444444435 0.058333333333333265 0.05555555555555547 0.05666666666666657 0.04999999999999991 0.05722222222222214
0.06481481481481469 0.06049382716049371 0.07037037037037025 0.06419753086419742 0.06666666666666655 0.07654320987654309 0.06234567901234558 0.059876543209876426 0.06851851851851841 0.06543209876543198 0.0907407407407406 0.06913580246913568 0.06172839506172829 0.05555555555555545 0.06358024691358014
0.07222222222222222 0.06805555555555555 0.06666666666666667 0.06458333333333334 0.06736111111111111 0.06805555555555555 0.06458333333333334 0.06527777777777778 0.06666666666666667 0.06597222222222222 0.06527777777777778 0.06736111111111111 0.06666666666666667 0.06666666666666667 0.06458333333333334
0.06783625730994156 0.06608187134502923 0.0672514619883041 0.06783625730994146 0.06666666666666662 0.06900584795321636 0.06959064327485376 0.05614035087719297 0.06666666666666662 0.06959064327485377 0.07777777777777777 0.0701754385964912 0.06608187134502923 0.05497076023391813 0.06432748538011693
0.06358024691358012 0.061111111111111005 0.06604938271604925 0.06172839506172829 0.07222222222222209 0.0691358024691357 0.0685185185185184 0.06234567901234556 0.06790123456790112 0.06419753086419742 0.06728395061728384 0.07469135802469125 0.06975308641975296 0.05679012345679001 0.07469135802469125
0.06527777777777778 0.06875 0.06736111111111111 0.06319444444444444 0.06944444444444445 0.07013888888888889 0.06666666666666667 0.06458333333333334 0.06666666666666667 0.06736111111111111 0.06527777777777778 0.06527777777777778 0.07013888888888889 0.06319444444444444 0.06666666666666667
0.06805555555555555 0.06944444444444445 0.06527777777777778 0.06388888888888888 0.06875 0.06388888888888888 0.06458333333333334 0.06458333333333334 0.06944444444444445 0.06666666666666667 0.06666666666666667 0.06944444444444445 0.06736111111111111 0.06458333333333334 0.06736111111111111
0.062345679012345556 0.05925925925925916 0.07592592592592577 0.061111111111111005 0.05864197530864187 0.0956790123456789 0.07716049382716039 0.05802469135802457 0.0679012345679011 0.06172839506172829 0.06543209876543196 0.06790123456790112 0.065432098765432 0.0574074074074073 0.06604938271604925
0.07083333333333333 0.06458333333333334 0.06597222222222222 0.06319444444444444 0.06597222222222222 0.06597222222222222 0.06597222222222222 0.06319444444444444 0.08263888888888889 0.06319444444444444 0.06736111111111111 0.06319444444444444 0.07152777777777777 0.0625 0.06388888888888888
0.06405228758169922 0.06013071895424824 0.07647058823529396 0.06274509803921555 0.06274509803921555 0.0999999999999999 0.06339869281045737 0.0594771241830064 0.06666666666666651 0.06928104575163387 0.06666666666666653 0.06601307189542471 0.06209150326797371 0.0594771241830064 0.060784313725490056
0.06790123456790113 0.06666666666666655 0.07962962962962948 0.062345679012345556 0.07222222222222209 0.06851851851851841 0.06481481481481469 0.061111111111111005 0.06419753086419741 0.06358024691358012 0.06975308641975296 0.07530864197530854 0.06234567901234558 0.05679012345679001 0.06481481481481469
0.06875 0.06666666666666667 0.06736111111111111 0.07013888888888889 0.06458333333333334 0.06805555555555555 0.06527777777777778 0.06597222222222222 0.06944444444444445 0.06666666666666667 0.06458333333333334 0.06527777777777778 0.06805555555555555 0.06319444444444444 0.06597222222222222
0.10980392156862726 0.0614379084967319 0.06013071895424823 0.0614379084967319 0.06013071895424824 0.06209150326797371 0.0640522875816992 0.062091503267973726 0.07973856209150312 0.062091503267973726 0.06339869281045737 0.060784313725490056 0.07189542483660119 0.06078431372549007 0.06013071895424824
0.07407407407407397 0.06296296296296283 0.0679012345679011 0.061111111111111005 0.06543209876543198 0.06419753086419744 0.06419753086419741 0.05679012345679001 0.09320987654320982 0.06234567901234556 0.06481481481481469 0.06604938271604925 0.0808641975308641 0.05617283950617273 0.05987654320987642
0.06805555555555555 0.06527777777777778 0.06805555555555555 0.0625 0.06319444444444444 0.06458333333333334 0.07222222222222222 0.06736111111111111 0.06527777777777778 0.06597222222222222 0.06597222222222222 0.06805555555555555 0.06666666666666667 0.06666666666666667 0.07013888888888889
0.06805555555555555 0.06805555555555555 0.06666666666666667 0.06666666666666667 0.06597222222222222 0.06527777777777778 0.06458333333333334 0.06319444444444444 0.06944444444444445 0.06875 0.06597222222222222 0.06666666666666667 0.06666666666666667 0.06666666666666667 0.06736111111111111
0.06736111111111111 0.0625 0.06736111111111111 0.06736111111111111 0.06388888888888888 0.06736111111111111 0.08125 0.06458333333333334 0.06527777777777778 0.06527777777777778 0.06527777777777778 0.06736111111111111 0.06666666666666667 0.06319444444444444 0.06527777777777778
0.06597222222222222 0.06458333333333334 0.07083333333333333 0.06597222222222222 0.06666666666666667 0.06944444444444445 0.06875 0.06458333333333334 0.06527777777777778 0.06527777777777778 0.06597222222222222 0.06597222222222222 0.07013888888888889 0.06319444444444444 0.06736111111111111
0.06875 0.06805555555555555 0.06875 0.06458333333333334 0.06458333333333334 0.06805555555555555 0.06666666666666667 0.06597222222222222 0.07013888888888889 0.06666666666666667 0.06388888888888888 0.06597222222222222 0.06875 0.06319444444444444 0.06597222222222222
0.06928104575163385 0.06405228758169923 0.06470588235294104 0.06470588235294104 0.06405228758169922 0.07254901960784299 0.0660130718954247 0.06274509803921556 0.06993464052287568 0.0660130718954247 0.07712418300653577 0.06732026143790837 0.06666666666666654 0.06339869281045739 0.0614379084967319
0.0640522875816992 0.062091503267973726 0.062091503267973726 0.06339869281045737 0.0614379084967319 0.06209150326797373 0.12810457516339846 0.059477124183006415 0.06274509803921556 0.06339869281045739 0.06209150326797373 0.060784313725490056 0.06339869281045737 0.0614379084967319 0.06339869281045739
0.0625 0.06527777777777778 0.06805555555555555 0.06875 0.06527777777777778 0.07916666666666666 0.06597222222222222 0.06319444444444444 0.06805555555555555 0.06458333333333334 0.06875 0.06527777777777778 0.06597222222222222 0.06388888888888888 0.06527777777777778
0.07847222222222222 0.06319444444444444 0.06458333333333334 0.06597222222222222 0.06319444444444444 0.06736111111111111 0.06458333333333334 0.06319444444444444 0.06944444444444445 0.07222222222222222 0.06805555555555555 0.06666666666666667 0.06458333333333334 0.06388888888888888 0.06458333333333334
0.08169934640522863 0.06535947712418287 0.08627450980392141 0.06339869281045737 0.06274509803921556 0.08300653594771226 0.0614379084967319 0.0614379084967319 0.0614379084967319 0.06339869281045737 0.06274509803921556 0.06274509803921556 0.06209150326797373 0.059477124183006415 0.06274509803921555
0.07098765432098754 0.06296296296296283 0.06666666666666654 0.0685185185185184 0.06790123456790112 0.07345679012345667 0.06790123456790112 0.06419753086419742 0.06604938271604928 0.06666666666666654 0.0722222222222221 0.06481481481481469 0.06419753086419742 0.05925925925925915 0.06419753086419741
0.05964912280701754 0.06081871345029235 0.059649122807017535 0.05789473684210526 0.06198830409356724 0.058479532163742666 0.17777777777777773 0.05497076023391812 0.06023391812865497 0.05964912280701754 0.05789473684210525 0.057309941520467825 0.06081871345029239 0.054970760233918115 0.05789473684210522
0.07385620915032665 0.06470588235294104 0.06666666666666653 0.06470588235294103 0.06601307189542469 0.06928104575163385 0.06862745098039201 0.0640522875816992 0.06928104575163385 0.06666666666666654 0.06535947712418287 0.06928104575163385 0.06405228758169922 0.06339869281045737 0.06405228758169923
0.06458333333333334 0.06666666666666667 0.06597222222222222 0.06944444444444445 0.06527777777777778 0.06805555555555555 0.06666666666666667 0.06527777777777778 0.06805555555555555 0.06597222222222222 0.06805555555555555 0.06458333333333334 0.06944444444444445 0.06388888888888888 0.06805555555555555
0.07013888888888889 0.06388888888888888 0.06736111111111111 0.0625 0.06388888888888888 0.06458333333333334 0.06458333333333334 0.0625 0.08125 0.06458333333333334 0.06527777777777778 0.06736111111111111 0.075 0.06319444444444444 0.06388888888888888
0.06666666666666667 0.06388888888888888 0.06736111111111111 0.06458333333333334 0.06805555555555555 0.06527777777777778 0.06736111111111111 0.06666666666666667 0.07152777777777777 0.06597222222222222 0.06736111111111111 0.07083333333333333 0.06458333333333334 0.06319444444444444 0.06666666666666667
0.06319444444444444 0.06319444444444444 0.06319444444444444 0.06666666666666667 0.06875 0.06666666666666667 0.06944444444444445 0.06458333333333334 0.07847222222222222 0.06736111111111111 0.06527777777777778 0.06458333333333334 0.07013888888888889 0.06319444444444444 0.06527777777777778
0.06928104575163385 0.062091503267973726 0.06535947712418287 0.06274509803921555 0.06993464052287568 0.06274509803921555 0.06928104575163385 0.06013071895424824 0.0836601307189541 0.0640522875816992 0.06535947712418286 0.06274509803921556 0.07320261437908483 0.06013071895424824 0.06928104575163387
0.06597222222222222 0.07152777777777777 0.06527777777777778 0.06597222222222222 0.06388888888888888 0.07013888888888889 0.06527777777777778 0.06458333333333334 0.07083333333333333 0.06597222222222222 0.06736111111111111 0.06666666666666667 0.06597222222222222 0.06319444444444444 0.06736111111111111
0.06388888888888888 0.06319444444444444 0.06527777777777778 0.0625 0.06319444444444444 0.06319444444444444 0.06527777777777778 0.0625 0.06319444444444444 0.06319444444444444 0.06319444444444444 0.1111111111111111 0.06319444444444444 0.0625 0.06458333333333334
0.07076023391812862 0.061988304093567245 0.07485380116959059 0.06432748538011694 0.06315789473684208 0.06666666666666665 0.0614035087719298 0.06081871345029237 0.08538011695906429 0.06315789473684208 0.0707602339181286 0.0678362573099415 0.06432748538011697 0.058479532163742666 0.0660818713450292
0.057309941520467804 0.05614035087719297 0.06198830409356724 0.05789473684210522 0.05614035087719298 0.05847953216374269 0.06491228070175438 0.07251461988304082 0.06023391812865496 0.05789473684210524 0.05789473684210525 0.14795321637426875 0.05497076023391812 0.055555555555555546 0.08011695906432756
0.059876543209876426 0.06049382716049372 0.05925925925925915 0.05925925925925915 0.05925925925925915 0.05864197530864187 0.05987654320987642 0.05617283950617273 0.05864197530864187 0.059876543209876426 0.05987654320987642 0.1703703703703701 0.0648148148148147 0.05555555555555545 0.058024691358024585
0.06078431372549007 0.06013071895424823 0.06405228758169922 0.05882352941176457 0.06013071895424824 0.061437908496731884 0.06013071895424824 0.062091503267973726 0.0594771241830064 0.062091503267973726 0.06013071895424824 0.14901960784313703 0.06078431372549007 0.0594771241830064 0.0614379084967319
0.06234567901234556 0.05802469135802457 0.06296296296296283 0.05925925925925915 0.06419753086419742 0.06358024691358014 0.06728395061728382 0.08271604938271591 0.07037037037037024 0.061111111111111005 0.07222222222222209 0.06790123456790112 0.05925925925925915 0.05987654320987642 0.0888888888888888
0.07283950617283938 0.06358024691358014 0.06728395061728383 0.05864197530864187 0.07716049382716039 0.0641975308641974 0.06543209876543198 0.06049382716049371 0.07530864197530852 0.06666666666666654 0.06481481481481469 0.06419753086419741 0.07839506172839493 0.05617283950617273 0.06481481481481469
0.06543209876543199 0.06234567901234556 0.06172839506172827 0.0574074074074073 0.05679012345679001 0.058641975308641854 0.07345679012345664 0.05555555555555545 0.0722222222222221 0.059876543209876426 0.05740740740740729 0.14074074074074058 0.06666666666666657 0.05555555555555545 0.05617283950617273
0.06319444444444444 0.06319444444444444 0.0625 0.0625 0.0625 0.06319444444444444 0.06319444444444444 0.0625 0.0625 0.0625 0.06319444444444444 0.12083333333333333 0.0625 0.06319444444444444 0.0625
0.05555555555555547 0.06722222222222213 0.06611111111111104 0.05333333333333324 0.06055555555555548 0.05611111111111103 0.05277777777777768 0.052222222222222135 0.05444444444444436 0.06277777777777771 0.0538888888888888 0.20111111111111102 0.05444444444444435 0.052222222222222135 0.05722222222222212
0.05906432748538009 0.05789473684210526 0.07017543859649125 0.05614035087719299 0.05964912280701752 0.061403508771929835 0.06491228070175432 0.054970760233918115 0.0567251461988304 0.05730994152046784 0.0789473684210526 0.14736842105263134 0.060818713450292376 0.05380116959064327 0.06081871345029235
0.05252525252525256 0.06161616161616165 0.07121212121212128 0.06212121212121214 0.06161616161616167 0.05353535353535355 0.06515151515151522 0.052020202020202036 0.054545454545454564 0.057575757575757606 0.05555555555555561 0.1833333333333333 0.06010101010101014 0.04747474747474746 0.06161616161616166
0.06319444444444444 0.06458333333333334 0.0625 0.0625 0.0625 0.06319444444444444 0.0625 0.06319444444444444 0.0625 0.06319444444444444 0.0625 0.12013888888888889 0.0625 0.0625 0.0625
0.05444444444444437 0.053888888888888806 0.06055555555555547 0.058333333333333244 0.08888888888888878 0.05944444444444435 0.05944444444444435 0.07055555555555547 0.06833333333333323 0.059999999999999894 0.059999999999999915 0.10499999999999991 0.061666666666666606 0.05555555555555547 0.0838888888888888
0.06013071895424823 0.11307189542483638 0.06535947712418286 0.06078431372549007 0.062091503267973726 0.062091503267973726 0.059477124183006415 0.06013071895424824 0.07450980392156849 0.06078431372549007 0.06274509803921555 0.07124183006535934 0.06470588235294106 0.05882352941176457 0.0640522875816992
0.05864197530864187 0.06049382716049371 0.061111111111111005 0.059876543209876426 0.06419753086419742 0.05925925925925915 0.061111111111111005 0.05802469135802457 0.061728395061728274 0.05925925925925914 0.06172839506172829 0.15432098765432078 0.06296296296296285 0.058641975308641854 0.058641975308641854
0.06013071895424824 0.060784313725490056 0.06666666666666651 0.06013071895424824 0.06013071895424824 0.06339869281045739 0.07189542483660115 0.0594771241830064 0.062091503267973726 0.06405228758169923 0.0614379084967319 0.13006535947712394 0.062091503267973726 0.05882352941176457 0.05882352941176457
0.05987654320987642 0.058641975308641854 0.06111111111111099 0.05864197530864187 0.08456790123456774 0.05740740740740729 0.05679012345679001 0.05555555555555545 0.05987654320987644 0.05925925925925915 0.06111111111111101 0.14691358024691337 0.05925925925925915 0.05740740740740729 0.06358024691358014
0.06198830409356722 0.06491228070175434 0.05964912280701752 0.06842105263157895 0.060233918128654966 0.06725146198830408 0.06432748538011694 0.05555555555555554 0.06725146198830402 0.0637426900584795 0.06257309941520466 0.1210526315789473 0.0690058479532163 0.05438596491228069 0.05964912280701752
0.06055555555555546 0.06055555555555547 0.059999999999999915 0.05944444444444438 0.06111111111111101 0.05888888888888881 0.05944444444444434 0.052222222222222135 0.057222222222222126 0.07999999999999992 0.05611111111111102 0.1527777777777778 0.061666666666666585 0.05499999999999991 0.06499999999999989
0.06470588235294106 0.0614379084967319 0.06405228758169923 0.06862745098039202 0.06535947712418287 0.06666666666666654 0.0594771241830064 0.05882352941176457 0.06470588235294104 0.06470588235294104 0.06274509803921555 0.10915032679738541 0.0640522875816992 0.06078431372549007 0.06470588235294104
0.0648148148148147 0.06234567901234556 0.06728395061728382 0.05925925925925915 0.05925925925925916 0.061111111111110984 0.06049382716049371 0.059876543209876426 0.0833333333333332 0.06049382716049372 0.06419753086419742 0.06728395061728382 0.069753086419753 0.05617283950617273 0.10432098765432081
0.06527777777777778 0.06527777777777778 0.06666666666666667 0.06388888888888888 0.06388888888888888 0.06319444444444444 0.06527777777777778 0.06319444444444444 0.06388888888888888 0.06597222222222222 0.06319444444444444 0.09722222222222222 0.06527777777777778 0.06388888888888888 0.06388888888888888
0.05864197530864187 0.05802469135802457 0.05925925925925915 0.0907407407407406 0.059876543209876426 0.06049382716049371 0.061111111111111005 0.08580246913580235 0.06049382716049371 0.05925925925925915 0.10679012345678998 0.05925925925925916 0.06296296296296283 0.05555555555555545 0.06172839506172829
0.05944444444444437 0.05944444444444434 0.08277777777777769 0.06666666666666657 0.06388888888888881 0.0705555555555555 0.07777777777777768 0.05333333333333324 0.0799999999999999 0.05944444444444436 0.07611111111111103 0.07555555555555549 0.06388888888888886 0.05277777777777769 0.05833333333333324
0.055555555555555455 0.05555555555555547 0.06999999999999992 0.08444444444444434 0.05555555555555547 0.076111111111111 0.053333333333333253 0.05166666666666658 0.054999999999999924 0.06444444444444436 0.0688888888888888 0.15277777777777787 0.0538888888888888 0.050555555555555465 0.052222222222222135
0.06319444444444444 0.0625 0.06319444444444444 0.0625 0.0625 0.0625 0.0625 0.0625 0.0625 0.0625 0.06319444444444444 0.12152777777777778 0.06319444444444444 0.0625 0.06319444444444444
0.0625 0.0625 0.0625 0.0625 0.0625 0.06388888888888888 0.06319444444444444 0.0625 0.06319444444444444 0.0625 0.06319444444444444 0.12013888888888889 0.06388888888888888 0.0625 0.0625
0.05740740740740729 0.06049382716049371 0.06358024691358014 0.06049382716049371 0.12160493827160476 0.059876543209876426 0.06111111111111099 0.061728395061728294 0.06666666666666655 0.06790123456790113 0.061111111111111005 0.06975308641975296 0.06358024691358012 0.058641975308641854 0.06604938271604925
0.0594771241830064 0.06797385620915017 0.06339869281045737 0.0594771241830064 0.06339869281045737 0.0660130718954247 0.0614379084967319 0.05882352941176457 0.06209150326797373 0.06339869281045737 0.06666666666666653 0.12418300653594751 0.0614379084967319 0.0614379084967319 0.06078431372549007
0.054999999999999924 0.06055555555555546 0.05833333333333325 0.05777777777777771 0.09888888888888875 0.06499999999999992 0.0577777777777777 0.07555555555555546 0.0933333333333332 0.05666666666666658 0.06499999999999992 0.05722222222222214 0.07222222222222216 0.05111111111111103 0.07555555555555546
0.09111111111111096 0.0738888888888888 0.0649999999999999 0.05777777777777768 0.11111111111111104 0.06555555555555546 0.057222222222222126 0.054999999999999924 0.056666666666666574 0.06055555555555544 0.061666666666666585 0.06166666666666658 0.07555555555555549 0.05499999999999991 0.052222222222222135
0.06049382716049372 0.061728395061728274 0.06358024691358014 0.05740740740740729 0.05987654320987642 0.06481481481481469 0.06172839506172829 0.058024691358024585 0.05864197530864187 0.061728395061728274 0.05987654320987644 0.14691358024691337 0.06604938271604925 0.05802469135802457 0.06111111111111099
0.05944444444444437 0.05722222222222214 0.0577777777777777 0.09555555555555557 0.0577777777777777 0.06555555555555546 0.05777777777777768 0.05611111111111103 0.09166666666666656 0.05611111111111104 0.058333333333333244 0.10388888888888878 0.06722222222222216 0.06111111111111103 0.05444444444444435
0.06339869281045739 0.060784313725490056 0.07647058823529397 0.06732026143790835 0.06209150326797373 0.06732026143790835 0.0640522875816992 0.06339869281045737 0.07777777777777763 0.0660130718954247 0.062091503267973726 0.07254901960784299 0.06928104575163385 0.0594771241830064 0.06797385620915018
0.06419753086419742 0.06358024691358012 0.07037037037037024 0.05925925925925915 0.12839506172839482 0.061728395061728294 0.05925925925925914 0.05617283950617273 0.06296296296296285 0.06358024691358014 0.059876543209876426 0.06790123456790113 0.06234567901234556 0.05679012345679001 0.06358024691358014
0.0625 0.06319444444444444 0.06319444444444444 0.06319444444444444 0.0625 0.0625 0.06388888888888888 0.0625 0.0625 0.0625 0.0625 0.12083333333333333 0.06319444444444444 0.0625 0.0625
0.06315789473684208 0.05964912280701754 0.06900584795321635 0.0701754385964912 0.06666666666666665 0.06081871345029237 0.0719298245614035 0.06608187134502921 0.06140350877192979 0.06432748538011694 0.06725146198830406 0.0771929824561403 0.06315789473684208 0.05789473684210525 0.08128654970760235
0.06797385620915018 0.062091503267973726 0.07124183006535932 0.06928104575163385 0.06732026143790835 0.06601307189542471 0.06666666666666653 0.06470588235294104 0.062091503267973726 0.06666666666666654 0.06928104575163387 0.06601307189542469 0.0679738562091502 0.060784313725490056 0.07189542483660118
0.0538888888888888 0.05333333333333324 0.05611111111111102 0.053333333333333253 0.05611111111111103 0.05833333333333325 0.05277777777777769 0.05111111111111103 0.05499999999999991 0.056666666666666574 0.05444444444444436 0.23722222222222217 0.05444444444444437 0.05333333333333324 0.0538888888888888
0.06111111111111099 0.05925925925925915 0.06358024691358014 0.059876543209876426 0.06111111111111099 0.061728395061728274 0.062345679012345556 0.06296296296296285 0.07777777777777764 0.05925925925925914 0.06049382716049372 0.11728395061728378 0.07530864197530854 0.05925925925925915 0.05864197530864187
0.06274509803921556 0.06470588235294103 0.06470588235294106 0.06470588235294104 0.06470588235294103 0.08300653594771228 0.06993464052287568 0.06013071895424824 0.06797385620915021 0.06535947712418286 0.07385620915032663 0.06862745098039202 0.06470588235294104 0.06013071895424824 0.06470588235294104
0.06458333333333334 0.06388888888888888 0.06736111111111111 0.06388888888888888 0.06805555555555555 0.06597222222222222 0.06736111111111111 0.06458333333333334 0.06875 0.06875 0.07152777777777777 0.06736111111111111 0.06736111111111111 0.06388888888888888 0.06666666666666667
0.0660130718954247 0.06732026143790835 0.06535947712418286 0.06405228758169922 0.0614379084967319 0.06470588235294104 0.0771241830065358 0.06405228758169922 0.06209150326797371 0.08300653594771226 0.07320261437908483 0.0633986928104574 0.06470588235294103 0.062091503267973726 0.0614379084967319
0.06666666666666667 0.06666666666666667 0.07361111111111111 0.06736111111111111 0.06805555555555555 0.06736111111111111 0.06458333333333334 0.0625 0.06875 0.07013888888888889 0.06319444444444444 0.06875 0.06597222222222222 0.06319444444444444 0.06319444444444444
0.06470588235294104 0.06666666666666654 0.07058823529411751 0.06666666666666654 0.06601307189542471 0.07058823529411752 0.06666666666666655 0.06274509803921555 0.06666666666666653 0.06470588235294104 0.07647058823529397 0.06797385620915018 0.06405228758169922 0.061437908496731884 0.06405228758169922
0.07385620915032666 0.06732026143790837 0.06928104575163384 0.0640522875816992 0.06339869281045739 0.06274509803921556 0.06405228758169922 0.06013071895424824 0.06339869281045737 0.0771241830065358 0.06470588235294104 0.07189542483660118 0.06797385620915021 0.06078431372549008 0.06928104575163384
0.0679012345679011 0.06481481481481469 0.0722222222222221 0.06358024691358015 0.07098765432098753 0.06790123456790112 0.06296296296296283 0.06049382716049372 0.07222222222222209 0.07469135802469126 0.0679012345679011 0.06604938271604927 0.06234567901234556 0.05802469135802457 0.0679012345679011
0.05987654320987642 0.06419753086419741 0.06666666666666655 0.06234567901234556 0.06234567901234556 0.06666666666666657 0.06049382716049371 0.05987654320987644 0.06296296296296286 0.10123456790123443 0.08271604938271593 0.06851851851851841 0.06296296296296283 0.05679012345679001 0.06234567901234556
0.06597222222222222 0.0625 0.06319444444444444 0.06319444444444444 0.06388888888888888 0.06458333333333334 0.06388888888888888 0.11041666666666666 0.06458333333333334 0.06319444444444444 0.06388888888888888 0.0625 0.0625 0.0625 0.06319444444444444
0.06470588235294104 0.06993464052287565 0.06732026143790835 0.0653594771241829 0.0660130718954247 0.06470588235294104 0.06862745098039204 0.06405228758169922 0.06993464052287568 0.06666666666666653 0.06339869281045739 0.06797385620915018 0.07320261437908483 0.06274509803921556 0.06535947712418287
0.06458333333333334 0.06597222222222222 0.06666666666666667 0.06527777777777778 0.06527777777777778 0.06527777777777778 0.06805555555555555 0.0625 0.06388888888888888 0.06458333333333334 0.06527777777777778 0.06319444444444444 0.06388888888888888 0.06319444444444444 0.09236111111111112
0.06608187134502919 0.07368421052631575 0.06900584795321632 0.08245614035087717 0.06198830409356726 0.06608187134502923 0.0701754385964912 0.05789473684210524 0.06374269005847952 0.0701754385964912 0.06725146198830403 0.06959064327485374 0.06783625730994147 0.05438596491228071 0.059649122807017514
0.06013071895424823 0.11503267973856193 0.06209150326797373 0.06405228758169922 0.0594771241830064 0.06013071895424824 0.0640522875816992 0.06078431372549007 0.062091503267973726 0.06013071895424824 0.08496732026143781 0.05882352941176457 0.06732026143790835 0.06013071895424824 0.06078431372549007
0.06319444444444444 0.06875 0.06527777777777778 0.06527777777777778 0.0625 0.06388888888888888 0.06458333333333334 0.07777777777777778 0.06875 0.06458333333333334 0.06805555555555555 0.07013888888888889 0.06875 0.06319444444444444 0.06527777777777778
0.06319444444444444 0.07569444444444444 0.07291666666666667 0.06666666666666667 0.06597222222222222 0.06458333333333334 0.06388888888888888 0.06527777777777778 0.06597222222222222 0.06944444444444445 0.06319444444444444 0.06805555555555555 0.06736111111111111 0.0625 0.06527777777777778
0.072549019607843 0.06666666666666654 0.07777777777777765 0.06666666666666653 0.06666666666666653 0.06797385620915021 0.06797385620915018 0.0614379084967319 0.06339869281045737 0.06732026143790837 0.06535947712418287 0.06928104575163384 0.0660130718954247 0.05882352941176457 0.062091503267973726
0.06543209876543199 0.061111111111111005 0.11049382716049373 0.05802469135802457 0.05679012345679001 0.0944444444444443 0.06481481481481469 0.05925925925925915 0.05925925925925915 0.06111111111111099 0.06419753086419741 0.06358024691358014 0.06358024691358014 0.05679012345679001 0.061111111111111005
0.06736111111111111 0.06666666666666667 0.06805555555555555 0.06458333333333334 0.06597222222222222 0.06875 0.06805555555555555 0.06805555555555555 0.06458333333333334 0.06458333333333334 0.06597222222222222 0.06805555555555555 0.06597222222222222 0.06458333333333334 0.06875
0.06944444444444435 0.06111111111111102 0.06722222222222213 0.05611111111111103 0.05611111111111102 0.06555555555555548 0.06111111111111102 0.05722222222222214 0.06055555555555547 0.14833333333333332 0.06444444444444436 0.06333333333333324 0.05722222222222214 0.0527777777777777 0.05944444444444436
0.058730158730158646 0.05873015873015864 0.09153439153439147 0.058201058201058135 0.0597883597883597 0.0656084656084655 0.06878306878306864 0.05449735449735442 0.06613756613756605 0.056084656084656036 0.061904761904761824 0.13915343915343903 0.05343915343915337 0.04973544973544965 0.0576719576719576
0.07320261437908485 0.0614379084967319 0.06928104575163387 0.06535947712418287 0.06601307189542471 0.07189542483660118 0.06339869281045737 0.060784313725490056 0.06666666666666653 0.06405228758169922 0.06405228758169923 0.07777777777777761 0.06862745098039202 0.06078431372549007 0.06666666666666653
0.061111111111111005 0.06604938271604925 0.06666666666666654 0.06666666666666655 0.06543209876543199 0.061728395061728274 0.06666666666666655 0.08827160493827145 0.06172839506172829 0.061728395061728294 0.09259259259259246 0.05925925925925914 0.0679012345679011 0.05617283950617273 0.05802469135802457
0.06862745098039201 0.0614379084967319 0.07385620915032665 0.06470588235294103 0.06339869281045737 0.09607843137254886 0.06405228758169922 0.06013071895424824 0.06405228758169922 0.07385620915032665 0.062091503267973726 0.06274509803921556 0.06535947712418287 0.05882352941176457 0.06078431372549007
0.06736111111111111 0.06597222222222222 0.06597222222222222 0.06388888888888888 0.06597222222222222 0.06666666666666667 0.075 0.0625 0.06527777777777778 0.07083333333333333 0.06736111111111111 0.06736111111111111 0.06736111111111111 0.0625 0.06597222222222222
0.06274509803921555 0.06013071895424824 0.07712418300653577 0.06274509803921555 0.0640522875816992 0.1137254901960783 0.06274509803921556 0.05882352941176457 0.06339869281045737 0.062091503267973726 0.06470588235294104 0.0640522875816992 0.06339869281045739 0.06013071895424824 0.06013071895424824
0.07037037037037024 0.06296296296296285 0.0641975308641974 0.08148148148148139 0.05987654320987642 0.06296296296296285 0.10679012345678997 0.06234567901234555 0.06111111111111101 0.06296296296296285 0.059876543209876426 0.061111111111111005 0.061728395061728274 0.059876543209876426 0.06234567901234555
0.07083333333333333 0.06527777777777778 0.06736111111111111 0.06527777777777778 0.06597222222222222 0.06736111111111111 0.06597222222222222 0.06666666666666667 0.06736111111111111 0.06527777777777778 0.06388888888888888 0.07152777777777777 0.06597222222222222 0.06458333333333334 0.06666666666666667
0.06535947712418287 0.06601307189542469 0.06862745098039204 0.0614379084967319 0.07973856209150312 0.07058823529411751 0.06862745098039202 0.0614379084967319 0.06601307189542471 0.06601307189542471 0.0640522875816992 0.06666666666666654 0.07320261437908485 0.05882352941176457 0.06339869281045737
0.06732026143790835 0.06535947712418289 0.06993464052287571 0.06209150326797371 0.06274509803921555 0.06732026143790834 0.07712418300653581 0.0614379084967319 0.06470588235294104 0.06535947712418286 0.06993464052287567 0.07450980392156849 0.06862745098039201 0.061437908496731905 0.062091503267973726
0.06736111111111111 0.06527777777777778 0.06875 0.06597222222222222 0.06875 0.06736111111111111 0.06527777777777778 0.06388888888888888 0.06805555555555555 0.06597222222222222 0.06666666666666667 0.06805555555555555 0.07013888888888889 0.0625 0.06597222222222222
0.06527777777777778 0.06319444444444444 0.08263888888888889 0.06319444444444444 0.06597222222222222 0.06388888888888888 0.06736111111111111 0.06458333333333334 0.07291666666666667 0.06319444444444444 0.06319444444444444 0.06458333333333334 0.07291666666666667 0.0625 0.06458333333333334
0.05614035087719297 0.056725146198830394 0.06257309941520466 0.05614035087719296 0.05906432748538012 0.07485380116959055 0.11929824561403503 0.054970760233918115 0.07076023391812866 0.061403508771929786 0.0690058479532163 0.06198830409356724 0.08538011695906421 0.05438596491228069 0.057309941520467825
0.0625 0.0625 0.06319444444444444 0.0625 0.06319444444444444 0.06388888888888888 0.09930555555555555 0.0625 0.06319444444444444 0.0625 0.06319444444444444 0.0625 0.08333333333333333 0.0625 0.06319444444444444
0.05925925925925915 0.06296296296296285 0.05802469135802457 0.05802469135802457 0.05864197530864187 0.06234567901234556 0.13827160493827145 0.05740740740740729 0.06358024691358014 0.06172839506172829 0.05987654320987642 0.058641975308641854 0.08641975308641961 0.05555555555555545 0.05925925925925914
0.0543859649122807 0.05380116959064327 0.053801169590643266 0.053801169590643266 0.05497076023391813 0.05321637426900585 0.1883040935672516 0.053801169590643266 0.052631578947368425 0.05555555555555554 0.05321637426900585 0.05380116959064327 0.11111111111111095 0.0543859649122807 0.05321637426900584
0.08888888888888873 0.07189542483660116 0.06470588235294103 0.06274509803921556 0.06993464052287568 0.06666666666666654 0.06535947712418286 0.06013071895424824 0.06274509803921556 0.061437908496731884 0.0640522875816992 0.0679738562091502 0.07189542483660116 0.06013071895424823 0.0614379084967319
0.06597222222222222 0.06319444444444444 0.06666666666666667 0.06666666666666667 0.06944444444444445 0.06597222222222222 0.06805555555555555 0.06458333333333334 0.06944444444444445 0.06875 0.07152777777777777 0.06666666666666667 0.06458333333333334 0.06319444444444444 0.06527777777777778
0.06055555555555546 0.05444444444444436 0.06111111111111102 0.06055555555555547 0.06277777777777771 0.05944444444444435 0.06555555555555546 0.05833333333333325 0.07944444444444435 0.06833333333333325 0.12833333333333335 0.061666666666666564 0.06611111111111104 0.05499999999999991 0.058333333333333244
0.06772486772486765 0.05714285714285706 0.05661375661375654 0.05449735449735442 0.06243386243386235 0.0576719576719576 0.06296296296296287 0.04920634920634914 0.05291005291005283 0.06560846560846552 0.16349206349206336 0.061375661375661306 0.08148148148148136 0.04973544973544966 0.05714285714285705
0.06597222222222222 0.06805555555555555 0.07430555555555556 0.06597222222222222 0.06458333333333334 0.06666666666666667 0.06944444444444445 0.06319444444444444 0.06319444444444444 0.0763888888888889 0.06388888888888888 0.06388888888888888 0.06666666666666667 0.06388888888888888 0.06388888888888888
0.06666666666666655 0.06172839506172829 0.10493827160493817 0.058641975308641875 0.06111111111111099 0.08271604938271593 0.06481481481481471 0.05802469135802457 0.062345679012345556 0.07345679012345667 0.05802469135802457 0.06543209876543198 0.06543209876543198 0.05740740740740729 0.05925925925925915
0.06928104575163387 0.0614379084967319 0.09019607843137241 0.0660130718954247 0.06274509803921556 0.0771241830065358 0.06274509803921556 0.062091503267973726 0.06601307189542469 0.06928104575163384 0.0633986928104574 0.0640522875816992 0.06078431372549007 0.06078431372549007 0.06405228758169922
0.06358024691358015 0.06790123456790115 0.06296296296296285 0.07716049382716036 0.06666666666666654 0.06543209876543199 0.06728395061728383 0.0648148148148147 0.0685185185185184 0.06851851851851841 0.06296296296296285 0.06975308641975299 0.06851851851851844 0.05987654320987642 0.06604938271604925
