0.058080808080808115 0.06010101010101012 0.06616161616161621 0.05303030303030306 0.05 0.05353535353535357 0.054040404040404076 0.06616161616161617 0.07323232323232336 0.07020202020202028 0.06818181818181822 0.10404040404040411 0.08787878787878793 0.06919191919191925 0.06616161616161623
0.0625 0.09652777777777778 0.0625 0.06319444444444444 0.06319444444444444 0.0625 0.0625 0.0625 0.06319444444444444 0.0625 0.0625 0.08888888888888889 0.0625 0.0625 0.0625
0.06736111111111111 0.06597222222222222 0.06736111111111111 0.06736111111111111 0.06319444444444444 0.075 0.06527777777777778 0.06597222222222222 0.06458333333333334 0.06736111111111111 0.06666666666666667 0.06666666666666667 0.06597222222222222 0.06666666666666667 0.06458333333333334
0.08055555555555556 0.06597222222222222 0.06597222222222222 0.06597222222222222 0.06597222222222222 0.06527777777777778 0.06388888888888888 0.06527777777777778 0.06388888888888888 0.06805555555555555 0.06597222222222222 0.06597222222222222 0.06736111111111111 0.06458333333333334 0.06527777777777778
0.06339869281045737 0.06732026143790835 0.06274509803921555 0.06013071895424824 0.06209150326797373 0.06601307189542473 0.062091503267973726 0.06078431372549007 0.06339869281045739 0.062091503267973726 0.06535947712418287 0.10915032679738541 0.0614379084967319 0.06274509803921555 0.07124183006535935
0.06975308641975296 0.06666666666666657 0.06790123456790113 0.06604938271604927 0.06604938271604925 0.06604938271604925 0.06481481481481469 0.06481481481481469 0.06543209876543198 0.06296296296296287 0.06728395061728382 0.06666666666666654 0.07469135802469123 0.06543209876543196 0.06543209876543198
0.05740740740740729 0.05740740740740729 0.05864197530864187 0.05802469135802457 0.058024691358024585 0.10061728395061713 0.05617283950617273 0.11419753086419732 0.058024691358024585 0.058024691358024585 0.05679012345679001 0.05679012345679002 0.05679012345679001 0.09320987654320978 0.059876543209876426
0.06736111111111111 0.06944444444444445 0.07430555555555556 0.06388888888888888 0.06805555555555555 0.06388888888888888 0.06527777777777778 0.06597222222222222 0.06527777777777778 0.06666666666666667 0.06736111111111111 0.06527777777777778 0.06388888888888888 0.06527777777777778 0.06805555555555555
0.06728395061728383 0.06049382716049372 0.05925925925925915 0.06172839506172829 0.07530864197530851 0.061728395061728294 0.0907407407407406 0.05679012345679001 0.10925925925925911 0.0604938271604937 0.061111111111110984 0.05740740740740729 0.06049382716049371 0.058024691358024585 0.05987654320987644
0.06081871345029236 0.06315789473684207 0.06491228070175435 0.058479532163742694 0.10058479532163739 0.06608187134502921 0.06198830409356722 0.061403508771929814 0.05789473684210525 0.06315789473684208 0.07543859649122807 0.060818713450292376 0.07719298245614035 0.06608187134502923 0.06198830409356722
0.05888888888888881 0.07666666666666658 0.06111111111111101 0.16277777777777785 0.05611111111111103 0.05555555555555547 0.052222222222222135 0.05444444444444437 0.07222222222222213 0.06111111111111102 0.05777777777777768 0.058333333333333244 0.05444444444444436 0.05999999999999993 0.058333333333333244
0.06875 0.06944444444444445 0.06666666666666667 0.06458333333333334 0.06666666666666667 0.06527777777777778 0.06944444444444445 0.06666666666666667 0.06666666666666667 0.06527777777777778 0.06805555555555555 0.06458333333333334 0.06805555555555555 0.06458333333333334 0.06527777777777778
0.06458333333333334 0.06666666666666667 0.06875 0.06388888888888888 0.06597222222222222 0.06388888888888888 0.06458333333333334 0.06458333333333334 0.06597222222222222 0.06527777777777778 0.06458333333333334 0.06388888888888888 0.07430555555555556 0.07847222222222222 0.06458333333333334
0.05888888888888881 0.060555555555555446 0.07222222222222213 0.06166666666666658 0.076111111111111 0.06333333333333324 0.05333333333333324 0.06944444444444435 0.0716666666666666 0.066111111111111 0.055555555555555476 0.05666666666666658 0.05722222222222215 0.11444444444444443 0.0627777777777777
0.061111111111111005 0.06604938271604927 0.06975308641975296 0.05987654320987642 0.05987654320987644 0.06419753086419741 0.06481481481481469 0.07530864197530852 0.059876543209876426 0.0648148148148147 0.062345679012345556 0.06049382716049372 0.06728395061728384 0.07777777777777763 0.08641975308641962
0.07626262626262638 0.06060606060606067 0.06010101010101018 0.1116161616161617 0.08636363636363643 0.051010101010101026 0.052525252525252565 0.07070707070707076 0.09343434343434347 0.053535353535353575 0.055555555555555594 0.058080808080808115 0.05505050505050508 0.06161616161616165 0.05353535353535357
0.08055555555555556 0.06666666666666667 0.06319444444444444 0.06805555555555555 0.06388888888888888 0.06805555555555555 0.06388888888888888 0.06458333333333334 0.06527777777777778 0.06319444444444444 0.06388888888888888 0.06805555555555555 0.06805555555555555 0.06944444444444445 0.06319444444444444
0.05833333333333325 0.0627777777777777 0.06999999999999991 0.05888888888888881 0.05555555555555547 0.07611111111111103 0.061666666666666564 0.05888888888888881 0.05666666666666657 0.07333333333333326 0.06333333333333324 0.05499999999999991 0.11222222222222215 0.06944444444444436 0.06777777777777771
0.05730994152046782 0.0935672514619884 0.059649122807017514 0.05789473684210525 0.07602339181286549 0.06608187134502923 0.06081871345029237 0.06374269005847953 0.07660818713450285 0.06198830409356722 0.05964912280701754 0.08362573099415188 0.06257309941520463 0.06198830409356722 0.05847953216374269
0.06944444444444445 0.06319444444444444 0.06319444444444444 0.06527777777777778 0.0625 0.06319444444444444 0.06319444444444444 0.0625 0.1111111111111111 0.0625 0.0625 0.0625 0.06319444444444444 0.06319444444444444 0.0625
0.0767195767195766 0.06455026455026446 0.06455026455026447 0.0634920634920634 0.06455026455026446 0.05238095238095231 0.05714285714285706 0.0576719576719576 0.1534391534391533 0.06455026455026446 0.05291005291005283 0.053968253968253874 0.057671957671957604 0.057671957671957576 0.058730158730158646
0.06805555555555555 0.07291666666666667 0.06458333333333334 0.06666666666666667 0.07152777777777777 0.06388888888888888 0.06666666666666667 0.06597222222222222 0.06388888888888888 0.06319444444444444 0.06527777777777778 0.06527777777777778 0.06666666666666667 0.07152777777777777 0.06388888888888888
0.05802469135802457 0.06296296296296283 0.06049382716049371 0.061111111111111005 0.07901234567901225 0.10987654320987635 0.05925925925925916 0.06172839506172829 0.06728395061728383 0.06543209876543199 0.06358024691358014 0.06790123456790112 0.058641975308641854 0.061111111111111005 0.06358024691358014
0.047111111111111145 0.05111111111111115 0.053777777777777806 0.19111111111111104 0.07777777777777782 0.09022222222222227 0.07333333333333338 0.04977777777777781 0.057333333333333375 0.05022222222222226 0.04977777777777781 0.045777777777777806 0.04355555555555558 0.06844444444444449 0.0506666666666667
0.059876543209876426 0.058641975308641854 0.06419753086419741 0.06604938271604927 0.058024691358024585 0.12716049382716038 0.05617283950617273 0.06296296296296286 0.06049382716049372 0.06358024691358014 0.05679012345679001 0.05740740740740729 0.05802469135802459 0.09197530864197515 0.05864197530864187
0.05502645502645494 0.05873015873015864 0.055555555555555476 0.22804232804232774 0.05449735449735443 0.05502645502645497 0.05291005291005284 0.056613756613756554 0.057671957671957576 0.05767195767195758 0.053439153439153377 0.05396825396825389 0.05291005291005285 0.053439153439153356 0.05449735449735441
0.07660818713450292 0.0777777777777778 0.0584795321637427 0.061988304093567224 0.08596491228070174 0.06549707602339178 0.06081871345029237 0.0631578947368421 0.057309941520467825 0.06432748538011694 0.06608187134502921 0.06315789473684207 0.06491228070175438 0.06491228070175435 0.0690058479532163
0.06049382716049372 0.06543209876543198 0.06172839506172829 0.1197530864197529 0.06111111111111099 0.07037037037037025 0.06111111111111099 0.058641975308641854 0.05925925925925914 0.05987654320987644 0.06296296296296286 0.05925925925925915 0.07407407407407396 0.06358024691358014 0.06234567901234556
0.05555555555555548 0.06613756613756602 0.06084656084656077 0.1555555555555554 0.05608465608465602 0.05396825396825389 0.05291005291005284 0.08624338624338616 0.05502645502645495 0.05661375661375653 0.05449735449735442 0.05502645502645496 0.05714285714285705 0.06560846560846552 0.06878306878306871
0.06078431372549007 0.0633986928104574 0.062091503267973726 0.06078431372549007 0.08888888888888871 0.11895424836601283 0.06078431372549007 0.062091503267973726 0.0594771241830064 0.05882352941176457 0.06013071895424824 0.06078431372549007 0.062091503267973726 0.06013071895424824 0.06078431372549007
0.06432748538011693 0.06081871345029236 0.05730994152046782 0.15964912280701735 0.06081871345029239 0.06081871345029239 0.0590643274853801 0.058479532163742715 0.0590643274853801 0.060818713450292376 0.0590643274853801 0.060233918128654966 0.055555555555555546 0.061988304093567224 0.06198830409356722
0.05454545454545458 0.05151515151515154 0.057575757575757606 0.1909090909090909 0.06010101010101016 0.07575757575757582 0.055555555555555594 0.052525252525252544 0.05707070707070711 0.05757575757575759 0.05757575757575759 0.05555555555555561 0.05505050505050509 0.06515151515151522 0.053535353535353554
0.0538888888888888 0.05555555555555547 0.05777777777777769 0.05944444444444437 0.055555555555555455 0.16555555555555562 0.06111111111111102 0.06222222222222213 0.05722222222222214 0.06222222222222214 0.06222222222222214 0.05999999999999991 0.060555555555555446 0.06333333333333324 0.06333333333333326
0.06388888888888888 0.06527777777777778 0.06597222222222222 0.06527777777777778 0.06527777777777778 0.06388888888888888 0.0625 0.06319444444444444 0.08958333333333333 0.06458333333333334 0.06527777777777778 0.06666666666666667 0.06527777777777778 0.06805555555555555 0.06527777777777778
0.05614035087719297 0.09415204678362564 0.07076023391812863 0.05730994152046782 0.06491228070175431 0.059649122807017535 0.06198830409356726 0.08070175438596487 0.056725146198830394 0.05847953216374269 0.05847953216374265 0.0614035087719298 0.06198830409356721 0.05789473684210526 0.0994152046783626
0.06319444444444444 0.06527777777777778 0.06875 0.06527777777777778 0.06666666666666667 0.06736111111111111 0.06527777777777778 0.06666666666666667 0.06527777777777778 0.07430555555555556 0.06666666666666667 0.06805555555555555 0.06527777777777778 0.06458333333333334 0.06736111111111111
0.05396825396825389 0.06878306878306871 0.06613756613756606 0.05714285714285708 0.1941798941798938 0.0539682539682539 0.04973544973544967 0.051851851851851774 0.052910052910052824 0.05291005291005284 0.05343915343915337 0.055555555555555476 0.051851851851851774 0.05714285714285706 0.08042328042328034
0.062091503267973726 0.06470588235294104 0.062091503267973726 0.06013071895424824 0.06339869281045739 0.09999999999999983 0.06405228758169922 0.06862745098039202 0.06535947712418289 0.06535947712418286 0.0614379084967319 0.062091503267973726 0.06339869281045737 0.06732026143790834 0.0699346405228757
0.06274509803921556 0.062091503267973726 0.12222222222222201 0.06209150326797371 0.06405228758169922 0.06405228758169922 0.0614379084967319 0.06078431372549007 0.060784313725490056 0.06274509803921556 0.059477124183006415 0.0660130718954247 0.06666666666666651 0.062091503267973726 0.06274509803921556
0.07013888888888889 0.06666666666666667 0.06666666666666667 0.06527777777777778 0.06527777777777778 0.06736111111111111 0.06319444444444444 0.06736111111111111 0.06527777777777778 0.06527777777777778 0.06875 0.06666666666666667 0.07013888888888889 0.06597222222222222 0.06597222222222222
0.08187134502923976 0.06491228070175435 0.0748538011695906 0.058479532163742666 0.06549707602339178 0.0660818713450292 0.06081871345029234 0.0643274853801169 0.06608187134502923 0.07017543859649117 0.061988304093567224 0.06608187134502921 0.0631578947368421 0.06842105263157891 0.0672514619883041
0.0660130718954247 0.0679738562091502 0.072549019607843 0.060784313725490056 0.06601307189542471 0.0653594771241829 0.06535947712418287 0.06732026143790835 0.06470588235294103 0.06732026143790838 0.06666666666666651 0.06209150326797373 0.06862745098039204 0.07124183006535934 0.06797385620915018
0.09027777777777778 0.0625 0.0625 0.0625 0.06458333333333334 0.0625 0.0625 0.06319444444444444 0.08888888888888889 0.06319444444444444 0.06388888888888888 0.0625 0.06527777777777778 0.06319444444444444 0.0625
0.07777777777777767 0.06358024691358014 0.07654320987654309 0.06790123456790109 0.06296296296296285 0.065432098765432 0.06049382716049371 0.06419753086419741 0.0641975308641974 0.06728395061728383 0.065432098765432 0.06604938271604929 0.06666666666666655 0.06604938271604925 0.06543209876543196
0.06535947712418286 0.06666666666666653 0.07124183006535934 0.06601307189542469 0.06732026143790835 0.06470588235294107 0.06209150326797373 0.0699346405228757 0.06535947712418287 0.06470588235294104 0.06666666666666653 0.0653594771241829 0.06666666666666654 0.06862745098039201 0.06928104575163384
0.06432748538011697 0.07192982456140344 0.07426900584795318 0.05906432748538009 0.06491228070175435 0.06783625730994147 0.05614035087719296 0.06432748538011696 0.06315789473684211 0.06491228070175435 0.06491228070175437 0.0730994152046783 0.07134502923976609 0.07134502923976606 0.06842105263157892
0.07777777777777765 0.061111111111111005 0.12037037037037022 0.05802469135802457 0.062345679012345556 0.06172839506172829 0.06111111111111099 0.06049382716049372 0.06234567901234556 0.06543209876543198 0.05864197530864187 0.06419753086419741 0.061728395061728274 0.06419753086419742 0.0604938271604937
0.06111111111111102 0.06055555555555547 0.0638888888888888 0.058333333333333265 0.09055555555555549 0.07055555555555547 0.056666666666666574 0.06222222222222215 0.06111111111111103 0.0638888888888888 0.06999999999999992 0.05944444444444435 0.09555555555555541 0.06555555555555546 0.06055555555555547
0.12283950617283937 0.06481481481481469 0.07469135802469122 0.06049382716049371 0.06358024691358014 0.06358024691358014 0.06234567901234556 0.061111111111111005 0.0648148148148147 0.059876543209876426 0.06049382716049372 0.05925925925925914 0.05740740740740729 0.06049382716049371 0.06419753086419741
0.06078431372549007 0.07320261437908483 0.06405228758169922 0.06274509803921556 0.0594771241830064 0.06339869281045737 0.060784313725490056 0.0653594771241829 0.06797385620915018 0.11176470588235274 0.06078431372549007 0.05882352941176457 0.06405228758169922 0.06601307189542471 0.06078431372549007
0.06543209876543199 0.08086419753086406 0.07530864197530854 0.061111111111111005 0.0648148148148147 0.06296296296296283 0.06604938271604927 0.06604938271604925 0.06049382716049372 0.0679012345679011 0.06234567901234556 0.06296296296296285 0.06419753086419741 0.06666666666666655 0.0728395061728394
0.04848484848484849 0.06868686868686882 0.24545454545454531 0.05202020202020206 0.052525252525252565 0.05202020202020206 0.048989898989899 0.04898989898989899 0.04949494949494951 0.0656565656565657 0.04747474747474746 0.0494949494949495 0.054040404040404055 0.05959595959595966 0.057070707070707126
0.05499999999999991 0.0788888888888888 0.061666666666666564 0.055555555555555476 0.055555555555555476 0.05722222222222214 0.05166666666666658 0.05444444444444436 0.07611111111111102 0.10166666666666657 0.0538888888888888 0.05333333333333324 0.05833333333333324 0.053888888888888806 0.13277777777777786
0.06257309941520466 0.08596491228070166 0.06491228070175438 0.05789473684210524 0.059064327485380055 0.06432748538011696 0.05614035087719298 0.0654970760233918 0.060818713450292376 0.11169590643274846 0.05730994152046782 0.059649122807017514 0.05847953216374269 0.06491228070175438 0.07076023391812868
0.06111111111111099 0.06234567901234556 0.0950617283950616 0.05925925925925915 0.06666666666666655 0.06172839506172829 0.061728395061728274 0.07160493827160483 0.061728395061728274 0.07160493827160483 0.06111111111111099 0.06666666666666655 0.06604938271604927 0.06851851851851841 0.0648148148148147
0.05303030303030308 0.09242424242424255 0.058080808080808094 0.05707070707070711 0.04898989898989899 0.05101010101010104 0.05252525252525256 0.053535353535353575 0.08686868686868697 0.05151515151515153 0.05454545454545456 0.05000000000000001 0.05303030303030306 0.05656565656565658 0.18080808080808097
0.058641975308641854 0.0641975308641974 0.10185185185185171 0.058641975308641875 0.08395061728395048 0.0604938271604937 0.07160493827160483 0.058024691358024585 0.06543209876543199 0.07407407407407395 0.058641975308641854 0.05679012345679001 0.05864197530864187 0.0604938271604937 0.06851851851851838
0.05449735449735442 0.07936507936507928 0.0597883597883597 0.056084656084656015 0.05555555555555547 0.05502645502645496 0.05132275132275124 0.05555555555555548 0.07037037037037029 0.06296296296296289 0.04973544973544966 0.050793650793650724 0.09682539682539673 0.06137566137566126 0.14074074074074058
0.062091503267973726 0.06732026143790835 0.10980392156862731 0.062091503267973726 0.061437908496731884 0.06209150326797373 0.061437908496731884 0.06209150326797371 0.06013071895424823 0.06862745098039202 0.0594771241830064 0.06470588235294104 0.06405228758169922 0.06601307189542469 0.06862745098039201
0.05925925925925915 0.07160493827160479 0.06358024691358014 0.06543209876543198 0.0716049382716048 0.06296296296296285 0.06234567901234556 0.06049382716049371 0.06172839506172827 0.0648148148148147 0.09938271604938258 0.06296296296296286 0.062345679012345556 0.06604938271604927 0.06543209876543199
0.06458333333333334 0.06388888888888888 0.06666666666666667 0.06527777777777778 0.06736111111111111 0.06666666666666667 0.06736111111111111 0.06597222222222222 0.06666666666666667 0.06736111111111111 0.06597222222222222 0.06805555555555555 0.06597222222222222 0.07013888888888889 0.06805555555555555
0.05882352941176457 0.06470588235294103 0.06405228758169922 0.0594771241830064 0.072549019607843 0.06274509803921555 0.1006535947712417 0.0594771241830064 0.062091503267973726 0.062091503267973726 0.08692810457516321 0.062091503267973726 0.062091503267973726 0.06274509803921555 0.0594771241830064
0.06319444444444444 0.06388888888888888 0.0625 0.06527777777777778 0.0625 0.06319444444444444 0.0625 0.06388888888888888 0.0625 0.06319444444444444 0.06319444444444444 0.06388888888888888 0.11041666666666666 0.06597222222222222 0.06388888888888888
0.06470588235294106 0.06535947712418289 0.07385620915032665 0.06013071895424823 0.06209150326797373 0.06601307189542469 0.06274509803921556 0.06601307189542471 0.062091503267973726 0.0640522875816992 0.06274509803921555 0.06732026143790838 0.07124183006535935 0.08235294117647043 0.06928104575163385
0.06319444444444444 0.06805555555555555 0.06458333333333334 0.06527777777777778 0.06388888888888888 0.06527777777777778 0.06319444444444444 0.06736111111111111 0.06666666666666667 0.06458333333333334 0.06666666666666667 0.06944444444444445 0.0798611111111111 0.06666666666666667 0.06527777777777778
0.06666666666666667 0.06944444444444445 0.06805555555555555 0.06944444444444445 0.07013888888888889 0.06527777777777778 0.06458333333333334 0.06388888888888888 0.06458333333333334 0.07430555555555556 0.06458333333333334 0.06527777777777778 0.06319444444444444 0.06527777777777778 0.06527777777777778
0.060233918128654945 0.06725146198830402 0.06666666666666664 0.06432748538011691 0.07719298245614034 0.07719298245614034 0.06140350877192979 0.07076023391812859 0.060233918128654945 0.06666666666666662 0.06315789473684208 0.06491228070175437 0.06198830409356724 0.07251461988304093 0.06549707602339178
0.05714285714285706 0.07195767195767187 0.05132275132275123 0.05185185185185177 0.1333333333333332 0.058201058201058115 0.06084656084656074 0.10423280423280418 0.0671957671957671 0.06084656084656076 0.0539682539682539 0.050793650793650724 0.052910052910052824 0.06349206349206343 0.06190476190476183
0.05873015873015867 0.0671957671957671 0.059259259259259185 0.055555555555555504 0.08518518518518514 0.056084656084656015 0.08941798941798934 0.10158730158730145 0.06560846560846555 0.06613756613756606 0.059259259259259185 0.06031746031746024 0.06243386243386238 0.061375661375661306 0.05185185185185179
0.06458333333333334 0.06388888888888888 0.06527777777777778 0.0625 0.09166666666666666 0.06805555555555555 0.06388888888888888 0.06388888888888888 0.06388888888888888 0.06388888888888888 0.06597222222222222 0.06319444444444444 0.06527777777777778 0.06875 0.06527777777777778
0.05882352941176457 0.07124183006535935 0.07516339869281033 0.06405228758169922 0.0699346405228757 0.07385620915032667 0.061437908496731884 0.06078431372549007 0.06209150326797373 0.06405228758169922 0.060784313725490056 0.0614379084967319 0.06470588235294104 0.0836601307189541 0.06797385620915021
0.06597222222222222 0.06597222222222222 0.07083333333333333 0.06597222222222222 0.06597222222222222 0.06666666666666667 0.06597222222222222 0.06875 0.06458333333333334 0.06597222222222222 0.06875 0.06458333333333334 0.06527777777777778 0.06875 0.06597222222222222
0.05925925925925915 0.06481481481481469 0.06975308641975297 0.06111111111111099 0.08209876543209864 0.06358024691358015 0.05987654320987644 0.08703703703703689 0.06296296296296283 0.06728395061728384 0.06172839506172829 0.06234567901234556 0.07098765432098754 0.06419753086419741 0.06296296296296286
0.061437908496731905 0.06666666666666653 0.0640522875816992 0.062091503267973726 0.0614379084967319 0.06862745098039202 0.06274509803921555 0.06274509803921555 0.06274509803921555 0.07385620915032665 0.0836601307189541 0.06274509803921556 0.07124183006535932 0.07385620915032667 0.062091503267973726
0.06078431372549007 0.062091503267973726 0.07320261437908483 0.060784313725490056 0.06274509803921555 0.11111111111111091 0.060784313725490056 0.06339869281045737 0.06013071895424824 0.06535947712418286 0.06274509803921555 0.062091503267973726 0.06862745098039201 0.06405228758169922 0.06209150326797373
0.057309941520467846 0.058479532163742666 0.0608187134502924 0.0719298245614035 0.05847953216374265 0.11052631578947363 0.057309941520467825 0.10701754385964908 0.06315789473684208 0.05847953216374267 0.06081871345029237 0.054970760233918115 0.06257309941520464 0.05789473684210523 0.060233918128654924
0.06257309941520466 0.0707602339181286 0.061988304093567224 0.06491228070175435 0.05614035087719297 0.11286549707602335 0.060233918128654924 0.06315789473684208 0.05964912280701754 0.07017543859649122 0.05789473684210525 0.06140350877192979 0.06257309941520464 0.06374269005847953 0.07192982456140347
0.06527777777777778 0.06736111111111111 0.06875 0.06805555555555555 0.06527777777777778 0.06597222222222222 0.06388888888888888 0.06527777777777778 0.06527777777777778 0.07708333333333334 0.06527777777777778 0.06597222222222222 0.06388888888888888 0.06736111111111111 0.06527777777777778
0.0594771241830064 0.0699346405228757 0.0614379084967319 0.0594771241830064 0.06339869281045737 0.11372549019607818 0.06078431372549007 0.0614379084967319 0.06601307189542471 0.062091503267973726 0.06470588235294103 0.06470588235294104 0.0640522875816992 0.061437908496731905 0.06732026143790838
0.05864197530864187 0.062345679012345556 0.06172839506172829 0.0574074074074073 0.05925925925925915 0.058024691358024585 0.058641975308641854 0.05740740740740729 0.05987654320987642 0.06296296296296283 0.06111111111111099 0.058024691358024585 0.16234567901234545 0.06419753086419742 0.05802469135802457
0.05362318840579718 0.056521739130434866 0.055555555555555636 0.05314009661835758 0.049758454106280284 0.10144927536231887 0.05072463768115952 0.04879227053140105 0.04927536231884066 0.052173913043478355 0.06086956521739139 0.13043478260869565 0.12077294685990342 0.056521739130434866 0.06038647342995181
0.06319444444444444 0.06527777777777778 0.06319444444444444 0.0625 0.0625 0.0625 0.0625 0.0625 0.06319444444444444 0.06319444444444444 0.0625 0.1111111111111111 0.06388888888888888 0.0625 0.06944444444444445
0.115204678362573 0.07192982456140344 0.07076023391812862 0.057309941520467804 0.07309941520467837 0.05789473684210524 0.057309941520467804 0.05789473684210525 0.07309941520467834 0.06491228070175437 0.054970760233918115 0.05497076023391812 0.05789473684210522 0.06666666666666667 0.06608187134502921
0.041379310344827544 0.10804597701149432 0.05249042145593867 0.20498084291187751 0.054406130268199196 0.0390804597701149 0.04137931034482754 0.08007662835249038 0.0563218390804597 0.04559386973180072 0.03639846743295015 0.10038314176245215 0.04329501915708806 0.0444444444444444 0.05172413793103443
0.06388888888888888 0.06944444444444445 0.06388888888888888 0.06319444444444444 0.06527777777777778 0.06666666666666667 0.0625 0.06458333333333334 0.06666666666666667 0.09513888888888888 0.06319444444444444 0.06388888888888888 0.06388888888888888 0.06388888888888888 0.06388888888888888
0.06319444444444444 0.0625 0.0625 0.06388888888888888 0.06319444444444444 0.06319444444444444 0.0625 0.0625 0.0625 0.06319444444444444 0.06319444444444444 0.0625 0.12013888888888889 0.0625 0.0625
0.058479532163742666 0.0654970760233918 0.06491228070175435 0.056725146198830415 0.06023391812865496 0.08947368421052632 0.0637426900584795 0.05789473684210525 0.05555555555555555 0.06198830409356719 0.06198830409356724 0.09473684210526316 0.08479532163742684 0.060233918128654945 0.0637426900584795
0.07013888888888889 0.06388888888888888 0.0798611111111111 0.06388888888888888 0.06527777777777778 0.06597222222222222 0.06597222222222222 0.06388888888888888 0.06319444444444444 0.06527777777777778 0.06458333333333334 0.06736111111111111 0.06597222222222222 0.06736111111111111 0.06736111111111111
0.06319444444444444 0.06805555555555555 0.06319444444444444 0.0625 0.0625 0.0625 0.0625 0.0625 0.06319444444444444 0.0625 0.0625 0.10694444444444444 0.06319444444444444 0.0625 0.07222222222222222
0.06993464052287568 0.07124183006535934 0.06535947712418287 0.06601307189542471 0.06666666666666654 0.07124183006535932 0.06078431372549007 0.0614379084967319 0.06339869281045737 0.06535947712418286 0.0640522875816992 0.06405228758169922 0.07516339869281032 0.06666666666666651 0.06862745098039204
0.0753086419753085 0.08271604938271594 0.0604938271604937 0.06419753086419742 0.06049382716049372 0.06358024691358014 0.06604938271604925 0.06358024691358012 0.06543209876543196 0.07839506172839496 0.06666666666666655 0.06419753086419741 0.061728395061728274 0.06419753086419741 0.06296296296296286
0.06458333333333334 0.0625 0.06597222222222222 0.06666666666666667 0.08402777777777778 0.0625 0.06736111111111111 0.0625 0.0763888888888889 0.06944444444444445 0.06319444444444444 0.0625 0.0625 0.06388888888888888 0.06597222222222222
0.04358974358974357 0.04743589743589741 0.04188034188034182 0.36025641025641014 0.042735042735042694 0.043162393162393134 0.04316239316239312 0.043162393162393134 0.07222222222222215 0.042735042735042694 0.04230769230769227 0.04273504273504268 0.045299145299145256 0.04273504273504271 0.04658119658119656
0.06049382716049371 0.09259259259259246 0.05864197530864187 0.05802469135802457 0.10617283950617264 0.05864197530864187 0.07469135802469123 0.05740740740740729 0.05740740740740729 0.05925925925925915 0.059876543209876426 0.0802469135802468 0.05925925925925915 0.05925925925925914 0.058024691358024585
0.06078431372549007 0.06993464052287568 0.0660130718954247 0.07254901960784302 0.0633986928104574 0.0640522875816992 0.06470588235294106 0.06405228758169922 0.06470588235294104 0.08235294117647045 0.0699346405228757 0.06470588235294103 0.06666666666666651 0.06274509803921555 0.06339869281045737
0.1783068783068781 0.051851851851851774 0.050264550264550185 0.05714285714285706 0.05449735449735442 0.05291005291005283 0.04973544973544966 0.05026455026455019 0.05079365079365071 0.05291005291005284 0.05238095238095229 0.1402116402116401 0.05079365079365071 0.05661375661375653 0.051322751322751256
0.06078431372549007 0.06535947712418287 0.0594771241830064 0.0594771241830064 0.0594771241830064 0.06078431372549007 0.06013071895424824 0.06013071895424824 0.06078431372549007 0.06013071895424824 0.0594771241830064 0.10130718954248348 0.10065359477124167 0.06470588235294103 0.06732026143790835
0.061403508771929835 0.05964912280701755 0.0678362573099415 0.08011695906432745 0.06140350877192979 0.07134502923976606 0.06608187134502921 0.07660818713450292 0.0631578947368421 0.06257309941520466 0.07426900584795322 0.06315789473684208 0.06491228070175437 0.06666666666666662 0.06081871345029235
0.06274509803921556 0.06470588235294104 0.07843137254901947 0.06013071895424823 0.06405228758169922 0.07189542483660118 0.0633986928104574 0.06732026143790838 0.06339869281045737 0.0614379084967319 0.06405228758169922 0.06274509803921555 0.07385620915032662 0.07385620915032666 0.0679738562091502
0.06491228070175434 0.06198830409356724 0.05847953216374267 0.05847953216374267 0.06023391812865496 0.056725146198830394 0.1023391812865497 0.05497076023391812 0.05964912280701749 0.0719298245614035 0.08011695906432745 0.06257309941520466 0.09298245614035092 0.0543859649122807 0.06023391812865494
0.06405228758169923 0.06535947712418286 0.06339869281045739 0.06928104575163385 0.06013071895424824 0.06405228758169924 0.060784313725490056 0.06732026143790835 0.06274509803921555 0.062091503267973726 0.06405228758169922 0.06078431372549007 0.11307189542483638 0.0614379084967319 0.0614379084967319
0.0625 0.0625 0.06388888888888888 0.06319444444444444 0.06319444444444444 0.06319444444444444 0.06319444444444444 0.11180555555555556 0.06319444444444444 0.06458333333333334 0.0625 0.06458333333333334 0.06388888888888888 0.06319444444444444 0.06458333333333334
0.05833333333333325 0.05888888888888879 0.05888888888888881 0.05611111111111104 0.05888888888888879 0.05888888888888882 0.05222222222222214 0.14555555555555552 0.06444444444444433 0.057222222222222126 0.05444444444444437 0.05999999999999993 0.05888888888888881 0.08666666666666659 0.07055555555555548
0.05882352941176457 0.062091503267973726 0.06470588235294103 0.06078431372549007 0.061437908496731884 0.0640522875816992 0.059477124183006415 0.0614379084967319 0.0614379084967319 0.07843137254901947 0.06078431372549008 0.06274509803921555 0.1228758169934638 0.0594771241830064 0.0614379084967319
0.0538888888888888 0.05333333333333324 0.05333333333333324 0.20888888888888865 0.053888888888888806 0.053333333333333253 0.09166666666666655 0.05444444444444437 0.053333333333333253 0.0538888888888888 0.05333333333333324 0.052222222222222135 0.05388888888888881 0.055555555555555476 0.05499999999999991
0.06402116402116394 0.0576719576719576 0.05820105820105812 0.15925925925925907 0.07142857142857134 0.056084656084656015 0.06296296296296287 0.06984126984126975 0.06190476190476183 0.059259259259259164 0.056084656084656015 0.053439153439153356 0.053439153439153356 0.0582010582010581 0.058201058201058135
0.061375661375661264 0.06031746031746026 0.06402116402116392 0.06084656084656079 0.08677248677248674 0.058201058201058115 0.05291005291005284 0.14814814814814803 0.051851851851851774 0.053439153439153335 0.050264550264550185 0.05185185185185179 0.053968253968253874 0.06190476190476183 0.08412698412698406
0.06339869281045739 0.0614379084967319 0.06535947712418287 0.06013071895424823 0.06339869281045739 0.0614379084967319 0.0660130718954247 0.06470588235294104 0.06274509803921555 0.06339869281045737 0.1124183006535946 0.06078431372549007 0.06339869281045737 0.06470588235294104 0.06666666666666653
0.06234567901234558 0.0648148148148147 0.06296296296296285 0.06358024691358014 0.10740740740740726 0.06172839506172829 0.06481481481481471 0.06358024691358012 0.06728395061728382 0.06481481481481469 0.05864197530864187 0.0648148148148147 0.06111111111111099 0.06790123456790113 0.06419753086419742
0.0625 0.0625 0.06388888888888888 0.06388888888888888 0.06458333333333334 0.10277777777777777 0.06666666666666667 0.06319444444444444 0.06319444444444444 0.06527777777777778 0.06388888888888888 0.06458333333333334 0.06319444444444444 0.06597222222222222 0.06388888888888888
0.09082125603864737 0.04734299516908222 0.047826086956521824 0.05362318840579719 0.1328502415458938 0.05362318840579721 0.13140096618357477 0.07777777777777789 0.04975845410628028 0.046376811594202975 0.07971014492753623 0.04685990338164258 0.045893719806763364 0.04685990338164258 0.04927536231884066
0.0567251461988304 0.06491228070175434 0.057309941520467825 0.1432748538011694 0.0543859649122807 0.055555555555555525 0.0543859649122807 0.05497076023391814 0.06608187134502924 0.058479532163742666 0.10350877192982456 0.054970760233918115 0.06198830409356722 0.05555555555555554 0.05789473684210523
0.05964912280701749 0.06432748538011693 0.06959064327485374 0.059649122807017514 0.06023391812865492 0.06725146198830408 0.0631578947368421 0.06666666666666664 0.07076023391812863 0.06842105263157895 0.06198830409356721 0.06257309941520466 0.10116959064327481 0.06315789473684202 0.061403508771929786
0.06470588235294106 0.06209150326797373 0.06078431372549007 0.07581699346405214 0.06078431372549007 0.062091503267973726 0.06013071895424823 0.0614379084967319 0.06013071895424824 0.06666666666666651 0.061437908496731905 0.06078431372549007 0.11960784313725467 0.0614379084967319 0.062091503267973726
0.0625 0.0625 0.0625 0.12291666666666666 0.06388888888888888 0.0625 0.0625 0.0625 0.0625 0.0625 0.0625 0.06319444444444444 0.0625 0.0625 0.0625
0.061666666666666564 0.07111111111111103 0.09166666666666663 0.06222222222222214 0.058333333333333244 0.05944444444444435 0.06499999999999989 0.06444444444444436 0.06222222222222213 0.06722222222222216 0.0749999999999999 0.05722222222222214 0.06833333333333325 0.0677777777777777 0.06833333333333327
0.06111111111111099 0.07716049382716038 0.061111111111111005 0.061111111111110984 0.06049382716049372 0.10864197530864182 0.05864197530864187 0.07098765432098753 0.05925925925925915 0.06358024691358014 0.05555555555555545 0.07160493827160481 0.05740740740740729 0.06975308641975297 0.06358024691358015
0.06597222222222222 0.07847222222222222 0.06458333333333334 0.06458333333333334 0.06458333333333334 0.06944444444444445 0.06388888888888888 0.06527777777777778 0.06388888888888888 0.06388888888888888 0.06388888888888888 0.07777777777777778 0.06458333333333334 0.06388888888888888 0.06527777777777778
0.06388888888888888 0.08194444444444444 0.0625 0.06597222222222222 0.06319444444444444 0.06944444444444445 0.06319444444444444 0.06458333333333334 0.06388888888888888 0.06388888888888888 0.0625 0.0798611111111111 0.06458333333333334 0.06458333333333334 0.06597222222222222
0.06319444444444444 0.0625 0.0625 0.06388888888888888 0.0625 0.06388888888888888 0.06319444444444444 0.0625 0.0625 0.06319444444444444 0.06319444444444444 0.0625 0.11875 0.06319444444444444 0.0625
0.06013071895424824 0.06078431372549008 0.0594771241830064 0.06013071895424824 0.10915032679738541 0.06013071895424823 0.060784313725490056 0.10915032679738539 0.0594771241830064 0.059477124183006415 0.05882352941176457 0.0614379084967319 0.05882352941176457 0.0614379084967319 0.06078431372549007
0.06296296296296286 0.06172839506172829 0.07716049382716038 0.06728395061728383 0.07962962962962951 0.06481481481481471 0.06234567901234556 0.06604938271604927 0.06419753086419741 0.06790123456790112 0.0648148148148147 0.06543209876543199 0.06728395061728382 0.06728395061728384 0.061111111111111005
0.0722222222222221 0.06419753086419741 0.05802469135802457 0.059876543209876426 0.13395061728395047 0.06172839506172829 0.06358024691358014 0.06234567901234556 0.061728395061728274 0.06666666666666654 0.061111111111111005 0.05864197530864187 0.05925925925925915 0.05802469135802457 0.05864197530864187
0.06209150326797373 0.06535947712418289 0.0614379084967319 0.06274509803921555 0.12091503267973835 0.06535947712418287 0.062091503267973726 0.060784313725490056 0.062091503267973726 0.06274509803921555 0.06405228758169923 0.06078431372549007 0.062091503267973726 0.06470588235294106 0.06274509803921556
0.025272331154684066 0.02701525054466227 0.028976034858387775 0.02287581699346404 0.5921568627450982 0.023965141612200414 0.0516339869281045 0.04684095860566443 0.028322440087145937 0.028322440087145927 0.02440087145969496 0.02396514161220042 0.023529411764705868 0.026579520697167732 0.02614379084967319
0.05679012345679002 0.06049382716049371 0.05740740740740729 0.05740740740740729 0.05802469135802457 0.11913580246913558 0.11234567901234552 0.05864197530864187 0.05679012345679001 0.05925925925925916 0.0641975308641974 0.05802469135802457 0.062345679012345556 0.061111111111111005 0.05802469135802457
0.06405228758169922 0.05882352941176457 0.0614379084967319 0.0614379084967319 0.08104575163398677 0.06601307189542469 0.07973856209150312 0.05882352941176457 0.06862745098039204 0.062091503267973726 0.06078431372549007 0.06274509803921556 0.0934640522875815 0.06013071895424824 0.06078431372549007
0.03615819209039544 0.026930320150659107 0.029755178907721246 0.02259887005649715 0.5425612052730696 0.028060263653483956 0.028248587570621434 0.030131826741996198 0.022410546139359673 0.04048964218455739 0.09114877589453853 0.022787193973634632 0.024670433145009375 0.02900188323917135 0.02504708097928434
0.04830917874396142 0.054106280193236794 0.04830917874396143 0.05072463768115951 0.295169082125604 0.0507246376811595 0.051207729468599104 0.046376811594202975 0.047342995169082205 0.053140096618357585 0.04782608695652181 0.04975845410628028 0.05169082125603873 0.05652173913043487 0.048792270531401054
0.02898550724637686 0.028502415458937242 0.027294685990338206 0.028743961352657044 0.596376811594203 0.02777777777777783 0.03405797101449281 0.029710144927536285 0.030917874396135303 0.03164251207729473 0.026570048309178793 0.02608695652173917 0.02632850241545898 0.027536231884058016 0.029468599033816472
0.06527777777777778 0.06666666666666667 0.06527777777777778 0.06666666666666667 0.0798611111111111 0.06805555555555555 0.06388888888888888 0.06458333333333334 0.06666666666666667 0.06666666666666667 0.06527777777777778 0.06388888888888888 0.06944444444444445 0.06319444444444444 0.06458333333333334
0.05944444444444435 0.06611111111111104 0.05944444444444436 0.05611111111111102 0.07277777777777769 0.05999999999999993 0.06833333333333322 0.06111111111111102 0.06055555555555546 0.06277777777777767 0.06611111111111104 0.07166666666666657 0.06222222222222213 0.06833333333333325 0.10499999999999995
0.0574074074074073 0.06419753086419741 0.059876543209876426 0.05925925925925915 0.07283950617283938 0.058641975308641854 0.061728395061728294 0.059876543209876426 0.06111111111111099 0.07098765432098755 0.06481481481481469 0.06358024691358014 0.1148148148148146 0.07222222222222209 0.058641975308641854
0.0594771241830064 0.062091503267973726 0.06078431372549007 0.06928104575163384 0.14052287581699327 0.060784313725490056 0.0614379084967319 0.06078431372549007 0.062091503267973726 0.06013071895424823 0.06013071895424824 0.06013071895424824 0.0594771241830064 0.060784313725490056 0.062091503267973726
0.06257309941520466 0.06608187134502923 0.0614035087719298 0.0631578947368421 0.09181286549707603 0.060233918128654945 0.07134502923976602 0.06432748538011693 0.06257309941520463 0.0614035087719298 0.061403508771929835 0.06257309941520463 0.07076023391812859 0.06725146198830405 0.07309941520467834
0.06319444444444444 0.06805555555555555 0.06597222222222222 0.06388888888888888 0.06388888888888888 0.06458333333333334 0.06666666666666667 0.06875 0.06388888888888888 0.06736111111111111 0.06875 0.07361111111111111 0.06458333333333334 0.06944444444444445 0.06736111111111111
0.0625 0.06319444444444444 0.06388888888888888 0.0625 0.06458333333333334 0.06458333333333334 0.0625 0.08680555555555555 0.07916666666666666 0.06736111111111111 0.0625 0.06388888888888888 0.06319444444444444 0.06319444444444444 0.07013888888888889
