0.16239316239316215 0.04743589743589739 0.09658119658119652 0.10384615384615371 0.050427350427350394 0.05598290598290595 0.042735042735042694 0.05427350427350422 0.05512820512820508 0.04829059829059826 0.04230769230769226 0.09743589743589734 0.048290598290598244 0.051709401709401664 0.04316239316239312
0.05864197530864187 0.0679012345679011 0.06049382716049373 0.061111111111111005 0.06049382716049371 0.058641975308641854 0.058641975308641854 0.05925925925925915 0.06419753086419742 0.11296296296296278 0.06666666666666655 0.06234567901234556 0.058641975308641854 0.06296296296296285 0.0870370370370369
0.06013071895424824 0.062091503267973726 0.0614379084967319 0.0614379084967319 0.12418300653594751 0.06339869281045739 0.0594771241830064 0.0640522875816992 0.06274509803921555 0.06013071895424824 0.06274509803921555 0.06013071895424824 0.062091503267973726 0.06601307189542469 0.06993464052287568
0.10864197530864178 0.0641975308641974 0.058641975308641854 0.058641975308641854 0.05679012345679001 0.07716049382716036 0.05555555555555545 0.05925925925925916 0.08086419753086409 0.05555555555555545 0.05679012345679001 0.058024691358024585 0.0827160493827159 0.07098765432098755 0.05617283950617273
0.0614379084967319 0.0594771241830064 0.0594771241830064 0.0614379084967319 0.1117647058823527 0.06078431372549007 0.0999999999999998 0.0614379084967319 0.06013071895424824 0.059477124183006415 0.060784313725490056 0.059477124183006415 0.0614379084967319 0.06209150326797373 0.060784313725490056
0.06597222222222222 0.06666666666666667 0.06388888888888888 0.06527777777777778 0.06875 0.06736111111111111 0.06527777777777778 0.06597222222222222 0.06597222222222222 0.06805555555555555 0.06458333333333334 0.06458333333333334 0.07152777777777777 0.06944444444444445 0.06666666666666667
0.062091503267973726 0.06209150326797373 0.06993464052287568 0.061437908496731905 0.06732026143790835 0.06339869281045739 0.06339869281045737 0.08169934640522859 0.06928104575163387 0.06274509803921556 0.06601307189542471 0.06405228758169922 0.06666666666666653 0.06928104575163384 0.07058823529411752
0.05614035087719299 0.05906432748538011 0.11111111111111109 0.055555555555555525 0.05614035087719298 0.059649122807017535 0.05555555555555554 0.05438596491228071 0.058479532163742666 0.05555555555555554 0.05380116959064327 0.05555555555555555 0.06959064327485377 0.1403508771929823 0.05906432748538011
0.05370370370370371 0.04722222222222219 0.2296296296296296 0.05833333333333334 0.05092592592592593 0.04861111111111106 0.049537037037037025 0.052314814814814814 0.0768518518518519 0.05046296296296294 0.04768518518518515 0.04999999999999998 0.06527777777777782 0.0726851851851852 0.04675925925925921
0.052631578947368425 0.052631578947368425 0.26023391812865526 0.05321637426900584 0.05321637426900584 0.052631578947368425 0.052631578947368425 0.052631578947368425 0.052631578947368425 0.05321637426900585 0.052631578947368425 0.053801169590643266 0.052631578947368425 0.052631578947368425 0.052631578947368425
0.0527777777777777 0.053333333333333253 0.2555555555555556 0.05444444444444435 0.05277777777777769 0.05166666666666658 0.05222222222222213 0.05277777777777769 0.055555555555555476 0.05055555555555547 0.05166666666666659 0.05333333333333324 0.05666666666666658 0.0538888888888888 0.05277777777777769
0.05502645502645494 0.053968253968253894 0.10317460317460306 0.058730158730158646 0.09470899470899467 0.05449735449735443 0.05502645502645495 0.06190476190476183 0.12010582010581998 0.053439153439153356 0.052910052910052824 0.05661375661375654 0.06402116402116394 0.06084656084656076 0.05502645502645494
0.0625 0.07222222222222222 0.06527777777777778 0.06458333333333334 0.08819444444444445 0.0625 0.0625 0.06388888888888888 0.07013888888888889 0.06319444444444444 0.06388888888888888 0.0625 0.07013888888888889 0.06527777777777778 0.06319444444444444
0.0625 0.06388888888888888 0.0625 0.06388888888888888 0.0625 0.06319444444444444 0.0625 0.0625 0.06388888888888888 0.06597222222222222 0.0625 0.0625 0.06388888888888888 0.06319444444444444 0.11458333333333333
0.051851851851851864 0.054629629629629625 0.054629629629629625 0.19444444444444436 0.050462962962962946 0.04768518518518515 0.05092592592592593 0.04953703703703701 0.07592592592592588 0.07546296296296295 0.05277777777777777 0.07314814814814817 0.06620370370370378 0.05694444444444446 0.04537037037037032
0.059477124183006415 0.059477124183006415 0.06274509803921556 0.06732026143790837 0.11111111111111094 0.05882352941176457 0.06013071895424824 0.06013071895424824 0.072549019607843 0.059477124183006415 0.06013071895424824 0.059477124183006415 0.07385620915032667 0.06535947712418287 0.06993464052287565
0.057222222222222126 0.05777777777777767 0.05944444444444437 0.12888888888888886 0.06111111111111102 0.06999999999999991 0.056666666666666574 0.06388888888888879 0.06944444444444436 0.05944444444444434 0.05833333333333324 0.059999999999999915 0.0627777777777777 0.07611111111111103 0.05888888888888882
0.06535947712418287 0.06928104575163385 0.0640522875816992 0.06339869281045737 0.06666666666666653 0.06535947712418289 0.06535947712418287 0.06470588235294103 0.07124183006535935 0.061437908496731884 0.07058823529411751 0.06339869281045739 0.07189542483660118 0.06666666666666651 0.07058823529411752
0.0625 0.06458333333333334 0.06319444444444444 0.06319444444444444 0.0625 0.11597222222222223 0.06319444444444444 0.06388888888888888 0.0625 0.0625 0.0625 0.06319444444444444 0.06319444444444444 0.06388888888888888 0.06319444444444444
0.05614035087719299 0.1087719298245614 0.05906432748538007 0.07368421052631575 0.05789473684210524 0.13391812865497055 0.05555555555555554 0.05614035087719299 0.05730994152046782 0.05614035087719299 0.05847953216374265 0.05497076023391813 0.05964912280701754 0.05847953216374267 0.05380116959064327
0.0625 0.06319444444444444 0.0625 0.06319444444444444 0.06319444444444444 0.12291666666666666 0.0625 0.0625 0.0625 0.0625 0.0625 0.0625 0.0625 0.0625 0.0625
0.0625 0.12083333333333333 0.0625 0.0625 0.0625 0.0625 0.0625 0.06319444444444444 0.06458333333333334 0.0625 0.0625 0.0625 0.06388888888888888 0.0625 0.0625
0.07098765432098753 0.0796296296296295 0.0679012345679011 0.06419753086419741 0.06172839506172827 0.07777777777777764 0.059876543209876426 0.058641975308641854 0.06913580246913568 0.06049382716049371 0.06111111111111099 0.06234567901234556 0.07654320987654312 0.069753086419753 0.059876543209876426
0.057309941520467846 0.060818713450292376 0.05497076023391812 0.05438596491228069 0.05555555555555554 0.21578947368421053 0.055555555555555546 0.05614035087719295 0.056725146198830415 0.05614035087719297 0.055555555555555566 0.05789473684210524 0.0543859649122807 0.05614035087719297 0.052631578947368425
0.06013071895424824 0.06535947712418286 0.06078431372549007 0.06666666666666651 0.06339869281045739 0.11960784313725466 0.06078431372549007 0.06797385620915018 0.06535947712418289 0.0614379084967319 0.06078431372549007 0.06078431372549007 0.06405228758169923 0.06078431372549007 0.062091503267973726
0.06458333333333334 0.06944444444444445 0.06666666666666667 0.06319444444444444 0.06805555555555555 0.06805555555555555 0.06527777777777778 0.06666666666666667 0.06458333333333334 0.06527777777777778 0.06736111111111111 0.06597222222222222 0.06805555555555555 0.06875 0.06805555555555555
0.06388888888888888 0.06805555555555555 0.06319444444444444 0.06458333333333334 0.06319444444444444 0.08888888888888889 0.06319444444444444 0.06319444444444444 0.06805555555555555 0.0625 0.06388888888888888 0.06458333333333334 0.06875 0.06875 0.06527777777777778
0.06274509803921556 0.06470588235294103 0.07320261437908483 0.0843137254901959 0.06470588235294104 0.06274509803921555 0.06209150326797373 0.06339869281045739 0.06862745098039204 0.06405228758169923 0.06274509803921555 0.06078431372549007 0.07254901960784299 0.06405228758169922 0.06928104575163385
0.04814814814814808 0.04920634920634913 0.05555555555555548 0.0968253968253968 0.04867724867724861 0.059259259259259164 0.048677248677248604 0.051322751322751256 0.05026455026455019 0.15343915343915324 0.04867724867724861 0.09417989417989409 0.05343915343915337 0.04920634920634913 0.09312169312169301
0.052222222222222135 0.0549999999999999 0.05277777777777769 0.07722222222222212 0.05333333333333324 0.05222222222222214 0.053888888888888806 0.05333333333333323 0.0527777777777777 0.09722222222222213 0.06722222222222213 0.05444444444444436 0.0527777777777777 0.05444444444444436 0.17111111111111116
0.06527777777777778 0.06805555555555555 0.06666666666666667 0.06944444444444445 0.07013888888888889 0.06597222222222222 0.0625 0.06388888888888888 0.06527777777777778 0.06319444444444444 0.06319444444444444 0.06458333333333334 0.07916666666666666 0.06805555555555555 0.06458333333333334
0.044444444444444516 0.05990338164251217 0.08647342995169091 0.051207729468599125 0.048792270531401054 0.05072463768115952 0.04541062801932375 0.047342995169082205 0.057487922705314096 0.17004830917874417 0.046376811594202975 0.10241545893719818 0.05410628019323679 0.05217391304347836 0.08309178743961367
0.06234567901234556 0.05925925925925915 0.05987654320987644 0.10246913580246897 0.0641975308641974 0.06358024691358014 0.05617283950617273 0.05925925925925915 0.07345679012345668 0.06172839506172829 0.05925925925925915 0.06419753086419742 0.07962962962962948 0.07345679012345667 0.061111111111111005
0.06013071895424823 0.06274509803921555 0.060784313725490056 0.06339869281045739 0.06013071895424824 0.062091503267973726 0.06339869281045737 0.06339869281045737 0.06470588235294104 0.06078431372549007 0.06274509803921555 0.06339869281045739 0.06339869281045739 0.06405228758169923 0.1248366013071893
0.0625 0.0625 0.06319444444444444 0.0625 0.12361111111111112 0.0625 0.06319444444444444 0.0625 0.0625 0.0625 0.0625 0.0625 0.0625 0.0625 0.0625
0.0625 0.0625 0.06388888888888888 0.0625 0.0625 0.0625 0.0625 0.06458333333333334 0.0625 0.06527777777777778 0.0625 0.0625 0.0625 0.0625 0.11875
0.06543209876543198 0.15308641975308618 0.06111111111111099 0.05925925925925914 0.05987654320987644 0.06172839506172829 0.05802469135802457 0.05925925925925915 0.05925925925925915 0.05740740740740729 0.05864197530864187 0.06419753086419742 0.06358024691358014 0.05802469135802457 0.06111111111111101
0.06900584795321632 0.0672514619883041 0.16900584795321622 0.05555555555555555 0.05555555555555554 0.06315789473684208 0.05438596491228069 0.057309941520467825 0.06198830409356721 0.0543859649122807 0.05789473684210523 0.06081871345029235 0.05789473684210525 0.06081871345029237 0.05497076023391812
0.062091503267973726 0.06274509803921556 0.06078431372549007 0.06013071895424823 0.06535947712418287 0.060784313725490056 0.06013071895424824 0.06666666666666653 0.0614379084967319 0.0614379084967319 0.06274509803921556 0.0594771241830064 0.06405228758169922 0.0640522875816992 0.1281045751633985
0.2049999999999998 0.06333333333333326 0.05611111111111103 0.08388888888888876 0.05222222222222213 0.05277777777777768 0.05222222222222214 0.0527777777777777 0.05444444444444434 0.052222222222222135 0.052222222222222135 0.05722222222222215 0.0566666666666666 0.05611111111111103 0.0527777777777777
0.12111111111111107 0.06333333333333324 0.05999999999999991 0.058333333333333244 0.061666666666666585 0.05944444444444436 0.07111111111111101 0.066111111111111 0.07111111111111101 0.056666666666666594 0.058888888888888796 0.05555555555555547 0.06777777777777767 0.06944444444444435 0.05944444444444435
0.0660130718954247 0.06666666666666654 0.06339869281045737 0.0660130718954247 0.06274509803921556 0.06405228758169922 0.09019607843137237 0.06339869281045737 0.06993464052287571 0.06339869281045737 0.0614379084967319 0.06274509803921555 0.06666666666666651 0.072549019607843 0.06078431372549007
0.0584795321637427 0.05964912280701754 0.059649122807017535 0.05906432748538012 0.06959064327485376 0.06725146198830408 0.09298245614035089 0.06140350877192979 0.0982456140350877 0.05672514619883039 0.057309941520467804 0.05614035087719297 0.0666666666666666 0.07076023391812862 0.06608187134502921
0.06013071895424823 0.06470588235294103 0.06470588235294104 0.06862745098039204 0.10457516339869263 0.06339869281045737 0.06078431372549007 0.06339869281045739 0.06666666666666655 0.062091503267973726 0.0660130718954247 0.06339869281045737 0.0679738562091502 0.06405228758169922 0.0594771241830064
0.038271604938271635 0.03950617283950623 0.04897119341563786 0.04362139917695476 0.04032921810699592 0.1144032921810699 0.037860082304526796 0.04032921810699593 0.04238683127572022 0.26707818930041144 0.05020576131687248 0.05061728395061735 0.07654320987654323 0.040740740740740786 0.06913580246913584
0.0625 0.0625 0.0625 0.06388888888888888 0.06458333333333334 0.06319444444444444 0.0625 0.0625 0.06319444444444444 0.06458333333333334 0.0625 0.11527777777777778 0.0625 0.06388888888888888 0.06388888888888888
0.05661375661375652 0.14391534391534375 0.056084656084656015 0.10582010582010574 0.053439153439153356 0.07566137566137557 0.05079365079365071 0.05291005291005283 0.059259259259259185 0.05343915343915337 0.05132275132275125 0.06455026455026448 0.05873015873015864 0.06190476190476181 0.055555555555555476
0.04848484848484848 0.04595959595959594 0.0494949494949495 0.07272727272727277 0.09393939393939395 0.05101010101010104 0.04898989898989899 0.09646464646464646 0.04595959595959594 0.04898989898989899 0.04696969696969696 0.04797979797979797 0.051010101010101026 0.047474747474747475 0.20454545454545456
0.0594771241830064 0.05882352941176457 0.05882352941176457 0.05882352941176457 0.05882352941176457 0.05882352941176457 0.05882352941176457 0.05882352941176457 0.05882352941176457 0.05882352941176457 0.05882352941176457 0.1751633986928102 0.059477124183006415 0.05882352941176457 0.05882352941176457
0.09666666666666654 0.0616666666666666 0.05777777777777769 0.0527777777777777 0.05277777777777769 0.0538888888888888 0.053333333333333253 0.055555555555555476 0.061666666666666564 0.05444444444444437 0.05277777777777769 0.16555555555555557 0.06111111111111104 0.061111111111111005 0.05888888888888882
0.0625 0.0625 0.0625 0.0625 0.0625 0.0625 0.06319444444444444 0.06388888888888888 0.06319444444444444 0.06319444444444444 0.0625 0.0625 0.06319444444444444 0.0625 0.12083333333333333
0.0625 0.0625 0.06319444444444444 0.09861111111111111 0.06319444444444444 0.06319444444444444 0.06875 0.0625 0.06388888888888888 0.06319444444444444 0.06319444444444444 0.06388888888888888 0.06319444444444444 0.06319444444444444 0.075
0.06736111111111111 0.06458333333333334 0.06944444444444445 0.06736111111111111 0.07013888888888889 0.06597222222222222 0.06458333333333334 0.06666666666666667 0.07222222222222222 0.06458333333333334 0.06458333333333334 0.06319444444444444 0.06666666666666667 0.06944444444444445 0.06319444444444444
0.0527777777777777 0.05111111111111102 0.052222222222222135 0.05222222222222214 0.050555555555555465 0.05111111111111103 0.050555555555555465 0.052222222222222135 0.050555555555555465 0.26722222222222236 0.06444444444444436 0.05111111111111103 0.050555555555555465 0.05166666666666658 0.05166666666666659
0.059477124183006415 0.05882352941176457 0.05882352941176457 0.06013071895424824 0.11307189542483635 0.05882352941176457 0.0594771241830064 0.0594771241830064 0.06078431372549007 0.05882352941176457 0.06013071895424824 0.05882352941176457 0.05882352941176457 0.0594771241830064 0.11503267973856184
0.06388888888888888 0.06805555555555555 0.06458333333333334 0.06527777777777778 0.06388888888888888 0.06388888888888888 0.06319444444444444 0.06388888888888888 0.06458333333333334 0.06944444444444445 0.09305555555555556 0.06388888888888888 0.06319444444444444 0.06527777777777778 0.06388888888888888
0.06222222222222214 0.06611111111111101 0.06333333333333326 0.05944444444444435 0.06944444444444435 0.08944444444444437 0.10166666666666653 0.05666666666666658 0.06833333333333327 0.05444444444444436 0.055555555555555476 0.05333333333333324 0.0655555555555555 0.08166666666666658 0.05277777777777769
0.05740740740740729 0.05987654320987642 0.05740740740740729 0.05987654320987644 0.06481481481481469 0.05617283950617273 0.05617283950617273 0.058024691358024585 0.06111111111111101 0.05740740740740729 0.05617283950617273 0.1697530864197528 0.06358024691358014 0.0641975308641974 0.05802469135802457
0.06078431372549007 0.06209150326797371 0.06078431372549007 0.11503267973856186 0.06078431372549007 0.06078431372549007 0.06013071895424824 0.06013071895424824 0.06274509803921555 0.06339869281045739 0.06013071895424824 0.08954248366013054 0.061437908496731884 0.06078431372549007 0.0614379084967319
0.057309941520467825 0.0654970760233918 0.06315789473684205 0.05847953216374267 0.11637426900584782 0.06198830409356726 0.05964912280701755 0.061988304093567224 0.0742690058479532 0.060818713450292376 0.06081871345029236 0.06198830409356724 0.06725146198830408 0.06432748538011691 0.06608187134502921
0.046376811594202975 0.04685990338164258 0.046859903381642594 0.053140096618357585 0.044444444444444516 0.04975845410628028 0.044444444444444516 0.04541062801932375 0.07149758454106289 0.05120772946859911 0.28067632850241553 0.046376811594202975 0.06473429951690832 0.06376811594202907 0.04444444444444452
0.05614035087719295 0.05555555555555555 0.05614035087719297 0.05614035087719296 0.05614035087719299 0.05847953216374265 0.05438596491228071 0.05964912280701752 0.05789473684210525 0.07894736842105264 0.12046783625730988 0.05964912280701752 0.06257309941520466 0.05730994152046784 0.11052631578947363
0.05555555555555545 0.06851851851851838 0.058641975308641854 0.05925925925925916 0.06172839506172829 0.0685185185185184 0.05802469135802457 0.058024691358024585 0.06296296296296285 0.05617283950617273 0.1419753086419751 0.05679012345679001 0.07530864197530854 0.061728395061728294 0.05679012345679002
0.04696969696969696 0.052020202020202036 0.05000000000000001 0.05000000000000001 0.055555555555555594 0.05252525252525256 0.04848484848484849 0.052525252525252544 0.053535353535353554 0.0540404040404041 0.2707070707070707 0.05151515151515153 0.054545454545454584 0.056060606060606095 0.05151515151515153
0.05789473684210526 0.05555555555555554 0.058479532163742666 0.0573099415204678 0.055555555555555546 0.057309941520467825 0.05789473684210526 0.06374269005847953 0.0608187134502924 0.06315789473684207 0.05497076023391812 0.06198830409356724 0.056725146198830394 0.05497076023391812 0.18362573099415205
0.06535947712418286 0.06470588235294104 0.06535947712418287 0.06797385620915018 0.07058823529411752 0.06470588235294104 0.06601307189542469 0.0660130718954247 0.06862745098039202 0.06601307189542469 0.06862745098039201 0.06470588235294104 0.06666666666666651 0.06601307189542473 0.06862745098039204
0.05380116959064327 0.05321637426900585 0.05321637426900584 0.07309941520467837 0.05321637426900585 0.054970760233918115 0.052631578947368425 0.053801169590643266 0.05438596491228068 0.10467836257309941 0.05321637426900585 0.17777777777777753 0.052631578947368425 0.05614035087719298 0.05321637426900584
0.05321637426900585 0.05847953216374269 0.058479532163742666 0.06959064327485373 0.055555555555555525 0.06666666666666664 0.0543859649122807 0.05497076023391812 0.0590643274853801 0.18596491228070175 0.05614035087719298 0.05438596491228071 0.06257309941520471 0.054970760233918115 0.05555555555555554
0.047342995169082205 0.04927536231884067 0.05265700483091798 0.06763285024154599 0.04927536231884066 0.053140096618357564 0.04492753623188414 0.054589371980676406 0.05410628019323679 0.10676328502415466 0.046859903381642594 0.21835748792270543 0.05024154589371989 0.05265700483091797 0.05217391304347834
0.05666666666666657 0.06611111111111104 0.05888888888888879 0.071111111111111 0.05777777777777768 0.05666666666666658 0.05444444444444437 0.06277777777777768 0.06555555555555546 0.10999999999999996 0.08777777777777775 0.05333333333333324 0.07055555555555547 0.07055555555555544 0.05777777777777769
0.06458333333333334 0.06875 0.06736111111111111 0.06666666666666667 0.06736111111111111 0.07013888888888889 0.06597222222222222 0.06319444444444444 0.06597222222222222 0.06388888888888888 0.06527777777777778 0.06527777777777778 0.06944444444444445 0.07152777777777777 0.06458333333333334
0.05555555555555545 0.0574074074074073 0.05617283950617273 0.12839506172839493 0.05679012345679001 0.05740740740740729 0.05679012345679001 0.05740740740740729 0.05555555555555545 0.08024691358024676 0.08641975308641961 0.0802469135802468 0.05617283950617273 0.05925925925925915 0.05617283950617273
0.04973544973544967 0.051851851851851774 0.05132275132275125 0.051322751322751256 0.050793650793650724 0.06243386243386235 0.048677248677248604 0.05079365079365071 0.07566137566137554 0.13544973544973535 0.14603174603174585 0.053439153439153356 0.06931216931216923 0.05238095238095232 0.05079365079365071
0.05925925925925915 0.13024691358024676 0.05987654320987642 0.06049382716049372 0.05925925925925916 0.07716049382716036 0.05802469135802457 0.058641975308641854 0.06728395061728383 0.058641975308641875 0.058024691358024585 0.0648148148148147 0.06604938271604925 0.06111111111111099 0.061111111111111005
0.053439153439153356 0.12433862433862423 0.050793650793650724 0.051322751322751256 0.053439153439153356 0.14338624338624328 0.051851851851851774 0.05661375661375653 0.0798941798941798 0.05343915343915337 0.04920634920634913 0.04920634920634914 0.07671957671957667 0.056613756613756554 0.04973544973544966
0.06274509803921556 0.06470588235294106 0.06339869281045739 0.06339869281045739 0.06535947712418287 0.06274509803921555 0.0614379084967319 0.06339869281045737 0.06339869281045737 0.0614379084967319 0.0614379084967319 0.0594771241830064 0.062091503267973726 0.06535947712418286 0.11960784313725467
0.06388888888888888 0.06527777777777778 0.07083333333333333 0.07430555555555556 0.06666666666666667 0.06319444444444444 0.06319444444444444 0.06527777777777778 0.07083333333333333 0.06597222222222222 0.06388888888888888 0.07222222222222222 0.06597222222222222 0.06388888888888888 0.06458333333333334
0.06491228070175435 0.06081871345029236 0.05730994152046786 0.06842105263157894 0.06081871345029235 0.0590643274853801 0.05614035087719299 0.05614035087719296 0.06257309941520468 0.06666666666666662 0.05730994152046782 0.0631578947368421 0.06198830409356724 0.06023391812865494 0.14444444444444424
0.06666666666666667 0.06458333333333334 0.06597222222222222 0.06597222222222222 0.06319444444444444 0.06527777777777778 0.06319444444444444 0.06527777777777778 0.06388888888888888 0.06805555555555555 0.07430555555555556 0.06319444444444444 0.06597222222222222 0.08055555555555556 0.06388888888888888
0.0625 0.0625 0.0625 0.0625 0.0625 0.0625 0.0625 0.06319444444444444 0.0625 0.0625 0.0625 0.12430555555555556 0.0625 0.0625 0.0625
0.053888888888888806 0.09999999999999987 0.052222222222222135 0.08555555555555541 0.053333333333333253 0.04999999999999991 0.04999999999999991 0.052222222222222135 0.05611111111111103 0.08166666666666655 0.052222222222222135 0.14999999999999997 0.05444444444444436 0.05611111111111103 0.05222222222222214
0.05111111111111103 0.06722222222222211 0.06333333333333326 0.05833333333333325 0.053888888888888806 0.08722222222222212 0.05333333333333324 0.0527777777777777 0.06111111111111101 0.1522222222222223 0.05166666666666658 0.06277777777777768 0.0666666666666666 0.06388888888888881 0.05444444444444437
0.05333333333333324 0.07166666666666659 0.05166666666666658 0.057222222222222126 0.05333333333333324 0.19833333333333322 0.05277777777777769 0.05444444444444435 0.055555555555555455 0.05222222222222214 0.05444444444444435 0.052222222222222135 0.08111111111111102 0.05944444444444436 0.05222222222222214
0.0625 0.06527777777777778 0.06319444444444444 0.06319444444444444 0.06458333333333334 0.11736111111111111 0.0625 0.06319444444444444 0.0625 0.0625 0.0625 0.0625 0.0625 0.06319444444444444 0.0625
0.06875 0.075 0.07222222222222222 0.06319444444444444 0.06388888888888888 0.06597222222222222 0.06527777777777778 0.06597222222222222 0.06597222222222222 0.06388888888888888 0.06319444444444444 0.06805555555555555 0.06944444444444445 0.06458333333333334 0.06458333333333334
0.10864197530864177 0.07716049382716039 0.06604938271604924 0.05864197530864187 0.05679012345679001 0.07222222222222209 0.05987654320987644 0.061111111111111005 0.06234567901234555 0.058024691358024585 0.05740740740740729 0.07839506172839496 0.06543209876543196 0.059876543209876426 0.058024691358024585
0.06031746031746023 0.08835978835978828 0.07936507936507933 0.05608465608465602 0.05079365079365073 0.07619047619047613 0.05185185185185179 0.05767195767195758 0.06402116402116394 0.08359788359788355 0.07301587301587291 0.07989417989417982 0.06719576719576711 0.058201058201058115 0.053439153439153356
0.0625 0.06527777777777778 0.06319444444444444 0.0625 0.0625 0.11875 0.06319444444444444 0.06319444444444444 0.06319444444444444 0.0625 0.0625 0.0625 0.0625 0.06319444444444444 0.0625
0.05614035087719297 0.11754385964912273 0.05906432748538011 0.05730994152046782 0.05497076023391814 0.05555555555555554 0.05789473684210526 0.11169590643274846 0.0637426900584795 0.060233918128654966 0.0567251461988304 0.061403508771929786 0.06081871345029237 0.061988304093567245 0.06491228070175435
0.053968253968253894 0.058730158730158646 0.059788359788359696 0.057142857142857065 0.056084656084656036 0.05661375661375653 0.05343915343915337 0.11693121693121683 0.06613756613756606 0.05396825396825389 0.05343915343915337 0.05925925925925918 0.08042328042328037 0.06243386243386235 0.1116402116402115
0.06805555555555555 0.06527777777777778 0.06736111111111111 0.06666666666666667 0.07013888888888889 0.06527777777777778 0.06388888888888888 0.06736111111111111 0.06666666666666667 0.06597222222222222 0.06597222222222222 0.06597222222222222 0.07013888888888889 0.06458333333333334 0.06666666666666667
0.06339869281045739 0.06013071895424824 0.06078431372549007 0.0614379084967319 0.061437908496731884 0.0594771241830064 0.06209150326797373 0.062091503267973726 0.059477124183006415 0.06470588235294106 0.06013071895424823 0.14183006535947687 0.062091503267973726 0.06013071895424823 0.060784313725490056
0.06257309941520466 0.10058479532163746 0.0543859649122807 0.060818713450292376 0.05555555555555555 0.05497076023391812 0.052631578947368425 0.053801169590643266 0.05380116959064327 0.055555555555555546 0.052631578947368425 0.17777777777777765 0.05438596491228071 0.057309941520467825 0.05321637426900584
0.06274509803921556 0.06274509803921555 0.07058823529411754 0.061437908496731905 0.06405228758169922 0.06666666666666653 0.059477124183006415 0.09411764705882342 0.06339869281045737 0.0614379084967319 0.0594771241830064 0.06209150326797373 0.06666666666666654 0.08300653594771226 0.062091503267973726
0.08830409356725147 0.05614035087719295 0.05964912280701752 0.056725146198830415 0.060233918128654924 0.05380116959064329 0.10467836257309938 0.10818713450292397 0.060233918128654904 0.05321637426900584 0.054970760233918115 0.0567251461988304 0.06725146198830408 0.059649122807017514 0.06023391812865496
0.08496732026143776 0.07450980392156852 0.06732026143790834 0.060784313725490056 0.062091503267973726 0.06732026143790837 0.06405228758169922 0.06601307189542471 0.06405228758169922 0.059477124183006415 0.062091503267973726 0.06732026143790835 0.06993464052287567 0.0660130718954247 0.06405228758169922
0.06604938271604927 0.07222222222222209 0.06049382716049372 0.08641975308641964 0.06111111111111099 0.06111111111111099 0.07654320987654309 0.07283950617283938 0.06481481481481469 0.05987654320987642 0.06543209876543199 0.06234567901234556 0.06481481481481469 0.06666666666666657 0.05925925925925915
0.061437908496731884 0.06405228758169922 0.06274509803921555 0.0614379084967319 0.0594771241830064 0.0614379084967319 0.09281045751633969 0.06209150326797373 0.10130718954248348 0.0594771241830064 0.0614379084967319 0.06013071895424824 0.06666666666666651 0.06405228758169922 0.0614379084967319
0.05679012345679001 0.05925925925925914 0.06172839506172829 0.06728395061728384 0.06790123456790109 0.05679012345679001 0.058024691358024585 0.06543209876543199 0.06543209876543199 0.08209876543209865 0.09320987654320974 0.06296296296296283 0.07901234567901223 0.06419753086419742 0.059876543209876426
0.06339869281045737 0.0640522875816992 0.06013071895424824 0.06209150326797373 0.0614379084967319 0.061437908496731884 0.059477124183006415 0.06274509803921555 0.06535947712418287 0.06339869281045737 0.06013071895424823 0.1196078431372547 0.06732026143790835 0.06732026143790837 0.06209150326797373
0.07878787878787878 0.048989898989899 0.05404040404040408 0.10757575757575759 0.05050505050505051 0.05353535353535357 0.04646464646464645 0.05252525252525256 0.05202020202020203 0.04848484848484848 0.05050505050505053 0.13030303030303042 0.07020202020202024 0.1080808080808081 0.04797979797979798
0.06470588235294104 0.06470588235294104 0.0660130718954247 0.07124183006535935 0.0705882352941175 0.061437908496731884 0.060784313725490056 0.07124183006535932 0.06993464052287568 0.062091503267973726 0.06078431372549007 0.06862745098039202 0.07124183006535934 0.072549019607843 0.06405228758169922
0.0625 0.06597222222222222 0.06805555555555555 0.07361111111111111 0.06666666666666667 0.07847222222222222 0.06319444444444444 0.06319444444444444 0.06319444444444444 0.06527777777777778 0.06597222222222222 0.0625 0.07291666666666667 0.06319444444444444 0.06527777777777778
0.06013071895424823 0.0594771241830064 0.06078431372549007 0.0594771241830064 0.0594771241830064 0.05882352941176457 0.11372549019607821 0.11176470588235272 0.059477124183006415 0.05882352941176457 0.059477124183006415 0.05882352941176457 0.06013071895424824 0.059477124183006415 0.06013071895424824
0.05555555555555545 0.05555555555555545 0.05555555555555545 0.05679012345679001 0.05555555555555545 0.05555555555555545 0.05555555555555545 0.10864197530864177 0.05617283950617273 0.058024691358024585 0.05555555555555545 0.05617283950617273 0.05617283950617273 0.05617283950617273 0.16296296296296273
0.06432748538011696 0.07192982456140347 0.06198830409356721 0.055555555555555546 0.05672514619883039 0.10760233918128653 0.07426900584795319 0.05789473684210524 0.06432748538011693 0.05789473684210526 0.05438596491228069 0.05614035087719297 0.0584795321637427 0.05730994152046782 0.10116959064327485
0.0625 0.06319444444444444 0.06319444444444444 0.06319444444444444 0.0625 0.0625 0.0625 0.11666666666666667 0.06319444444444444 0.0625 0.0625 0.06527777777777778 0.06319444444444444 0.06388888888888888 0.06319444444444444
0.05132275132275125 0.04973544973544966 0.05079365079365073 0.05343915343915337 0.05661375661375653 0.05079365079365071 0.050793650793650724 0.05185185185185179 0.05238095238095231 0.06507936507936499 0.25238095238095215 0.050264550264550185 0.053439153439153356 0.05238095238095231 0.05873015873015864
0.06597222222222222 0.06736111111111111 0.06597222222222222 0.06805555555555555 0.06319444444444444 0.06388888888888888 0.06944444444444445 0.06597222222222222 0.06597222222222222 0.06805555555555555 0.06736111111111111 0.06597222222222222 0.06944444444444445 0.06736111111111111 0.06597222222222222
0.06319444444444444 0.06319444444444444 0.06319444444444444 0.0625 0.0625 0.06319444444444444 0.0625 0.0625 0.0625 0.09097222222222222 0.09236111111111112 0.0625 0.0625 0.06319444444444444 0.06319444444444444
0.058641975308641854 0.05925925925925915 0.06419753086419742 0.06666666666666654 0.11172839506172821 0.06419753086419742 0.058024691358024585 0.061111111111111005 0.06728395061728384 0.06049382716049372 0.06234567901234556 0.061111111111111005 0.06975308641975297 0.06666666666666655 0.06851851851851838
0.0527777777777777 0.05277777777777769 0.0538888888888888 0.053888888888888806 0.053333333333333253 0.05222222222222213 0.05111111111111102 0.11444444444444438 0.053333333333333253 0.053333333333333253 0.05222222222222213 0.14166666666666672 0.05333333333333324 0.05111111111111103 0.11055555555555546
0.058024691358024585 0.05555555555555545 0.05679012345679001 0.0574074074074073 0.06049382716049371 0.058024691358024585 0.10987654320987635 0.1345679012345677 0.06049382716049371 0.05555555555555545 0.05864197530864187 0.05617283950617273 0.05617283950617273 0.05740740740740729 0.06481481481481469
0.06374269005847952 0.06023391812865494 0.0549707602339181 0.056725146198830394 0.05847953216374265 0.07602339181286547 0.16081871345029214 0.05789473684210526 0.06491228070175437 0.0543859649122807 0.05906432748538011 0.05906432748538011 0.058479532163742645 0.05730994152046782 0.05789473684210524
0.06388888888888888 0.06319444444444444 0.06458333333333334 0.0625 0.06319444444444444 0.0625 0.10902777777777778 0.06597222222222222 0.06319444444444444 0.0625 0.0625 0.06527777777777778 0.06388888888888888 0.06458333333333334 0.06319444444444444
0.05614035087719297 0.05789473684210526 0.0567251461988304 0.057309941520467804 0.06432748538011691 0.061403508771929814 0.05730994152046782 0.1450292397660818 0.06491228070175435 0.0637426900584795 0.06081871345029235 0.06257309941520464 0.05789473684210525 0.060233918128654966 0.07368421052631577
0.056666666666666574 0.05888888888888881 0.06333333333333324 0.061666666666666564 0.058888888888888796 0.06055555555555547 0.06222222222222215 0.06055555555555547 0.06944444444444435 0.05777777777777769 0.056666666666666574 0.10222222222222212 0.08499999999999991 0.0749999999999999 0.07111111111111101
0.05404040404040408 0.06060606060606066 0.05757575757575762 0.057575757575757634 0.06313131313131322 0.06363636363636369 0.05353535353535357 0.06161616161616166 0.0944444444444445 0.05151515151515154 0.06818181818181826 0.053535353535353554 0.13686868686868692 0.06868686868686875 0.055050505050505065
0.06296296296296283 0.06111111111111099 0.058641975308641854 0.06728395061728384 0.06481481481481469 0.06543209876543198 0.058024691358024585 0.06604938271604929 0.06419753086419742 0.06419753086419742 0.06358024691358014 0.06172839506172827 0.06296296296296286 0.1141975308641974 0.06481481481481469
0.06319444444444444 0.06736111111111111 0.06458333333333334 0.06319444444444444 0.09166666666666666 0.06388888888888888 0.06319444444444444 0.06319444444444444 0.06805555555555555 0.06319444444444444 0.06319444444444444 0.0625 0.07152777777777777 0.06736111111111111 0.06388888888888888
0.06319444444444444 0.06388888888888888 0.06319444444444444 0.06388888888888888 0.06944444444444445 0.06388888888888888 0.06319444444444444 0.06319444444444444 0.06666666666666667 0.06458333333333334 0.09236111111111112 0.06319444444444444 0.07083333333333333 0.06458333333333334 0.06388888888888888
0.06013071895424823 0.06274509803921556 0.0614379084967319 0.0614379084967319 0.06339869281045739 0.06013071895424824 0.06339869281045737 0.11895424836601283 0.062091503267973726 0.06209150326797373 0.05882352941176457 0.060784313725490056 0.06078431372549008 0.06339869281045739 0.08039215686274494
0.06470588235294106 0.06274509803921555 0.06535947712418289 0.06274509803921555 0.0660130718954247 0.060784313725490056 0.06078431372549007 0.11960784313725467 0.06405228758169922 0.060784313725490056 0.06339869281045737 0.061437908496731905 0.06339869281045737 0.06339869281045737 0.06078431372549007
0.06405228758169923 0.0660130718954247 0.06535947712418286 0.0614379084967319 0.06993464052287568 0.06339869281045739 0.060784313725490056 0.06732026143790835 0.07124183006535935 0.0640522875816992 0.06274509803921557 0.06535947712418287 0.08627450980392143 0.06601307189542473 0.0660130718954247
0.0625 0.06319444444444444 0.06319444444444444 0.06319444444444444 0.06458333333333334 0.0625 0.0625 0.06319444444444444 0.0625 0.06319444444444444 0.0625 0.11319444444444444 0.06319444444444444 0.06458333333333334 0.06597222222222222
0.0527777777777777 0.050555555555555465 0.052222222222222135 0.05055555555555547 0.05055555555555547 0.05111111111111103 0.19166666666666643 0.09555555555555544 0.050555555555555465 0.04999999999999991 0.050555555555555465 0.10111111111111094 0.050555555555555465 0.05111111111111103 0.05111111111111102
0.06078431372549007 0.062091503267973726 0.06078431372549007 0.0633986928104574 0.06013071895424823 0.06078431372549007 0.06013071895424824 0.0614379084967319 0.062091503267973726 0.06078431372549007 0.0614379084967319 0.13856209150326776 0.06013071895424824 0.06666666666666653 0.06078431372549007
0.05444444444444437 0.053888888888888806 0.057222222222222126 0.055555555555555455 0.05222222222222214 0.05277777777777769 0.050555555555555465 0.05555555555555547 0.0538888888888888 0.056666666666666574 0.0549999999999999 0.20333333333333312 0.06722222222222213 0.0627777777777777 0.06888888888888882
0.09753086419753068 0.05617283950617273 0.1043209876543208 0.05617283950617273 0.05740740740740729 0.05740740740740729 0.05555555555555545 0.05740740740740729 0.058641975308641875 0.0827160493827159 0.08333333333333319 0.061111111111111005 0.058024691358024585 0.05679012345679002 0.05740740740740729
0.06805555555555555 0.06527777777777778 0.08263888888888889 0.06736111111111111 0.06458333333333334 0.06527777777777778 0.06458333333333334 0.06666666666666667 0.06597222222222222 0.06319444444444444 0.06458333333333334 0.06319444444444444 0.06666666666666667 0.06527777777777778 0.06666666666666667
0.11286549707602332 0.06023391812865497 0.06257309941520464 0.10584795321637423 0.057309941520467804 0.061988304093567224 0.060233918128654945 0.05497076023391813 0.0590643274853801 0.05555555555555554 0.06725146198830403 0.05730994152046782 0.060233918128654966 0.061403508771929835 0.06315789473684208
0.06388888888888888 0.0625 0.0625 0.0625 0.08055555555555556 0.0625 0.06458333333333334 0.06458333333333334 0.07361111111111111 0.06458333333333334 0.06388888888888888 0.06388888888888888 0.07361111111111111 0.06666666666666667 0.07013888888888889
0.06049382716049372 0.0648148148148147 0.0648148148148147 0.062345679012345556 0.11913580246913558 0.06049382716049372 0.05987654320987644 0.06234567901234556 0.06790123456790112 0.058024691358024585 0.06234567901234556 0.06049382716049371 0.07530864197530852 0.06296296296296283 0.05864197530864187
0.06597222222222222 0.06805555555555555 0.07847222222222222 0.06458333333333334 0.06458333333333334 0.06458333333333334 0.06527777777777778 0.06597222222222222 0.06458333333333334 0.06666666666666667 0.06388888888888888 0.06666666666666667 0.06944444444444445 0.06388888888888888 0.06736111111111111
0.059477124183006415 0.060784313725490056 0.06078431372549007 0.10457516339869259 0.06078431372549007 0.059477124183006415 0.05882352941176457 0.06013071895424824 0.05882352941176457 0.06274509803921556 0.05882352941176457 0.0594771241830064 0.059477124183006415 0.06013071895424824 0.11568627450980369
0.06666666666666667 0.07083333333333333 0.06527777777777778 0.06458333333333334 0.06597222222222222 0.06527777777777778 0.06597222222222222 0.06736111111111111 0.06388888888888888 0.06458333333333334 0.06388888888888888 0.06944444444444445 0.07013888888888889 0.06875 0.06736111111111111
0.0614379084967319 0.07124183006535938 0.06274509803921556 0.0999999999999998 0.0614379084967319 0.0594771241830064 0.0594771241830064 0.06209150326797373 0.07973856209150311 0.05882352941176457 0.059477124183006415 0.06601307189542471 0.07189542483660118 0.06470588235294104 0.0614379084967319
0.06049382716049371 0.05987654320987644 0.06049382716049371 0.058024691358024585 0.05864197530864187 0.05740740740740729 0.06049382716049372 0.058641975308641854 0.15493827160493798 0.05987654320987642 0.058024691358024585 0.05555555555555545 0.0691358024691357 0.06728395061728382 0.06111111111111099
0.061437908496731884 0.11633986928104552 0.06209150326797371 0.06078431372549007 0.06013071895424823 0.06013071895424824 0.08562091503267956 0.060784313725490056 0.07124183006535936 0.05882352941176457 0.059477124183006415 0.0594771241830064 0.0614379084967319 0.06339869281045739 0.05882352941176457
