0.0637426900584795 0.0614035087719298 0.06023391812865494 0.05730994152046782 0.06491228070175438 0.06257309941520466 0.09473684210526315 0.05964912280701752 0.10877192982456138 0.060818713450292376 0.06140350877192982 0.061988304093567224 0.05964912280701754 0.06374269005847952 0.05906432748538011
0.06732026143790838 0.06405228758169922 0.06535947712418287 0.06274509803921555 0.0614379084967319 0.06339869281045737 0.10718954248365994 0.0614379084967319 0.06274509803921555 0.0614379084967319 0.06535947712418287 0.06405228758169922 0.06339869281045742 0.06405228758169922 0.0660130718954247
0.07368421052631577 0.08070175438596493 0.06491228070175438 0.06549707602339178 0.06959064327485376 0.058479532163742666 0.06257309941520467 0.060233918128654924 0.07368421052631581 0.0707602339181286 0.05964912280701754 0.06608187134502917 0.06315789473684208 0.060233918128654945 0.0707602339181286
0.06722222222222211 0.06388888888888881 0.058888888888888796 0.05944444444444436 0.05833333333333325 0.059999999999999915 0.05777777777777768 0.055555555555555455 0.11555555555555552 0.06944444444444435 0.06055555555555546 0.09388888888888884 0.06055555555555546 0.06111111111111101 0.05777777777777768
0.06405228758169922 0.072549019607843 0.06535947712418287 0.06078431372549007 0.0640522875816992 0.10980392156862726 0.06339869281045737 0.06013071895424824 0.0614379084967319 0.06470588235294104 0.06666666666666653 0.06013071895424823 0.06339869281045737 0.062091503267973726 0.0614379084967319
0.06805555555555555 0.06875 0.06944444444444445 0.06388888888888888 0.06805555555555555 0.06736111111111111 0.06527777777777778 0.06666666666666667 0.06875 0.06666666666666667 0.06736111111111111 0.06527777777777778 0.06319444444444444 0.06666666666666667 0.06458333333333334
0.06023391812865494 0.09181286549707597 0.0637426900584795 0.05847953216374267 0.06081871345029239 0.06666666666666662 0.0637426900584795 0.05847953216374267 0.0637426900584795 0.08128654970760227 0.06257309941520464 0.0631578947368421 0.05789473684210527 0.08771929824561396 0.059649122807017514
0.0660818713450292 0.07076023391812859 0.06666666666666662 0.061988304093567266 0.06666666666666665 0.06432748538011693 0.08070175438596483 0.06315789473684208 0.06432748538011696 0.07777777777777777 0.06491228070175435 0.06198830409356724 0.06549707602339178 0.06257309941520461 0.06257309941520467
0.05820105820105812 0.09576719576719571 0.06455026455026448 0.05661375661375652 0.052380952380952306 0.0925925925925925 0.054497354497354406 0.05238095238095231 0.05767195767195758 0.14444444444444432 0.055555555555555476 0.0539682539682539 0.05449735449735441 0.05502645502645495 0.05185185185185175
0.0625 0.06319444444444444 0.06319444444444444 0.0625 0.06319444444444444 0.06319444444444444 0.0625 0.0625 0.11736111111111111 0.06319444444444444 0.06388888888888888 0.06319444444444444 0.06319444444444444 0.06388888888888888 0.0625
0.07843137254901945 0.06535947712418289 0.06666666666666654 0.0836601307189541 0.06405228758169922 0.06339869281045739 0.06470588235294103 0.0614379084967319 0.06732026143790834 0.06601307189542471 0.06405228758169922 0.06339869281045737 0.06470588235294104 0.06405228758169923 0.06274509803921555
0.06993464052287568 0.0614379084967319 0.0679738562091502 0.0660130718954247 0.06732026143790837 0.06339869281045739 0.06535947712418289 0.0633986928104574 0.0699346405228757 0.08366013071895408 0.06274509803921555 0.06078431372549008 0.06274509803921555 0.06993464052287568 0.06535947712418287
0.10555555555555536 0.0648148148148147 0.10493827160493811 0.05740740740740729 0.058024691358024585 0.06358024691358015 0.05925925925925914 0.062345679012345556 0.06234567901234556 0.06111111111111099 0.061728395061728274 0.06111111111111099 0.05925925925925914 0.05925925925925914 0.05925925925925915
0.0625 0.06388888888888888 0.06666666666666667 0.0625 0.06597222222222222 0.06597222222222222 0.06527777777777778 0.06388888888888888 0.06944444444444445 0.08819444444444445 0.06527777777777778 0.06458333333333334 0.06458333333333334 0.06527777777777778 0.06597222222222222
0.06078431372549007 0.07189542483660118 0.06078431372549007 0.06013071895424824 0.06928104575163382 0.06013071895424823 0.06013071895424824 0.06405228758169922 0.1202614379084965 0.06405228758169922 0.06339869281045739 0.06013071895424824 0.061437908496731884 0.0614379084967319 0.062091503267973726
0.06725146198830408 0.06842105263157894 0.0643274853801169 0.067251461988304 0.06842105263157892 0.06432748538011693 0.07719298245614031 0.08245614035087723 0.07134502923976603 0.07485380116959059 0.05964912280701754 0.06198830409356724 0.0567251461988304 0.057309941520467804 0.058479532163742666
0.06458333333333334 0.06388888888888888 0.06527777777777778 0.06458333333333334 0.0625 0.06458333333333334 0.07083333333333333 0.09375 0.06388888888888888 0.06527777777777778 0.06319444444444444 0.06388888888888888 0.06527777777777778 0.06388888888888888 0.06458333333333334
0.06604938271604927 0.07098765432098753 0.05802469135802457 0.07160493827160483 0.08518518518518503 0.062345679012345556 0.06172839506172829 0.05925925925925916 0.08518518518518507 0.0858024691358023 0.06049382716049372 0.05679012345679001 0.06172839506172829 0.05740740740740729 0.05740740740740729
0.06339869281045739 0.0640522875816992 0.06078431372549007 0.06470588235294104 0.06666666666666651 0.06601307189542469 0.06535947712418287 0.0640522875816992 0.0660130718954247 0.06797385620915018 0.06339869281045739 0.06797385620915018 0.06797385620915018 0.061437908496731905 0.09019607843137241
0.06597222222222222 0.06805555555555555 0.07152777777777777 0.06666666666666667 0.06805555555555555 0.06388888888888888 0.06736111111111111 0.06388888888888888 0.06666666666666667 0.06388888888888888 0.06944444444444445 0.06597222222222222 0.06736111111111111 0.06736111111111111 0.06388888888888888
0.0573099415204678 0.05847953216374269 0.057309941520467804 0.05614035087719299 0.056725146198830435 0.05438596491228071 0.05614035087719297 0.0543859649122807 0.056725146198830394 0.05380116959064327 0.19122807017543877 0.0543859649122807 0.0567251461988304 0.07485380116959053 0.0614035087719298
0.06458333333333334 0.07013888888888889 0.06805555555555555 0.06875 0.06666666666666667 0.06319444444444444 0.06527777777777778 0.06319444444444444 0.07569444444444444 0.06944444444444445 0.06388888888888888 0.06458333333333334 0.06597222222222222 0.06736111111111111 0.06319444444444444
0.05614035087719296 0.055555555555555546 0.060233918128654945 0.05789473684210523 0.19824561403508778 0.055555555555555566 0.060233918128654966 0.05789473684210524 0.05847953216374269 0.05789473684210526 0.05730994152046782 0.05614035087719297 0.057309941520467825 0.05497076023391813 0.05614035087719296
0.06470588235294104 0.06013071895424824 0.0614379084967319 0.08888888888888874 0.07973856209150311 0.06013071895424823 0.07581699346405217 0.059477124183006415 0.06013071895424824 0.06470588235294106 0.06535947712418287 0.06666666666666653 0.06797385620915018 0.0614379084967319 0.0633986928104574
0.0640522875816992 0.06013071895424824 0.06078431372549007 0.06993464052287565 0.06013071895424824 0.06274509803921555 0.07189542483660118 0.05882352941176457 0.0640522875816992 0.061437908496731905 0.09019607843137241 0.06732026143790834 0.08039215686274495 0.06470588235294104 0.0633986928104574
0.06736111111111111 0.06666666666666667 0.06458333333333334 0.06527777777777778 0.06458333333333334 0.06388888888888888 0.07777777777777778 0.06388888888888888 0.06388888888888888 0.06388888888888888 0.06736111111111111 0.06805555555555555 0.07013888888888889 0.06597222222222222 0.06666666666666667
0.06666666666666667 0.06527777777777778 0.06597222222222222 0.06597222222222222 0.06527777777777778 0.06597222222222222 0.07013888888888889 0.06458333333333334 0.06388888888888888 0.06319444444444444 0.06597222222222222 0.06875 0.07291666666666667 0.06388888888888888 0.07152777777777777
0.06666666666666667 0.06944444444444445 0.06388888888888888 0.06875 0.06527777777777778 0.06458333333333334 0.06875 0.06736111111111111 0.06805555555555555 0.06875 0.06458333333333334 0.06388888888888888 0.06597222222222222 0.06666666666666667 0.06736111111111111
0.0625 0.06319444444444444 0.06388888888888888 0.0625 0.06319444444444444 0.06388888888888888 0.0625 0.06319444444444444 0.0625 0.12013888888888889 0.0625 0.0625 0.0625 0.0625 0.0625
0.06274509803921555 0.06666666666666653 0.06535947712418286 0.06862745098039202 0.06666666666666654 0.0614379084967319 0.061437908496731884 0.06732026143790838 0.06339869281045737 0.07973856209150308 0.06993464052287568 0.0614379084967319 0.06666666666666655 0.06013071895424823 0.07843137254901945
0.05864197530864187 0.05679012345679001 0.059876543209876426 0.061111111111111005 0.06172839506172829 0.05925925925925914 0.1716049382716047 0.05679012345679001 0.05925925925925915 0.061728395061728274 0.05617283950617273 0.058641975308641875 0.059876543209876426 0.05740740740740729 0.061111111111111005
0.0614379084967319 0.061437908496731905 0.07581699346405214 0.0660130718954247 0.06013071895424823 0.08692810457516327 0.08431372549019597 0.06274509803921555 0.0614379084967319 0.06078431372549007 0.06470588235294103 0.0614379084967319 0.06078431372549007 0.07124183006535935 0.06078431372549007
0.06458333333333334 0.06527777777777778 0.06319444444444444 0.06388888888888888 0.06458333333333334 0.06388888888888888 0.06527777777777778 0.06388888888888888 0.10138888888888889 0.06527777777777778 0.06319444444444444 0.0625 0.06319444444444444 0.0625 0.06736111111111111
0.06875 0.06666666666666667 0.06597222222222222 0.06805555555555555 0.06388888888888888 0.06527777777777778 0.06805555555555555 0.06458333333333334 0.07361111111111111 0.06805555555555555 0.06666666666666667 0.06388888888888888 0.06805555555555555 0.06388888888888888 0.06458333333333334
0.08657407407407403 0.06574074074074078 0.0689814814814816 0.053703703703703684 0.05185185185185186 0.1875 0.07731481481481481 0.04907407407407403 0.05231481481481479 0.04861111111111111 0.050462962962962925 0.04768518518518516 0.05046296296296296 0.06250000000000004 0.04722222222222219
0.06728395061728384 0.0679012345679011 0.06481481481481469 0.06481481481481469 0.06790123456790112 0.06975308641975296 0.07160493827160481 0.06728395061728382 0.06543209876543199 0.06851851851851841 0.07407407407407396 0.06296296296296285 0.05987654320987644 0.06419753086419742 0.06358024691358014
0.06388888888888888 0.0625 0.06458333333333334 0.06736111111111111 0.09513888888888888 0.0625 0.06736111111111111 0.06319444444444444 0.06597222222222222 0.06388888888888888 0.06597222222222222 0.06458333333333334 0.06597222222222222 0.06388888888888888 0.06319444444444444
0.06388888888888888 0.06527777777777778 0.06666666666666667 0.06319444444444444 0.06319444444444444 0.06319444444444444 0.06527777777777778 0.06736111111111111 0.06597222222222222 0.07152777777777777 0.07361111111111111 0.06736111111111111 0.06666666666666667 0.06805555555555555 0.06875
0.06257309941520463 0.06198830409356721 0.0631578947368421 0.06315789473684207 0.10409356725146196 0.06491228070175438 0.06491228070175438 0.05789473684210524 0.05847953216374269 0.08596491228070174 0.0608187134502924 0.06608187134502916 0.061403508771929786 0.06549707602339178 0.0590643274853801
0.10959595959595975 0.06161616161616169 0.06060606060606068 0.0656565656565657 0.05808080808080814 0.08585858585858594 0.07777777777777792 0.05404040404040408 0.059090909090909124 0.06969696969696977 0.05858585858585863 0.06010101010101015 0.0626262626262627 0.06111111111111116 0.05555555555555561
0.07430555555555556 0.06388888888888888 0.06458333333333334 0.06666666666666667 0.06527777777777778 0.06527777777777778 0.06527777777777778 0.06527777777777778 0.06736111111111111 0.06458333333333334 0.07222222222222222 0.06388888888888888 0.06875 0.06736111111111111 0.06527777777777778
0.06296296296296285 0.06049382716049371 0.06543209876543199 0.08580246913580235 0.07777777777777765 0.06049382716049372 0.0648148148148147 0.06481481481481469 0.05987654320987644 0.08703703703703689 0.06049382716049371 0.06728395061728386 0.059876543209876426 0.06419753086419742 0.05864197530864187
0.06527777777777778 0.06527777777777778 0.06527777777777778 0.07291666666666667 0.0625 0.06805555555555555 0.06597222222222222 0.06458333333333334 0.0763888888888889 0.06458333333333334 0.06388888888888888 0.06666666666666667 0.06666666666666667 0.06736111111111111 0.06458333333333334
0.06319444444444444 0.0625 0.0625 0.06388888888888888 0.06319444444444444 0.06319444444444444 0.06458333333333334 0.06319444444444444 0.1111111111111111 0.06388888888888888 0.06319444444444444 0.06458333333333334 0.06388888888888888 0.06388888888888888 0.06319444444444444
0.06805555555555555 0.06805555555555555 0.06527777777777778 0.06597222222222222 0.06388888888888888 0.06666666666666667 0.06875 0.06527777777777778 0.06597222222222222 0.06736111111111111 0.06736111111111111 0.06736111111111111 0.06805555555555555 0.06458333333333334 0.06736111111111111
0.06234567901234558 0.06111111111111099 0.059876543209876426 0.061728395061728294 0.06111111111111099 0.05987654320987642 0.06234567901234558 0.08148148148148134 0.06543209876543198 0.11666666666666647 0.061728395061728274 0.058024691358024585 0.0691358024691357 0.06049382716049371 0.058641975308641854
0.06604938271604927 0.06296296296296285 0.069753086419753 0.05925925925925916 0.05802469135802457 0.058641975308641854 0.06111111111111099 0.05679012345679002 0.06234567901234556 0.11975308641975285 0.0827160493827159 0.059876543209876426 0.061728395061728274 0.06049382716049371 0.06049382716049371
0.10130718954248345 0.0699346405228757 0.059477124183006415 0.06013071895424824 0.06013071895424823 0.11111111111111095 0.0614379084967319 0.05882352941176457 0.06078431372549007 0.0594771241830064 0.06013071895424823 0.05882352941176457 0.05882352941176457 0.06013071895424823 0.0594771241830064
0.06666666666666667 0.07222222222222222 0.06527777777777778 0.06388888888888888 0.06388888888888888 0.06527777777777778 0.06666666666666667 0.06388888888888888 0.06736111111111111 0.07152777777777777 0.06597222222222222 0.06458333333333334 0.06666666666666667 0.06805555555555555 0.06805555555555555
0.06944444444444445 0.06875 0.06527777777777778 0.06805555555555555 0.07291666666666667 0.06527777777777778 0.06805555555555555 0.06458333333333334 0.06527777777777778 0.06388888888888888 0.06527777777777778 0.06388888888888888 0.06805555555555555 0.06597222222222222 0.06527777777777778
0.06388888888888888 0.10833333333333334 0.0625 0.06458333333333334 0.06527777777777778 0.06527777777777778 0.06388888888888888 0.06319444444444444 0.0625 0.06388888888888888 0.06319444444444444 0.06319444444444444 0.06388888888888888 0.06319444444444444 0.06319444444444444
0.06388888888888888 0.06458333333333334 0.06597222222222222 0.06458333333333334 0.06597222222222222 0.06527777777777778 0.06597222222222222 0.06458333333333334 0.0625 0.06875 0.07569444444444444 0.07847222222222222 0.06805555555555555 0.06319444444444444 0.0625
0.06597222222222222 0.06944444444444445 0.06388888888888888 0.06388888888888888 0.0625 0.07152777777777777 0.06527777777777778 0.06319444444444444 0.06736111111111111 0.06458333333333334 0.06666666666666667 0.06527777777777778 0.07777777777777778 0.07013888888888889 0.0625
0.05987654320987644 0.06604938271604927 0.05740740740740729 0.05925925925925915 0.05679012345679001 0.14506172839506154 0.058024691358024585 0.05679012345679001 0.05925925925925914 0.059876543209876426 0.05617283950617273 0.06111111111111099 0.06481481481481469 0.05617283950617273 0.08333333333333318
0.05555555555555545 0.0648148148148147 0.06666666666666654 0.05864197530864187 0.05864197530864187 0.13703703703703682 0.058641975308641854 0.05679012345679001 0.05679012345679001 0.05864197530864187 0.05740740740740729 0.06481481481481469 0.05864197530864187 0.08888888888888873 0.05802469135802457
0.061437908496731905 0.06601307189542469 0.07385620915032669 0.05882352941176457 0.0614379084967319 0.0640522875816992 0.06535947712418287 0.059477124183006415 0.06339869281045737 0.07058823529411752 0.09869281045751614 0.0699346405228757 0.06339869281045739 0.062091503267973726 0.061437908496731905
0.059876543209876426 0.05864197530864187 0.05987654320987645 0.062345679012345556 0.05925925925925916 0.06049382716049371 0.05925925925925915 0.058641975308641854 0.061728395061728294 0.05679012345679001 0.13765432098765418 0.05802469135802457 0.05864197530864187 0.08888888888888871 0.059876543209876426
0.06597222222222222 0.075 0.06597222222222222 0.06805555555555555 0.06527777777777778 0.06458333333333334 0.07013888888888889 0.0625 0.06805555555555555 0.06527777777777778 0.06388888888888888 0.06527777777777778 0.07013888888888889 0.06666666666666667 0.06319444444444444
0.059259259259259164 0.054497354497354406 0.06031746031746023 0.05873015873015868 0.05661375661375653 0.12804232804232793 0.06455026455026447 0.058201058201058115 0.0851851851851851 0.06878306878306871 0.06560846560846553 0.05185185185185177 0.06878306878306871 0.058730158730158646 0.06084656084656076
0.06209150326797373 0.062091503267973726 0.06209150326797373 0.06862745098039202 0.06928104575163387 0.062091503267973726 0.06470588235294103 0.06209150326797371 0.06601307189542471 0.06732026143790835 0.06535947712418289 0.07124183006535932 0.06732026143790834 0.06470588235294103 0.08496732026143776
0.058479532163742666 0.056725146198830415 0.09532163742690061 0.058479532163742666 0.05614035087719298 0.10994152046783623 0.0567251461988304 0.0567251461988304 0.058479532163742666 0.0590643274853801 0.0573099415204678 0.0543859649122807 0.05789473684210524 0.05614035087719296 0.10818713450292392
0.06527777777777778 0.06527777777777778 0.06458333333333334 0.06944444444444445 0.06458333333333334 0.06597222222222222 0.06805555555555555 0.06666666666666667 0.06736111111111111 0.06527777777777778 0.07222222222222222 0.06597222222222222 0.06597222222222222 0.06805555555555555 0.06527777777777778
0.05873015873015868 0.061375661375661285 0.05449735449735443 0.10899470899470888 0.06296296296296287 0.05661375661375653 0.09576719576719568 0.05291005291005283 0.058730158730158646 0.09206349206349199 0.059788359788359724 0.053439153439153377 0.06349206349206342 0.065079365079365 0.05555555555555548
0.06315789473684211 0.06725146198830403 0.06140350877192979 0.07251461988304088 0.06959064327485377 0.06491228070175437 0.07076023391812862 0.06432748538011696 0.0771929824561403 0.08187134502923975 0.06491228070175435 0.05964912280701752 0.05847953216374267 0.06432748538011696 0.05964912280701752
0.06666666666666655 0.06419753086419742 0.06481481481481469 0.07777777777777763 0.07592592592592581 0.06358024691358014 0.062345679012345556 0.06172839506172829 0.06296296296296286 0.07530864197530852 0.07777777777777764 0.06049382716049371 0.06172839506172829 0.06296296296296283 0.061728395061728274
0.06055555555555547 0.06499999999999993 0.06222222222222214 0.07555555555555543 0.06333333333333326 0.071111111111111 0.06666666666666658 0.0627777777777777 0.09333333333333325 0.06888888888888878 0.06611111111111102 0.05944444444444435 0.06555555555555546 0.05944444444444438 0.05999999999999991
0.07192982456140348 0.06198830409356726 0.06081871345029236 0.08304093567251448 0.07777777777777778 0.06315789473684208 0.06198830409356721 0.06900584795321629 0.0654970760233918 0.06959064327485377 0.06549707602339179 0.05964912280701756 0.06432748538011696 0.06842105263157895 0.057309941520467804
0.05603864734299526 0.054589371980676406 0.054106280193236794 0.06956521739130445 0.14975845410628014 0.05362318840579718 0.051207729468599125 0.07198067632850251 0.05748792270531411 0.10676328502415468 0.06183574879227062 0.051207729468599104 0.050241545893719874 0.06135265700483103 0.05024154589371988
0.08086419753086407 0.061728395061728274 0.06419753086419741 0.0944444444444443 0.06728395061728382 0.06296296296296283 0.06172839506172829 0.06728395061728383 0.06358024691358014 0.06543209876543199 0.06604938271604925 0.062345679012345556 0.06172839506172829 0.06172839506172829 0.05864197530864187
0.06842105263157891 0.06432748538011693 0.0660818713450292 0.06666666666666664 0.06666666666666662 0.06140350877192979 0.0690058479532163 0.07660818713450289 0.0637426900584795 0.06432748538011696 0.06783625730994146 0.0614035087719298 0.0608187134502924 0.06959064327485377 0.07309941520467834
0.06277777777777767 0.056666666666666574 0.06222222222222214 0.06499999999999992 0.05444444444444436 0.05833333333333324 0.06055555555555549 0.06111111111111103 0.07222222222222215 0.06111111111111103 0.09666666666666662 0.05444444444444436 0.10722222222222226 0.06444444444444436 0.06277777777777767
0.0594771241830064 0.05882352941176457 0.059477124183006415 0.16993464052287555 0.059477124183006415 0.06013071895424823 0.05882352941176457 0.059477124183006415 0.05882352941176457 0.059477124183006415 0.06013071895424823 0.05882352941176457 0.05882352941176457 0.0594771241830064 0.05882352941176457
0.06736111111111111 0.07430555555555556 0.06805555555555555 0.06736111111111111 0.06319444444444444 0.06458333333333334 0.06805555555555555 0.06527777777777778 0.06388888888888888 0.06458333333333334 0.06805555555555555 0.06527777777777778 0.06875 0.06458333333333334 0.06666666666666667
0.09722222222222208 0.053333333333333253 0.05277777777777769 0.17055555555555554 0.052222222222222135 0.09444444444444433 0.053333333333333253 0.05499999999999991 0.05166666666666658 0.05166666666666658 0.05166666666666659 0.05277777777777769 0.05611111111111101 0.0538888888888888 0.053333333333333253
0.057222222222222126 0.052222222222222135 0.053888888888888806 0.15777777777777782 0.058888888888888796 0.1300000000000001 0.05666666666666658 0.053333333333333253 0.053333333333333253 0.05333333333333324 0.05166666666666658 0.05277777777777769 0.05722222222222212 0.053333333333333253 0.058333333333333244
0.06405228758169922 0.062091503267973726 0.06666666666666654 0.12287581699346384 0.06274509803921555 0.0633986928104574 0.06078431372549007 0.06078431372549007 0.06078431372549007 0.06666666666666651 0.06339869281045739 0.06274509803921556 0.0614379084967319 0.062091503267973726 0.059477124183006415
0.07516339869281033 0.0653594771241829 0.06601307189542471 0.06470588235294104 0.07647058823529398 0.0614379084967319 0.0679738562091502 0.06470588235294104 0.06535947712418289 0.0640522875816992 0.06732026143790838 0.06470588235294103 0.06928104575163387 0.06535947712418286 0.062091503267973726
0.06296296296296287 0.06402116402116394 0.06084656084656077 0.061375661375661306 0.15555555555555536 0.051851851851851774 0.056084656084656015 0.056084656084656 0.06455026455026451 0.05661375661375654 0.05767195767195758 0.0539682539682539 0.06613756613756604 0.07301587301587292 0.059259259259259164
0.05438596491228069 0.057309941520467846 0.05555555555555554 0.20935672514619885 0.055555555555555546 0.05497076023391814 0.05730994152046782 0.05964912280701749 0.05730994152046782 0.056725146198830415 0.05555555555555554 0.0543859649122807 0.05555555555555554 0.05730994152046782 0.05906432748538011
0.06333333333333324 0.0677777777777777 0.056666666666666574 0.1338888888888889 0.058888888888888796 0.059444444444444335 0.06722222222222214 0.06111111111111103 0.05555555555555547 0.06333333333333326 0.058333333333333244 0.05777777777777769 0.0638888888888888 0.07277777777777766 0.05999999999999993
0.06470588235294106 0.06535947712418287 0.06732026143790837 0.06601307189542473 0.06470588235294104 0.06535947712418289 0.06993464052287568 0.06928104575163384 0.07124183006535934 0.0660130718954247 0.06732026143790835 0.06470588235294104 0.06862745098039201 0.06535947712418287 0.06405228758169922
0.06209150326797373 0.061437908496731884 0.07124183006535938 0.11307189542483635 0.06078431372549007 0.059477124183006415 0.0614379084967319 0.060784313725490056 0.0614379084967319 0.06339869281045737 0.08169934640522858 0.06078431372549007 0.0614379084967319 0.0614379084967319 0.0594771241830064
0.06736111111111111 0.06736111111111111 0.06319444444444444 0.06597222222222222 0.07013888888888889 0.06527777777777778 0.06597222222222222 0.06458333333333334 0.06597222222222222 0.06944444444444445 0.06805555555555555 0.06597222222222222 0.06666666666666667 0.07013888888888889 0.06388888888888888
0.06013071895424824 0.0594771241830064 0.0594771241830064 0.06274509803921557 0.05882352941176457 0.06013071895424824 0.0594771241830064 0.05882352941176457 0.062091503267973726 0.15947712418300627 0.060784313725490056 0.05882352941176457 0.0594771241830064 0.0594771241830064 0.060784313725490056
0.0625 0.06319444444444444 0.06319444444444444 0.0625 0.06388888888888888 0.0625 0.0625 0.11458333333333333 0.0625 0.06527777777777778 0.06319444444444444 0.06388888888888888 0.06388888888888888 0.06388888888888888 0.0625
0.060233918128654966 0.06315789473684205 0.054970760233918115 0.09005847953216378 0.05730994152046782 0.06842105263157892 0.06432748538011693 0.1263157894736841 0.059649122807017514 0.05789473684210525 0.05789473684210524 0.05906432748538009 0.06140350877192979 0.0608187134502924 0.05847953216374267
0.05789473684210525 0.057309941520467866 0.0549707602339181 0.056725146198830394 0.05906432748538011 0.05672514619883039 0.06315789473684205 0.18245614035087712 0.0590643274853801 0.0567251461988304 0.05847953216374267 0.05847953216374267 0.0666666666666666 0.05614035087719297 0.05614035087719298
0.06722222222222213 0.058333333333333244 0.06055555555555547 0.06388888888888879 0.11222222222222214 0.05777777777777768 0.05777777777777771 0.05444444444444436 0.05777777777777769 0.058333333333333244 0.06222222222222213 0.053333333333333253 0.11611111111111107 0.05888888888888881 0.06111111111111101
0.06597222222222222 0.06805555555555555 0.06458333333333334 0.06875 0.06805555555555555 0.07361111111111111 0.06597222222222222 0.06736111111111111 0.06458333333333334 0.07152777777777777 0.06458333333333334 0.06388888888888888 0.06388888888888888 0.06388888888888888 0.06527777777777778
0.05497076023391813 0.06081871345029242 0.05380116959064327 0.05555555555555554 0.05438596491228072 0.13801169590643256 0.05555555555555555 0.104093567251462 0.056725146198830394 0.09766081871345032 0.054970760233918115 0.053801169590643266 0.053801169590643266 0.052631578947368425 0.05321637426900585
0.07013888888888889 0.06597222222222222 0.06805555555555555 0.06527777777777778 0.06527777777777778 0.06597222222222222 0.06875 0.07152777777777777 0.06458333333333334 0.06527777777777778 0.06527777777777778 0.06597222222222222 0.06527777777777778 0.06597222222222222 0.06666666666666667
0.06049382716049372 0.05679012345679002 0.059876543209876426 0.061728395061728294 0.06172839506172827 0.06111111111111099 0.06111111111111101 0.11296296296296274 0.1018518518518517 0.06296296296296283 0.06049382716049371 0.06296296296296285 0.05925925925925915 0.05802469135802457 0.05864197530864187
0.053030303030303066 0.05151515151515155 0.05050505050505051 0.04747474747474746 0.09343434343434344 0.04949494949494951 0.04949494949494951 0.2494949494949494 0.054545454545454564 0.052020202020202036 0.0545454545454546 0.04595959595959594 0.053030303030303025 0.04898989898989898 0.04646464646464645
0.06013071895424824 0.059477124183006415 0.05882352941176457 0.06013071895424823 0.1117647058823527 0.0594771241830064 0.05882352941176457 0.11503267973856184 0.05882352941176457 0.06013071895424823 0.06013071895424823 0.05882352941176457 0.06013071895424824 0.0594771241830064 0.05882352941176457
0.06666666666666667 0.06666666666666667 0.07430555555555556 0.06319444444444444 0.06388888888888888 0.0625 0.06319444444444444 0.06319444444444444 0.06527777777777778 0.06597222222222222 0.09097222222222222 0.06319444444444444 0.06319444444444444 0.06458333333333334 0.06319444444444444
0.06597222222222222 0.06944444444444445 0.06388888888888888 0.06875 0.06388888888888888 0.07916666666666666 0.06527777777777778 0.06388888888888888 0.06597222222222222 0.06458333333333334 0.06527777777777778 0.06597222222222222 0.06597222222222222 0.06527777777777778 0.06666666666666667
0.0614379084967319 0.07843137254901945 0.06535947712418287 0.061437908496731884 0.06013071895424824 0.07058823529411751 0.062091503267973726 0.061437908496731905 0.11111111111111087 0.0614379084967319 0.0614379084967319 0.0594771241830064 0.06274509803921555 0.06078431372549007 0.062091503267973726
0.06405228758169922 0.07189542483660116 0.061437908496731884 0.06928104575163385 0.06470588235294104 0.09738562091503249 0.06274509803921555 0.062091503267973726 0.06405228758169922 0.06405228758169922 0.06339869281045737 0.06209150326797373 0.06862745098039201 0.0614379084967319 0.06274509803921555
0.06274509803921555 0.07385620915032666 0.062091503267973726 0.09999999999999983 0.06209150326797373 0.06274509803921555 0.06470588235294106 0.06470588235294103 0.06601307189542469 0.06470588235294104 0.0614379084967319 0.0614379084967319 0.06405228758169922 0.06535947712418286 0.0640522875816992
0.06319444444444444 0.06875 0.06319444444444444 0.09444444444444444 0.06527777777777778 0.06527777777777778 0.06527777777777778 0.06388888888888888 0.06597222222222222 0.06666666666666667 0.06388888888888888 0.0625 0.06388888888888888 0.06319444444444444 0.06458333333333334
0.0640522875816992 0.06013071895424823 0.06209150326797373 0.06209150326797371 0.12549019607843115 0.06339869281045737 0.05882352941176457 0.06013071895424824 0.06535947712418287 0.06601307189542471 0.06405228758169922 0.062091503267973726 0.0614379084967319 0.06339869281045737 0.061437908496731905
0.06388888888888888 0.0625 0.06458333333333334 0.06388888888888888 0.06319444444444444 0.0625 0.06319444444444444 0.06319444444444444 0.06805555555555555 0.06388888888888888 0.10347222222222222 0.0625 0.06458333333333334 0.06736111111111111 0.06319444444444444
0.062091503267973726 0.0614379084967319 0.06339869281045737 0.0679738562091502 0.0614379084967319 0.06274509803921556 0.06274509803921555 0.0614379084967319 0.06274509803921555 0.06470588235294104 0.06209150326797373 0.06274509803921555 0.062091503267973726 0.06535947712418287 0.11699346405228736
0.06549707602339176 0.05847953216374267 0.09707602339181289 0.06315789473684208 0.06374269005847952 0.058479532163742666 0.10409356725146193 0.053801169590643266 0.060818713450292376 0.05614035087719298 0.0614035087719298 0.056725146198830415 0.06783625730994151 0.06725146198830408 0.06549707602339178
0.059649122807017514 0.06140350877192982 0.05847953216374269 0.0637426900584795 0.061403508771929814 0.05789473684210526 0.06783625730994146 0.11403508771929817 0.06608187134502923 0.06257309941520466 0.0660818713450292 0.05964912280701754 0.06374269005847948 0.06783625730994154 0.06959064327485379
0.04927536231884065 0.05410628019323679 0.10869565217391303 0.04782608695652181 0.0570048309178745 0.05169082125603873 0.1758454106280193 0.05265700483091795 0.05458937198067641 0.05072463768115951 0.05362318840579721 0.04975845410628028 0.07922705314009672 0.06086956521739142 0.054106280193236794
0.06374269005847952 0.058479532163742666 0.05847953216374269 0.060233918128654945 0.05906432748538009 0.05614035087719296 0.16081871345029217 0.05730994152046784 0.06081871345029239 0.05906432748538009 0.06257309941520466 0.0567251461988304 0.06725146198830408 0.05964912280701752 0.059649122807017514
0.05999999999999991 0.0627777777777777 0.06611111111111101 0.06111111111111102 0.06111111111111104 0.05611111111111103 0.11777777777777776 0.05833333333333324 0.062222222222222116 0.06222222222222215 0.07333333333333326 0.05888888888888879 0.059999999999999935 0.07388888888888881 0.06611111111111102
0.06315789473684205 0.058479532163742666 0.09941520467836255 0.06725146198830403 0.060233918128654966 0.06315789473684208 0.0654970760233918 0.059064327485380076 0.06374269005847952 0.0637426900584795 0.06900584795321636 0.061988304093567245 0.07426900584795318 0.06959064327485377 0.061403508771929786
0.05925925925925915 0.06728395061728384 0.09197530864197516 0.06419753086419742 0.06296296296296286 0.061728395061728274 0.06296296296296286 0.06296296296296283 0.058024691358024585 0.05925925925925915 0.06666666666666653 0.08024691358024677 0.06728395061728384 0.0685185185185184 0.06666666666666655
0.06198830409356721 0.06257309941520463 0.0637426900584795 0.06959064327485377 0.059649122807017514 0.061988304093567224 0.0637426900584795 0.060818713450292376 0.0590643274853801 0.06900584795321635 0.0590643274853801 0.06023391812865496 0.060233918128654966 0.06666666666666668 0.12163742690058472
0.06013071895424824 0.061437908496731905 0.062091503267973726 0.06862745098039202 0.06013071895424824 0.06797385620915021 0.06601307189542469 0.06732026143790837 0.06274509803921555 0.0660130718954247 0.06274509803921555 0.06666666666666653 0.06666666666666654 0.06470588235294104 0.09673202614379069
0.06078431372549007 0.06013071895424824 0.07189542483660118 0.06339869281045737 0.059477124183006415 0.11699346405228744 0.07581699346405212 0.05882352941176457 0.059477124183006415 0.06013071895424824 0.06013071895424823 0.05882352941176457 0.06274509803921555 0.06797385620915021 0.06339869281045737
0.062091503267973726 0.06209150326797373 0.07450980392156849 0.06405228758169922 0.05882352941176457 0.08039215686274497 0.08104575163398679 0.06666666666666654 0.0614379084967319 0.062091503267973726 0.062091503267973726 0.06013071895424824 0.06274509803921555 0.07320261437908485 0.06862745098039201
0.06319444444444444 0.06319444444444444 0.07291666666666667 0.06388888888888888 0.0625 0.08402777777777778 0.0763888888888889 0.06388888888888888 0.06319444444444444 0.06319444444444444 0.06319444444444444 0.0625 0.06388888888888888 0.07013888888888889 0.06388888888888888
0.055555555555555476 0.06111111111111101 0.10722222222222212 0.05944444444444437 0.05444444444444436 0.07444444444444437 0.07888888888888886 0.08222222222222211 0.0549999999999999 0.05777777777777769 0.05777777777777768 0.06944444444444432 0.05777777777777769 0.06444444444444436 0.06444444444444433
0.060233918128654945 0.05789473684210527 0.06900584795321628 0.0573099415204678 0.05614035087719296 0.07485380116959052 0.08011695906432756 0.11988304093567241 0.058479532163742666 0.05906432748538011 0.06023391812865492 0.05555555555555555 0.05906432748538012 0.06491228070175432 0.06725146198830408
0.0707602339181286 0.08830409356725145 0.05789473684210525 0.057309941520467804 0.07076023391812858 0.056725146198830394 0.0608187134502924 0.1076023391812865 0.06315789473684219 0.06374269005847953 0.060233918128654994 0.05847953216374267 0.05555555555555555 0.05847953216374265 0.0701754385964912
0.058333333333333265 0.05999999999999993 0.06944444444444435 0.06055555555555546 0.05888888888888881 0.0727777777777777 0.09555555555555553 0.07388888888888878 0.06499999999999989 0.06333333333333326 0.06277777777777768 0.05888888888888881 0.06611111111111101 0.06555555555555549 0.06888888888888879
0.059259259259259255 0.04999999999999998 0.0592592592592593 0.05555555555555557 0.0513888888888889 0.0574074074074074 0.06666666666666668 0.11435185185185187 0.056481481481481466 0.058333333333333355 0.05462962962962965 0.05046296296296296 0.05370370370370371 0.056481481481481514 0.15601851851851856
0.06535947712418289 0.0614379084967319 0.061437908496731884 0.06470588235294103 0.06274509803921555 0.06470588235294106 0.06666666666666654 0.10457516339869266 0.06339869281045737 0.06339869281045737 0.060784313725490056 0.06209150326797373 0.06470588235294104 0.06339869281045737 0.0705882352941175
0.05380116959064327 0.06491228070175438 0.05789473684210522 0.053801169590643294 0.05497076023391813 0.13976608187134482 0.056725146198830394 0.052631578947368425 0.05555555555555555 0.05321637426900586 0.06959064327485373 0.05380116959064329 0.08362573099415209 0.09415204678362576 0.055555555555555546
0.06081871345029237 0.06491228070175441 0.06198830409356721 0.0608187134502924 0.06491228070175435 0.06432748538011698 0.06140350877192979 0.06257309941520466 0.06725146198830406 0.06549707602339175 0.06315789473684208 0.061403508771929814 0.075438596491228 0.10467836257309938 0.06081871345029237
0.06339869281045737 0.0640522875816992 0.06601307189542469 0.0614379084967319 0.06209150326797373 0.06470588235294104 0.06339869281045737 0.0614379084967319 0.06666666666666653 0.0660130718954247 0.06339869281045739 0.06470588235294104 0.06405228758169922 0.10784313725490176 0.06078431372549007
0.0625 0.06527777777777778 0.06597222222222222 0.06319444444444444 0.06666666666666667 0.0625 0.06388888888888888 0.06666666666666667 0.07083333333333333 0.08680555555555555 0.06458333333333334 0.06388888888888888 0.06597222222222222 0.06458333333333334 0.06666666666666667
0.061111111111111005 0.06296296296296285 0.061111111111111005 0.05740740740740729 0.05925925925925915 0.06481481481481469 0.058024691358024585 0.05802469135802457 0.06049382716049372 0.15432098765432073 0.05740740740740729 0.06111111111111101 0.059876543209876426 0.05925925925925914 0.06481481481481469
0.0640522875816992 0.08039215686274495 0.0660130718954247 0.06339869281045739 0.06666666666666651 0.06209150326797373 0.0614379084967319 0.06535947712418286 0.06470588235294103 0.061437908496731884 0.07516339869281032 0.06013071895424824 0.08366013071895413 0.06274509803921555 0.06274509803921555
0.06597222222222222 0.07361111111111111 0.06527777777777778 0.06805555555555555 0.06875 0.06319444444444444 0.06736111111111111 0.07083333333333333 0.06597222222222222 0.06944444444444445 0.06458333333333334 0.06597222222222222 0.06319444444444444 0.06319444444444444 0.06458333333333334
0.06339869281045739 0.062091503267973726 0.06274509803921555 0.06209150326797373 0.06013071895424824 0.06209150326797373 0.062091503267973726 0.06535947712418286 0.07189542483660118 0.06405228758169922 0.10065359477124165 0.06274509803921555 0.07124183006535935 0.06797385620915017 0.0614379084967319
0.06049382716049371 0.15555555555555534 0.05617283950617273 0.05802469135802457 0.06234567901234556 0.05617283950617273 0.0574074074074073 0.0574074074074073 0.08703703703703689 0.05740740740740729 0.06049382716049371 0.05679012345679001 0.05802469135802457 0.0604938271604937 0.05617283950617273
0.07013888888888889 0.06458333333333334 0.07708333333333334 0.06597222222222222 0.06666666666666667 0.06319444444444444 0.06527777777777778 0.06388888888888888 0.07291666666666667 0.06458333333333334 0.06875 0.06388888888888888 0.06388888888888888 0.06597222222222222 0.06319444444444444
0.061111111111110984 0.06234567901234556 0.06604938271604925 0.09012345679012333 0.06604938271604927 0.061111111111111005 0.05925925925925915 0.10555555555555536 0.06111111111111099 0.06296296296296283 0.059876543209876426 0.06172839506172829 0.059876543209876426 0.06296296296296286 0.059876543209876426
0.07469135802469123 0.0839506172839505 0.06543209876543198 0.06481481481481469 0.07345679012345664 0.06172839506172829 0.061728395061728294 0.07098765432098753 0.06419753086419741 0.06481481481481469 0.06296296296296283 0.061728395061728294 0.06419753086419741 0.06419753086419741 0.06111111111111099
0.05314009661835758 0.08115942028985519 0.11352657004830922 0.08550724637681166 0.06328502415458946 0.04975845410628026 0.05362318840579717 0.1086956521739131 0.05603864734299526 0.058937198067632965 0.05362318840579719 0.06618357487922716 0.05507246376811602 0.053140096618357564 0.04830917874396142
0.06805555555555555 0.07222222222222222 0.06666666666666667 0.06597222222222222 0.06666666666666667 0.06597222222222222 0.06458333333333334 0.06736111111111111 0.06597222222222222 0.06458333333333334 0.06805555555555555 0.06597222222222222 0.06597222222222222 0.06666666666666667 0.06527777777777778
