0.05882352941176457 0.08366013071895408 0.10718954248365993 0.05882352941176457 0.06013071895424823 0.0594771241830064 0.07385620915032666 0.06601307189542469 0.07058823529411752 0.06013071895424824 0.06078431372549007 0.059477124183006415 0.06078431372549007 0.0594771241830064 0.06078431372549007
0.07361111111111111 0.06875 0.075 0.0625 0.06527777777777778 0.0625 0.06597222222222222 0.06597222222222222 0.06736111111111111 0.06736111111111111 0.06527777777777778 0.06527777777777778 0.06458333333333334 0.06597222222222222 0.06458333333333334
0.04920634920634914 0.0693121693121692 0.07195767195767187 0.04814814814814808 0.05132275132275124 0.04814814814814808 0.058730158730158646 0.053968253968253894 0.1677248677248675 0.09894179894179894 0.05026455026455019 0.050264550264550185 0.07883597883597875 0.05132275132275124 0.05185185185185179
0.050264550264550185 0.05661375661375653 0.05396825396825389 0.05132275132275124 0.05343915343915337 0.051851851851851774 0.056084656084656 0.052380952380952306 0.05238095238095229 0.05132275132275125 0.04920634920634913 0.05291005291005283 0.057142857142857065 0.05026455026455019 0.2608465608465605
0.06458333333333334 0.0625 0.06458333333333334 0.06388888888888888 0.06458333333333334 0.0625 0.06388888888888888 0.0625 0.06319444444444444 0.09930555555555555 0.06388888888888888 0.07361111111111111 0.06458333333333334 0.06319444444444444 0.06319444444444444
0.06078431372549007 0.06339869281045739 0.0745098039215685 0.06274509803921556 0.06666666666666651 0.06470588235294103 0.062091503267973726 0.07320261437908482 0.06339869281045737 0.06797385620915018 0.06339869281045739 0.0653594771241829 0.07516339869281032 0.06470588235294103 0.07189542483660118
0.05679012345679001 0.059876543209876426 0.05679012345679001 0.06049382716049371 0.19135802469135774 0.05740740740740729 0.05802469135802457 0.05679012345679002 0.05679012345679002 0.05802469135802457 0.05802469135802457 0.058024691358024585 0.05802469135802457 0.05740740740740729 0.05617283950617273
0.05740740740740729 0.08456790123456775 0.05802469135802457 0.05555555555555545 0.1611111111111109 0.05617283950617273 0.06419753086419741 0.05555555555555545 0.06604938271604928 0.05679012345679002 0.05679012345679001 0.058024691358024585 0.05679012345679001 0.05555555555555545 0.05740740740740729
0.05707070707070709 0.10303030303030308 0.05404040404040408 0.04848484848484849 0.058080808080808115 0.05000000000000002 0.07575757575757586 0.09090909090909097 0.07777777777777786 0.05959595959595968 0.05050505050505052 0.05252525252525254 0.053535353535353575 0.11565656565656572 0.05303030303030306
0.06209150326797371 0.06732026143790837 0.0660130718954247 0.05882352941176457 0.07450980392156846 0.06078431372549007 0.09084967320261424 0.072549019607843 0.06274509803921556 0.06405228758169922 0.0640522875816992 0.06405228758169922 0.06405228758169922 0.06339869281045739 0.06470588235294103
0.06013071895424824 0.09215686274509789 0.06928104575163385 0.06666666666666654 0.0640522875816992 0.0614379084967319 0.07058823529411752 0.06405228758169922 0.07385620915032666 0.06405228758169922 0.06013071895424823 0.06405228758169922 0.0660130718954247 0.06274509803921556 0.06078431372549007
0.06049382716049371 0.0888888888888888 0.06111111111111099 0.05864197530864187 0.061111111111111005 0.06543209876543199 0.07283950617283938 0.05864197530864187 0.0839506172839505 0.06296296296296286 0.07469135802469123 0.06111111111111099 0.06234567901234558 0.06604938271604928 0.061728395061728274
0.05555555555555545 0.05617283950617273 0.05555555555555545 0.05555555555555545 0.05555555555555545 0.21790123456790084 0.05679012345679001 0.05617283950617273 0.05555555555555545 0.05555555555555545 0.05555555555555545 0.05617283950617273 0.05617283950617273 0.05617283950617273 0.05555555555555545
0.13216374269005834 0.0631578947368421 0.06140350877192979 0.054970760233918115 0.06257309941520468 0.06374269005847949 0.060818713450292376 0.05730994152046782 0.055555555555555525 0.06198830409356721 0.060233918128654924 0.06198830409356726 0.061988304093567224 0.08187134502923975 0.060233918128654924
0.0538888888888888 0.0549999999999999 0.05333333333333323 0.05111111111111103 0.21722222222222198 0.05444444444444436 0.0527777777777777 0.09111111111111105 0.04999999999999991 0.053888888888888785 0.052222222222222135 0.05499999999999991 0.05444444444444436 0.0527777777777777 0.05277777777777769
0.0625 0.07777777777777778 0.06388888888888888 0.0625 0.06736111111111111 0.0625 0.06458333333333334 0.06319444444444444 0.0625 0.07013888888888889 0.0625 0.09097222222222222 0.0625 0.06388888888888888 0.06319444444444444
0.0594771241830064 0.0594771241830064 0.060784313725490056 0.06078431372549007 0.0640522875816992 0.11895424836601283 0.059477124183006415 0.06013071895424824 0.0594771241830064 0.060784313725490056 0.059477124183006415 0.06339869281045739 0.0862745098039214 0.06013071895424823 0.06732026143790838
0.11045751633986907 0.05882352941176457 0.0594771241830064 0.11633986928104549 0.0594771241830064 0.059477124183006415 0.059477124183006415 0.0594771241830064 0.06078431372549007 0.06078431372549007 0.05882352941176457 0.0594771241830064 0.05882352941176457 0.05882352941176457 0.059477124183006415
0.06388888888888888 0.06319444444444444 0.06319444444444444 0.0625 0.07013888888888889 0.06458333333333334 0.06458333333333334 0.06458333333333334 0.06527777777777778 0.06319444444444444 0.06319444444444444 0.06319444444444444 0.06458333333333334 0.06458333333333334 0.09930555555555555
0.059477124183006415 0.05882352941176457 0.05882352941176457 0.11568627450980366 0.05882352941176457 0.05882352941176457 0.05882352941176457 0.0594771241830064 0.05882352941176457 0.05882352941176457 0.11699346405228732 0.05882352941176457 0.05882352941176457 0.0594771241830064 0.0594771241830064
0.06013071895424824 0.0862745098039214 0.0614379084967319 0.05882352941176457 0.06078431372549007 0.05882352941176457 0.07450980392156849 0.059477124183006415 0.07058823529411752 0.059477124183006415 0.10849673202614356 0.0594771241830064 0.0614379084967319 0.05882352941176457 0.0614379084967319
0.05925925925925916 0.08580246913580233 0.061728395061728274 0.06234567901234558 0.06234567901234555 0.059876543209876426 0.07283950617283938 0.08456790123456777 0.07160493827160481 0.06543209876543199 0.062345679012345556 0.06604938271604927 0.06358024691358014 0.06049382716049371 0.061728395061728294
0.06339869281045739 0.06274509803921555 0.06339869281045737 0.059477124183006415 0.12418300653594745 0.059477124183006415 0.060784313725490056 0.0614379084967319 0.06013071895424824 0.0653594771241829 0.06078431372549007 0.062091503267973726 0.06339869281045737 0.06732026143790835 0.0660130718954247
0.05882352941176457 0.05882352941176457 0.05882352941176457 0.05882352941176457 0.05882352941176457 0.06013071895424823 0.05882352941176457 0.05882352941176457 0.05882352941176457 0.05882352941176457 0.1732026143790847 0.0594771241830064 0.05882352941176457 0.0594771241830064 0.0594771241830064
0.0625 0.06319444444444444 0.0625 0.0625 0.06319444444444444 0.06319444444444444 0.0625 0.06319444444444444 0.0625 0.06319444444444444 0.06319444444444444 0.0625 0.06319444444444444 0.0625 0.12013888888888889
0.06535947712418289 0.07124183006535934 0.08039215686274495 0.06013071895424824 0.06666666666666654 0.06862745098039204 0.06797385620915018 0.06666666666666655 0.062091503267973726 0.07124183006535935 0.0614379084967319 0.0614379084967319 0.06732026143790837 0.06209150326797373 0.06732026143790835
0.06458333333333334 0.07708333333333334 0.06597222222222222 0.0625 0.06666666666666667 0.0625 0.06875 0.06944444444444445 0.06527777777777778 0.06736111111111111 0.06597222222222222 0.06666666666666667 0.06527777777777778 0.06597222222222222 0.06597222222222222
0.06732026143790837 0.0653594771241829 0.07450980392156847 0.06078431372549007 0.06470588235294104 0.06339869281045739 0.06274509803921556 0.06862745098039202 0.0640522875816992 0.0660130718954247 0.07450980392156847 0.06535947712418287 0.07124183006535935 0.0679738562091502 0.06339869281045739
0.0625 0.06319444444444444 0.11319444444444444 0.0625 0.06388888888888888 0.06319444444444444 0.0625 0.07013888888888889 0.0625 0.0625 0.0625 0.0625 0.06319444444444444 0.06319444444444444 0.0625
0.061403508771929814 0.0567251461988304 0.05497076023391814 0.053801169590643266 0.053801169590643266 0.10116959064327478 0.05847953216374269 0.055555555555555546 0.05789473684210525 0.06549707602339178 0.052631578947368425 0.055555555555555546 0.05964912280701757 0.15555555555555525 0.057309941520467804
0.06913580246913568 0.0648148148148147 0.059876543209876426 0.061111111111110984 0.061111111111111005 0.05925925925925916 0.06419753086419741 0.06234567901234556 0.09320987654320974 0.06419753086419741 0.05925925925925915 0.08456790123456778 0.06666666666666655 0.06543209876543199 0.06481481481481469
0.06274509803921555 0.06078431372549007 0.06274509803921555 0.06209150326797371 0.06535947712418286 0.0614379084967319 0.06470588235294104 0.11503267973856188 0.059477124183006415 0.06339869281045737 0.06339869281045739 0.06274509803921555 0.06732026143790838 0.06535947712418287 0.06339869281045737
0.06666666666666667 0.06805555555555555 0.07291666666666667 0.06319444444444444 0.06319444444444444 0.0625 0.06597222222222222 0.06666666666666667 0.06319444444444444 0.06666666666666667 0.06388888888888888 0.07777777777777778 0.06944444444444445 0.06597222222222222 0.06388888888888888
0.06274509803921555 0.0679738562091502 0.0614379084967319 0.06013071895424824 0.06339869281045739 0.06666666666666654 0.0660130718954247 0.09934640522875801 0.06078431372549007 0.06535947712418287 0.062091503267973726 0.062091503267973726 0.06470588235294104 0.07647058823529396 0.06078431372549007
0.059876543209876426 0.06296296296296285 0.05925925925925915 0.05740740740740729 0.06419753086419742 0.05987654320987642 0.0938271604938271 0.10432098765432084 0.05925925925925915 0.06358024691358014 0.05864197530864187 0.05802469135802457 0.06728395061728383 0.06728395061728383 0.06419753086419744
0.06319444444444444 0.06527777777777778 0.06666666666666667 0.06319444444444444 0.06527777777777778 0.06597222222222222 0.08055555555555556 0.06875 0.06527777777777778 0.06805555555555555 0.06319444444444444 0.06597222222222222 0.06597222222222222 0.06527777777777778 0.06736111111111111
0.08555555555555552 0.07777777777777775 0.06111111111111102 0.05222222222222214 0.058333333333333244 0.05833333333333325 0.09333333333333334 0.07388888888888881 0.053333333333333253 0.10166666666666675 0.05666666666666658 0.05333333333333324 0.058333333333333244 0.05777777777777769 0.058333333333333244
0.06543209876543198 0.06666666666666654 0.07160493827160483 0.06049382716049371 0.0691358024691357 0.06666666666666655 0.07037037037037026 0.06666666666666654 0.06419753086419741 0.07160493827160481 0.06234567901234556 0.06666666666666655 0.06790123456790112 0.06358024691358014 0.06666666666666655
0.0625 0.0625 0.06388888888888888 0.06319444444444444 0.12152777777777778 0.0625 0.06319444444444444 0.0625 0.0625 0.0625 0.0625 0.0625 0.0625 0.0625 0.06319444444444444
0.050793650793650724 0.04867724867724859 0.04920634920634914 0.14550264550264538 0.04920634920634913 0.051322751322751256 0.048677248677248604 0.05026455026455019 0.04920634920634913 0.053968253968253894 0.04761904761904755 0.04814814814814808 0.04920634920634914 0.07989417989417978 0.17830687830687808
0.07354497354497347 0.058730158730158646 0.053439153439153356 0.05132275132275125 0.05767195767195758 0.057142857142857065 0.05714285714285705 0.057671957671957604 0.05449735449735443 0.06402116402116395 0.05132275132275124 0.05291005291005284 0.05555555555555547 0.08941798941798935 0.16560846560846537
0.05277777777777769 0.04999999999999991 0.08777777777777764 0.04999999999999991 0.05111111111111103 0.05277777777777769 0.05333333333333324 0.05666666666666655 0.1461111111111113 0.06111111111111104 0.09999999999999984 0.050555555555555465 0.05166666666666658 0.08444444444444431 0.05166666666666658
0.0625 0.0625 0.0625 0.0625 0.12291666666666666 0.0625 0.0625 0.06319444444444444 0.0625 0.06319444444444444 0.0625 0.0625 0.0625 0.0625 0.06319444444444444
0.054106280193236794 0.06425120772946871 0.04637681159420299 0.0434782608695653 0.10193236714975862 0.054106280193236794 0.0743961352657006 0.1357487922705314 0.14975845410628025 0.052173913043478355 0.0434782608695653 0.04492753623188413 0.04541062801932375 0.04396135265700491 0.045893719806763364
0.06818181818181822 0.051010101010101026 0.08989898989899 0.14292929292929307 0.05555555555555561 0.05151515151515154 0.05303030303030306 0.05303030303030306 0.054040404040404076 0.10959595959595957 0.05000000000000002 0.05656565656565663 0.04949494949494951 0.06060606060606072 0.054545454545454584
0.12222222222222202 0.05864197530864187 0.08024691358024677 0.05617283950617273 0.05740740740740729 0.05617283950617273 0.05925925925925915 0.059876543209876426 0.058024691358024585 0.09074074074074065 0.05617283950617273 0.058641975308641854 0.06728395061728383 0.06049382716049371 0.058641975308641854
0.06319444444444444 0.0625 0.08125 0.06319444444444444 0.06319444444444444 0.0625 0.0625 0.06319444444444444 0.06319444444444444 0.08888888888888889 0.0625 0.06319444444444444 0.07291666666666667 0.06458333333333334 0.06319444444444444
0.06666666666666667 0.06319444444444444 0.0625 0.0625 0.0625 0.06388888888888888 0.06319444444444444 0.06736111111111111 0.06319444444444444 0.07013888888888889 0.06319444444444444 0.06319444444444444 0.0625 0.10277777777777777 0.06319444444444444
0.07152777777777777 0.06875 0.06458333333333334 0.06458333333333334 0.07013888888888889 0.06805555555555555 0.06388888888888888 0.06805555555555555 0.06458333333333334 0.06597222222222222 0.06805555555555555 0.06388888888888888 0.06666666666666667 0.06458333333333334 0.06666666666666667
0.06805555555555555 0.06527777777777778 0.06736111111111111 0.06527777777777778 0.06388888888888888 0.06527777777777778 0.06666666666666667 0.07013888888888889 0.06319444444444444 0.06805555555555555 0.06527777777777778 0.06458333333333334 0.07013888888888889 0.07152777777777777 0.06527777777777778
0.06358024691358014 0.06172839506172829 0.09074074074074062 0.061111111111110984 0.06543209876543199 0.06172839506172829 0.06790123456790112 0.06296296296296285 0.05987654320987642 0.08580246913580235 0.06666666666666654 0.05740740740740729 0.06975308641975296 0.06419753086419742 0.061111111111111005
0.06274509803921555 0.06470588235294103 0.0862745098039214 0.059477124183006415 0.07189542483660118 0.06274509803921555 0.06666666666666655 0.06339869281045737 0.06078431372549007 0.08823529411764691 0.0614379084967319 0.062091503267973726 0.06862745098039202 0.0614379084967319 0.0594771241830064
0.056666666666666574 0.07444444444444434 0.05388888888888881 0.05166666666666658 0.05555555555555548 0.05222222222222213 0.06611111111111101 0.05499999999999991 0.0638888888888888 0.0577777777777777 0.05333333333333324 0.0538888888888888 0.05333333333333324 0.19444444444444428 0.05777777777777769
0.06736111111111111 0.06736111111111111 0.06597222222222222 0.06527777777777778 0.06597222222222222 0.06319444444444444 0.06319444444444444 0.07083333333333333 0.06458333333333334 0.07152777777777777 0.06666666666666667 0.06527777777777778 0.06875 0.06805555555555555 0.06597222222222222
0.06736111111111111 0.0625 0.0625 0.0625 0.06319444444444444 0.06527777777777778 0.06388888888888888 0.06458333333333334 0.0625 0.07430555555555556 0.0625 0.0625 0.0625 0.10069444444444445 0.06319444444444444
0.05882352941176457 0.059477124183006415 0.06078431372549007 0.05882352941176457 0.06013071895424824 0.0594771241830064 0.0594771241830064 0.059477124183006415 0.05882352941176457 0.05882352941176457 0.0594771241830064 0.05882352941176457 0.0594771241830064 0.0594771241830064 0.1686274509803919
0.07602339181286542 0.08654970760233917 0.07426900584795318 0.05380116959064327 0.056725146198830366 0.05730994152046784 0.05906432748538011 0.05789473684210522 0.05614035087719296 0.10584795321637418 0.05555555555555554 0.08304093567251457 0.0660818713450292 0.05730994152046784 0.0543859649122807
0.0625 0.08819444444444445 0.06527777777777778 0.0625 0.06527777777777778 0.0625 0.08055555555555556 0.0625 0.07222222222222222 0.06388888888888888 0.0625 0.06319444444444444 0.06319444444444444 0.0625 0.06319444444444444
0.05802469135802457 0.05679012345679002 0.1104938271604937 0.05555555555555545 0.059876543209876426 0.05679012345679001 0.061111111111111005 0.0574074074074073 0.05617283950617273 0.10802469135802463 0.07345679012345666 0.058641975308641854 0.07345679012345666 0.05740740740740729 0.05679012345679002
0.058888888888888796 0.06111111111111102 0.06055555555555546 0.05277777777777768 0.06444444444444436 0.056666666666666574 0.058333333333333244 0.06722222222222211 0.05611111111111102 0.11555555555555558 0.058333333333333244 0.06722222222222213 0.1127777777777777 0.056666666666666574 0.05333333333333324
0.052631578947368425 0.07836257309941522 0.05497076023391812 0.15789473684210492 0.05497076023391813 0.0906432748538012 0.06549707602339175 0.058479532163742645 0.06666666666666665 0.052631578947368425 0.05380116959064329 0.05321637426900586 0.05321637426900586 0.053801169590643266 0.05321637426900586
0.0660130718954247 0.06470588235294104 0.06535947712418286 0.06078431372549007 0.06732026143790834 0.06078431372549007 0.06535947712418287 0.06862745098039204 0.06274509803921555 0.06862745098039204 0.06078431372549007 0.0614379084967319 0.08888888888888871 0.07516339869281033 0.06339869281045737
0.06358024691358014 0.0716049382716048 0.06728395061728382 0.05679012345679001 0.061111111111111005 0.05987654320987644 0.06913580246913567 0.06604938271604927 0.06111111111111099 0.0765432098765431 0.06296296296296285 0.07469135802469123 0.07530864197530855 0.06975308641975297 0.06419753086419741
0.05714285714285706 0.05925925925925918 0.06402116402116394 0.050264550264550206 0.1873015873015871 0.05291005291005284 0.06772486772486762 0.05502645502645494 0.05291005291005284 0.055555555555555476 0.053439153439153377 0.06931216931216923 0.06560846560846553 0.05343915343915337 0.056084656084656015
0.059477124183006415 0.05882352941176457 0.05882352941176457 0.17581699346405202 0.05882352941176457 0.05882352941176457 0.05882352941176457 0.05882352941176457 0.05882352941176457 0.05882352941176457 0.05882352941176457 0.05882352941176457 0.05882352941176457 0.05882352941176457 0.05882352941176457
0.09166666666666655 0.05999999999999991 0.05888888888888882 0.053888888888888806 0.06555555555555546 0.06055555555555547 0.06111111111111102 0.05833333333333324 0.05833333333333325 0.06555555555555546 0.06055555555555546 0.05944444444444436 0.06999999999999992 0.11277777777777784 0.06333333333333324
0.0863636363636365 0.04949494949494949 0.046464646464646445 0.13636363636363652 0.04848484848484849 0.04848484848484849 0.0494949494949495 0.05151515151515154 0.04696969696969696 0.0540404040404041 0.045454545454545435 0.16161616161616152 0.04898989898989899 0.07777777777777779 0.04848484848484848
0.06944444444444445 0.06527777777777778 0.0625 0.0625 0.06527777777777778 0.06458333333333334 0.06597222222222222 0.06319444444444444 0.06458333333333334 0.0875 0.06527777777777778 0.07291666666666667 0.06388888888888888 0.06319444444444444 0.06388888888888888
0.07847222222222222 0.06527777777777778 0.06527777777777778 0.06388888888888888 0.06805555555555555 0.06388888888888888 0.06597222222222222 0.06736111111111111 0.06458333333333334 0.06597222222222222 0.06319444444444444 0.06527777777777778 0.06736111111111111 0.06736111111111111 0.06805555555555555
0.061728395061728274 0.05740740740740729 0.058641975308641854 0.05555555555555545 0.062345679012345556 0.0574074074074073 0.05864197530864187 0.058641975308641854 0.05740740740740729 0.05864197530864187 0.05679012345679001 0.1574074074074072 0.08209876543209862 0.05679012345679001 0.06049382716049372
0.0625 0.0625 0.08402777777777778 0.0625 0.0625 0.0625 0.06319444444444444 0.06388888888888888 0.0625 0.08888888888888889 0.06319444444444444 0.06319444444444444 0.07222222222222222 0.06319444444444444 0.06319444444444444
0.0907407407407406 0.05802469135802457 0.08765432098765419 0.05802469135802457 0.06481481481481471 0.06543209876543198 0.061111111111111005 0.0648148148148147 0.06049382716049371 0.08086419753086405 0.05679012345679001 0.06296296296296283 0.06234567901234556 0.06419753086419741 0.061728395061728294
0.06388888888888888 0.08333333333333333 0.06319444444444444 0.06319444444444444 0.06597222222222222 0.06319444444444444 0.07013888888888889 0.06458333333333334 0.07708333333333334 0.06458333333333334 0.06597222222222222 0.0625 0.06388888888888888 0.06527777777777778 0.06319444444444444
0.06049382716049373 0.09444444444444434 0.07037037037037025 0.058024691358024585 0.05864197530864187 0.05864197530864187 0.09074074074074058 0.06419753086419742 0.07160493827160483 0.06543209876543199 0.05679012345679001 0.06851851851851841 0.06234567901234556 0.05679012345679001 0.06296296296296285
0.06374269005847948 0.07134502923976602 0.06549707602339179 0.05789473684210524 0.06491228070175432 0.057309941520467825 0.09707602339181282 0.07017543859649122 0.06374269005847953 0.06608187134502923 0.05906432748538011 0.0672514619883041 0.0637426900584795 0.06023391812865496 0.07192982456140347
0.06111111111111101 0.0627777777777777 0.06333333333333324 0.05999999999999991 0.06333333333333323 0.05722222222222214 0.0927777777777777 0.0677777777777777 0.05666666666666657 0.06611111111111102 0.053888888888888806 0.06555555555555548 0.1133333333333333 0.05888888888888881 0.05722222222222215
0.06470588235294106 0.09411764705882339 0.06470588235294104 0.05882352941176457 0.060784313725490056 0.0614379084967319 0.07385620915032666 0.0614379084967319 0.08496732026143776 0.06601307189542471 0.06209150326797373 0.060784313725490056 0.060784313725490056 0.0614379084967319 0.06405228758169922
0.06732026143790835 0.06666666666666653 0.0614379084967319 0.0594771241830064 0.06013071895424823 0.06535947712418287 0.06339869281045737 0.06535947712418287 0.06209150326797373 0.07189542483660118 0.059477124183006415 0.06732026143790837 0.059477124183006415 0.1052287581699344 0.06535947712418287
0.0625 0.06319444444444444 0.0625 0.0625 0.0625 0.0625 0.06319444444444444 0.06388888888888888 0.06319444444444444 0.06319444444444444 0.06319444444444444 0.06388888888888888 0.0625 0.11875 0.0625
0.059477124183006415 0.0594771241830064 0.12418300653594755 0.05882352941176457 0.059477124183006415 0.06013071895424824 0.05882352941176457 0.06470588235294103 0.0594771241830064 0.08692810457516328 0.059477124183006415 0.05882352941176457 0.068627450980392 0.06013071895424823 0.061437908496731884
0.0625 0.0625 0.08402777777777778 0.0625 0.0625 0.0625 0.0625 0.06388888888888888 0.0625 0.08888888888888889 0.06319444444444444 0.06319444444444444 0.07013888888888889 0.06527777777777778 0.06388888888888888
0.050555555555555465 0.04999999999999991 0.05111111111111103 0.04999999999999991 0.04999999999999991 0.04999999999999991 0.04999999999999991 0.05111111111111103 0.05166666666666658 0.05111111111111103 0.29000000000000037 0.05111111111111102 0.04999999999999991 0.05277777777777769 0.05055555555555547
0.059477124183006415 0.07973856209150314 0.06078431372549007 0.06013071895424823 0.0614379084967319 0.05882352941176457 0.06470588235294103 0.06274509803921555 0.072549019607843 0.06013071895424824 0.11895424836601284 0.05882352941176457 0.06209150326797373 0.06013071895424823 0.059477124183006415
0.06666666666666667 0.06944444444444445 0.07013888888888889 0.0625 0.06319444444444444 0.06319444444444444 0.06597222222222222 0.06527777777777778 0.06458333333333334 0.06875 0.06319444444444444 0.07708333333333334 0.07083333333333333 0.06458333333333334 0.06458333333333334
0.06234567901234556 0.1061728395061727 0.06358024691358015 0.05679012345679001 0.06049382716049372 0.05740740740740729 0.06666666666666654 0.06358024691358014 0.07345679012345667 0.08888888888888873 0.05802469135802457 0.06728395061728383 0.05864197530864187 0.06049382716049372 0.05617283950617273
0.05614035087719297 0.09707602339181284 0.07017543859649125 0.0543859649122807 0.061403508771929835 0.056725146198830415 0.09415204678362567 0.05906432748538009 0.06842105263157891 0.0684210526315789 0.0543859649122807 0.0654970760233918 0.07134502923976603 0.06549707602339178 0.057309941520467804
0.055555555555555525 0.06783625730994158 0.05497076023391813 0.052631578947368425 0.06023391812865492 0.13391812865497055 0.05614035087719299 0.05555555555555554 0.05614035087719298 0.06140350877192977 0.10350877192982458 0.0760233918128654 0.0549707602339181 0.0573099415204678 0.05380116959064329
0.060784313725490056 0.06013071895424824 0.06013071895424824 0.0594771241830064 0.06274509803921555 0.06274509803921555 0.06339869281045739 0.0679738562091502 0.06209150326797373 0.06013071895424823 0.13856209150326773 0.06078431372549007 0.0614379084967319 0.06013071895424823 0.0594771241830064
0.05740740740740729 0.1339506172839505 0.05802469135802457 0.05555555555555545 0.06111111111111099 0.05617283950617273 0.07962962962962955 0.05864197530864187 0.09753086419753079 0.05987654320987644 0.05617283950617273 0.05555555555555545 0.0574074074074073 0.05617283950617273 0.05679012345679001
0.06666666666666667 0.06736111111111111 0.06597222222222222 0.06527777777777778 0.06805555555555555 0.06527777777777778 0.06944444444444445 0.06597222222222222 0.06736111111111111 0.06805555555555555 0.06388888888888888 0.06666666666666667 0.06944444444444445 0.06597222222222222 0.06458333333333334
0.053968253968253894 0.1449735449735448 0.053439153439153377 0.05026455026455019 0.0576719576719576 0.050264550264550185 0.06984126984126979 0.053968253968253894 0.16137566137566128 0.05026455026455019 0.05185185185185179 0.050264550264550206 0.054497354497354454 0.04920634920634913 0.04814814814814808
0.0614379084967319 0.06405228758169922 0.06013071895424824 0.06013071895424824 0.05882352941176457 0.06013071895424824 0.06601307189542469 0.06209150326797373 0.06013071895424823 0.062091503267973726 0.0594771241830064 0.12091503267973835 0.06535947712418286 0.05882352941176457 0.08039215686274495
0.1098765432098763 0.05617283950617273 0.07777777777777765 0.1123456790123455 0.059876543209876426 0.0574074074074073 0.05802469135802457 0.058641975308641854 0.05864197530864187 0.06049382716049372 0.05679012345679001 0.05802469135802457 0.05925925925925916 0.05925925925925915 0.0574074074074073
0.06597222222222222 0.06666666666666667 0.07708333333333334 0.06388888888888888 0.06736111111111111 0.06388888888888888 0.06527777777777778 0.06666666666666667 0.06597222222222222 0.06666666666666667 0.06388888888888888 0.06666666666666667 0.06805555555555555 0.06527777777777778 0.06666666666666667
0.06458333333333334 0.0625 0.0625 0.0625 0.0625 0.06736111111111111 0.06319444444444444 0.06597222222222222 0.0625 0.07152777777777777 0.06319444444444444 0.06388888888888888 0.0625 0.10208333333333333 0.06319444444444444
0.06388888888888881 0.058888888888888796 0.11055555555555549 0.05444444444444436 0.058333333333333244 0.0538888888888888 0.058888888888888796 0.06277777777777767 0.057222222222222126 0.0777777777777777 0.10333333333333325 0.05277777777777769 0.056666666666666574 0.07111111111111101 0.05944444444444437
0.06458333333333334 0.0625 0.0625 0.0625 0.0625 0.06527777777777778 0.06388888888888888 0.06388888888888888 0.06388888888888888 0.07361111111111111 0.0625 0.06319444444444444 0.06319444444444444 0.10347222222222222 0.0625
0.06851851851851838 0.07037037037037024 0.06481481481481469 0.05679012345679001 0.07469135802469123 0.06296296296296285 0.07222222222222209 0.06358024691358014 0.06481481481481469 0.06419753086419742 0.059876543209876426 0.08703703703703693 0.06296296296296286 0.06296296296296286 0.06419753086419742
0.06597222222222222 0.06805555555555555 0.0625 0.06458333333333334 0.06319444444444444 0.0625 0.07013888888888889 0.06597222222222222 0.0625 0.06458333333333334 0.0625 0.06527777777777778 0.06805555555555555 0.06319444444444444 0.09097222222222222
0.05888888888888879 0.0688888888888888 0.08111111111111106 0.055555555555555476 0.05722222222222215 0.052222222222222135 0.07611111111111096 0.058333333333333244 0.05333333333333324 0.06722222222222213 0.07777777777777767 0.08444444444444435 0.08833333333333329 0.0627777777777777 0.05777777777777769
0.05555555555555548 0.08333333333333323 0.06222222222222216 0.16166666666666676 0.055555555555555476 0.052222222222222135 0.06999999999999991 0.059999999999999915 0.05944444444444436 0.05666666666666658 0.050555555555555465 0.06222222222222211 0.0627777777777777 0.05333333333333324 0.05444444444444436
0.0640522875816992 0.07516339869281032 0.06274509803921555 0.06274509803921555 0.072549019607843 0.0594771241830064 0.06601307189542469 0.06666666666666653 0.06013071895424823 0.06928104575163382 0.06405228758169922 0.0882352941176469 0.06535947712418287 0.06274509803921555 0.060784313725490056
0.10987654320987633 0.05679012345679001 0.05555555555555545 0.16543209876543188 0.05555555555555545 0.05617283950617273 0.05617283950617273 0.05555555555555545 0.05555555555555545 0.05555555555555545 0.05555555555555545 0.05555555555555545 0.05555555555555545 0.05555555555555545 0.05555555555555545
0.056725146198830415 0.060233918128654945 0.06549707602339178 0.17660818713450274 0.060233918128654945 0.05497076023391812 0.056725146198830394 0.060233918128654904 0.05497076023391812 0.05906432748538009 0.057309941520467825 0.05964912280701754 0.0590643274853801 0.05789473684210522 0.06081871345029239
0.05672514619883039 0.06315789473684208 0.060233918128654945 0.05847953216374269 0.11052631578947365 0.056725146198830415 0.058479532163742645 0.060233918128654945 0.05614035087719297 0.06432748538011696 0.05789473684210524 0.060818713450292376 0.061988304093567224 0.059064327485380076 0.11520467836257302
0.05906432748538009 0.14327485380116944 0.06374269005847957 0.05614035087719298 0.060233918128654966 0.05438596491228068 0.08245614035087709 0.056725146198830394 0.06608187134502921 0.05672514619883039 0.0543859649122807 0.05964912280701752 0.06900584795321638 0.055555555555555546 0.06257309941520467
0.06319444444444444 0.06597222222222222 0.06458333333333334 0.0625 0.07013888888888889 0.0625 0.09583333333333334 0.06736111111111111 0.0625 0.06666666666666667 0.0625 0.06597222222222222 0.06319444444444444 0.0625 0.06458333333333334
0.06388888888888888 0.06458333333333334 0.08611111111111111 0.0625 0.06388888888888888 0.0625 0.06527777777777778 0.06458333333333334 0.0625 0.08541666666666667 0.06319444444444444 0.06319444444444444 0.06527777777777778 0.06319444444444444 0.06388888888888888
0.07830687830687821 0.065079365079365 0.05820105820105812 0.05502645502645496 0.05555555555555548 0.1052910052910052 0.06507936507936501 0.053439153439153356 0.06243386243386236 0.08994708994708986 0.057142857142857065 0.05925925925925918 0.0777777777777777 0.05873015873015867 0.05873015873015862
0.06597222222222222 0.06527777777777778 0.06597222222222222 0.06458333333333334 0.06597222222222222 0.06805555555555555 0.06597222222222222 0.06458333333333334 0.06875 0.06944444444444445 0.06527777777777778 0.06527777777777778 0.06875 0.07152777777777777 0.06458333333333334
0.07530864197530852 0.0604938271604937 0.05925925925925915 0.059876543209876426 0.06234567901234558 0.0648148148148147 0.06111111111111099 0.06296296296296285 0.05864197530864187 0.08950617283950607 0.05802469135802457 0.1006172839506171 0.06728395061728383 0.05925925925925916 0.06049382716049372
0.06274509803921556 0.09150326797385606 0.06339869281045737 0.060784313725490056 0.06535947712418287 0.06339869281045737 0.0790849673202613 0.06339869281045739 0.07450980392156849 0.06209150326797373 0.0614379084967319 0.06339869281045737 0.06339869281045737 0.0614379084967319 0.06405228758169922
0.0625 0.06319444444444444 0.0625 0.0625 0.06319444444444444 0.06527777777777778 0.06388888888888888 0.06319444444444444 0.06319444444444444 0.06875 0.0625 0.0625 0.0625 0.1111111111111111 0.06319444444444444
0.05444444444444435 0.05166666666666658 0.05277777777777768 0.05277777777777769 0.05999999999999991 0.05111111111111102 0.05944444444444437 0.2338888888888889 0.05611111111111102 0.054999999999999924 0.05611111111111102 0.05444444444444436 0.05444444444444437 0.05277777777777769 0.05499999999999991
0.06319444444444444 0.08958333333333333 0.06458333333333334 0.0625 0.06388888888888888 0.0625 0.07291666666666667 0.0625 0.07916666666666666 0.06458333333333334 0.0625 0.06319444444444444 0.0625 0.0625 0.06388888888888888
0.08888888888888874 0.06851851851851841 0.0641975308641974 0.05802469135802457 0.06913580246913567 0.061111111111110984 0.09012345679012332 0.06604938271604927 0.05925925925925915 0.059876543209876426 0.0574074074074073 0.06913580246913571 0.06296296296296285 0.06604938271604927 0.05925925925925916
0.06419753086419742 0.07037037037037025 0.06296296296296283 0.05679012345679002 0.07345679012345667 0.06296296296296286 0.0728395061728394 0.06728395061728382 0.06234567901234556 0.062345679012345556 0.06234567901234556 0.06604938271604928 0.07098765432098755 0.06234567901234556 0.08271604938271593
0.057070707070707105 0.05303030303030306 0.053535353535353554 0.04797979797979798 0.053030303030303046 0.21363636363636362 0.054545454545454584 0.055050505050505065 0.055050505050505086 0.052525252525252544 0.05050505050505053 0.05656565656565658 0.05505050505050509 0.054040404040404076 0.0883838383838384
0.06959064327485384 0.05906432748538011 0.14210526315789465 0.056725146198830394 0.05847953216374265 0.05789473684210525 0.0660818713450292 0.0678362573099415 0.055555555555555566 0.06491228070175431 0.0543859649122807 0.06081871345029236 0.07134502923976603 0.05555555555555555 0.05964912280701749
0.05999999999999991 0.0866666666666666 0.07333333333333324 0.05166666666666659 0.06388888888888879 0.0549999999999999 0.10666666666666665 0.061666666666666585 0.06555555555555546 0.06555555555555546 0.0527777777777777 0.0749999999999999 0.07111111111111106 0.05333333333333324 0.05777777777777771
0.06527777777777778 0.06736111111111111 0.06527777777777778 0.06319444444444444 0.06597222222222222 0.06527777777777778 0.06388888888888888 0.07430555555555556 0.06388888888888888 0.06597222222222222 0.06527777777777778 0.06388888888888888 0.06458333333333334 0.06458333333333334 0.08125
0.05380116959064327 0.05321637426900584 0.053801169590643294 0.052631578947368425 0.05321637426900585 0.05321637426900586 0.05321637426900584 0.052631578947368425 0.052631578947368425 0.05321637426900585 0.25730994152046804 0.05321637426900586 0.052631578947368425 0.052631578947368425 0.052631578947368425
0.04999999999999991 0.04999999999999991 0.05055555555555547 0.04999999999999991 0.04999999999999991 0.04999999999999991 0.050555555555555465 0.05055555555555547 0.04999999999999991 0.04999999999999991 0.2983333333333338 0.04999999999999991 0.04999999999999991 0.04999999999999991 0.04999999999999991
0.06388888888888888 0.08611111111111111 0.06319444444444444 0.0625 0.06527777777777778 0.06319444444444444 0.06666666666666667 0.06736111111111111 0.075 0.06458333333333334 0.06458333333333334 0.06319444444444444 0.06597222222222222 0.06388888888888888 0.06458333333333334
0.06339869281045739 0.06666666666666653 0.06274509803921556 0.060784313725490056 0.06470588235294103 0.06470588235294103 0.06274509803921555 0.07581699346405216 0.06339869281045739 0.0640522875816992 0.09411764705882333 0.06405228758169922 0.06732026143790837 0.06274509803921556 0.06274509803921556
0.0473429951690822 0.046376811594202975 0.04879227053140105 0.04444444444444452 0.053140096618357564 0.04879227053140105 0.06763285024154597 0.058937198067632944 0.04541062801932375 0.052173913043478355 0.2536231884057969 0.04685990338164258 0.051207729468599125 0.046859903381642594 0.08840579710144938
0.09365079365079354 0.053439153439153356 0.05132275132275125 0.04920634920634913 0.051322751322751256 0.052380952380952306 0.051851851851851774 0.053439153439153356 0.04973544973544966 0.050264550264550185 0.23968253968253947 0.04973544973544967 0.05291005291005283 0.050793650793650724 0.05026455026455019
0.06722222222222216 0.057222222222222126 0.05444444444444436 0.05277777777777768 0.0527777777777777 0.06222222222222213 0.05666666666666658 0.06111111111111106 0.05166666666666658 0.07277777777777769 0.165 0.05222222222222213 0.05277777777777769 0.08388888888888878 0.057222222222222126
0.0543859649122807 0.07719298245614034 0.056725146198830394 0.05497076023391812 0.05555555555555555 0.05321637426900584 0.06783625730994146 0.05438596491228071 0.06725146198830405 0.05438596491228069 0.17777777777777773 0.05321637426900584 0.055555555555555566 0.05614035087719298 0.061403508771929814
0.06078431372549007 0.06666666666666655 0.07908496732026128 0.0594771241830064 0.0640522875816992 0.05882352941176457 0.10326797385620894 0.06732026143790835 0.06013071895424823 0.06274509803921555 0.05882352941176457 0.06797385620915018 0.07189542483660118 0.06013071895424824 0.05882352941176457
0.06928104575163387 0.06797385620915018 0.0679738562091502 0.0614379084967319 0.06470588235294104 0.06666666666666653 0.06470588235294104 0.07385620915032666 0.06470588235294104 0.06732026143790835 0.061437908496731884 0.07058823529411751 0.06666666666666655 0.06666666666666653 0.0660130718954247
0.05111111111111103 0.05333333333333324 0.053333333333333253 0.04999999999999991 0.053888888888888806 0.05111111111111103 0.05333333333333326 0.05222222222222214 0.0538888888888888 0.053333333333333253 0.05166666666666658 0.05111111111111103 0.05166666666666657 0.05166666666666658 0.26833333333333353
0.06111111111111101 0.06296296296296285 0.0691358024691357 0.059876543209876426 0.06172839506172829 0.05740740740740729 0.07283950617283937 0.05925925925925914 0.05925925925925914 0.05987654320987642 0.05617283950617273 0.0685185185185184 0.07037037037037026 0.05802469135802457 0.1234567901234566
0.06597222222222222 0.06319444444444444 0.0625 0.06319444444444444 0.06388888888888888 0.0625 0.06388888888888888 0.10555555555555556 0.0625 0.06319444444444444 0.0625 0.06944444444444445 0.0625 0.0625 0.06666666666666667
0.07999999999999992 0.07611111111111102 0.07388888888888884 0.05555555555555547 0.06611111111111101 0.057222222222222126 0.07166666666666657 0.05944444444444435 0.05611111111111103 0.06388888888888879 0.05444444444444436 0.08277777777777771 0.08611111111111105 0.055555555555555455 0.06111111111111102
0.07712418300653583 0.061437908496731905 0.06470588235294103 0.0594771241830064 0.0614379084967319 0.05882352941176457 0.07777777777777763 0.06405228758169922 0.060784313725490056 0.06339869281045737 0.0614379084967319 0.10261437908496711 0.06470588235294104 0.06209150326797373 0.06013071895424823
0.057309941520467825 0.05789473684210527 0.055555555555555525 0.05321637426900585 0.05614035087719299 0.05321637426900584 0.055555555555555546 0.05438596491228069 0.05380116959064329 0.07602339181286548 0.05438596491228069 0.056725146198830415 0.0760233918128654 0.05438596491228071 0.18538011695906423
0.055555555555555476 0.055555555555555476 0.0538888888888888 0.15055555555555578 0.05277777777777768 0.05277777777777769 0.06277777777777771 0.053888888888888806 0.05111111111111102 0.0577777777777777 0.052222222222222135 0.10333333333333322 0.057222222222222126 0.08888888888888877 0.05166666666666658
0.05882352941176457 0.05882352941176457 0.05882352941176457 0.1751633986928102 0.05882352941176457 0.05882352941176457 0.0594771241830064 0.05882352941176457 0.05882352941176457 0.05882352941176457 0.05882352941176457 0.05882352941176457 0.059477124183006415 0.05882352941176457 0.05882352941176457
