0.07569444444444444 0.06597222222222222 0.06388888888888888 0.06527777777777778 0.06458333333333334 0.06736111111111111 0.06666666666666667 0.06319444444444444 0.06319444444444444 0.06319444444444444 0.07430555555555556 0.06319444444444444 0.06319444444444444 0.07013888888888889 0.07013888888888889
0.05789473684210526 0.05789473684210522 0.05672514619883037 0.07368421052631577 0.055555555555555546 0.055555555555555546 0.057309941520467846 0.05614035087719298 0.05555555555555554 0.10994152046783624 0.06257309941520466 0.05789473684210524 0.05789473684210522 0.12748538011695892 0.05789473684210525
0.0625 0.0625 0.06458333333333334 0.0625 0.0625 0.06319444444444444 0.06458333333333334 0.06527777777777778 0.06319444444444444 0.06319444444444444 0.09861111111111111 0.07777777777777778 0.06319444444444444 0.0625 0.06388888888888888
0.05964912280701754 0.058479532163742645 0.056725146198830415 0.05380116959064329 0.05614035087719297 0.05497076023391812 0.06023391812865494 0.056725146198830415 0.05497076023391812 0.06432748538011693 0.05730994152046782 0.06081871345029239 0.05672514619883039 0.19239766081871335 0.05672514619883039
0.06296296296296283 0.06234567901234556 0.05740740740740729 0.08765432098765415 0.0604938271604937 0.0574074074074073 0.07098765432098754 0.05925925925925916 0.058024691358024585 0.07037037037037026 0.09567901234567887 0.07839506172839496 0.061111111111111005 0.05617283950617273 0.0617283950617283
0.058479532163742666 0.056725146198830366 0.057309941520467804 0.09649122807017542 0.05497076023391812 0.056725146198830394 0.05497076023391812 0.053801169590643266 0.05614035087719297 0.0654970760233918 0.05730994152046782 0.057894736842105214 0.16081871345029206 0.054970760233918115 0.05789473684210525
0.052380952380952306 0.058201058201058135 0.05767195767195758 0.17671957671957655 0.053439153439153377 0.05396825396825389 0.04973544973544966 0.05132275132275125 0.05079365079365073 0.06402116402116396 0.09206349206349196 0.06719576719576713 0.06031746031746025 0.05555555555555547 0.05661375661375652
0.06319444444444444 0.0625 0.0625 0.0625 0.0625 0.0625 0.06319444444444444 0.06319444444444444 0.0625 0.06319444444444444 0.0625 0.0625 0.06319444444444444 0.11736111111111111 0.06666666666666667
0.05617283950617273 0.05555555555555545 0.05555555555555545 0.0574074074074073 0.05617283950617273 0.05617283950617273 0.06358024691358014 0.05617283950617273 0.05555555555555545 0.05679012345679001 0.05617283950617273 0.05617283950617273 0.09753086419753068 0.13456790123456783 0.0864197530864196
0.06274509803921556 0.06209150326797373 0.06209150326797373 0.06209150326797373 0.06013071895424824 0.0594771241830064 0.06274509803921556 0.06078431372549008 0.059477124183006415 0.06535947712418286 0.1013071895424835 0.0594771241830064 0.07124183006535932 0.08692810457516324 0.0640522875816992
0.06993464052287568 0.07973856209150314 0.06339869281045739 0.0660130718954247 0.06535947712418286 0.06078431372549007 0.06470588235294104 0.06078431372549007 0.06078431372549007 0.06993464052287568 0.06535947712418287 0.072549019607843 0.07189542483660116 0.06274509803921556 0.0660130718954247
0.0594771241830064 0.05882352941176457 0.059477124183006415 0.06013071895424824 0.05882352941176457 0.05882352941176457 0.05882352941176457 0.05882352941176457 0.05882352941176457 0.05882352941176457 0.059477124183006415 0.059477124183006415 0.0594771241830064 0.17124183006535923 0.0594771241830064
0.06257309941520466 0.06959064327485373 0.07485380116959064 0.10175438596491228 0.05906432748538014 0.06023391812865492 0.07251461988304092 0.06608187134502921 0.05906432748538012 0.06491228070175435 0.0614035087719298 0.059649122807017514 0.06374269005847948 0.058479532163742694 0.0660818713450292
0.06712962962962964 0.0703703703703704 0.052777777777777785 0.049537037037037025 0.05138888888888888 0.09490740740740736 0.05694444444444446 0.04490740740740736 0.14861111111111108 0.06342592592592594 0.08194444444444442 0.048148148148148134 0.06574074074074074 0.04953703703703701 0.05462962962962963
0.06339869281045737 0.06470588235294104 0.06666666666666654 0.07450980392156849 0.06666666666666653 0.06666666666666651 0.06666666666666653 0.06274509803921555 0.07124183006535934 0.06732026143790835 0.0699346405228757 0.0660130718954247 0.0653594771241829 0.06013071895424824 0.06797385620915021
0.05777777777777768 0.05944444444444436 0.05611111111111104 0.05722222222222215 0.05611111111111102 0.05777777777777768 0.05888888888888879 0.05277777777777769 0.08499999999999991 0.06222222222222216 0.07888888888888881 0.05555555555555548 0.05499999999999991 0.15222222222222226 0.0549999999999999
0.06319444444444444 0.0625 0.06319444444444444 0.06527777777777778 0.06319444444444444 0.06388888888888888 0.07916666666666666 0.06666666666666667 0.06527777777777778 0.06458333333333334 0.06458333333333334 0.06388888888888888 0.06319444444444444 0.06388888888888888 0.0875
0.06535947712418289 0.06666666666666653 0.06470588235294106 0.06274509803921555 0.06470588235294103 0.06013071895424823 0.06535947712418287 0.059477124183006415 0.0594771241830064 0.06405228758169922 0.06078431372549007 0.0614379084967319 0.06274509803921556 0.11830065359477102 0.06405228758169922
0.0614379084967319 0.06666666666666654 0.06274509803921555 0.07581699346405214 0.062091503267973726 0.0614379084967319 0.06209150326797373 0.06535947712418287 0.06078431372549007 0.11045751633986911 0.06274509803921555 0.06339869281045737 0.0640522875816992 0.06013071895424824 0.06078431372549007
0.06666666666666653 0.06339869281045737 0.062091503267973726 0.06274509803921555 0.06078431372549007 0.060784313725490056 0.06209150326797373 0.06013071895424823 0.0594771241830064 0.06405228758169922 0.06666666666666654 0.062091503267973726 0.12156862745098015 0.062091503267973726 0.06535947712418289
0.05882352941176457 0.059477124183006415 0.05882352941176457 0.05882352941176457 0.05882352941176457 0.05882352941176457 0.0594771241830064 0.0594771241830064 0.05882352941176457 0.05882352941176457 0.05882352941176457 0.05882352941176457 0.05882352941176457 0.14248366013071884 0.09084967320261421
0.06527777777777778 0.06527777777777778 0.06458333333333334 0.07777777777777778 0.06736111111111111 0.06388888888888888 0.06388888888888888 0.06388888888888888 0.06527777777777778 0.07291666666666667 0.06805555555555555 0.06527777777777778 0.06458333333333334 0.06597222222222222 0.06597222222222222
0.06013071895424824 0.062091503267973726 0.06274509803921555 0.0594771241830064 0.05882352941176457 0.06535947712418287 0.06013071895424824 0.06078431372549007 0.0908496732026142 0.061437908496731905 0.0614379084967319 0.05882352941176457 0.06013071895424824 0.11764705882352917 0.06013071895424824
0.059876543209876426 0.061728395061728294 0.05864197530864187 0.05802469135802457 0.05679012345679001 0.05925925925925915 0.061111111111110984 0.05925925925925916 0.05679012345679001 0.06111111111111099 0.058641975308641854 0.058024691358024585 0.0685185185185184 0.15370370370370354 0.06851851851851838
0.06527777777777778 0.06527777777777778 0.06388888888888888 0.06458333333333334 0.06458333333333334 0.06597222222222222 0.09097222222222222 0.06388888888888888 0.06319444444444444 0.06597222222222222 0.06597222222222222 0.06458333333333334 0.06597222222222222 0.06527777777777778 0.06458333333333334
0.06339869281045737 0.062091503267973726 0.06535947712418287 0.06078431372549007 0.0614379084967319 0.0614379084967319 0.07647058823529394 0.060784313725490056 0.06601307189542469 0.06601307189542471 0.06535947712418287 0.059477124183006415 0.10849673202614366 0.06013071895424823 0.06274509803921555
0.06013071895424824 0.059477124183006415 0.06013071895424824 0.1555555555555553 0.06013071895424823 0.060784313725490056 0.062091503267973726 0.06013071895424823 0.059477124183006415 0.0614379084967319 0.06209150326797373 0.05882352941176457 0.06013071895424823 0.05882352941176457 0.06078431372549007
0.06535947712418286 0.06339869281045737 0.05882352941176457 0.06078431372549007 0.05882352941176457 0.0594771241830064 0.0594771241830064 0.0594771241830064 0.059477124183006415 0.06013071895424824 0.09673202614379064 0.05882352941176457 0.06078431372549007 0.10261437908496714 0.07581699346405214
0.06013071895424823 0.06013071895424823 0.06013071895424824 0.0594771241830064 0.0594771241830064 0.059477124183006415 0.0594771241830064 0.060784313725490056 0.0614379084967319 0.0594771241830064 0.06013071895424824 0.06078431372549007 0.1601307189542481 0.0594771241830064 0.0594771241830064
0.057309941520467825 0.055555555555555525 0.05497076023391812 0.0543859649122807 0.05438596491228069 0.05438596491228068 0.2058479532163743 0.055555555555555566 0.06374269005847952 0.0567251461988304 0.05497076023391813 0.053801169590643266 0.06549707602339182 0.054970760233918115 0.05789473684210527
0.06339869281045737 0.062091503267973726 0.06470588235294103 0.0633986928104574 0.0614379084967319 0.06470588235294106 0.08758169934640506 0.0640522875816992 0.06339869281045739 0.07189542483660118 0.07581699346405216 0.06535947712418287 0.06732026143790834 0.060784313725490056 0.06405228758169923
0.06257309941520466 0.0637426900584795 0.06081871345029235 0.05964912280701752 0.061988304093567245 0.058479532163742666 0.0649122807017543 0.05555555555555555 0.06432748538011693 0.059649122807017535 0.10584795321637423 0.054970760233918115 0.10584795321637414 0.058479532163742694 0.06315789473684214
0.06049382716049371 0.06666666666666655 0.06358024691358014 0.06172839506172829 0.06049382716049371 0.0648148148148147 0.06604938271604925 0.07530864197530854 0.06172839506172829 0.06358024691358014 0.0641975308641974 0.0679012345679011 0.058024691358024585 0.098148148148148 0.06728395061728384
0.061728395061728274 0.059876543209876426 0.05802469135802457 0.05987654320987645 0.05679012345679001 0.061111111111111005 0.0648148148148147 0.05740740740740729 0.10617283950617266 0.06234567901234556 0.05925925925925915 0.058641975308641854 0.05740740740740729 0.11049382716049364 0.06604938271604927
0.05396825396825389 0.05449735449735441 0.05555555555555548 0.06031746031746023 0.05396825396825389 0.05079365079365071 0.057671957671957604 0.04973544973544966 0.052910052910052824 0.06084656084656078 0.09841269841269831 0.051851851851851774 0.05555555555555548 0.1703703703703702 0.07354497354497348
0.06222222222222215 0.0638888888888888 0.05833333333333324 0.06222222222222213 0.05333333333333324 0.05611111111111101 0.05999999999999991 0.05611111111111102 0.05611111111111102 0.06944444444444435 0.0649999999999999 0.06055555555555547 0.05555555555555547 0.1522222222222222 0.06888888888888879
0.06319444444444444 0.0625 0.0625 0.0625 0.06388888888888888 0.0625 0.06319444444444444 0.0625 0.11805555555555555 0.06388888888888888 0.0625 0.06319444444444444 0.06388888888888888 0.0625 0.06319444444444444
0.06470588235294103 0.0679738562091502 0.06666666666666653 0.061437908496731905 0.06274509803921555 0.11568627450980366 0.06209150326797373 0.06339869281045737 0.06078431372549007 0.06078431372549008 0.06470588235294103 0.06405228758169922 0.062091503267973726 0.06013071895424823 0.06274509803921555
0.06111111111111099 0.10246913580246898 0.0648148148148147 0.06358024691358012 0.05679012345679001 0.05679012345679001 0.059876543209876426 0.05925925925925914 0.07469135802469123 0.062345679012345556 0.07530864197530852 0.07716049382716039 0.07098765432098754 0.05555555555555545 0.05925925925925915
0.0679738562091502 0.06274509803921556 0.1078431372549018 0.060784313725490056 0.06470588235294103 0.06078431372549007 0.0614379084967319 0.06013071895424824 0.06862745098039202 0.06535947712418286 0.06666666666666654 0.062091503267973726 0.06339869281045737 0.059477124183006415 0.06797385620915017
0.07098765432098754 0.06234567901234556 0.06481481481481467 0.06234567901234556 0.06543209876543198 0.0641975308641974 0.06296296296296286 0.05987654320987644 0.06049382716049371 0.06604938271604925 0.06234567901234558 0.06111111111111099 0.1166666666666665 0.05925925925925915 0.061111111111111005
0.055555555555555455 0.05944444444444435 0.057222222222222126 0.05611111111111103 0.053333333333333253 0.10388888888888875 0.06111111111111101 0.058888888888888775 0.15000000000000013 0.05611111111111103 0.059999999999999915 0.053333333333333253 0.058888888888888796 0.05777777777777768 0.058333333333333265
0.06805555555555555 0.06458333333333334 0.06736111111111111 0.06736111111111111 0.06666666666666667 0.06527777777777778 0.06458333333333334 0.06666666666666667 0.06597222222222222 0.07152777777777777 0.06527777777777778 0.06666666666666667 0.06805555555555555 0.06597222222222222 0.06597222222222222
0.05679012345679002 0.06296296296296285 0.06172839506172827 0.059876543209876426 0.05740740740740729 0.13209876543209864 0.08827160493827148 0.058641975308641854 0.06049382716049371 0.06543209876543198 0.05617283950617273 0.058024691358024585 0.061728395061728294 0.05617283950617273 0.06419753086419741
0.05617283950617273 0.05987654320987644 0.058641975308641854 0.11790123456790107 0.05740740740740729 0.05740740740740729 0.05802469135802457 0.05679012345679002 0.05987654320987642 0.07098765432098755 0.05802469135802457 0.058641975308641854 0.06604938271604928 0.10617283950617266 0.058024691358024585
0.0594771241830064 0.05882352941176457 0.05882352941176457 0.05882352941176457 0.059477124183006415 0.06013071895424823 0.0594771241830064 0.059477124183006415 0.1712418300653592 0.05882352941176457 0.05882352941176457 0.05882352941176457 0.05882352941176457 0.059477124183006415 0.059477124183006415
0.05925925925925915 0.05864197530864187 0.062345679012345556 0.0833333333333332 0.058641975308641875 0.06049382716049371 0.059876543209876426 0.05864197530864187 0.06049382716049371 0.13271604938271586 0.05864197530864187 0.06296296296296283 0.06111111111111099 0.06172839506172829 0.06111111111111101
0.059876543209876426 0.0604938271604937 0.07098765432098753 0.1561728395061726 0.05679012345679002 0.061728395061728294 0.06234567901234556 0.05740740740740729 0.05617283950617273 0.06975308641975296 0.05740740740740729 0.05740740740740729 0.05740740740740729 0.05740740740740729 0.058641975308641854
0.052222222222222135 0.05888888888888883 0.056666666666666574 0.05722222222222215 0.053888888888888806 0.1205555555555555 0.05944444444444436 0.05333333333333324 0.1527777777777779 0.05777777777777767 0.05111111111111103 0.05499999999999991 0.05944444444444436 0.05277777777777769 0.058888888888888796
0.06234567901234556 0.05925925925925915 0.06358024691358012 0.07037037037037026 0.059876543209876426 0.07037037037037025 0.06728395061728382 0.06296296296296285 0.11358024691358003 0.06234567901234558 0.06111111111111099 0.05987654320987644 0.06543209876543198 0.058641975308641854 0.06296296296296285
0.051851851851851774 0.056084656084656 0.06455026455026446 0.05714285714285708 0.051322751322751256 0.10211640211640204 0.06190476190476181 0.05026455026455019 0.09947089947089938 0.06190476190476181 0.05449735449735441 0.05343915343915337 0.053439153439153356 0.12804232804232787 0.05396825396825389
0.06805555555555555 0.08055555555555556 0.06319444444444444 0.06458333333333334 0.06388888888888888 0.06319444444444444 0.06597222222222222 0.0625 0.0625 0.06736111111111111 0.06527777777777778 0.07152777777777777 0.07222222222222222 0.06458333333333334 0.06458333333333334
0.06111111111111099 0.11049382716049377 0.05802469135802457 0.05864197530864187 0.061111111111111005 0.058024691358024585 0.05802469135802457 0.05740740740740729 0.06913580246913568 0.05925925925925915 0.05802469135802457 0.05679012345679001 0.05740740740740729 0.05679012345679002 0.11975308641975302
0.06038647342995179 0.07487922705314021 0.05410628019323681 0.05700483091787447 0.10144927536231892 0.05603864734299526 0.05410628019323679 0.06038647342995178 0.13913043478260861 0.07246376811594213 0.06038647342995178 0.055555555555555636 0.052173913043478355 0.04879227053140105 0.053140096618357564
0.06234567901234556 0.06234567901234556 0.11666666666666647 0.06111111111111099 0.06296296296296283 0.058024691358024585 0.06358024691358012 0.058641975308641875 0.05679012345679001 0.06049382716049371 0.0944444444444443 0.059876543209876426 0.06172839506172829 0.058024691358024585 0.06296296296296283
0.06055555555555547 0.05444444444444436 0.06222222222222213 0.05722222222222214 0.05999999999999993 0.16722222222222216 0.0777777777777777 0.0638888888888888 0.055555555555555476 0.05722222222222214 0.05611111111111102 0.05499999999999991 0.06222222222222214 0.05277777777777769 0.05777777777777769
0.05944444444444434 0.06388888888888879 0.05944444444444436 0.05611111111111103 0.054999999999999924 0.055555555555555476 0.06555555555555546 0.05444444444444436 0.09777777777777769 0.06111111111111103 0.056666666666666574 0.05722222222222214 0.14722222222222225 0.0527777777777777 0.05777777777777767
0.0594771241830064 0.05882352941176457 0.0594771241830064 0.05882352941176457 0.0594771241830064 0.0594771241830064 0.0594771241830064 0.05882352941176457 0.05882352941176457 0.05882352941176457 0.0594771241830064 0.05882352941176457 0.0594771241830064 0.14117647058823515 0.08954248366013055
0.0641975308641974 0.06358024691358014 0.05802469135802457 0.0604938271604937 0.059876543209876426 0.05555555555555545 0.05925925925925916 0.058024691358024585 0.058641975308641854 0.05740740740740729 0.06543209876543198 0.05617283950617273 0.16604938271604916 0.058024691358024585 0.05925925925925915
0.06543209876543199 0.062345679012345556 0.05925925925925916 0.06419753086419741 0.059876543209876426 0.05802469135802457 0.12962962962962946 0.06481481481481469 0.05925925925925915 0.06666666666666654 0.0604938271604937 0.06419753086419742 0.0604938271604937 0.06172839506172829 0.06358024691358014
0.0625 0.06319444444444444 0.0625 0.0625 0.06388888888888888 0.0625 0.11736111111111111 0.0625 0.06319444444444444 0.06388888888888888 0.06319444444444444 0.06319444444444444 0.06388888888888888 0.0625 0.06319444444444444
0.06736111111111111 0.07083333333333333 0.06597222222222222 0.06805555555555555 0.06388888888888888 0.06458333333333334 0.06597222222222222 0.06805555555555555 0.06597222222222222 0.06458333333333334 0.06666666666666667 0.06388888888888888 0.06597222222222222 0.06805555555555555 0.07013888888888889
0.07407407407407397 0.06358024691358015 0.08456790123456778 0.06851851851851838 0.06296296296296286 0.07345679012345664 0.06296296296296286 0.06358024691358014 0.06111111111111099 0.07345679012345668 0.0604938271604937 0.05802469135802457 0.06296296296296286 0.06358024691358014 0.06666666666666655
0.06543209876543199 0.061728395061728274 0.06296296296296285 0.06296296296296285 0.0648148148148147 0.05925925925925915 0.06358024691358012 0.06358024691358014 0.07777777777777767 0.06419753086419741 0.06419753086419741 0.06111111111111099 0.10679012345678994 0.05925925925925914 0.062345679012345556
0.06458333333333334 0.06597222222222222 0.06736111111111111 0.07291666666666667 0.06388888888888888 0.06458333333333334 0.06597222222222222 0.06736111111111111 0.06388888888888888 0.07083333333333333 0.06666666666666667 0.06527777777777778 0.06736111111111111 0.06597222222222222 0.06736111111111111
0.06319444444444444 0.06458333333333334 0.07777777777777778 0.06458333333333334 0.06458333333333334 0.06527777777777778 0.06319444444444444 0.06319444444444444 0.06319444444444444 0.07291666666666667 0.07222222222222222 0.06597222222222222 0.06666666666666667 0.06666666666666667 0.06597222222222222
0.06666666666666667 0.06805555555555555 0.06527777777777778 0.06388888888888888 0.06597222222222222 0.06736111111111111 0.06875 0.06388888888888888 0.06388888888888888 0.06805555555555555 0.06805555555555555 0.06597222222222222 0.06944444444444445 0.06666666666666667 0.06805555555555555
0.06274509803921555 0.06535947712418287 0.06078431372549007 0.12418300653594751 0.062091503267973726 0.062091503267973726 0.0640522875816992 0.06274509803921556 0.0614379084967319 0.062091503267973726 0.062091503267973726 0.062091503267973726 0.06535947712418287 0.06013071895424823 0.06274509803921555
0.06527777777777778 0.08958333333333333 0.06666666666666667 0.06527777777777778 0.0625 0.0625 0.06388888888888888 0.06388888888888888 0.06527777777777778 0.06736111111111111 0.07222222222222222 0.06388888888888888 0.06458333333333334 0.06319444444444444 0.06388888888888888
0.06458333333333334 0.06388888888888888 0.06388888888888888 0.09930555555555555 0.06319444444444444 0.06319444444444444 0.06597222222222222 0.06527777777777778 0.06388888888888888 0.06458333333333334 0.06597222222222222 0.06388888888888888 0.06458333333333334 0.06388888888888888 0.06388888888888888
0.06339869281045739 0.0594771241830064 0.06013071895424824 0.06339869281045739 0.062091503267973726 0.0614379084967319 0.0679738562091502 0.062091503267973726 0.061437908496731905 0.06862745098039204 0.062091503267973726 0.06470588235294106 0.06013071895424823 0.11699346405228739 0.06601307189542469
0.06419753086419741 0.05987654320987642 0.06543209876543198 0.11913580246913563 0.059876543209876426 0.06666666666666655 0.06111111111111099 0.06111111111111099 0.06049382716049372 0.08580246913580235 0.059876543209876426 0.05925925925925915 0.05925925925925915 0.05740740740740729 0.06049382716049371
0.06234567901234556 0.06666666666666655 0.0604938271604937 0.06481481481481469 0.06049382716049372 0.06172839506172829 0.06358024691358014 0.07160493827160483 0.06049382716049371 0.06358024691358014 0.0679012345679011 0.06543209876543198 0.05925925925925916 0.10432098765432088 0.06728395061728383
0.05449735449735441 0.051322751322751256 0.05132275132275125 0.05026455026455019 0.04973544973544966 0.048677248677248604 0.05132275132275125 0.05396825396825389 0.14126984126984116 0.05396825396825389 0.1031746031746031 0.06084656084656076 0.04920634920634913 0.12592592592592586 0.05449735449735444
0.058888888888888796 0.057222222222222126 0.06555555555555546 0.058888888888888796 0.05888888888888879 0.05722222222222214 0.14500000000000002 0.055555555555555455 0.05499999999999991 0.10388888888888882 0.05833333333333325 0.05722222222222214 0.054999999999999924 0.05722222222222212 0.05611111111111103
0.08304093567251461 0.06140350877192977 0.09239766081871346 0.05964912280701754 0.07894736842105263 0.060233918128654924 0.06549707602339178 0.06315789473684208 0.058479532163742694 0.07192982456140348 0.06081871345029239 0.0619883040935672 0.059064327485380076 0.060818713450292376 0.06257309941520466
0.07777777777777765 0.06049382716049371 0.058641975308641854 0.06049382716049372 0.06358024691358014 0.059876543209876426 0.06296296296296285 0.05864197530864187 0.058641975308641854 0.06049382716049372 0.12037037037037022 0.07037037037037026 0.06543209876543199 0.06111111111111099 0.06111111111111099
0.06257309941520468 0.05964912280701752 0.06666666666666662 0.05614035087719297 0.06315789473684207 0.05614035087719296 0.06666666666666668 0.05730994152046782 0.08070175438596491 0.059649122807017535 0.07368421052631577 0.05730994152046784 0.05789473684210526 0.10058479532163736 0.08187134502923978
0.06055555555555546 0.05611111111111102 0.06333333333333324 0.06444444444444433 0.071111111111111 0.05555555555555547 0.05611111111111101 0.05722222222222214 0.055555555555555476 0.06222222222222214 0.11722222222222217 0.0688888888888888 0.05722222222222214 0.08222222222222214 0.07222222222222212
0.06234567901234556 0.06049382716049371 0.06851851851851841 0.062345679012345556 0.06296296296296285 0.05925925925925914 0.07098765432098754 0.05864197530864187 0.08518518518518507 0.07530864197530852 0.05925925925925916 0.08641975308641961 0.05987654320987642 0.06666666666666655 0.061728395061728294
0.05964912280701752 0.056725146198830394 0.059649122807017514 0.06608187134502921 0.05847953216374265 0.05789473684210524 0.05906432748538011 0.05789473684210527 0.05906432748538009 0.10877192982456135 0.05964912280701752 0.059064327485380076 0.060818713450292376 0.11169590643274842 0.06549707602339179
0.06527777777777778 0.06527777777777778 0.06527777777777778 0.06388888888888888 0.06388888888888888 0.06388888888888888 0.06666666666666667 0.06597222222222222 0.06597222222222222 0.07847222222222222 0.07013888888888889 0.06458333333333334 0.06736111111111111 0.06527777777777778 0.06805555555555555
0.0707602339181286 0.0701754385964912 0.06432748538011694 0.06315789473684211 0.05847953216374269 0.05789473684210527 0.06198830409356722 0.09415204678362572 0.05906432748538009 0.06023391812865496 0.0660818713450292 0.0643274853801169 0.06666666666666664 0.07953216374269007 0.0631578947368421
0.05679012345679002 0.05925925925925915 0.059876543209876426 0.06975308641975295 0.05679012345679001 0.1746913580246911 0.06234567901234558 0.05617283950617273 0.05679012345679001 0.058024691358024585 0.05925925925925914 0.05740740740740729 0.05740740740740729 0.05679012345679001 0.05864197530864187
0.06274509803921556 0.0594771241830064 0.06339869281045739 0.059477124183006415 0.05882352941176457 0.15686274509803896 0.06013071895424823 0.05882352941176457 0.061437908496731884 0.06078431372549007 0.06013071895424824 0.05882352941176457 0.06078431372549007 0.05882352941176457 0.0594771241830064
0.05449735449735441 0.0576719576719576 0.061375661375661306 0.05343915343915337 0.053439153439153356 0.18994708994708975 0.06084656084656076 0.05449735449735442 0.07883597883597879 0.06296296296296287 0.05661375661375654 0.05555555555555547 0.053439153439153356 0.05185185185185179 0.05502645502645496
0.05964912280701749 0.0631578947368421 0.10643274853801164 0.06666666666666668 0.06140350877192979 0.1116959064327485 0.05964912280701748 0.0543859649122807 0.0678362573099415 0.05847953216374264 0.061403508771929856 0.05906432748538011 0.05614035087719298 0.055555555555555566 0.058479532163742666
0.053333333333333253 0.05277777777777769 0.05166666666666658 0.05444444444444435 0.05166666666666657 0.05166666666666658 0.05666666666666658 0.04999999999999991 0.05111111111111103 0.05722222222222214 0.05166666666666658 0.05111111111111103 0.05111111111111102 0.24888888888888902 0.06666666666666655
0.060784313725490056 0.06078431372549007 0.06339869281045737 0.14771241830065343 0.06013071895424823 0.06013071895424823 0.06470588235294103 0.0594771241830064 0.05882352941176457 0.062091503267973726 0.0594771241830064 0.0594771241830064 0.06013071895424823 0.0614379084967319 0.061437908496731884
0.06432748538011693 0.0567251461988304 0.05789473684210523 0.06315789473684208 0.05614035087719296 0.05497076023391812 0.06491228070175431 0.05964912280701752 0.05964912280701754 0.17485380116959062 0.057309941520467825 0.05497076023391812 0.05730994152046782 0.05789473684210523 0.060233918128654945
0.06944444444444445 0.06805555555555555 0.06458333333333334 0.06527777777777778 0.06458333333333334 0.06319444444444444 0.07083333333333333 0.07569444444444444 0.06527777777777778 0.06597222222222222 0.06527777777777778 0.0625 0.07152777777777777 0.06319444444444444 0.06458333333333334
0.05789473684210525 0.05964912280701748 0.059649122807017514 0.07777777777777772 0.057894736842105214 0.05614035087719297 0.06608187134502921 0.05614035087719296 0.057309941520467825 0.11812865497076014 0.06023391812865499 0.09473684210526319 0.0631578947368421 0.056725146198830394 0.058479532163742666
0.06296296296296287 0.05291005291005284 0.05873015873015863 0.056613756613756554 0.058201058201058115 0.04920634920634914 0.06296296296296289 0.053968253968253894 0.050793650793650724 0.11164021164021155 0.09629629629629621 0.056084656084656 0.07671957671957666 0.08571428571428563 0.06719576719576713
0.07013888888888889 0.06736111111111111 0.06597222222222222 0.06458333333333334 0.06527777777777778 0.06388888888888888 0.06388888888888888 0.06388888888888888 0.06527777777777778 0.07013888888888889 0.07361111111111111 0.06666666666666667 0.06597222222222222 0.06527777777777778 0.06805555555555555
0.0594771241830064 0.06013071895424824 0.06013071895424824 0.0594771241830064 0.06013071895424823 0.05882352941176457 0.11241830065359455 0.06013071895424824 0.059477124183006415 0.06013071895424823 0.09738562091503249 0.07385620915032666 0.059477124183006415 0.06013071895424823 0.05882352941176457
0.06543209876543196 0.06604938271604928 0.05925925925925914 0.058024691358024585 0.08703703703703694 0.05925925925925916 0.11049382716049364 0.058024691358024585 0.05925925925925914 0.07345679012345667 0.06728395061728383 0.061728395061728274 0.0574074074074073 0.05802469135802457 0.05925925925925914
0.06296296296296286 0.06358024691358014 0.05864197530864187 0.05925925925925915 0.05987654320987644 0.05864197530864187 0.11790123456790107 0.05987654320987642 0.058641975308641854 0.061728395061728274 0.061111111111111005 0.08950617283950602 0.06296296296296283 0.061111111111111005 0.06419753086419741
0.06339869281045737 0.06535947712418286 0.06078431372549007 0.06339869281045737 0.06405228758169922 0.06013071895424824 0.06535947712418289 0.06078431372549007 0.062091503267973726 0.06339869281045739 0.0679738562091502 0.0594771241830064 0.06470588235294104 0.11372549019607822 0.06535947712418286
0.057971014492753714 0.05700483091787449 0.05990338164251219 0.133816425120773 0.05555555555555566 0.04975845410628028 0.05362318840579719 0.05169082125603874 0.05217391304347834 0.09951690821256043 0.08792270531400977 0.05120772946859911 0.057487922705314096 0.07294685990338173 0.05942028985507255
0.06862745098039202 0.06274509803921555 0.06274509803921556 0.06209150326797373 0.06209150326797373 0.0640522875816992 0.06732026143790834 0.0614379084967319 0.06078431372549007 0.11372549019607822 0.0640522875816992 0.0614379084967319 0.06013071895424824 0.06535947712418286 0.06339869281045737
0.05449735449735443 0.05238095238095231 0.05291005291005284 0.05396825396825389 0.04973544973544966 0.05132275132275125 0.05449735449735443 0.04973544973544967 0.050793650793650724 0.06455026455026446 0.05132275132275125 0.05238095238095231 0.048677248677248604 0.23544973544973524 0.07777777777777764
0.06358024691358014 0.061111111111110984 0.061728395061728274 0.06790123456790112 0.05679012345679001 0.058024691358024585 0.06234567901234556 0.05925925925925914 0.06049382716049372 0.13209876543209859 0.0641975308641974 0.06111111111111099 0.05925925925925916 0.07037037037037026 0.061728395061728274
0.06172839506172827 0.05987654320987644 0.05740740740740729 0.0574074074074073 0.1259259259259258 0.05617283950617273 0.10987654320987637 0.058641975308641854 0.05555555555555545 0.06543209876543198 0.05679012345679001 0.05925925925925914 0.058024691358024585 0.058641975308641854 0.05925925925925915
0.05303030303030306 0.05858585858585865 0.04949494949494951 0.04797979797979797 0.05101010101010104 0.051010101010101026 0.17121212121212118 0.06414141414141415 0.05000000000000002 0.051010101010101026 0.06010101010101014 0.05050505050505051 0.05101010101010104 0.12323232323232332 0.06767676767676781
0.061403508771929835 0.0707602339181286 0.05964912280701752 0.0678362573099415 0.06081871345029239 0.05906432748538009 0.06725146198830408 0.06257309941520466 0.06491228070175438 0.06666666666666665 0.06432748538011693 0.06315789473684207 0.05789473684210525 0.10643274853801163 0.06725146198830403
0.0572649572649572 0.055555555555555525 0.04572649572649569 0.046581196581196534 0.07863247863247856 0.04102564102564099 0.13504273504273487 0.04529914529914528 0.04572649572649569 0.05512820512820506 0.11965811965811952 0.04743589743589739 0.05512820512820509 0.12521367521367502 0.04658119658119654
0.06209150326797373 0.06274509803921555 0.0614379084967319 0.06209150326797373 0.06078431372549007 0.0614379084967319 0.060784313725490056 0.06209150326797373 0.06013071895424823 0.06274509803921555 0.0640522875816992 0.06535947712418286 0.06405228758169923 0.11111111111111097 0.07908496732026128
0.04975845410628028 0.05265700483091796 0.046859903381642594 0.04830917874396142 0.046859903381642594 0.047342995169082205 0.13381642512077285 0.04637681159420297 0.049758454106280284 0.055555555555555663 0.04927536231884066 0.04975845410628028 0.046376811594202975 0.21449275362318826 0.06280193236714988
0.061728395061728274 0.061111111111111005 0.061111111111110984 0.05925925925925916 0.058641975308641854 0.05802469135802457 0.06666666666666654 0.05679012345679001 0.058024691358024585 0.10864197530864181 0.059876543209876426 0.06111111111111101 0.05925925925925915 0.09938271604938258 0.07037037037037022
0.062345679012345556 0.06358024691358014 0.06234567901234555 0.05679012345679001 0.05679012345679002 0.14135802469135786 0.08209876543209862 0.05555555555555545 0.06296296296296285 0.05987654320987642 0.05987654320987644 0.05864197530864187 0.06234567901234555 0.05740740740740729 0.058024691358024585
0.06944444444444445 0.06736111111111111 0.06319444444444444 0.06388888888888888 0.06388888888888888 0.06319444444444444 0.07708333333333334 0.06319444444444444 0.06388888888888888 0.07013888888888889 0.06388888888888888 0.07291666666666667 0.06597222222222222 0.0625 0.06944444444444445
0.06604938271604927 0.07222222222222209 0.06049382716049371 0.06666666666666655 0.058641975308641854 0.061111111111111005 0.0746913580246912 0.06049382716049371 0.05864197530864187 0.06172839506172829 0.06049382716049372 0.06296296296296286 0.061111111111111005 0.09753086419753068 0.07716049382716036
0.05714285714285708 0.050264550264550185 0.05291005291005283 0.10687830687830681 0.05026455026455019 0.10370370370370359 0.06931216931216923 0.048677248677248604 0.05714285714285706 0.05449735449735441 0.05185185185185177 0.05132275132275124 0.14338624338624328 0.04973544973544966 0.052910052910052824
0.07444444444444434 0.05166666666666658 0.054999999999999924 0.05055555555555547 0.050555555555555465 0.05111111111111103 0.05166666666666659 0.050555555555555465 0.24888888888888883 0.05888888888888881 0.052222222222222135 0.05055555555555547 0.05111111111111102 0.050555555555555465 0.05222222222222213
0.059477124183006415 0.10522875816993456 0.060784313725490056 0.06078431372549008 0.05882352941176457 0.0594771241830064 0.059477124183006415 0.0594771241830064 0.05882352941176457 0.059477124183006415 0.06013071895424824 0.059477124183006415 0.0594771241830064 0.0594771241830064 0.11960784313725481
0.06388888888888888 0.0625 0.06458333333333334 0.0625 0.0625 0.06319444444444444 0.06388888888888888 0.0625 0.06388888888888888 0.06736111111111111 0.07916666666666666 0.06319444444444444 0.06319444444444444 0.09166666666666666 0.06597222222222222
0.06666666666666667 0.06388888888888888 0.06319444444444444 0.06319444444444444 0.06597222222222222 0.0625 0.06597222222222222 0.06388888888888888 0.06388888888888888 0.06666666666666667 0.06458333333333334 0.09513888888888888 0.06458333333333334 0.0625 0.06736111111111111
0.06319444444444444 0.06319444444444444 0.0625 0.0625 0.06319444444444444 0.0625 0.0625 0.0625 0.06319444444444444 0.0625 0.0625 0.0625 0.12222222222222222 0.0625 0.0625
0.055555555555555476 0.05333333333333324 0.05444444444444435 0.14388888888888904 0.05722222222222214 0.10388888888888875 0.054999999999999924 0.05166666666666658 0.05111111111111102 0.05611111111111102 0.05611111111111103 0.053333333333333253 0.10388888888888881 0.05111111111111103 0.05333333333333324
0.056725146198830394 0.05321637426900585 0.05672514619883039 0.11052631578947361 0.05321637426900585 0.05497076023391812 0.057309941520467804 0.054970760233918115 0.05614035087719296 0.16959064327485376 0.05614035087719298 0.05614035087719297 0.05555555555555555 0.05380116959064327 0.05497076023391813
0.06078431372549007 0.08431372549019592 0.06274509803921555 0.0614379084967319 0.06013071895424824 0.11568627450980369 0.060784313725490056 0.06209150326797373 0.06013071895424823 0.05882352941176457 0.06797385620915017 0.06013071895424824 0.06274509803921556 0.05882352941176457 0.06339869281045737
0.06319444444444444 0.06388888888888888 0.06319444444444444 0.06319444444444444 0.10833333333333334 0.06319444444444444 0.06458333333333334 0.0625 0.06388888888888888 0.06458333333333334 0.06319444444444444 0.06666666666666667 0.06319444444444444 0.06319444444444444 0.06319444444444444
0.06274509803921555 0.06013071895424823 0.07450980392156849 0.06993464052287567 0.062091503267973726 0.062091503267973726 0.061437908496731905 0.06535947712418287 0.06013071895424824 0.11176470588235274 0.06078431372549007 0.06339869281045737 0.06274509803921555 0.06013071895424823 0.06274509803921556
0.05925925925925915 0.06172839506172829 0.05925925925925914 0.05987654320987644 0.058641975308641854 0.11975308641975288 0.06111111111111099 0.059876543209876426 0.05987654320987642 0.06234567901234556 0.06234567901234556 0.06234567901234556 0.06049382716049371 0.09074074074074062 0.06234567901234556
0.06728395061728382 0.06481481481481471 0.06296296296296283 0.08209876543209862 0.06481481481481469 0.05987654320987644 0.10987654320987635 0.06049382716049371 0.0574074074074073 0.06234567901234556 0.06419753086419742 0.06296296296296287 0.06172839506172829 0.05802469135802457 0.06111111111111099
0.06875 0.06458333333333334 0.07083333333333333 0.06736111111111111 0.06597222222222222 0.06527777777777778 0.06527777777777778 0.06527777777777778 0.07013888888888889 0.06805555555555555 0.06666666666666667 0.06527777777777778 0.06597222222222222 0.06319444444444444 0.06736111111111111
0.06319444444444444 0.06944444444444445 0.06666666666666667 0.06666666666666667 0.06458333333333334 0.06666666666666667 0.06805555555555555 0.06458333333333334 0.06597222222222222 0.07083333333333333 0.06527777777777778 0.06527777777777778 0.07013888888888889 0.06666666666666667 0.06597222222222222
0.05679012345679001 0.05555555555555545 0.05555555555555545 0.05555555555555545 0.05679012345679001 0.05679012345679001 0.0574074074074073 0.05617283950617273 0.05555555555555545 0.05740740740740729 0.05864197530864187 0.05679012345679001 0.10185185185185167 0.13209876543209867 0.08703703703703687
0.062091503267973726 0.0594771241830064 0.06078431372549008 0.061437908496731905 0.06013071895424823 0.0640522875816992 0.06078431372549007 0.06013071895424823 0.0594771241830064 0.062091503267973726 0.06601307189542473 0.06078431372549007 0.14444444444444418 0.059477124183006415 0.05882352941176457
0.06339869281045737 0.06274509803921555 0.06339869281045739 0.062091503267973726 0.0594771241830064 0.0614379084967319 0.06209150326797373 0.0614379084967319 0.06078431372549007 0.06274509803921555 0.06339869281045739 0.0614379084967319 0.13006535947712397 0.06274509803921556 0.06274509803921555
0.05046296296296294 0.054166666666666675 0.04907407407407405 0.053240740740740776 0.050462962962962966 0.04537037037037032 0.04537037037037032 0.058333333333333334 0.2490740740740741 0.09490740740740738 0.052314814814814814 0.04629629629629627 0.044444444444444384 0.044907407407407354 0.06157407407407406
0.06078431372549008 0.06013071895424824 0.0594771241830064 0.15424836601307165 0.060784313725490056 0.060784313725490056 0.062091503267973726 0.05882352941176457 0.0594771241830064 0.06274509803921556 0.06078431372549007 0.06013071895424824 0.0594771241830064 0.06013071895424824 0.06013071895424824
0.05555555555555545 0.05555555555555545 0.05679012345679001 0.05679012345679001 0.05555555555555545 0.10987654320987633 0.05617283950617273 0.05679012345679002 0.1617283950617282 0.05617283950617273 0.05617283950617273 0.05555555555555545 0.05555555555555545 0.05555555555555545 0.05617283950617273
0.05321637426900585 0.054970760233918115 0.05555555555555554 0.055555555555555546 0.05380116959064327 0.10467836257309943 0.0573099415204678 0.05438596491228071 0.1397660818713448 0.054970760233918115 0.0871345029239767 0.06608187134502914 0.053801169590643266 0.05380116959064327 0.05497076023391812
