2.3969319271332696E-4 2.3969319271332696E-4 0.3957334611697028 2.3969319271332696E-4 2.3969319271332696E-4 2.3969319271332696E-4 2.3969319271332696E-4 2.3969319271332696E-4 2.3969319271332696E-4 0.3238255033557047 2.3969319271332696E-4 2.3969319271332696E-4 2.3969319271332696E-4 2.3969319271332696E-4 2.3969319271332696E-4 2.3969319271332696E-4 2.3969319271332696E-4 0.012224352828379675 0.26390220517737295 2.3969319271332696E-4 2.3969319271332696E-4 2.3969319271332696E-4
1.3846579894765993E-4 1.3846579894765993E-4 1.3846579894765993E-4 1.3846579894765993E-4 0.013985045693713652 1.3846579894765993E-4 0.3601495430628635 1.3846579894765993E-4 1.3846579894765993E-4 1.3846579894765993E-4 1.3846579894765993E-4 1.3846579894765993E-4 1.3846579894765993E-4 1.3846579894765993E-4 1.3846579894765993E-4 1.3846579894765993E-4 1.3846579894765993E-4 1.3846579894765993E-4 0.6232345610634173 1.3846579894765993E-4 1.3846579894765993E-4 1.3846579894765993E-4
1.5332720024532353E-4 0.0078196872125115 1.5332720024532353E-4 1.5332720024532353E-4 1.5332720024532353E-4 1.5332720024532353E-4 1.5332720024532353E-4 1.5332720024532353E-4 1.5332720024532353E-4 1.5332720024532353E-4 1.5332720024532353E-4 1.5332720024532353E-4 0.9891137687825822 1.5332720024532353E-4 1.5332720024532353E-4 1.5332720024532353E-4 1.5332720024532353E-4 1.5332720024532353E-4 1.5332720024532353E-4 1.5332720024532353E-4 1.5332720024532353E-4 1.5332720024532353E-4
0.007701600724856539 1.5101177891875566E-4 1.5101177891875566E-4 1.5101177891875566E-4 1.5101177891875566E-4 1.5101177891875566E-4 1.5101177891875566E-4 1.5101177891875566E-4 1.5101177891875566E-4 1.5101177891875566E-4 1.5101177891875566E-4 1.5101177891875566E-4 0.9439746300211417 1.5101177891875566E-4 0.04545454545454545 1.5101177891875566E-4 1.5101177891875566E-4 1.5101177891875566E-4 1.5101177891875566E-4 1.5101177891875566E-4 1.5101177891875566E-4 1.5101177891875566E-4
1.6886187098953058E-4 1.6886187098953058E-4 1.6886187098953058E-4 1.6886187098953058E-4 1.6886187098953058E-4 1.6886187098953058E-4 1.6886187098953058E-4 1.6886187098953058E-4 1.6886187098953058E-4 0.9964539007092198 1.6886187098953058E-4 1.6886187098953058E-4 1.6886187098953058E-4 1.6886187098953058E-4 1.6886187098953058E-4 1.6886187098953058E-4 1.6886187098953058E-4 1.6886187098953058E-4 1.6886187098953058E-4 1.6886187098953058E-4 1.6886187098953058E-4 1.6886187098953058E-4
8.082767539605561E-5 8.082767539605561E-5 8.082767539605561E-5 8.082767539605561E-5 8.082767539605561E-5 8.082767539605561E-5 8.082767539605561E-5 8.082767539605561E-5 8.082767539605561E-5 8.082767539605561E-5 8.082767539605561E-5 8.082767539605561E-5 0.9821370837374718 8.082767539605561E-5 8.082767539605561E-5 0.016246362754607176 8.082767539605561E-5 8.082767539605561E-5 8.082767539605561E-5 8.082767539605561E-5 8.082767539605561E-5 8.082767539605561E-5
8.604371020478404E-5 8.604371020478404E-5 0.8175012906556531 8.604371020478404E-5 8.604371020478404E-5 8.604371020478404E-5 8.604371020478404E-5 8.604371020478404E-5 8.604371020478404E-5 8.604371020478404E-5 8.604371020478404E-5 8.604371020478404E-5 0.17647564963001205 8.604371020478404E-5 8.604371020478404E-5 8.604371020478404E-5 0.0043882292204439855 8.604371020478404E-5 8.604371020478404E-5 8.604371020478404E-5 8.604371020478404E-5 8.604371020478404E-5
2.163565556036348E-4 2.163565556036348E-4 2.163565556036348E-4 2.163565556036348E-4 2.163565556036348E-4 2.163565556036348E-4 2.163565556036348E-4 2.163565556036348E-4 2.163565556036348E-4 0.9954565123323237 2.163565556036348E-4 2.163565556036348E-4 2.163565556036348E-4 2.163565556036348E-4 2.163565556036348E-4 2.163565556036348E-4 2.163565556036348E-4 2.163565556036348E-4 2.163565556036348E-4 2.163565556036348E-4 2.163565556036348E-4 2.163565556036348E-4
2.5176233635448137E-4 2.5176233635448137E-4 2.5176233635448137E-4 2.5176233635448137E-4 2.5176233635448137E-4 2.5176233635448137E-4 0.038016112789526685 2.5176233635448137E-4 2.5176233635448137E-4 0.9569486404833837 2.5176233635448137E-4 2.5176233635448137E-4 2.5176233635448137E-4 2.5176233635448137E-4 2.5176233635448137E-4 2.5176233635448137E-4 2.5176233635448137E-4 2.5176233635448137E-4 2.5176233635448137E-4 2.5176233635448137E-4 2.5176233635448137E-4 2.5176233635448137E-4
1.3657470636438133E-4 1.3657470636438133E-4 1.3657470636438133E-4 1.3657470636438133E-4 1.3657470636438133E-4 1.3657470636438133E-4 1.3657470636438133E-4 1.3657470636438133E-4 0.006965310024583447 1.3657470636438133E-4 1.3657470636438133E-4 1.3657470636438133E-4 0.990303195848129 1.3657470636438133E-4 1.3657470636438133E-4 1.3657470636438133E-4 1.3657470636438133E-4 1.3657470636438133E-4 1.3657470636438133E-4 1.3657470636438133E-4 1.3657470636438133E-4 1.3657470636438133E-4
6.547930853850184E-5 0.01643530644316396 6.547930853850184E-5 6.547930853850184E-5 6.547930853850184E-5 6.547930853850184E-5 6.547930853850184E-5 6.547930853850184E-5 6.547930853850184E-5 0.9822551073860659 6.547930853850184E-5 6.547930853850184E-5 6.547930853850184E-5 6.547930853850184E-5 6.547930853850184E-5 6.547930853850184E-5 6.547930853850184E-5 6.547930853850184E-5 6.547930853850184E-5 6.547930853850184E-5 6.547930853850184E-5 6.547930853850184E-5
1.6202203499675956E-4 1.6202203499675956E-4 1.6202203499675956E-4 1.6202203499675956E-4 1.6202203499675956E-4 1.6202203499675956E-4 1.6202203499675956E-4 1.6202203499675956E-4 1.6202203499675956E-4 0.6563512637718729 1.6202203499675956E-4 0.31610499027867794 1.6202203499675956E-4 1.6202203499675956E-4 1.6202203499675956E-4 1.6202203499675956E-4 0.024465327284510695 1.6202203499675956E-4 1.6202203499675956E-4 1.6202203499675956E-4 1.6202203499675956E-4 1.6202203499675956E-4
6.862475981334066E-5 0.9470903101839143 6.862475981334066E-5 6.862475981334066E-5 6.862475981334066E-5 6.862475981334066E-5 6.862475981334066E-5 6.862475981334066E-5 6.862475981334066E-5 6.862475981334066E-5 6.862475981334066E-5 6.862475981334066E-5 0.0034998627504803734 6.862475981334066E-5 6.862475981334066E-5 6.862475981334066E-5 6.862475981334066E-5 6.862475981334066E-5 0.0481059566291518 6.862475981334066E-5 6.862475981334066E-5 6.862475981334066E-5
8.911067545891998E-5 8.911067545891998E-5 8.911067545891998E-5 8.911067545891998E-5 8.911067545891998E-5 0.46792015683478877 8.911067545891998E-5 8.911067545891998E-5 8.911067545891998E-5 0.5258420958830868 8.911067545891998E-5 8.911067545891998E-5 8.911067545891998E-5 8.911067545891998E-5 8.911067545891998E-5 8.911067545891998E-5 8.911067545891998E-5 8.911067545891998E-5 8.911067545891998E-5 8.911067545891998E-5 0.004544644448404919 8.911067545891998E-5
9.641342074816814E-5 9.641342074816814E-5 9.641342074816814E-5 9.641342074816814E-5 9.641342074816814E-5 0.6653490165831084 9.641342074816814E-5 9.641342074816814E-5 9.641342074816814E-5 0.33272271500192824 9.641342074816814E-5 9.641342074816814E-5 9.641342074816814E-5 9.641342074816814E-5 9.641342074816814E-5 9.641342074816814E-5 9.641342074816814E-5 9.641342074816814E-5 9.641342074816814E-5 9.641342074816814E-5 9.641342074816814E-5 9.641342074816814E-5
3.2552083333333337E-4 3.2552083333333337E-4 3.2552083333333337E-4 3.2552083333333337E-4 3.2552083333333337E-4 0.24446614583333334 0.0166015625 0.0166015625 3.2552083333333337E-4 0.7164713541666667 3.2552083333333337E-4 3.2552083333333337E-4 3.2552083333333337E-4 3.2552083333333337E-4 3.2552083333333337E-4 3.2552083333333337E-4 3.2552083333333337E-4 3.2552083333333337E-4 3.2552083333333337E-4 3.2552083333333337E-4 3.2552083333333337E-4 3.2552083333333337E-4
4.128819157720892E-4 4.128819157720892E-4 4.128819157720892E-4 4.128819157720892E-4 4.128819157720892E-4 0.3307184145334434 4.128819157720892E-4 4.128819157720892E-4 4.128819157720892E-4 0.6610239471511149 4.128819157720892E-4 4.128819157720892E-4 4.128819157720892E-4 4.128819157720892E-4 4.128819157720892E-4 4.128819157720892E-4 4.128819157720892E-4 4.128819157720892E-4 4.128819157720892E-4 4.128819157720892E-4 4.128819157720892E-4 4.128819157720892E-4
1.0233319688907081E-4 1.0233319688907081E-4 1.0233319688907081E-4 1.0233319688907081E-4 1.0233319688907081E-4 0.29686860417519445 1.0233319688907081E-4 1.0233319688907081E-4 1.0233319688907081E-4 0.6959680720425707 1.0233319688907081E-4 1.0233319688907081E-4 1.0233319688907081E-4 1.0233319688907081E-4 1.0233319688907081E-4 1.0233319688907081E-4 1.0233319688907081E-4 1.0233319688907081E-4 0.0052189930413426115 1.0233319688907081E-4 1.0233319688907081E-4 1.0233319688907081E-4
9.68804495252858E-5 9.68804495252858E-5 9.68804495252858E-5 9.68804495252858E-5 9.68804495252858E-5 0.42637085836078276 9.68804495252858E-5 9.68804495252858E-5 9.68804495252858E-5 0.5716915326487115 9.68804495252858E-5 9.68804495252858E-5 9.68804495252858E-5 9.68804495252858E-5 9.68804495252858E-5 9.68804495252858E-5 9.68804495252858E-5 9.68804495252858E-5 9.68804495252858E-5 9.68804495252858E-5 9.68804495252858E-5 9.68804495252858E-5
1.8109380659181456E-4 1.8109380659181456E-4 1.8109380659181456E-4 1.8109380659181456E-4 1.8109380659181456E-4 1.8109380659181456E-4 1.8109380659181456E-4 1.8109380659181456E-4 1.8109380659181456E-4 0.9780876494023905 1.8109380659181456E-4 0.01829047446577327 1.8109380659181456E-4 1.8109380659181456E-4 1.8109380659181456E-4 1.8109380659181456E-4 1.8109380659181456E-4 1.8109380659181456E-4 1.8109380659181456E-4 1.8109380659181456E-4 1.8109380659181456E-4 1.8109380659181456E-4
1.487652484379649E-4 1.487652484379649E-4 1.487652484379649E-4 1.487652484379649E-4 1.487652484379649E-4 0.4910740850937221 1.487652484379649E-4 1.487652484379649E-4 1.487652484379649E-4 0.5059506099375186 1.487652484379649E-4 1.487652484379649E-4 1.487652484379649E-4 1.487652484379649E-4 1.487652484379649E-4 1.487652484379649E-4 1.487652484379649E-4 1.487652484379649E-4 1.487652484379649E-4 1.487652484379649E-4 1.487652484379649E-4 1.487652484379649E-4
9.830908375933937E-5 9.830908375933937E-5 9.830908375933937E-5 9.830908375933937E-5 9.830908375933937E-5 0.41299646087298464 9.830908375933937E-5 9.830908375933937E-5 9.830908375933937E-5 0.5850373574518285 9.830908375933937E-5 9.830908375933937E-5 9.830908375933937E-5 9.830908375933937E-5 9.830908375933937E-5 9.830908375933937E-5 9.830908375933937E-5 9.830908375933937E-5 9.830908375933937E-5 9.830908375933937E-5 9.830908375933937E-5 9.830908375933937E-5
7.738740133106331E-5 7.738740133106331E-5 0.011685497600990559 7.738740133106331E-5 7.738740133106331E-5 7.738740133106331E-5 7.738740133106331E-5 7.738740133106331E-5 7.738740133106331E-5 0.9867667543723883 7.738740133106331E-5 7.738740133106331E-5 7.738740133106331E-5 7.738740133106331E-5 7.738740133106331E-5 7.738740133106331E-5 7.738740133106331E-5 7.738740133106331E-5 7.738740133106331E-5 7.738740133106331E-5 7.738740133106331E-5 7.738740133106331E-5
4.334257975034674E-5 4.334257975034674E-5 4.334257975034674E-5 4.334257975034674E-5 4.334257975034674E-5 4.334257975034674E-5 4.334257975034674E-5 4.334257975034674E-5 0.0022104715672676837 4.334257975034674E-5 4.334257975034674E-5 0.0022104715672676837 4.334257975034674E-5 4.334257975034674E-5 4.334257975034674E-5 4.334257975034674E-5 4.334257975034674E-5 4.334257975034674E-5 0.994755547850208 4.334257975034674E-5 4.334257975034674E-5 4.334257975034674E-5
7.006726457399103E-5 7.006726457399103E-5 7.006726457399103E-5 0.0035734304932735425 7.006726457399103E-5 7.006726457399103E-5 7.006726457399103E-5 7.006726457399103E-5 7.006726457399103E-5 0.9950252242152465 7.006726457399103E-5 7.006726457399103E-5 7.006726457399103E-5 7.006726457399103E-5 7.006726457399103E-5 7.006726457399103E-5 7.006726457399103E-5 7.006726457399103E-5 7.006726457399103E-5 7.006726457399103E-5 7.006726457399103E-5 7.006726457399103E-5
8.115565654926148E-5 8.115565654926148E-5 8.115565654926148E-5 8.115565654926148E-5 8.115565654926148E-5 8.115565654926148E-5 8.115565654926148E-5 8.115565654926148E-5 8.115565654926148E-5 0.9901801655575394 8.115565654926148E-5 8.115565654926148E-5 0.00819672131147541 8.115565654926148E-5 8.115565654926148E-5 8.115565654926148E-5 8.115565654926148E-5 8.115565654926148E-5 8.115565654926148E-5 8.115565654926148E-5 8.115565654926148E-5 8.115565654926148E-5
1.1944577161968467E-4 1.1944577161968467E-4 1.1944577161968467E-4 1.1944577161968467E-4 1.1944577161968467E-4 1.1944577161968467E-4 1.1944577161968467E-4 1.1944577161968467E-4 1.1944577161968467E-4 0.9915193502150025 1.1944577161968467E-4 1.1944577161968467E-4 1.1944577161968467E-4 1.1944577161968467E-4 1.1944577161968467E-4 1.1944577161968467E-4 1.1944577161968467E-4 1.1944577161968467E-4 1.1944577161968467E-4 1.1944577161968467E-4 0.006091734352603918 1.1944577161968467E-4
2.3137436372049977E-4 2.3137436372049977E-4 2.3137436372049977E-4 2.3137436372049977E-4 2.3137436372049977E-4 2.3137436372049977E-4 2.3137436372049977E-4 2.3137436372049977E-4 2.3137436372049977E-4 0.9951411383618695 2.3137436372049977E-4 2.3137436372049977E-4 2.3137436372049977E-4 2.3137436372049977E-4 2.3137436372049977E-4 2.3137436372049977E-4 2.3137436372049977E-4 2.3137436372049977E-4 2.3137436372049977E-4 2.3137436372049977E-4 2.3137436372049977E-4 2.3137436372049977E-4
3.965107057890563E-4 3.965107057890563E-4 3.965107057890563E-4 3.965107057890563E-4 3.965107057890563E-4 0.6942902458366377 3.965107057890563E-4 3.965107057890563E-4 3.965107057890563E-4 0.2779540047581285 3.965107057890563E-4 3.965107057890563E-4 3.965107057890563E-4 3.965107057890563E-4 3.965107057890563E-4 0.020222045995241873 3.965107057890563E-4 3.965107057890563E-4 3.965107057890563E-4 3.965107057890563E-4 3.965107057890563E-4 3.965107057890563E-4
2.5497195308516065E-4 2.5497195308516065E-4 2.5497195308516065E-4 2.5497195308516065E-4 2.5497195308516065E-4 0.8416624171341153 2.5497195308516065E-4 2.5497195308516065E-4 2.5497195308516065E-4 2.5497195308516065E-4 2.5497195308516065E-4 2.5497195308516065E-4 2.5497195308516065E-4 2.5497195308516065E-4 2.5497195308516065E-4 2.5497195308516065E-4 2.5497195308516065E-4 2.5497195308516065E-4 0.15323814380418155 2.5497195308516065E-4 2.5497195308516065E-4 2.5497195308516065E-4
7.563152321887763E-5 7.563152321887763E-5 7.563152321887763E-5 7.563152321887763E-5 7.563152321887763E-5 0.3555437906519437 7.563152321887763E-5 7.563152321887763E-5 7.563152321887763E-5 0.6429435788836788 7.563152321887763E-5 7.563152321887763E-5 7.563152321887763E-5 7.563152321887763E-5 7.563152321887763E-5 7.563152321887763E-5 7.563152321887763E-5 7.563152321887763E-5 7.563152321887763E-5 7.563152321887763E-5 7.563152321887763E-5 7.563152321887763E-5
7.799095304944626E-5 7.799095304944626E-5 7.799095304944626E-5 7.799095304944626E-5 7.799095304944626E-5 0.3783341132428638 7.799095304944626E-5 7.799095304944626E-5 7.799095304944626E-5 0.6201060676961473 7.799095304944626E-5 7.799095304944626E-5 7.799095304944626E-5 7.799095304944626E-5 7.799095304944626E-5 7.799095304944626E-5 7.799095304944626E-5 7.799095304944626E-5 7.799095304944626E-5 7.799095304944626E-5 7.799095304944626E-5 7.799095304944626E-5
1.3294336612603032E-4 1.3294336612603032E-4 1.3294336612603032E-4 1.3294336612603032E-4 1.3294336612603032E-4 0.8177346450412124 1.3294336612603032E-4 1.3294336612603032E-4 1.3294336612603032E-4 0.17960648763626694 1.3294336612603032E-4 1.3294336612603032E-4 1.3294336612603032E-4 1.3294336612603032E-4 1.3294336612603032E-4 1.3294336612603032E-4 1.3294336612603032E-4 1.3294336612603032E-4 1.3294336612603032E-4 1.3294336612603032E-4 1.3294336612603032E-4 1.3294336612603032E-4
1.9716088328075712E-4 1.9716088328075712E-4 1.9716088328075712E-4 1.9716088328075712E-4 1.9716088328075712E-4 0.36494479495268145 1.9716088328075712E-4 1.9716088328075712E-4 1.9716088328075712E-4 0.6311119873817035 1.9716088328075712E-4 1.9716088328075712E-4 1.9716088328075712E-4 1.9716088328075712E-4 1.9716088328075712E-4 1.9716088328075712E-4 1.9716088328075712E-4 1.9716088328075712E-4 1.9716088328075712E-4 1.9716088328075712E-4 1.9716088328075712E-4 1.9716088328075712E-4
6.260956674179815E-5 6.260956674179815E-5 6.260956674179815E-5 6.260956674179815E-5 6.260956674179815E-5 6.260956674179815E-5 6.260956674179815E-5 6.260956674179815E-5 6.260956674179815E-5 0.08458552466816929 6.260956674179815E-5 6.260956674179815E-5 6.260956674179815E-5 0.263022789882294 6.260956674179815E-5 6.260956674179815E-5 6.260956674179815E-5 6.260956674179815E-5 0.6512021036814426 6.260956674179815E-5 6.260956674179815E-5 6.260956674179815E-5
2.8392958546280523E-4 2.8392958546280523E-4 2.8392958546280523E-4 2.8392958546280523E-4 2.8392958546280523E-4 0.14224872231686542 2.8392958546280523E-4 2.8392958546280523E-4 2.8392958546280523E-4 0.8378762067007383 0.014480408858603067 2.8392958546280523E-4 2.8392958546280523E-4 2.8392958546280523E-4 2.8392958546280523E-4 2.8392958546280523E-4 2.8392958546280523E-4 2.8392958546280523E-4 2.8392958546280523E-4 2.8392958546280523E-4 2.8392958546280523E-4 2.8392958546280523E-4
1.375137513751375E-4 1.375137513751375E-4 1.375137513751375E-4 1.375137513751375E-4 1.375137513751375E-4 0.5914466446644664 1.375137513751375E-4 1.375137513751375E-4 1.375137513751375E-4 0.4058030803080308 1.375137513751375E-4 1.375137513751375E-4 1.375137513751375E-4 1.375137513751375E-4 1.375137513751375E-4 1.375137513751375E-4 1.375137513751375E-4 1.375137513751375E-4 1.375137513751375E-4 1.375137513751375E-4 1.375137513751375E-4 1.375137513751375E-4
7.182876023559834E-5 7.182876023559834E-5 7.182876023559834E-5 7.182876023559834E-5 7.182876023559834E-5 7.182876023559834E-5 7.182876023559834E-5 7.182876023559834E-5 7.182876023559834E-5 0.9949001580232725 7.182876023559834E-5 0.003663266772015515 7.182876023559834E-5 7.182876023559834E-5 7.182876023559834E-5 7.182876023559834E-5 7.182876023559834E-5 7.182876023559834E-5 7.182876023559834E-5 7.182876023559834E-5 7.182876023559834E-5 7.182876023559834E-5
7.287567409998542E-5 7.287567409998542E-5 7.287567409998542E-5 7.287567409998542E-5 7.287567409998542E-5 7.287567409998542E-5 7.287567409998542E-5 7.287567409998542E-5 7.287567409998542E-5 0.9984696108439003 7.287567409998542E-5 7.287567409998542E-5 7.287567409998542E-5 7.287567409998542E-5 7.287567409998542E-5 7.287567409998542E-5 7.287567409998542E-5 7.287567409998542E-5 7.287567409998542E-5 7.287567409998542E-5 7.287567409998542E-5 7.287567409998542E-5
6.0709082078678975E-5 6.0709082078678975E-5 6.0709082078678975E-5 6.0709082078678975E-5 6.0709082078678975E-5 6.0709082078678975E-5 6.0709082078678975E-5 6.0709082078678975E-5 6.0709082078678975E-5 0.9987251092763477 6.0709082078678975E-5 6.0709082078678975E-5 6.0709082078678975E-5 6.0709082078678975E-5 6.0709082078678975E-5 6.0709082078678975E-5 6.0709082078678975E-5 6.0709082078678975E-5 6.0709082078678975E-5 6.0709082078678975E-5 6.0709082078678975E-5 6.0709082078678975E-5
0.06823284156510584 8.017960230917255E-5 8.017960230917255E-5 8.017960230917255E-5 8.017960230917255E-5 8.017960230917255E-5 8.017960230917255E-5 8.017960230917255E-5 8.017960230917255E-5 8.017960230917255E-5 8.017960230917255E-5 8.017960230917255E-5 0.9261545862732521 8.017960230917255E-5 8.017960230917255E-5 0.0040891597177678 8.017960230917255E-5 8.017960230917255E-5 8.017960230917255E-5 8.017960230917255E-5 8.017960230917255E-5 8.017960230917255E-5
1.414027149321267E-4 1.414027149321267E-4 1.414027149321267E-4 1.414027149321267E-4 1.414027149321267E-4 1.414027149321267E-4 1.414027149321267E-4 1.414027149321267E-4 1.414027149321267E-4 1.414027149321267E-4 1.414027149321267E-4 1.414027149321267E-4 0.9970305429864255 1.414027149321267E-4 1.414027149321267E-4 1.414027149321267E-4 1.414027149321267E-4 1.414027149321267E-4 1.414027149321267E-4 1.414027149321267E-4 1.414027149321267E-4 1.414027149321267E-4
9.114108640174992E-5 9.114108640174992E-5 9.114108640174992E-5 9.114108640174992E-5 9.114108640174992E-5 9.114108640174992E-5 9.114108640174992E-5 9.114108640174992E-5 9.114108640174992E-5 9.114108640174992E-5 9.114108640174992E-5 9.114108640174992E-5 0.9980860371855633 9.114108640174992E-5 9.114108640174992E-5 9.114108640174992E-5 9.114108640174992E-5 9.114108640174992E-5 9.114108640174992E-5 9.114108640174992E-5 9.114108640174992E-5 9.114108640174992E-5
0.0048013556768970065 9.414422895876483E-5 9.414422895876483E-5 9.414422895876483E-5 9.414422895876483E-5 9.414422895876483E-5 9.414422895876483E-5 9.414422895876483E-5 9.414422895876483E-5 9.414422895876483E-5 9.414422895876483E-5 9.414422895876483E-5 0.9933157597439277 9.414422895876483E-5 9.414422895876483E-5 9.414422895876483E-5 9.414422895876483E-5 9.414422895876483E-5 9.414422895876483E-5 9.414422895876483E-5 9.414422895876483E-5 9.414422895876483E-5
1.434308663224326E-4 1.434308663224326E-4 1.434308663224326E-4 1.434308663224326E-4 1.434308663224326E-4 1.434308663224326E-4 1.434308663224326E-4 1.434308663224326E-4 1.434308663224326E-4 1.434308663224326E-4 1.434308663224326E-4 1.434308663224326E-4 0.9826448651749857 1.434308663224326E-4 1.434308663224326E-4 1.434308663224326E-4 1.434308663224326E-4 1.434308663224326E-4 1.434308663224326E-4 1.434308663224326E-4 1.434308663224326E-4 0.014486517498565691
4.5409136318227226E-5 4.5409136318227226E-5 4.5409136318227226E-5 4.5409136318227226E-5 4.5409136318227226E-5 4.5409136318227226E-5 4.5409136318227226E-5 4.5409136318227226E-5 4.5409136318227226E-5 0.41099809281627464 4.5409136318227226E-5 4.5409136318227226E-5 0.23844337480701117 4.5409136318227226E-5 4.5409136318227226E-5 4.5409136318227226E-5 4.5409136318227226E-5 0.3496957587866679 4.5409136318227226E-5 4.5409136318227226E-5 4.5409136318227226E-5 4.5409136318227226E-5
1.7946877243359656E-4 1.7946877243359656E-4 1.7946877243359656E-4 1.7946877243359656E-4 1.7946877243359656E-4 1.7946877243359656E-4 1.7946877243359656E-4 1.7946877243359656E-4 1.7946877243359656E-4 1.7946877243359656E-4 1.7946877243359656E-4 1.7946877243359656E-4 1.7946877243359656E-4 1.7946877243359656E-4 1.7946877243359656E-4 1.7946877243359656E-4 0.02709978463747308 1.7946877243359656E-4 0.7180545585068198 0.16170136396267049 1.7946877243359656E-4 0.08991385498923188
8.716875871687587E-5 8.716875871687587E-5 8.716875871687587E-5 8.716875871687587E-5 8.716875871687587E-5 8.716875871687587E-5 8.716875871687587E-5 8.716875871687587E-5 0.2136506276150628 8.716875871687587E-5 0.7846059972105998 8.716875871687587E-5 8.716875871687587E-5 8.716875871687587E-5 8.716875871687587E-5 8.716875871687587E-5 8.716875871687587E-5 8.716875871687587E-5 8.716875871687587E-5 8.716875871687587E-5 8.716875871687587E-5 8.716875871687587E-5
1.7325017325017325E-4 1.7325017325017325E-4 1.7325017325017325E-4 1.7325017325017325E-4 1.7325017325017325E-4 1.7325017325017325E-4 1.7325017325017325E-4 1.7325017325017325E-4 1.7325017325017325E-4 0.953049203049203 1.7325017325017325E-4 1.7325017325017325E-4 1.7325017325017325E-4 1.7325017325017325E-4 1.7325017325017325E-4 1.7325017325017325E-4 1.7325017325017325E-4 1.7325017325017325E-4 1.7325017325017325E-4 0.043485793485793484 1.7325017325017325E-4 1.7325017325017325E-4
6.612881893929374E-5 6.612881893929374E-5 6.612881893929374E-5 6.612881893929374E-5 6.612881893929374E-5 6.612881893929374E-5 6.612881893929374E-5 6.612881893929374E-5 6.612881893929374E-5 6.612881893929374E-5 6.612881893929374E-5 6.612881893929374E-5 6.612881893929374E-5 6.612881893929374E-5 6.612881893929374E-5 6.612881893929374E-5 6.612881893929374E-5 6.612881893929374E-5 0.9986112948022747 6.612881893929374E-5 6.612881893929374E-5 6.612881893929374E-5
4.945598417408507E-4 4.945598417408507E-4 4.945598417408507E-4 4.945598417408507E-4 4.945598417408507E-4 4.945598417408507E-4 4.945598417408507E-4 4.945598417408507E-4 4.945598417408507E-4 0.4208704253214639 0.5692383778437191 4.945598417408507E-4 4.945598417408507E-4 4.945598417408507E-4 4.945598417408507E-4 4.945598417408507E-4 4.945598417408507E-4 4.945598417408507E-4 4.945598417408507E-4 4.945598417408507E-4 4.945598417408507E-4 4.945598417408507E-4
0.0010845986984815619 0.0010845986984815619 0.0010845986984815619 0.0010845986984815619 0.05531453362255965 0.0010845986984815619 0.0010845986984815619 0.10954446854663774 0.0010845986984815619 0.38069414316702815 0.0010845986984815619 0.0010845986984815619 0.0010845986984815619 0.0010845986984815619 0.0010845986984815619 0.0010845986984815619 0.0010845986984815619 0.0010845986984815619 0.4349240780911062 0.0010845986984815619 0.0010845986984815619 0.0010845986984815619
9.784735812133072E-4 9.784735812133072E-4 9.784735812133072E-4 9.784735812133072E-4 9.784735812133072E-4 0.049902152641878667 9.784735812133072E-4 9.784735812133072E-4 9.784735812133072E-4 0.8816046966731897 9.784735812133072E-4 9.784735812133072E-4 9.784735812133072E-4 9.784735812133072E-4 9.784735812133072E-4 9.784735812133072E-4 9.784735812133072E-4 9.784735812133072E-4 0.049902152641878667 9.784735812133072E-4 9.784735812133072E-4 9.784735812133072E-4
0.0010288065843621398 0.0010288065843621398 0.0010288065843621398 0.0010288065843621398 0.0010288065843621398 0.0010288065843621398 0.0010288065843621398 0.0010288065843621398 0.0010288065843621398 0.978395061728395 0.0010288065843621398 0.0010288065843621398 0.0010288065843621398 0.0010288065843621398 0.0010288065843621398 0.0010288065843621398 0.0010288065843621398 0.0010288065843621398 0.0010288065843621398 0.0010288065843621398 0.0010288065843621398 0.0010288065843621398
5.9980806142034554E-5 5.9980806142034554E-5 5.9980806142034554E-5 5.9980806142034554E-5 5.9980806142034554E-5 5.9980806142034554E-5 5.9980806142034554E-5 5.9980806142034554E-5 5.9980806142034554E-5 5.9980806142034554E-5 5.9980806142034554E-5 5.9980806142034554E-5 5.9980806142034554E-5 5.9980806142034554E-5 5.9980806142034554E-5 5.9980806142034554E-5 0.003059021113243762 5.9980806142034554E-5 0.9957413627639154 5.9980806142034554E-5 5.9980806142034554E-5 5.9980806142034554E-5
5.044899606497831E-5 5.044899606497831E-5 5.044899606497831E-5 5.044899606497831E-5 5.044899606497831E-5 5.044899606497831E-5 5.044899606497831E-5 5.044899606497831E-5 5.044899606497831E-5 5.044899606497831E-5 5.044899606497831E-5 5.044899606497831E-5 5.044899606497831E-5 5.044899606497831E-5 5.044899606497831E-5 5.044899606497831E-5 5.044899606497831E-5 5.044899606497831E-5 0.9989405710826355 5.044899606497831E-5 5.044899606497831E-5 5.044899606497831E-5
1.0501995379122034E-4 1.0501995379122034E-4 1.0501995379122034E-4 1.0501995379122034E-4 1.0501995379122034E-4 1.0501995379122034E-4 1.0501995379122034E-4 0.7299936988027725 1.0501995379122034E-4 1.0501995379122034E-4 1.0501995379122034E-4 1.0501995379122034E-4 1.0501995379122034E-4 1.0501995379122034E-4 1.0501995379122034E-4 1.0501995379122034E-4 1.0501995379122034E-4 1.0501995379122034E-4 0.2679059021214031 1.0501995379122034E-4 1.0501995379122034E-4 1.0501995379122034E-4
6.547930853850184E-5 6.547930853850184E-5 6.547930853850184E-5 6.547930853850184E-5 6.547930853850184E-5 6.547930853850184E-5 6.547930853850184E-5 6.547930853850184E-5 6.547930853850184E-5 0.3667496071241488 6.547930853850184E-5 6.547930853850184E-5 6.547930853850184E-5 0.3307359874279728 6.547930853850184E-5 6.547930853850184E-5 6.547930853850184E-5 6.547930853850184E-5 0.3012702985856469 6.547930853850184E-5 6.547930853850184E-5 6.547930853850184E-5
6.569438969911969E-5 6.569438969911969E-5 6.569438969911969E-5 6.569438969911969E-5 6.569438969911969E-5 6.569438969911969E-5 6.569438969911969E-5 0.0033504138746551044 6.569438969911969E-5 6.569438969911969E-5 6.569438969911969E-5 6.569438969911969E-5 6.569438969911969E-5 6.569438969911969E-5 6.569438969911969E-5 6.569438969911969E-5 6.569438969911969E-5 6.569438969911969E-5 0.9953356983313625 6.569438969911969E-5 6.569438969911969E-5 6.569438969911969E-5
6.909894969596462E-5 6.909894969596462E-5 6.909894969596462E-5 6.909894969596462E-5 6.909894969596462E-5 6.909894969596462E-5 6.909894969596462E-5 6.909894969596462E-5 6.909894969596462E-5 6.909894969596462E-5 6.909894969596462E-5 6.909894969596462E-5 6.909894969596462E-5 6.909894969596462E-5 6.909894969596462E-5 6.909894969596462E-5 6.909894969596462E-5 6.909894969596462E-5 0.9985489220563847 6.909894969596462E-5 6.909894969596462E-5 6.909894969596462E-5
6.612881893929374E-5 6.612881893929374E-5 6.612881893929374E-5 6.612881893929374E-5 0.006679010712868669 6.612881893929374E-5 6.612881893929374E-5 6.612881893929374E-5 6.612881893929374E-5 6.612881893929374E-5 6.612881893929374E-5 6.612881893929374E-5 6.612881893929374E-5 6.612881893929374E-5 6.612881893929374E-5 6.612881893929374E-5 6.612881893929374E-5 6.612881893929374E-5 0.9919984129083455 6.612881893929374E-5 6.612881893929374E-5 6.612881893929374E-5
5.341880341880342E-4 5.341880341880342E-4 5.341880341880342E-4 5.341880341880342E-4 5.341880341880342E-4 5.341880341880342E-4 5.341880341880342E-4 5.341880341880342E-4 5.341880341880342E-4 0.32104700854700857 5.341880341880342E-4 5.341880341880342E-4 5.341880341880342E-4 5.341880341880342E-4 0.5881410256410257 5.341880341880342E-4 5.341880341880342E-4 5.341880341880342E-4 0.053952991452991456 5.341880341880342E-4 0.027243589743589747 5.341880341880342E-4
5.202913631633715E-4 5.202913631633715E-4 5.202913631633715E-4 5.202913631633715E-4 5.202913631633715E-4 5.202913631633715E-4 5.202913631633715E-4 5.202913631633715E-4 5.202913631633715E-4 0.9890738813735693 5.202913631633715E-4 5.202913631633715E-4 5.202913631633715E-4 5.202913631633715E-4 5.202913631633715E-4 5.202913631633715E-4 5.202913631633715E-4 5.202913631633715E-4 5.202913631633715E-4 5.202913631633715E-4 5.202913631633715E-4 5.202913631633715E-4
1.3473457289140393E-4 1.3473457289140393E-4 1.3473457289140393E-4 1.3473457289140393E-4 1.3473457289140393E-4 1.3473457289140393E-4 1.3473457289140393E-4 1.3473457289140393E-4 1.3473457289140393E-4 1.3473457289140393E-4 1.3473457289140393E-4 1.3473457289140393E-4 0.9971705739692805 1.3473457289140393E-4 1.3473457289140393E-4 1.3473457289140393E-4 1.3473457289140393E-4 1.3473457289140393E-4 1.3473457289140393E-4 1.3473457289140393E-4 1.3473457289140393E-4 1.3473457289140393E-4
1.5332720024532353E-4 1.5332720024532353E-4 1.5332720024532353E-4 1.5332720024532353E-4 1.5332720024532353E-4 1.5332720024532353E-4 1.5332720024532353E-4 1.5332720024532353E-4 0.06915056731064091 1.5332720024532353E-4 1.5332720024532353E-4 1.5332720024532353E-4 0.9277828886844526 1.5332720024532353E-4 1.5332720024532353E-4 1.5332720024532353E-4 1.5332720024532353E-4 1.5332720024532353E-4 1.5332720024532353E-4 1.5332720024532353E-4 1.5332720024532353E-4 1.5332720024532353E-4
1.6202203499675956E-4 1.6202203499675956E-4 1.6202203499675956E-4 1.6202203499675956E-4 1.6202203499675956E-4 1.6202203499675956E-4 1.6202203499675956E-4 1.6202203499675956E-4 1.6202203499675956E-4 1.6202203499675956E-4 1.6202203499675956E-4 1.6202203499675956E-4 0.08927414128321451 0.008263123784834738 0.8993843162670123 1.6202203499675956E-4 1.6202203499675956E-4 1.6202203499675956E-4 1.6202203499675956E-4 1.6202203499675956E-4 1.6202203499675956E-4 1.6202203499675956E-4
1.072731173567904E-4 1.072731173567904E-4 1.072731173567904E-4 1.072731173567904E-4 1.072731173567904E-4 1.072731173567904E-4 1.072731173567904E-4 1.072731173567904E-4 1.072731173567904E-4 1.072731173567904E-4 1.072731173567904E-4 1.072731173567904E-4 1.072731173567904E-4 1.072731173567904E-4 1.072731173567904E-4 1.072731173567904E-4 1.072731173567904E-4 1.072731173567904E-4 0.9977472645355074 1.072731173567904E-4 1.072731173567904E-4 1.072731173567904E-4
7.922674694977024E-5 7.922674694977024E-5 7.922674694977024E-5 7.922674694977024E-5 7.922674694977024E-5 7.922674694977024E-5 7.922674694977024E-5 7.922674694977024E-5 0.6259705276501347 7.922674694977024E-5 7.922674694977024E-5 7.922674694977024E-5 7.922674694977024E-5 0.11891934717160513 7.922674694977024E-5 7.922674694977024E-5 7.922674694977024E-5 7.922674694977024E-5 0.2536048169862145 7.922674694977024E-5 7.922674694977024E-5 7.922674694977024E-5
1.3657470636438133E-4 1.3657470636438133E-4 1.3657470636438133E-4 1.3657470636438133E-4 1.3657470636438133E-4 1.3657470636438133E-4 1.3657470636438133E-4 1.3657470636438133E-4 1.3657470636438133E-4 1.3657470636438133E-4 1.3657470636438133E-4 1.3657470636438133E-4 1.3657470636438133E-4 1.3657470636438133E-4 1.3657470636438133E-4 1.3657470636438133E-4 1.3657470636438133E-4 1.3657470636438133E-4 0.08208139852499317 1.3657470636438133E-4 1.3657470636438133E-4 0.9151871073477192
1.0129659643435981E-4 1.0129659643435981E-4 1.0129659643435981E-4 1.0129659643435981E-4 1.0129659643435981E-4 1.0129659643435981E-4 1.0129659643435981E-4 1.0129659643435981E-4 1.0129659643435981E-4 1.0129659643435981E-4 1.0129659643435981E-4 1.0129659643435981E-4 1.0129659643435981E-4 1.0129659643435981E-4 1.0129659643435981E-4 1.0129659643435981E-4 1.0129659643435981E-4 0.4204821717990275 0.5774918962722853 1.0129659643435981E-4 1.0129659643435981E-4 1.0129659643435981E-4
5.8234334963894714E-5 5.8234334963894714E-5 5.8234334963894714E-5 5.8234334963894714E-5 5.8234334963894714E-5 0.017528534824132306 5.8234334963894714E-5 5.8234334963894714E-5 5.8234334963894714E-5 5.8234334963894714E-5 5.8234334963894714E-5 5.8234334963894714E-5 5.8234334963894714E-5 5.8234334963894714E-5 5.8234334963894714E-5 5.8234334963894714E-5 5.8234334963894714E-5 5.8234334963894714E-5 0.9813067784765898 5.8234334963894714E-5 5.8234334963894714E-5 5.8234334963894714E-5
2.5463434508046446E-5 2.5463434508046446E-5 2.5463434508046446E-5 2.5463434508046446E-5 2.5463434508046446E-5 2.5463434508046446E-5 2.5463434508046446E-5 2.5463434508046446E-5 2.5463434508046446E-5 0.873421267060501 2.5463434508046446E-5 2.5463434508046446E-5 0.05859136280301487 0.06750356488083113 2.5463434508046446E-5 2.5463434508046446E-5 2.5463434508046446E-5 2.5463434508046446E-5 2.5463434508046446E-5 2.5463434508046446E-5 2.5463434508046446E-5 2.5463434508046446E-5
6.746727836999056E-5 6.746727836999056E-5 0.003440831196869518 6.746727836999056E-5 6.746727836999056E-5 6.746727836999056E-5 6.746727836999056E-5 6.746727836999056E-5 6.746727836999056E-5 0.9952098232357306 6.746727836999056E-5 6.746727836999056E-5 6.746727836999056E-5 6.746727836999056E-5 6.746727836999056E-5 6.746727836999056E-5 6.746727836999056E-5 6.746727836999056E-5 6.746727836999056E-5 6.746727836999056E-5 6.746727836999056E-5 6.746727836999056E-5
2.6164311878597594E-4 2.6164311878597594E-4 2.6164311878597594E-4 2.6164311878597594E-4 2.6164311878597594E-4 2.6164311878597594E-4 2.6164311878597594E-4 2.6164311878597594E-4 2.6164311878597594E-4 0.9945054945054945 2.6164311878597594E-4 2.6164311878597594E-4 2.6164311878597594E-4 2.6164311878597594E-4 2.6164311878597594E-4 2.6164311878597594E-4 2.6164311878597594E-4 2.6164311878597594E-4 2.6164311878597594E-4 2.6164311878597594E-4 2.6164311878597594E-4 2.6164311878597594E-4
6.815703380588877E-5 6.815703380588877E-5 6.815703380588877E-5 6.815703380588877E-5 6.815703380588877E-5 6.815703380588877E-5 6.815703380588877E-5 6.815703380588877E-5 6.815703380588877E-5 0.8827017448200654 6.815703380588877E-5 6.815703380588877E-5 6.815703380588877E-5 6.815703380588877E-5 6.815703380588877E-5 6.815703380588877E-5 6.815703380588877E-5 6.815703380588877E-5 0.1159351145038168 6.815703380588877E-5 6.815703380588877E-5 6.815703380588877E-5
5.202913631633715E-4 5.202913631633715E-4 5.202913631633715E-4 5.202913631633715E-4 5.202913631633715E-4 5.202913631633715E-4 0.026534859521331947 5.202913631633715E-4 5.202913631633715E-4 0.9630593132154007 5.202913631633715E-4 5.202913631633715E-4 5.202913631633715E-4 5.202913631633715E-4 5.202913631633715E-4 5.202913631633715E-4 5.202913631633715E-4 5.202913631633715E-4 5.202913631633715E-4 5.202913631633715E-4 5.202913631633715E-4 5.202913631633715E-4
3.8138825324180017E-4 3.8138825324180017E-4 3.8138825324180017E-4 3.8138825324180017E-4 3.8138825324180017E-4 3.8138825324180017E-4 3.8138825324180017E-4 3.8138825324180017E-4 3.8138825324180017E-4 0.36270022883295194 0.6106025934401221 3.8138825324180017E-4 3.8138825324180017E-4 3.8138825324180017E-4 3.8138825324180017E-4 3.8138825324180017E-4 3.8138825324180017E-4 3.8138825324180017E-4 3.8138825324180017E-4 3.8138825324180017E-4 0.019450800915331808 3.8138825324180017E-4
8.249463784853984E-5 8.249463784853984E-5 8.249463784853984E-5 8.249463784853984E-5 8.249463784853984E-5 8.249463784853984E-5 8.249463784853984E-5 8.249463784853984E-5 8.249463784853984E-5 0.9941428807127537 8.249463784853984E-5 8.249463784853984E-5 8.249463784853984E-5 8.249463784853984E-5 0.004207226530275532 8.249463784853984E-5 8.249463784853984E-5 8.249463784853984E-5 8.249463784853984E-5 8.249463784853984E-5 8.249463784853984E-5 8.249463784853984E-5
1.8968133535660092E-4 1.8968133535660092E-4 1.8968133535660092E-4 1.8968133535660092E-4 1.8968133535660092E-4 1.8968133535660092E-4 1.8968133535660092E-4 1.8968133535660092E-4 1.8968133535660092E-4 1.8968133535660092E-4 1.8968133535660092E-4 1.8968133535660092E-4 0.009673748103186646 1.8968133535660092E-4 1.8968133535660092E-4 1.8968133535660092E-4 1.8968133535660092E-4 1.8968133535660092E-4 0.9865326251896813 1.8968133535660092E-4 1.8968133535660092E-4 1.8968133535660092E-4
1.2088974854932302E-4 1.2088974854932302E-4 1.2088974854932302E-4 1.2088974854932302E-4 1.2088974854932302E-4 1.2088974854932302E-4 1.2088974854932302E-4 1.2088974854932302E-4 1.2088974854932302E-4 0.9974613152804643 1.2088974854932302E-4 1.2088974854932302E-4 1.2088974854932302E-4 1.2088974854932302E-4 1.2088974854932302E-4 1.2088974854932302E-4 1.2088974854932302E-4 1.2088974854932302E-4 1.2088974854932302E-4 1.2088974854932302E-4 1.2088974854932302E-4 1.2088974854932302E-4
1.0181225819588678E-4 1.0181225819588678E-4 1.0181225819588678E-4 1.0181225819588678E-4 1.0181225819588678E-4 1.0181225819588678E-4 1.0181225819588678E-4 1.0181225819588678E-4 1.0181225819588678E-4 0.9978619425778864 1.0181225819588678E-4 1.0181225819588678E-4 1.0181225819588678E-4 1.0181225819588678E-4 1.0181225819588678E-4 1.0181225819588678E-4 1.0181225819588678E-4 1.0181225819588678E-4 1.0181225819588678E-4 1.0181225819588678E-4 1.0181225819588678E-4 1.0181225819588678E-4
8.494733265375468E-5 8.494733265375468E-5 8.494733265375468E-5 8.494733265375468E-5 8.494733265375468E-5 8.494733265375468E-5 8.494733265375468E-5 8.494733265375468E-5 8.494733265375468E-5 0.8155793408086986 8.494733265375468E-5 8.494733265375468E-5 8.494733265375468E-5 8.494733265375468E-5 8.494733265375468E-5 8.494733265375468E-5 8.494733265375468E-5 8.494733265375468E-5 0.1827217125382263 8.494733265375468E-5 8.494733265375468E-5 8.494733265375468E-5
1.0785159620362382E-4 1.0785159620362382E-4 1.0785159620362382E-4 1.0785159620362382E-4 1.0785159620362382E-4 1.0785159620362382E-4 1.0785159620362382E-4 1.0785159620362382E-4 1.0785159620362382E-4 0.7928170836928388 1.0785159620362382E-4 1.0785159620362382E-4 1.0785159620362382E-4 1.0785159620362382E-4 1.0785159620362382E-4 1.0785159620362382E-4 1.0785159620362382E-4 1.0785159620362382E-4 0.20502588438308889 1.0785159620362382E-4 1.0785159620362382E-4 1.0785159620362382E-4
9.978048293753742E-5 9.978048293753742E-5 9.978048293753742E-5 9.978048293753742E-5 9.978048293753742E-5 9.978048293753742E-5 9.978048293753742E-5 9.978048293753742E-5 9.978048293753742E-5 0.9979046098583118 9.978048293753742E-5 9.978048293753742E-5 9.978048293753742E-5 9.978048293753742E-5 9.978048293753742E-5 9.978048293753742E-5 9.978048293753742E-5 9.978048293753742E-5 9.978048293753742E-5 9.978048293753742E-5 9.978048293753742E-5 9.978048293753742E-5
4.489942528735632E-5 4.489942528735632E-5 4.489942528735632E-5 4.489942528735632E-5 4.489942528735632E-5 4.489942528735632E-5 4.489942528735632E-5 4.489942528735632E-5 4.489942528735632E-5 0.23801185344827586 4.489942528735632E-5 4.489942528735632E-5 4.489942528735632E-5 0.35250538793103453 4.489942528735632E-5 4.489942528735632E-5 4.489942528735632E-5 4.489942528735632E-5 0.4086296695402299 4.489942528735632E-5 4.489942528735632E-5 4.489942528735632E-5
