0.06458333333333334 0.08402777777777778 0.06319444444444444 0.06319444444444444 0.06388888888888888 0.06597222222222222 0.07569444444444444 0.06319444444444444 0.06388888888888888 0.06388888888888888 0.0625 0.06666666666666667 0.07291666666666667 0.06388888888888888 0.0625
0.06078431372549007 0.06470588235294104 0.06732026143790835 0.06405228758169922 0.06274509803921555 0.06405228758169922 0.08496732026143776 0.06209150326797373 0.061437908496731884 0.06013071895424824 0.09738562091503251 0.06274509803921555 0.06732026143790838 0.06078431372549007 0.0594771241830064
0.05925925925925915 0.059876543209876426 0.06049382716049371 0.06358024691358014 0.06111111111111099 0.06604938271604928 0.08765432098765422 0.05802469135802457 0.059876543209876426 0.058641975308641875 0.12283950617283933 0.06172839506172829 0.06358024691358014 0.05740740740740729 0.05987654320987642
0.0625 0.06458333333333334 0.0625 0.0625 0.0625 0.06319444444444444 0.08472222222222223 0.0625 0.0625 0.0625 0.09930555555555555 0.06319444444444444 0.0625 0.0625 0.0625
0.06388888888888888 0.06319444444444444 0.06458333333333334 0.06527777777777778 0.07291666666666667 0.06736111111111111 0.06944444444444445 0.06736111111111111 0.06458333333333334 0.06527777777777778 0.06319444444444444 0.06944444444444445 0.06805555555555555 0.06736111111111111 0.06805555555555555
0.05555555555555555 0.05789473684210525 0.05789473684210525 0.05789473684210524 0.054970760233918115 0.05789473684210523 0.07777777777777771 0.06023391812865496 0.05555555555555555 0.05321637426900585 0.14385964912280685 0.055555555555555546 0.10292397660818714 0.05438596491228071 0.05438596491228072
0.06405228758169922 0.062091503267973726 0.06862745098039202 0.0640522875816992 0.059477124183006415 0.06797385620915018 0.06339869281045739 0.062091503267973726 0.0614379084967319 0.06078431372549007 0.11437908496732005 0.06274509803921556 0.06535947712418287 0.0614379084967319 0.06209150326797373
0.11503267973856188 0.0594771241830064 0.06535947712418287 0.06405228758169922 0.06078431372549008 0.06405228758169922 0.0614379084967319 0.06797385620915018 0.07320261437908483 0.06013071895424824 0.06078431372549007 0.06470588235294103 0.062091503267973726 0.0614379084967319 0.0594771241830064
0.07111111111111101 0.06222222222222213 0.05666666666666658 0.056666666666666594 0.05444444444444437 0.06055555555555548 0.06166666666666658 0.15222222222222234 0.052222222222222135 0.05111111111111102 0.053333333333333253 0.059999999999999935 0.055555555555555476 0.09611111111111102 0.05611111111111101
0.05802469135802457 0.11728395061728375 0.05740740740740729 0.06049382716049371 0.0691358024691357 0.058641975308641875 0.05740740740740729 0.0574074074074073 0.06049382716049372 0.09999999999999983 0.05679012345679001 0.0679012345679011 0.06604938271604925 0.05617283950617273 0.05679012345679001
0.05277777777777769 0.16333333333333333 0.05888888888888879 0.05611111111111103 0.058333333333333244 0.05944444444444434 0.0677777777777777 0.0538888888888888 0.05222222222222214 0.08944444444444434 0.05388888888888881 0.05444444444444436 0.059999999999999915 0.0677777777777777 0.05166666666666658
0.04615384615384611 0.046581196581196554 0.042307692307692255 0.04487179487179484 0.046153846153846115 0.04914529914529911 0.043162393162393134 0.08717948717948706 0.11923076923076904 0.17948717948717924 0.042735042735042694 0.08205128205128195 0.04871794871794869 0.04188034188034184 0.08034188034188025
0.060784313725490056 0.06470588235294104 0.06732026143790835 0.060784313725490056 0.06013071895424823 0.07124183006535934 0.06797385620915018 0.06078431372549007 0.06209150326797373 0.08627450980392143 0.06339869281045737 0.06013071895424824 0.09281045751633978 0.061437908496731884 0.06013071895424823
0.0771241830065358 0.06078431372549007 0.06274509803921555 0.062091503267973726 0.06274509803921555 0.072549019607843 0.060784313725490056 0.06339869281045737 0.06013071895424824 0.06013071895424824 0.0614379084967319 0.0614379084967319 0.06470588235294106 0.09803921568627431 0.07189542483660115
0.06296296296296285 0.06234567901234556 0.061728395061728274 0.08703703703703691 0.06172839506172829 0.06358024691358014 0.06049382716049372 0.05925925925925914 0.0648148148148147 0.10308641975308624 0.058024691358024585 0.06481481481481469 0.06851851851851841 0.06358024691358014 0.05802469135802457
0.07083333333333333 0.06388888888888888 0.06597222222222222 0.06458333333333334 0.0625 0.09166666666666666 0.06458333333333334 0.0625 0.0625 0.06319444444444444 0.0625 0.06319444444444444 0.0763888888888889 0.06319444444444444 0.0625
0.07654320987654308 0.05679012345679001 0.06604938271604928 0.05679012345679001 0.05617283950617273 0.07283950617283935 0.0907407407407406 0.08765432098765417 0.05864197530864187 0.05679012345679001 0.05802469135802457 0.05987654320987642 0.059876543209876426 0.08209876543209865 0.061111111111111005
0.059876543209876426 0.05802469135802457 0.06358024691358012 0.05925925925925915 0.07345679012345664 0.07222222222222209 0.05864197530864187 0.05864197530864187 0.05617283950617273 0.135185185185185 0.05617283950617273 0.05802469135802457 0.07345679012345667 0.06049382716049372 0.05679012345679001
0.06601307189542471 0.0640522875816992 0.06535947712418287 0.06666666666666651 0.0640522875816992 0.07189542483660114 0.06535947712418289 0.06535947712418287 0.06732026143790837 0.06274509803921557 0.06339869281045737 0.0660130718954247 0.06797385620915021 0.07647058823529398 0.06732026143790835
0.06597222222222222 0.06666666666666667 0.06388888888888888 0.06736111111111111 0.06736111111111111 0.06527777777777778 0.06597222222222222 0.06527777777777778 0.06805555555555555 0.06458333333333334 0.06388888888888888 0.06736111111111111 0.06875 0.07569444444444444 0.06388888888888888
0.056666666666666594 0.052222222222222135 0.05444444444444437 0.05999999999999991 0.05444444444444436 0.0649999999999999 0.053888888888888806 0.05611111111111103 0.056666666666666594 0.2072222222222222 0.05222222222222214 0.058333333333333265 0.05444444444444436 0.06555555555555546 0.05277777777777769
0.060818713450292376 0.057309941520467846 0.06023391812865494 0.08654970760233921 0.06023391812865499 0.08070175438596489 0.05497076023391814 0.05789473684210526 0.0695906432748538 0.10116959064327485 0.054970760233918115 0.06608187134502917 0.06549707602339178 0.06842105263157892 0.05555555555555554
0.0660130718954247 0.0633986928104574 0.06535947712418287 0.06535947712418289 0.06470588235294103 0.0640522875816992 0.08692810457516324 0.06078431372549007 0.0614379084967319 0.0594771241830064 0.09477124183006522 0.06013071895424823 0.0614379084967319 0.06274509803921555 0.06339869281045739
0.0625 0.0625 0.0625 0.06319444444444444 0.0625 0.06388888888888888 0.08125 0.0625 0.06319444444444444 0.06319444444444444 0.10138888888888889 0.06319444444444444 0.0625 0.0625 0.06319444444444444
0.06535947712418289 0.06470588235294106 0.061437908496731884 0.06732026143790834 0.06339869281045737 0.07385620915032666 0.06993464052287568 0.06470588235294104 0.06405228758169922 0.06405228758169922 0.0594771241830064 0.08562091503267957 0.07385620915032666 0.06078431372549007 0.0614379084967319
0.06470588235294104 0.07385620915032666 0.0640522875816992 0.06666666666666654 0.06274509803921556 0.07385620915032667 0.07647058823529397 0.0594771241830064 0.06601307189542469 0.0640522875816992 0.06928104575163385 0.06928104575163385 0.06535947712418287 0.061437908496731884 0.06274509803921555
0.059477124183006415 0.06013071895424823 0.0614379084967319 0.0594771241830064 0.059477124183006415 0.06078431372549007 0.07450980392156849 0.059477124183006415 0.0614379084967319 0.0594771241830064 0.14640522875816972 0.06078431372549008 0.0594771241830064 0.05882352941176457 0.05882352941176457
0.058479532163742666 0.057309941520467804 0.06491228070175435 0.0614035087719298 0.07602339181286552 0.07836257309941518 0.06023391812865494 0.06140350877192979 0.061403508771929786 0.10643274853801164 0.055555555555555525 0.061403508771929814 0.07485380116959059 0.06140350877192979 0.06081871345029236
0.059876543209876426 0.061728395061728274 0.06049382716049371 0.06358024691358014 0.06111111111111099 0.061728395061728274 0.05679012345679001 0.08456790123456775 0.05925925925925915 0.08024691358024677 0.10246913580246896 0.06358024691358014 0.061728395061728274 0.06296296296296285 0.05987654320987644
0.05617283950617273 0.05555555555555545 0.05802469135802457 0.05555555555555545 0.05617283950617273 0.05925925925925914 0.05617283950617273 0.05617283950617273 0.05617283950617273 0.1932098765432096 0.05679012345679002 0.05740740740740729 0.07037037037037026 0.05679012345679001 0.05617283950617273
0.0527777777777777 0.05111111111111103 0.05333333333333324 0.05611111111111102 0.053888888888888806 0.05833333333333322 0.052222222222222135 0.054999999999999924 0.05222222222222214 0.053333333333333253 0.05111111111111103 0.05611111111111101 0.053333333333333253 0.05277777777777769 0.24833333333333338
0.07254901960784299 0.05882352941176457 0.0614379084967319 0.05882352941176457 0.05882352941176457 0.06013071895424824 0.05882352941176457 0.059477124183006415 0.059477124183006415 0.0594771241830064 0.06013071895424824 0.05882352941176457 0.059477124183006415 0.15424836601307165 0.0594771241830064
0.08235294117647042 0.060784313725490056 0.062091503267973726 0.0594771241830064 0.0594771241830064 0.06470588235294104 0.059477124183006415 0.0614379084967319 0.0614379084967319 0.06013071895424823 0.05882352941176457 0.09738562091503249 0.05882352941176457 0.09084967320261421 0.06274509803921555
0.06458333333333334 0.06527777777777778 0.06319444444444444 0.06597222222222222 0.06666666666666667 0.06597222222222222 0.06319444444444444 0.09097222222222222 0.06527777777777778 0.06458333333333334 0.06388888888888888 0.06666666666666667 0.06458333333333334 0.06388888888888888 0.06527777777777778
0.12160493827160472 0.06358024691358014 0.058641975308641854 0.07037037037037026 0.05925925925925915 0.06419753086419741 0.059876543209876426 0.061728395061728274 0.059876543209876426 0.06604938271604929 0.05987654320987644 0.06913580246913568 0.06604938271604927 0.06049382716049371 0.05925925925925915
0.05277777777777769 0.054999999999999896 0.055555555555555455 0.1694444444444444 0.058333333333333244 0.062222222222222116 0.054999999999999924 0.055555555555555455 0.0538888888888888 0.053333333333333253 0.05444444444444436 0.06722222222222214 0.05833333333333324 0.09666666666666655 0.05222222222222214
0.06319444444444444 0.06805555555555555 0.06875 0.06805555555555555 0.06597222222222222 0.06597222222222222 0.06736111111111111 0.06388888888888888 0.06805555555555555 0.06875 0.06597222222222222 0.06666666666666667 0.07291666666666667 0.06319444444444444 0.06319444444444444
0.06388888888888888 0.0625 0.0625 0.0625 0.06458333333333334 0.06388888888888888 0.06319444444444444 0.0625 0.06319444444444444 0.06319444444444444 0.0625 0.06319444444444444 0.06319444444444444 0.0625 0.11666666666666667
0.07908496732026128 0.06405228758169922 0.06274509803921555 0.06732026143790835 0.061437908496731884 0.07058823529411752 0.0614379084967319 0.0705882352941175 0.0614379084967319 0.05882352941176457 0.06013071895424824 0.06405228758169923 0.06470588235294104 0.09150326797385604 0.06209150326797373
0.06875 0.06458333333333334 0.06527777777777778 0.06388888888888888 0.06388888888888888 0.06736111111111111 0.06527777777777778 0.0625 0.09236111111111112 0.06319444444444444 0.06319444444444444 0.06388888888888888 0.06736111111111111 0.06597222222222222 0.0625
0.06597222222222222 0.06388888888888888 0.0625 0.06666666666666667 0.0625 0.06736111111111111 0.07430555555555556 0.06597222222222222 0.06597222222222222 0.06319444444444444 0.08333333333333333 0.06597222222222222 0.06527777777777778 0.06319444444444444 0.06388888888888888
0.06319444444444444 0.06388888888888888 0.11944444444444445 0.06319444444444444 0.0625 0.06319444444444444 0.06319444444444444 0.0625 0.0625 0.0625 0.0625 0.0625 0.06319444444444444 0.0625 0.06319444444444444
0.08209876543209862 0.059876543209876426 0.05987654320987642 0.058024691358024585 0.06111111111111099 0.06419753086419741 0.07283950617283938 0.061111111111111005 0.06234567901234556 0.058024691358024585 0.09444444444444429 0.05679012345679001 0.06111111111111099 0.0876543209876542 0.06049382716049372
0.05679012345679001 0.05617283950617273 0.05617283950617273 0.05617283950617273 0.05555555555555545 0.06296296296296283 0.05555555555555545 0.05679012345679001 0.05555555555555545 0.05555555555555545 0.05617283950617273 0.05555555555555545 0.05987654320987644 0.05617283950617273 0.20493827160493794
0.0638888888888888 0.05777777777777768 0.058888888888888796 0.06444444444444436 0.061111111111111005 0.08722222222222215 0.07277777777777772 0.06277777777777767 0.06333333333333324 0.05444444444444436 0.10611111111111104 0.06944444444444438 0.06888888888888878 0.0538888888888888 0.05499999999999991
0.06339869281045737 0.06797385620915018 0.06535947712418289 0.062091503267973726 0.06274509803921556 0.0679738562091502 0.07712418300653581 0.06274509803921555 0.06274509803921555 0.0640522875816992 0.08431372549019596 0.06666666666666653 0.06601307189542473 0.06601307189542469 0.06078431372549007
0.06666666666666667 0.06597222222222222 0.06388888888888888 0.06458333333333334 0.06458333333333334 0.06597222222222222 0.07777777777777778 0.06944444444444445 0.06527777777777778 0.06597222222222222 0.06875 0.06736111111111111 0.06458333333333334 0.06527777777777778 0.06388888888888888
0.058641975308641854 0.1234567901234566 0.05987654320987642 0.0679012345679011 0.09135802469135794 0.05802469135802457 0.05617283950617273 0.061111111111111005 0.05679012345679001 0.06049382716049371 0.059876543209876426 0.05740740740740729 0.06975308641975295 0.05740740740740729 0.061728395061728274
0.05847953216374265 0.11111111111111105 0.05789473684210526 0.05614035087719295 0.10058479532163735 0.061988304093567224 0.05964912280701755 0.057309941520467846 0.06081871345029237 0.05672514619883039 0.05321637426900586 0.06081871345029236 0.0748538011695907 0.07485380116959064 0.05555555555555557
0.05802469135802457 0.05802469135802457 0.05679012345679001 0.05740740740740729 0.05555555555555545 0.05740740740740729 0.05555555555555545 0.05740740740740729 0.05925925925925915 0.058024691358024585 0.05679012345679001 0.19567901234567872 0.05987654320987644 0.05864197530864187 0.05555555555555545
0.0625 0.06458333333333334 0.06458333333333334 0.0625 0.08125 0.08402777777777778 0.06319444444444444 0.0625 0.06388888888888888 0.0625 0.0625 0.06319444444444444 0.07569444444444444 0.06319444444444444 0.06388888888888888
0.06049382716049372 0.05864197530864187 0.05802469135802457 0.06604938271604925 0.06049382716049371 0.06358024691358014 0.05925925925925915 0.13395061728395039 0.07345679012345668 0.06975308641975296 0.0574074074074073 0.059876543209876426 0.061111111111111005 0.05925925925925916 0.058641975308641854
0.06198830409356721 0.05672514619883042 0.05964912280701754 0.06432748538011694 0.15146198830409333 0.06198830409356721 0.060818713450292376 0.05789473684210527 0.06257309941520467 0.0631578947368421 0.057309941520467825 0.060233918128654945 0.0625730994152047 0.06198830409356721 0.057309941520467804
0.07192982456140345 0.06023391812865494 0.06608187134502923 0.10994152046783623 0.05672514619883039 0.07192982456140344 0.05789473684210522 0.06432748538011694 0.07134502923976606 0.056140350877193 0.057309941520467804 0.07309941520467832 0.06491228070175437 0.061988304093567224 0.05614035087719296
0.07777777777777764 0.06209150326797371 0.061437908496731905 0.0594771241830064 0.0594771241830064 0.06535947712418289 0.062091503267973726 0.06339869281045737 0.0614379084967319 0.06013071895424824 0.05882352941176457 0.059477124183006415 0.06078431372549007 0.12810457516339846 0.06013071895424824
0.059477124183006415 0.0594771241830064 0.07712418300653581 0.059477124183006415 0.05882352941176457 0.06274509803921555 0.06013071895424824 0.08562091503267957 0.059477124183006415 0.05882352941176457 0.0594771241830064 0.05882352941176457 0.06209150326797371 0.11045751633986907 0.06797385620915018
0.07013888888888889 0.06388888888888888 0.06458333333333334 0.06805555555555555 0.06527777777777778 0.06597222222222222 0.06388888888888888 0.07152777777777777 0.06458333333333334 0.06458333333333334 0.06319444444444444 0.06597222222222222 0.06805555555555555 0.0763888888888889 0.06388888888888888
0.07083333333333333 0.06527777777777778 0.06597222222222222 0.06597222222222222 0.06458333333333334 0.06736111111111111 0.06388888888888888 0.06458333333333334 0.06527777777777778 0.06319444444444444 0.06319444444444444 0.06527777777777778 0.06736111111111111 0.08333333333333333 0.06388888888888888
0.06875 0.06666666666666667 0.06666666666666667 0.07013888888888889 0.06736111111111111 0.06319444444444444 0.06736111111111111 0.07083333333333333 0.06527777777777778 0.06597222222222222 0.06527777777777778 0.06527777777777778 0.06666666666666667 0.06527777777777778 0.06527777777777778
0.0679012345679011 0.05679012345679001 0.06049382716049371 0.058641975308641854 0.05740740740740729 0.05987654320987644 0.05987654320987642 0.06172839506172829 0.059876543209876426 0.05987654320987644 0.05864197530864187 0.05925925925925914 0.06049382716049372 0.16234567901234545 0.05679012345679001
0.062091503267973726 0.06339869281045739 0.06209150326797373 0.06470588235294103 0.06274509803921556 0.06274509803921556 0.0614379084967319 0.06339869281045737 0.062091503267973726 0.06013071895424824 0.06078431372549007 0.0660130718954247 0.06405228758169922 0.12287581699346384 0.0614379084967319
0.07189542483660116 0.0660130718954247 0.06797385620915018 0.06862745098039202 0.06405228758169923 0.06535947712418289 0.06535947712418286 0.06993464052287565 0.06470588235294106 0.062091503267973726 0.06274509803921555 0.0640522875816992 0.0660130718954247 0.0771241830065358 0.06405228758169922
0.06666666666666653 0.06732026143790837 0.06339869281045739 0.06535947712418287 0.060784313725490056 0.06732026143790838 0.06339869281045737 0.0640522875816992 0.06666666666666654 0.06078431372549007 0.06013071895424824 0.06470588235294104 0.06666666666666653 0.1006535947712417 0.062091503267973726
0.0679012345679011 0.06419753086419741 0.06543209876543198 0.06851851851851841 0.06296296296296285 0.06604938271604927 0.06296296296296285 0.06790123456790108 0.06111111111111099 0.05925925925925916 0.05925925925925915 0.06604938271604928 0.07037037037037025 0.09938271604938258 0.05864197530864187
0.06458333333333334 0.06388888888888888 0.06527777777777778 0.06736111111111111 0.06597222222222222 0.07013888888888889 0.06736111111111111 0.06527777777777778 0.07222222222222222 0.06319444444444444 0.06597222222222222 0.06875 0.07152777777777777 0.06527777777777778 0.06319444444444444
0.10679012345678993 0.05740740740740729 0.058641975308641854 0.10802469135802455 0.058641975308641875 0.06049382716049372 0.05802469135802457 0.05802469135802457 0.07098765432098754 0.05802469135802457 0.06049382716049371 0.0604938271604937 0.06481481481481469 0.0574074074074073 0.06172839506172829
0.0640522875816992 0.05882352941176457 0.05882352941176457 0.05882352941176457 0.05882352941176457 0.0594771241830064 0.05882352941176457 0.05882352941176457 0.16993464052287557 0.05882352941176457 0.05882352941176457 0.05882352941176457 0.05882352941176457 0.05882352941176457 0.059477124183006415
0.0614379084967319 0.05882352941176457 0.05882352941176457 0.05882352941176457 0.05882352941176457 0.059477124183006415 0.0594771241830064 0.0594771241830064 0.17124183006535923 0.05882352941176457 0.05882352941176457 0.05882352941176457 0.05882352941176457 0.05882352941176457 0.0594771241830064
0.10925925925925907 0.06234567901234556 0.07037037037037025 0.05925925925925915 0.059876543209876426 0.06666666666666654 0.06049382716049371 0.08580246913580235 0.06419753086419741 0.05617283950617273 0.05740740740740729 0.05987654320987644 0.06419753086419742 0.059876543209876426 0.06419753086419741
0.0614379084967319 0.0614379084967319 0.0640522875816992 0.10915032679738546 0.06078431372549007 0.06797385620915018 0.061437908496731905 0.06209150326797371 0.07124183006535931 0.06928104575163388 0.0594771241830064 0.06470588235294103 0.06732026143790835 0.06078431372549007 0.05882352941176457
0.06013071895424824 0.060784313725490056 0.0594771241830064 0.06209150326797373 0.06013071895424824 0.0614379084967319 0.06013071895424823 0.060784313725490056 0.062091503267973726 0.06078431372549007 0.06013071895424824 0.09673202614379066 0.06013071895424823 0.11568627450980369 0.0594771241830064
0.07999999999999993 0.05888888888888881 0.061666666666666585 0.06833333333333323 0.06555555555555546 0.0677777777777777 0.06388888888888881 0.06611111111111101 0.06333333333333326 0.06166666666666658 0.05611111111111103 0.06833333333333325 0.07722222222222211 0.0849999999999999 0.05611111111111103
0.06944444444444445 0.06527777777777778 0.06736111111111111 0.06944444444444445 0.06666666666666667 0.06666666666666667 0.06597222222222222 0.06388888888888888 0.06527777777777778 0.06597222222222222 0.06319444444444444 0.07291666666666667 0.06666666666666667 0.06597222222222222 0.06527777777777778
0.05882352941176457 0.05882352941176457 0.05882352941176457 0.06013071895424823 0.06013071895424823 0.06013071895424823 0.10718954248365999 0.0594771241830064 0.05882352941176457 0.05882352941176457 0.12222222222222207 0.05882352941176457 0.05882352941176457 0.06013071895424824 0.05882352941176457
0.06611111111111104 0.05944444444444435 0.06999999999999992 0.06722222222222216 0.06444444444444435 0.07111111111111101 0.059999999999999915 0.06555555555555544 0.06333333333333324 0.059999999999999915 0.07277777777777769 0.08166666666666655 0.07277777777777769 0.06666666666666658 0.05888888888888881
0.052631578947368425 0.052631578947368425 0.053801169590643266 0.05321637426900584 0.053801169590643266 0.05321637426900584 0.21754385964912296 0.053801169590643294 0.05321637426900585 0.052631578947368425 0.09181286549707603 0.05321637426900585 0.052631578947368425 0.052631578947368425 0.05321637426900585
0.06013071895424823 0.059477124183006415 0.06078431372549008 0.06013071895424823 0.05882352941176457 0.05882352941176457 0.07843137254901945 0.05882352941176457 0.05882352941176457 0.0594771241830064 0.14901960784313703 0.0594771241830064 0.05882352941176457 0.0594771241830064 0.0594771241830064
0.06797385620915021 0.062091503267973726 0.06666666666666654 0.07843137254901943 0.061437908496731884 0.06993464052287568 0.06535947712418286 0.06209150326797373 0.06928104575163387 0.061437908496731884 0.06405228758169922 0.06732026143790837 0.07712418300653578 0.0633986928104574 0.06339869281045739
0.052631578947368425 0.053801169590643266 0.05497076023391816 0.052631578947368425 0.052631578947368425 0.057309941520467825 0.05730994152046786 0.05380116959064327 0.05380116959064327 0.07134502923976617 0.05321637426900585 0.05321637426900585 0.2257309941520467 0.05321637426900584 0.0543859649122807
0.0594771241830064 0.11307189542483638 0.10849673202614356 0.06013071895424824 0.0594771241830064 0.06013071895424823 0.06078431372549007 0.0594771241830064 0.06013071895424823 0.06013071895424824 0.05882352941176457 0.060784313725490056 0.06078431372549007 0.059477124183006415 0.05882352941176457
0.05740740740740729 0.05740740740740729 0.058024691358024585 0.058024691358024585 0.05617283950617273 0.06296296296296283 0.058641975308641875 0.05617283950617273 0.05679012345679001 0.10308641975308631 0.05617283950617273 0.0574074074074073 0.14753086419753067 0.0574074074074073 0.05679012345679001
0.06319444444444444 0.0625 0.06319444444444444 0.06319444444444444 0.0625 0.06458333333333334 0.0625 0.06319444444444444 0.0625 0.06319444444444444 0.0625 0.06319444444444444 0.0625 0.11875 0.0625
0.08300653594771225 0.06078431372549007 0.06666666666666654 0.06078431372549007 0.0614379084967319 0.06274509803921555 0.06339869281045737 0.06274509803921555 0.0614379084967319 0.06470588235294104 0.06013071895424823 0.06666666666666654 0.06732026143790837 0.08954248366013054 0.06862745098039202
0.08169934640522858 0.06274509803921555 0.06862745098039204 0.06339869281045737 0.06078431372549007 0.06732026143790838 0.06405228758169922 0.06078431372549007 0.09281045751633972 0.060784313725490056 0.062091503267973726 0.062091503267973726 0.06274509803921555 0.06928104575163387 0.06078431372549007
0.06319444444444444 0.0625 0.06805555555555555 0.0625 0.08402777777777778 0.07777777777777778 0.06527777777777778 0.06388888888888888 0.0625 0.0625 0.0625 0.06319444444444444 0.0763888888888889 0.06319444444444444 0.0625
0.06666666666666667 0.06597222222222222 0.06666666666666667 0.06527777777777778 0.06736111111111111 0.06875 0.06736111111111111 0.06597222222222222 0.06597222222222222 0.06666666666666667 0.06527777777777778 0.06805555555555555 0.06736111111111111 0.06597222222222222 0.06666666666666667
0.06209150326797373 0.0594771241830064 0.06209150326797371 0.13725490196078413 0.060784313725490056 0.06339869281045737 0.0614379084967319 0.06078431372549007 0.06928104575163385 0.06013071895424823 0.05882352941176457 0.06013071895424823 0.0614379084967319 0.06209150326797373 0.06078431372549007
0.06319444444444444 0.0625 0.0625 0.0625 0.0625 0.0625 0.06319444444444444 0.06319444444444444 0.0625 0.0625 0.12291666666666666 0.0625 0.0625 0.0625 0.0625
0.06319444444444444 0.06319444444444444 0.12013888888888889 0.0625 0.06319444444444444 0.06319444444444444 0.0625 0.0625 0.06319444444444444 0.0625 0.06319444444444444 0.0625 0.06319444444444444 0.0625 0.0625
0.0625 0.06736111111111111 0.06319444444444444 0.06319444444444444 0.06597222222222222 0.06388888888888888 0.0625 0.06319444444444444 0.07291666666666667 0.06388888888888888 0.0625 0.10138888888888889 0.0625 0.0625 0.0625
0.06081871345029237 0.1169590643274853 0.0719298245614035 0.06257309941520466 0.06081871345029236 0.06315789473684205 0.06198830409356724 0.061988304093567224 0.06081871345029239 0.0625730994152047 0.05672514619883039 0.06374269005847952 0.07485380116959058 0.060233918128654945 0.060818713450292376
0.06597222222222222 0.06319444444444444 0.0625 0.09652777777777778 0.06458333333333334 0.06319444444444444 0.06458333333333334 0.06388888888888888 0.06527777777777778 0.06319444444444444 0.06319444444444444 0.06875 0.06388888888888888 0.06458333333333334 0.06666666666666667
0.07469135802469126 0.05925925925925915 0.06543209876543199 0.06049382716049371 0.062345679012345556 0.07469135802469125 0.061111111111110984 0.061728395061728274 0.06419753086419741 0.05802469135802457 0.05987654320987644 0.06543209876543199 0.07160493827160481 0.0944444444444443 0.06666666666666655
0.07654320987654309 0.06234567901234558 0.059876543209876426 0.06234567901234556 0.05740740740740729 0.0759259259259258 0.059876543209876426 0.08827160493827144 0.062345679012345556 0.058024691358024585 0.06111111111111099 0.05925925925925914 0.06049382716049372 0.09629629629629616 0.059876543209876426
0.05555555555555548 0.15185185185185174 0.05714285714285705 0.057142857142857086 0.0592592592592592 0.09629629629629621 0.059259259259259164 0.052380952380952306 0.05396825396825389 0.05291005291005283 0.06455026455026448 0.07301587301587294 0.06243386243386239 0.052380952380952306 0.05185185185185177
0.061988304093567224 0.07309941520467833 0.061988304093567224 0.060233918128654994 0.06081871345029239 0.09649122807017528 0.0760233918128654 0.05614035087719296 0.0649122807017544 0.055555555555555566 0.09181286549707601 0.06315789473684208 0.06608187134502921 0.05614035087719295 0.055555555555555566
0.07654320987654308 0.06666666666666655 0.06172839506172829 0.05802469135802457 0.06111111111111099 0.08148148148148135 0.06543209876543199 0.06111111111111099 0.05679012345679001 0.05617283950617273 0.061111111111111005 0.06296296296296283 0.06419753086419742 0.098148148148148 0.06851851851851838
0.058024691358024585 0.05679012345679001 0.06049382716049372 0.059876543209876426 0.06172839506172829 0.061111111111111005 0.07716049382716036 0.05864197530864187 0.05864197530864187 0.058641975308641854 0.14814814814814795 0.06296296296296286 0.06296296296296285 0.05679012345679002 0.05802469135802457
0.06608187134502924 0.054385964912280725 0.05321637426900585 0.052631578947368425 0.09649122807017547 0.055555555555555546 0.06608187134502926 0.055555555555555546 0.05321637426900584 0.05789473684210523 0.14269005847953192 0.053801169590643266 0.053801169590643294 0.08128654970760239 0.05730994152046784
0.059477124183006415 0.06013071895424823 0.05882352941176457 0.0594771241830064 0.0594771241830064 0.0594771241830064 0.07516339869281032 0.05882352941176457 0.05882352941176457 0.05882352941176457 0.15490196078431348 0.059477124183006415 0.059477124183006415 0.05882352941176457 0.05882352941176457
0.05617283950617273 0.05555555555555545 0.11049382716049361 0.05617283950617273 0.05555555555555545 0.05555555555555545 0.07469135802469123 0.05617283950617273 0.05555555555555545 0.05555555555555545 0.14567901234567884 0.05617283950617273 0.05555555555555545 0.05555555555555545 0.05555555555555545
0.06455026455026448 0.06666666666666657 0.06031746031746026 0.111111111111111 0.053439153439153356 0.07142857142857134 0.057671957671957576 0.05661375661375654 0.060846560846560746 0.09470899470899463 0.05291005291005284 0.07037037037037028 0.07089947089947085 0.05661375661375653 0.05185185185185179
0.0625 0.0625 0.0625 0.0625 0.0625 0.0625 0.09027777777777778 0.06388888888888888 0.0625 0.0625 0.09583333333333334 0.0625 0.0625 0.0625 0.0625
0.053333333333333253 0.05555555555555547 0.05499999999999991 0.17722222222222225 0.05444444444444437 0.058333333333333244 0.076111111111111 0.05444444444444436 0.05277777777777769 0.052222222222222135 0.07944444444444433 0.07166666666666659 0.05611111111111103 0.050555555555555465 0.0527777777777777
0.059876543209876426 0.05802469135802457 0.06049382716049372 0.08024691358024677 0.07901234567901218 0.06296296296296285 0.07901234567901222 0.06049382716049371 0.06049382716049372 0.06358024691358014 0.09629629629629616 0.05864197530864187 0.06419753086419742 0.05925925925925914 0.0574074074074073
0.059876543209876426 0.05617283950617273 0.05864197530864187 0.059876543209876426 0.0574074074074073 0.05925925925925915 0.05925925925925915 0.05925925925925915 0.061728395061728274 0.05987654320987642 0.05740740740740729 0.062345679012345556 0.05925925925925915 0.1697530864197528 0.059876543209876426
0.06172839506172829 0.05925925925925915 0.05617283950617273 0.05555555555555545 0.05679012345679001 0.06172839506172829 0.05740740740740729 0.05740740740740729 0.167901234567901 0.05679012345679002 0.05555555555555545 0.05679012345679001 0.05864197530864187 0.0820987654320986 0.05617283950617273
0.05847953216374265 0.0637426900584795 0.11695906432748528 0.06140350877192979 0.055555555555555546 0.07017543859649121 0.07660818713450292 0.0842105263157895 0.05847953216374265 0.055555555555555546 0.057309941520467825 0.06023391812865492 0.060233918128654945 0.057309941520467825 0.0637426900584795
0.06458333333333334 0.06597222222222222 0.06527777777777778 0.06319444444444444 0.06458333333333334 0.06736111111111111 0.06388888888888888 0.06388888888888888 0.06666666666666667 0.06597222222222222 0.0625 0.06388888888888888 0.06527777777777778 0.09444444444444444 0.0625
0.0594771241830064 0.06274509803921555 0.06013071895424823 0.06013071895424824 0.0660130718954247 0.0594771241830064 0.059477124183006415 0.059477124183006415 0.0614379084967319 0.15228758169934617 0.05882352941176457 0.0594771241830064 0.0614379084967319 0.06013071895424824 0.059477124183006415
0.06601307189542471 0.06274509803921556 0.06928104575163387 0.06209150326797371 0.06535947712418287 0.06666666666666653 0.07320261437908483 0.06470588235294104 0.06339869281045739 0.07843137254901948 0.06274509803921555 0.06470588235294104 0.06535947712418289 0.062091503267973726 0.07320261437908485
0.06736111111111111 0.06666666666666667 0.06944444444444445 0.06597222222222222 0.06666666666666667 0.07152777777777777 0.06597222222222222 0.06388888888888888 0.06458333333333334 0.06458333333333334 0.06597222222222222 0.06736111111111111 0.07083333333333333 0.06458333333333334 0.06458333333333334
0.06928104575163385 0.07124183006535934 0.0660130718954247 0.06732026143790835 0.06274509803921556 0.0653594771241829 0.07843137254901944 0.06274509803921555 0.06339869281045739 0.06013071895424823 0.060784313725490056 0.06535947712418287 0.08235294117647045 0.062091503267973726 0.06274509803921555
0.05404040404040407 0.06010101010101012 0.10707070707070714 0.059090909090909124 0.053535353535353554 0.062121212121212147 0.05505050505050508 0.1095959595959597 0.05555555555555559 0.05303030303030306 0.051010101010101026 0.06111111111111115 0.06111111111111118 0.10252525252525263 0.055050505050505086
0.06928104575163387 0.06535947712418287 0.06535947712418286 0.0640522875816992 0.06405228758169922 0.0921568627450979 0.06535947712418286 0.06209150326797371 0.06274509803921556 0.0614379084967319 0.062091503267973726 0.06666666666666653 0.07450980392156849 0.06535947712418289 0.059477124183006415
0.06339869281045739 0.06339869281045739 0.061437908496731884 0.06470588235294104 0.062091503267973726 0.062091503267973726 0.06470588235294103 0.12222222222222201 0.0640522875816992 0.062091503267973726 0.059477124183006415 0.06274509803921556 0.0660130718954247 0.06013071895424823 0.0614379084967319
0.06944444444444445 0.06666666666666667 0.06597222222222222 0.06736111111111111 0.06736111111111111 0.06736111111111111 0.06875 0.06527777777777778 0.06805555555555555 0.06666666666666667 0.06597222222222222 0.06597222222222222 0.06597222222222222 0.06666666666666667 0.0625
0.06527777777777778 0.06388888888888888 0.09861111111111111 0.06458333333333334 0.06388888888888888 0.06597222222222222 0.06458333333333334 0.06597222222222222 0.06319444444444444 0.06388888888888888 0.06527777777777778 0.06319444444444444 0.06458333333333334 0.06388888888888888 0.06319444444444444
0.06296296296296286 0.05740740740740729 0.06111111111111099 0.06296296296296283 0.06604938271604927 0.13641975308641963 0.058641975308641854 0.058024691358024585 0.05617283950617273 0.05617283950617273 0.05987654320987645 0.0604938271604937 0.08827160493827146 0.05925925925925914 0.05617283950617273
0.05617283950617273 0.05679012345679001 0.06172839506172829 0.05555555555555545 0.1833333333333331 0.06851851851851841 0.05617283950617273 0.05617283950617273 0.05679012345679001 0.05679012345679001 0.05555555555555545 0.05679012345679002 0.06419753086419741 0.059876543209876426 0.05555555555555545
0.05882352941176457 0.06405228758169922 0.062091503267973726 0.06993464052287567 0.06078431372549007 0.06666666666666654 0.1248366013071893 0.059477124183006415 0.06078431372549007 0.0594771241830064 0.0594771241830064 0.06535947712418287 0.06666666666666654 0.059477124183006415 0.062091503267973726
0.06111111111111116 0.0505050505050505 0.053535353535353575 0.04848484848484849 0.05050505050505053 0.05151515151515153 0.05000000000000002 0.04898989898989899 0.261111111111111 0.05000000000000002 0.05000000000000001 0.05050505050505053 0.056565656565656604 0.07070707070707077 0.04646464646464645
0.08042328042328031 0.10846560846560836 0.057142857142857065 0.061375661375661285 0.055555555555555476 0.061904761904761844 0.05661375661375652 0.052380952380952306 0.13015873015873003 0.050793650793650724 0.05132275132275124 0.06084656084656077 0.06243386243386235 0.053968253968253894 0.05661375661375653
0.06405228758169922 0.06209150326797373 0.0594771241830064 0.060784313725490056 0.06013071895424824 0.06666666666666653 0.0614379084967319 0.062091503267973726 0.06078431372549007 0.11895424836601284 0.0594771241830064 0.062091503267973726 0.07581699346405214 0.06601307189542469 0.06013071895424823
0.06388888888888888 0.06388888888888888 0.06736111111111111 0.0625 0.06319444444444444 0.06875 0.06458333333333334 0.06319444444444444 0.06319444444444444 0.08888888888888889 0.0625 0.06319444444444444 0.07916666666666666 0.06319444444444444 0.0625
0.0625 0.06319444444444444 0.06666666666666667 0.06319444444444444 0.0798611111111111 0.08402777777777778 0.0625 0.0625 0.06319444444444444 0.0625 0.0625 0.06319444444444444 0.07708333333333334 0.06388888888888888 0.06319444444444444
0.061437908496731905 0.06078431372549007 0.06339869281045737 0.1281045751633985 0.06732026143790837 0.06339869281045737 0.061437908496731905 0.0614379084967319 0.062091503267973726 0.06013071895424823 0.06013071895424823 0.0614379084967319 0.06601307189542469 0.06078431372549007 0.062091503267973726
0.0549707602339181 0.05789473684210526 0.06783625730994146 0.05847953216374265 0.05614035087719296 0.07543859649122793 0.054970760233918115 0.13040935672514609 0.08713450292397666 0.05555555555555555 0.0590643274853801 0.06023391812865494 0.0596491228070175 0.06140350877192982 0.06081871345029239
0.16049382716049362 0.05679012345679001 0.05987654320987642 0.05617283950617273 0.05617283950617273 0.06172839506172827 0.05617283950617273 0.05555555555555545 0.05925925925925915 0.07901234567901218 0.05802469135802457 0.05679012345679001 0.07222222222222212 0.05617283950617273 0.05555555555555545
0.06458333333333334 0.06458333333333334 0.06458333333333334 0.06597222222222222 0.06527777777777778 0.06736111111111111 0.06597222222222222 0.06736111111111111 0.06875 0.06666666666666667 0.07222222222222222 0.06875 0.06597222222222222 0.06666666666666667 0.06527777777777778
0.05617283950617273 0.05555555555555545 0.05679012345679001 0.05617283950617273 0.05617283950617273 0.05679012345679001 0.05555555555555545 0.05617283950617273 0.05555555555555545 0.05679012345679001 0.05555555555555545 0.05555555555555545 0.05617283950617273 0.05617283950617273 0.21481481481481446
0.057070707070707105 0.04898989898989899 0.04848484848484848 0.04898989898989899 0.04797979797979798 0.05454545454545458 0.08434343434343446 0.04797979797979797 0.059595959595959654 0.04898989898989898 0.24292929292929288 0.0565656565656566 0.05353535353535355 0.0494949494949495 0.05050505050505052
0.0654970760233918 0.06315789473684208 0.0614035087719298 0.05730994152046782 0.05672514619883039 0.057309941520467825 0.10175438596491228 0.06081871345029239 0.060233918128654945 0.05497076023391812 0.12105263157894722 0.06608187134502919 0.060233918128654945 0.05555555555555554 0.05789473684210525
0.0538888888888888 0.05722222222222212 0.05944444444444436 0.05499999999999991 0.05333333333333324 0.054999999999999924 0.07833333333333327 0.05611111111111103 0.05499999999999991 0.054999999999999924 0.17944444444444438 0.0549999999999999 0.05499999999999991 0.07666666666666655 0.05555555555555547
0.07189542483660118 0.06339869281045737 0.06405228758169922 0.06732026143790837 0.0614379084967319 0.0679738562091502 0.07385620915032666 0.06535947712418289 0.06797385620915021 0.06209150326797373 0.08104575163398677 0.06601307189542473 0.06535947712418286 0.061437908496731905 0.060784313725490056
0.062091503267973726 0.06862745098039202 0.06339869281045737 0.06470588235294104 0.06535947712418289 0.06470588235294104 0.06013071895424823 0.0594771241830064 0.06209150326797371 0.061437908496731905 0.11111111111111087 0.06339869281045737 0.0705882352941175 0.061437908496731905 0.0614379084967319
0.0625 0.0625 0.0625 0.12222222222222222 0.0625 0.0625 0.06319444444444444 0.0625 0.0625 0.0625 0.0625 0.06319444444444444 0.06319444444444444 0.0625 0.06319444444444444
0.1 0.06458333333333334 0.0625 0.06388888888888888 0.06458333333333334 0.06319444444444444 0.06319444444444444 0.06666666666666667 0.06736111111111111 0.06319444444444444 0.0625 0.06736111111111111 0.06458333333333334 0.06388888888888888 0.0625
