0.060233918128654945 0.05964912280701752 0.057309941520467804 0.06315789473684205 0.07660818713450285 0.05789473684210524 0.055555555555555546 0.05438596491228071 0.05614035087719296 0.10584795321637422 0.09707602339181289 0.05730994152046784 0.07426900584795328 0.06666666666666664 0.05789473684210524
0.05882352941176457 0.05882352941176457 0.0594771241830064 0.06013071895424824 0.11241830065359455 0.06013071895424823 0.0594771241830064 0.0594771241830064 0.11045751633986904 0.0614379084967319 0.05882352941176457 0.0614379084967319 0.059477124183006415 0.059477124183006415 0.06013071895424823
0.06527777777777778 0.06527777777777778 0.07152777777777777 0.06597222222222222 0.06736111111111111 0.06388888888888888 0.06527777777777778 0.06875 0.06736111111111111 0.06944444444444445 0.0625 0.06736111111111111 0.06736111111111111 0.06805555555555555 0.06458333333333334
0.05555555555555545 0.05740740740740729 0.05864197530864187 0.0574074074074073 0.07160493827160484 0.16913580246913557 0.05679012345679001 0.05617283950617273 0.05555555555555545 0.0604938271604937 0.05555555555555545 0.05925925925925915 0.07283950617283937 0.05679012345679002 0.05679012345679001
0.056565656565656576 0.04848484848484848 0.04999999999999999 0.05656565656565661 0.05252525252525253 0.06313131313131323 0.056565656565656625 0.07676767676767687 0.05202020202020203 0.09444444444444444 0.09393939393939392 0.05 0.06060606060606066 0.08737373737373738 0.10101010101010104
0.06296296296296283 0.05555555555555545 0.05617283950617273 0.05802469135802459 0.07222222222222212 0.05679012345679002 0.058641975308641854 0.05617283950617273 0.059876543209876426 0.061728395061728274 0.09876543209876523 0.05617283950617273 0.07716049382716034 0.06049382716049371 0.10925925925925908
0.06388888888888888 0.06388888888888888 0.06319444444444444 0.0625 0.07291666666666667 0.06597222222222222 0.06388888888888888 0.06597222222222222 0.07083333333333333 0.07430555555555556 0.06527777777777778 0.06875 0.06527777777777778 0.06527777777777778 0.06805555555555555
0.06339869281045739 0.06666666666666653 0.06797385620915018 0.0679738562091502 0.07516339869281032 0.06993464052287567 0.06405228758169922 0.06274509803921556 0.06274509803921555 0.06732026143790837 0.0614379084967319 0.06797385620915018 0.06928104575163384 0.06732026143790835 0.06601307189542469
0.06078431372549007 0.05882352941176457 0.06013071895424824 0.06470588235294106 0.060784313725490056 0.06797385620915017 0.06078431372549007 0.05882352941176457 0.10784313725490176 0.06339869281045737 0.05882352941176457 0.06928104575163384 0.06078431372549008 0.08496732026143775 0.062091503267973726
0.062091503267973726 0.061437908496731884 0.059477124183006415 0.06013071895424824 0.11372549019607818 0.06013071895424823 0.059477124183006415 0.05882352941176457 0.0594771241830064 0.06274509803921556 0.09477124183006518 0.060784313725490056 0.062091503267973726 0.06078431372549007 0.06405228758169922
0.06527777777777778 0.06388888888888888 0.06944444444444445 0.0625 0.06875 0.07430555555555556 0.06458333333333334 0.06597222222222222 0.06666666666666667 0.06736111111111111 0.06666666666666667 0.06527777777777778 0.06597222222222222 0.06805555555555555 0.06527777777777778
0.05555555555555545 0.21296296296296263 0.05617283950617273 0.06296296296296287 0.05555555555555545 0.05555555555555545 0.05555555555555545 0.05555555555555545 0.05555555555555545 0.05555555555555545 0.05555555555555545 0.05679012345679001 0.05555555555555545 0.05555555555555545 0.05555555555555545
0.05672514619883039 0.14561403508771914 0.053801169590643266 0.1280701754385965 0.054970760233918115 0.056725146198830394 0.0543859649122807 0.05497076023391815 0.0549707602339181 0.05614035087719297 0.05730994152046779 0.055555555555555546 0.055555555555555546 0.059064327485380076 0.05614035087719296
0.06339869281045737 0.06013071895424824 0.062091503267973726 0.10261437908496718 0.06666666666666651 0.06274509803921556 0.06274509803921555 0.07385620915032666 0.06666666666666653 0.0640522875816992 0.060784313725490056 0.06535947712418286 0.062091503267973726 0.06339869281045739 0.06339869281045737
0.06862745098039201 0.07058823529411752 0.06993464052287568 0.06535947712418287 0.06535947712418289 0.06274509803921555 0.06339869281045739 0.06078431372549007 0.06470588235294103 0.06666666666666651 0.0633986928104574 0.0849673202614378 0.06470588235294103 0.0660130718954247 0.06274509803921556
0.05499999999999991 0.05388888888888881 0.052222222222222135 0.16055555555555573 0.058333333333333244 0.05944444444444437 0.06666666666666658 0.07722222222222218 0.07111111111111104 0.052222222222222135 0.0527777777777777 0.07611111111111106 0.05499999999999991 0.05611111111111102 0.05333333333333324
0.0941798941798941 0.05026455026455017 0.0576719576719576 0.1634920634920633 0.053968253968253894 0.05820105820105812 0.05449735449735443 0.051851851851851774 0.055555555555555476 0.05555555555555548 0.04920634920634914 0.06613756613756606 0.08465608465608462 0.05185185185185177 0.05291005291005283
0.06234567901234556 0.06049382716049371 0.061728395061728294 0.0950617283950616 0.07222222222222209 0.061728395061728274 0.07777777777777765 0.06543209876543199 0.06666666666666655 0.062345679012345584 0.061111111111111005 0.0679012345679011 0.06111111111111099 0.06543209876543196 0.05864197530864187
0.061728395061728274 0.06049382716049372 0.059876543209876426 0.05679012345679001 0.061728395061728274 0.06111111111111099 0.0796296296296295 0.059876543209876426 0.09938271604938254 0.061728395061728274 0.05864197530864187 0.061728395061728274 0.08950617283950606 0.06543209876543198 0.06234567901234556
0.06319444444444444 0.06319444444444444 0.06458333333333334 0.06458333333333334 0.06527777777777778 0.06458333333333334 0.06458333333333334 0.09652777777777778 0.06388888888888888 0.06736111111111111 0.06319444444444444 0.06527777777777778 0.06388888888888888 0.06597222222222222 0.06388888888888888
0.06597222222222222 0.06527777777777778 0.06458333333333334 0.0625 0.06319444444444444 0.06319444444444444 0.08125 0.06944444444444445 0.06875 0.06597222222222222 0.06458333333333334 0.06597222222222222 0.06527777777777778 0.06666666666666667 0.06736111111111111
0.06049382716049371 0.058024691358024585 0.0574074074074073 0.0574074074074073 0.05740740740740729 0.06111111111111099 0.07407407407407395 0.1425925925925924 0.05802469135802457 0.05740740740740729 0.05740740740740729 0.058641975308641854 0.0790123456790122 0.0641975308641974 0.05679012345679001
0.06555555555555546 0.05499999999999991 0.05222222222222213 0.06055555555555548 0.05666666666666658 0.05777777777777769 0.05722222222222212 0.055555555555555476 0.05611111111111103 0.05777777777777767 0.09166666666666659 0.055555555555555476 0.05777777777777769 0.15666666666666665 0.06388888888888881
0.06172839506172827 0.05617283950617273 0.07283950617283937 0.05679012345679001 0.05802469135802457 0.05617283950617273 0.05864197530864187 0.05802469135802457 0.05802469135802457 0.05617283950617273 0.09444444444444426 0.05679012345679001 0.08827160493827146 0.10864197530864178 0.05925925925925915
0.06339869281045739 0.06339869281045737 0.06274509803921556 0.06601307189542471 0.059477124183006415 0.059477124183006415 0.11895424836601287 0.06078431372549008 0.0660130718954247 0.06535947712418286 0.06339869281045737 0.06339869281045737 0.06274509803921555 0.06013071895424824 0.06470588235294104
0.06470588235294103 0.05882352941176457 0.0594771241830064 0.0594771241830064 0.06274509803921555 0.05882352941176457 0.06013071895424823 0.060784313725490056 0.06013071895424824 0.0594771241830064 0.05882352941176457 0.10522875816993442 0.0594771241830064 0.11307189542483638 0.05882352941176457
0.06339869281045737 0.06470588235294103 0.06274509803921556 0.062091503267973726 0.06535947712418287 0.06405228758169922 0.06274509803921555 0.0614379084967319 0.0660130718954247 0.06405228758169922 0.10915032679738543 0.0614379084967319 0.06339869281045739 0.06535947712418287 0.0640522875816992
0.06388888888888888 0.06319444444444444 0.0625 0.0625 0.06388888888888888 0.0625 0.06388888888888888 0.06319444444444444 0.0625 0.0625 0.11875 0.0625 0.06319444444444444 0.0625 0.0625
0.05730994152046782 0.05497076023391814 0.05497076023391812 0.053801169590643266 0.05964912280701755 0.05380116959064327 0.05555555555555557 0.05438596491228071 0.05321637426900585 0.059649122807017514 0.15614035087719264 0.05614035087719297 0.05906432748538011 0.11754385964912276 0.05380116959064327
0.0625 0.06319444444444444 0.0625 0.0625 0.06319444444444444 0.0625 0.0625 0.0625 0.0625 0.06319444444444444 0.12152777777777778 0.0625 0.06319444444444444 0.06319444444444444 0.0625
0.06597222222222222 0.06736111111111111 0.0625 0.06805555555555555 0.0625 0.06458333333333334 0.06388888888888888 0.06527777777777778 0.09513888888888888 0.0625 0.06458333333333334 0.06388888888888888 0.06388888888888888 0.06458333333333334 0.06527777777777778
0.056725146198830415 0.05321637426900585 0.05380116959064327 0.10526315789473667 0.05497076023391812 0.06608187134502914 0.05321637426900585 0.12105263157894727 0.05614035087719296 0.05497076023391814 0.10526315789473681 0.05438596491228069 0.05321637426900584 0.05614035087719296 0.055555555555555566
0.060555555555555446 0.059999999999999894 0.05166666666666658 0.05333333333333324 0.059999999999999894 0.05444444444444435 0.04999999999999991 0.05277777777777769 0.05111111111111102 0.050555555555555465 0.05055555555555547 0.11111111111111108 0.05111111111111102 0.18999999999999978 0.05277777777777771
0.06805555555555555 0.0625 0.06319444444444444 0.06319444444444444 0.06319444444444444 0.06319444444444444 0.0625 0.0625 0.0625 0.0625 0.0625 0.06319444444444444 0.0625 0.11527777777777778 0.06319444444444444
0.06319444444444444 0.0625 0.0625 0.0625 0.0625 0.06319444444444444 0.075 0.06319444444444444 0.10972222222222222 0.06319444444444444 0.0625 0.0625 0.0625 0.0625 0.0625
0.06319444444444444 0.0625 0.0625 0.0625 0.0625 0.0625 0.07708333333333334 0.06388888888888888 0.10694444444444444 0.0625 0.0625 0.06319444444444444 0.06319444444444444 0.0625 0.0625
0.0882352941176469 0.06078431372549007 0.06274509803921555 0.06274509803921555 0.0614379084967319 0.062091503267973726 0.0614379084967319 0.06339869281045737 0.10130718954248345 0.06535947712418286 0.060784313725490056 0.06470588235294103 0.06078431372549007 0.06209150326797373 0.06209150326797371
0.06078431372549007 0.06078431372549007 0.06274509803921555 0.06535947712418287 0.06797385620915018 0.06470588235294106 0.08104575163398678 0.06274509803921556 0.06732026143790837 0.06862745098039202 0.0660130718954247 0.0679738562091502 0.06928104575163385 0.06013071895424824 0.07450980392156847
0.06081871345029236 0.06198830409356727 0.058479532163742694 0.058479532163742694 0.08713450292397666 0.0590643274853801 0.05730994152046782 0.05789473684210522 0.09415204678362567 0.06374269005847952 0.10000000000000003 0.061988304093567224 0.05730994152046784 0.058479532163742694 0.06315789473684208
0.059999999999999915 0.05944444444444437 0.05333333333333324 0.05666666666666658 0.07166666666666656 0.08444444444444436 0.055555555555555476 0.08166666666666654 0.08222222222222211 0.0638888888888888 0.09333333333333325 0.05888888888888881 0.053888888888888806 0.05555555555555548 0.06944444444444435
0.0625 0.06458333333333334 0.0625 0.06388888888888888 0.0625 0.06319444444444444 0.06388888888888888 0.06388888888888888 0.06527777777777778 0.0625 0.10555555555555556 0.0625 0.0625 0.06736111111111111 0.06736111111111111
0.05722222222222215 0.05333333333333324 0.06444444444444433 0.06222222222222213 0.08333333333333326 0.05444444444444435 0.05722222222222214 0.053333333333333253 0.06444444444444435 0.06444444444444436 0.14888888888888896 0.06333333333333324 0.05944444444444437 0.05944444444444434 0.05444444444444436
0.059444444444444335 0.05611111111111102 0.05611111111111102 0.05833333333333325 0.0616666666666666 0.05611111111111103 0.053888888888888806 0.055555555555555455 0.05666666666666657 0.06055555555555546 0.05888888888888881 0.058888888888888796 0.05777777777777769 0.13277777777777774 0.11722222222222214
0.06319444444444444 0.06319444444444444 0.0625 0.06388888888888888 0.06319444444444444 0.06319444444444444 0.0625 0.06319444444444444 0.06805555555555555 0.0625 0.0625 0.0625 0.0625 0.06458333333333334 0.1125
0.06190476190476181 0.05608465608465602 0.0629629629629629 0.08042328042328034 0.06349206349206342 0.05661375661375654 0.07195767195767187 0.057671957671957604 0.059788359788359696 0.06825396825396816 0.05132275132275124 0.05714285714285706 0.065079365079365 0.055555555555555476 0.13174603174603158
0.05679012345679001 0.05617283950617273 0.05864197530864187 0.05925925925925915 0.18271604938271577 0.05987654320987644 0.059876543209876426 0.058641975308641854 0.05679012345679001 0.061728395061728274 0.0574074074074073 0.05679012345679001 0.05925925925925915 0.05864197530864187 0.05740740740740729
0.06190476190476178 0.04920634920634913 0.07936507936507928 0.051851851851851774 0.050793650793650724 0.08994708994708989 0.05502645502645494 0.048677248677248604 0.059259259259259185 0.05449735449735441 0.1015873015873015 0.04920634920634913 0.12222222222222212 0.075132275132275 0.05132275132275125
0.0625 0.0625 0.0625 0.0625 0.11805555555555555 0.06319444444444444 0.06319444444444444 0.0625 0.06388888888888888 0.06388888888888888 0.06388888888888888 0.06388888888888888 0.0625 0.0625 0.0625
0.11604938271604924 0.05802469135802457 0.06543209876543198 0.05864197530864187 0.05925925925925915 0.05679012345679001 0.05617283950617273 0.11543209876543188 0.06111111111111099 0.05864197530864187 0.05802469135802457 0.05555555555555545 0.05864197530864187 0.06049382716049371 0.06172839506172827
0.0625 0.0625 0.0625 0.06319444444444444 0.06319444444444444 0.06458333333333334 0.0625 0.0625 0.06319444444444444 0.06388888888888888 0.11666666666666667 0.06319444444444444 0.06319444444444444 0.06319444444444444 0.06319444444444444
0.06013071895424824 0.06013071895424823 0.06013071895424823 0.06013071895424824 0.060784313725490056 0.0614379084967319 0.0614379084967319 0.061437908496731905 0.1411764705882351 0.06013071895424823 0.0594771241830064 0.06928104575163385 0.062091503267973726 0.0594771241830064 0.06274509803921556
0.06013071895424824 0.0594771241830064 0.06078431372549007 0.05882352941176457 0.0594771241830064 0.10392156862745076 0.06013071895424823 0.11895424836601283 0.06013071895424824 0.06078431372549007 0.0594771241830064 0.0594771241830064 0.0594771241830064 0.05882352941176457 0.06013071895424824
0.07189542483660116 0.0640522875816992 0.07320261437908483 0.06405228758169922 0.06535947712418287 0.06470588235294106 0.06339869281045739 0.072549019607843 0.0640522875816992 0.06732026143790837 0.06274509803921556 0.06666666666666654 0.06601307189542469 0.06732026143790835 0.06666666666666654
0.06527777777777778 0.06597222222222222 0.06597222222222222 0.06458333333333334 0.06597222222222222 0.06458333333333334 0.06597222222222222 0.06527777777777778 0.06805555555555555 0.07013888888888889 0.06875 0.06875 0.06527777777777778 0.07013888888888889 0.06527777777777778
0.07676767676767678 0.04696969696969696 0.06212121212121216 0.05101010101010104 0.0494949494949495 0.14949494949494968 0.04797979797979798 0.12525252525252545 0.054040404040404055 0.048484848484848464 0.04696969696969696 0.04797979797979797 0.054545454545454584 0.05151515151515154 0.0873737373737374
0.0614379084967319 0.07058823529411751 0.06274509803921556 0.06405228758169922 0.06470588235294104 0.062091503267973726 0.06078431372549007 0.062091503267973726 0.11045751633986907 0.06013071895424824 0.060784313725490056 0.06732026143790837 0.06274509803921556 0.06013071895424823 0.06993464052287568
0.05925925925925914 0.059876543209876426 0.059876543209876426 0.058024691358024585 0.06111111111111099 0.06296296296296285 0.06296296296296285 0.05987654320987644 0.06049382716049372 0.06111111111111099 0.061111111111111005 0.06172839506172829 0.06358024691358014 0.14629629629629606 0.06172839506172829
0.0614379084967319 0.06078431372549007 0.07254901960784299 0.062091503267973726 0.0640522875816992 0.06405228758169923 0.059477124183006415 0.062091503267973726 0.0614379084967319 0.06013071895424823 0.059477124183006415 0.06666666666666654 0.10326797385620896 0.07843137254901945 0.0640522875816992
0.06078431372549007 0.06013071895424823 0.0614379084967319 0.0594771241830064 0.0594771241830064 0.061437908496731905 0.062091503267973726 0.1307189542483658 0.06928104575163384 0.06405228758169922 0.0614379084967319 0.06470588235294104 0.06209150326797373 0.0594771241830064 0.06339869281045739
0.05906432748538011 0.05497076023391812 0.07777777777777768 0.05438596491228071 0.06081871345029239 0.05497076023391812 0.06374269005847948 0.05555555555555554 0.06023391812865496 0.08888888888888882 0.05555555555555554 0.0719298245614035 0.13157894736842093 0.05497076023391814 0.055555555555555566
0.0594771241830064 0.06209150326797373 0.07189542483660118 0.06993464052287568 0.08300653594771225 0.062091503267973726 0.06013071895424823 0.061437908496731905 0.07777777777777764 0.06993464052287565 0.0594771241830064 0.06535947712418286 0.0660130718954247 0.0679738562091502 0.0633986928104574
0.053888888888888806 0.05499999999999991 0.055555555555555455 0.05444444444444437 0.1427777777777778 0.053888888888888806 0.05444444444444436 0.052222222222222135 0.06444444444444439 0.09333333333333325 0.05111111111111102 0.05444444444444436 0.05611111111111101 0.05611111111111102 0.10222222222222216
0.09388888888888879 0.05111111111111103 0.06444444444444436 0.053888888888888806 0.05222222222222213 0.057222222222222126 0.05444444444444436 0.05166666666666658 0.05499999999999991 0.05555555555555548 0.053333333333333253 0.052222222222222135 0.05333333333333324 0.09222222222222215 0.1594444444444444
0.04646464646464645 0.04797979797979798 0.08181818181818182 0.05252525252525256 0.04797979797979798 0.04646464646464645 0.1489898989898991 0.04696969696969695 0.0782828282828283 0.047474747474747475 0.16262626262626262 0.04696969696969695 0.048989898989899 0.04797979797979798 0.04848484848484847
0.09215686274509786 0.0594771241830064 0.05882352941176457 0.0614379084967319 0.059477124183006415 0.059477124183006415 0.05882352941176457 0.05882352941176457 0.06013071895424823 0.05882352941176457 0.060784313725490056 0.06078431372549007 0.059477124183006415 0.08300653594771229 0.1084967320261436
0.06993464052287565 0.05882352941176457 0.05882352941176457 0.08104575163398678 0.061437908496731884 0.06013071895424823 0.06013071895424824 0.0614379084967319 0.06470588235294104 0.06078431372549007 0.0594771241830064 0.07385620915032663 0.06078431372549007 0.06078431372549007 0.10784313725490176
0.09477124183006522 0.06013071895424823 0.07124183006535932 0.06013071895424824 0.06078431372549007 0.06339869281045737 0.06013071895424823 0.059477124183006415 0.06339869281045739 0.07647058823529397 0.060784313725490056 0.06797385620915018 0.06797385620915021 0.06601307189542469 0.06732026143790837
0.30833333333333324 0.10277777777777776 0.0430555555555555 0.04675925925925923 0.04351851851851846 0.06805555555555565 0.04259259259259253 0.04398148148148142 0.043518518518518456 0.042592592592592536 0.0430555555555555 0.044444444444444405 0.042129629629629566 0.04259259259259254 0.042592592592592536
0.06296296296296285 0.06049382716049371 0.061111111111110984 0.14629629629629612 0.05925925925925915 0.059876543209876426 0.06358024691358012 0.06975308641975296 0.05925925925925914 0.06049382716049371 0.058024691358024585 0.06111111111111101 0.05925925925925915 0.058641975308641854 0.05987654320987644
0.06611111111111101 0.05555555555555548 0.06111111111111101 0.08388888888888887 0.059999999999999915 0.0816666666666666 0.053333333333333253 0.05999999999999993 0.05611111111111103 0.05555555555555547 0.12166666666666665 0.05944444444444436 0.059999999999999915 0.06388888888888881 0.06166666666666658
0.06274509803921555 0.0640522875816992 0.062091503267973726 0.06339869281045739 0.13790849673202596 0.06209150326797373 0.0614379084967319 0.06209150326797371 0.06078431372549007 0.061437908496731905 0.059477124183006415 0.0594771241830064 0.06013071895424823 0.062091503267973726 0.060784313725490056
0.058641975308641854 0.10740740740740723 0.058641975308641875 0.06358024691358014 0.058641975308641854 0.1117283950617282 0.05925925925925914 0.06172839506172829 0.06049382716049372 0.06049382716049372 0.06049382716049372 0.06481481481481469 0.05740740740740729 0.05617283950617273 0.06049382716049371
0.0625 0.06388888888888888 0.0625 0.0625 0.06319444444444444 0.0625 0.06319444444444444 0.06319444444444444 0.06319444444444444 0.11805555555555555 0.0625 0.06388888888888888 0.06319444444444444 0.0625 0.06319444444444444
0.054970760233918115 0.05555555555555554 0.06783625730994153 0.05555555555555554 0.05614035087719299 0.09415204678362574 0.15847953216374236 0.06257309941520464 0.05789473684210523 0.05555555555555554 0.055555555555555525 0.05847953216374267 0.058479532163742694 0.05555555555555555 0.05321637426900585
0.053801169590643266 0.05380116959064327 0.1146198830409356 0.05614035087719296 0.10526315789473684 0.06315789473684207 0.10233918128654973 0.05730994152046782 0.05730994152046782 0.05555555555555555 0.05321637426900584 0.055555555555555546 0.05614035087719298 0.057309941520467804 0.058479532163742666
0.0594771241830064 0.05882352941176457 0.0614379084967319 0.061437908496731905 0.06078431372549007 0.06013071895424824 0.0751633986928103 0.05882352941176457 0.05882352941176457 0.06013071895424824 0.06078431372549007 0.06013071895424824 0.1333333333333331 0.06993464052287567 0.06078431372549007
0.06527777777777778 0.06458333333333334 0.06458333333333334 0.06388888888888888 0.06527777777777778 0.06944444444444445 0.0625 0.06458333333333334 0.06388888888888888 0.06666666666666667 0.06666666666666667 0.06597222222222222 0.0798611111111111 0.06597222222222222 0.07083333333333333
0.05802469135802457 0.06172839506172829 0.06975308641975296 0.06234567901234556 0.06358024691358014 0.06419753086419742 0.061111111111111005 0.061111111111111005 0.06049382716049372 0.05864197530864187 0.05802469135802457 0.059876543209876426 0.13765432098765415 0.06543209876543199 0.05802469135802457
0.05617283950617273 0.05617283950617273 0.05740740740740729 0.05555555555555545 0.05617283950617273 0.05864197530864187 0.1074074074074072 0.05679012345679001 0.05679012345679001 0.05617283950617273 0.05679012345679002 0.05679012345679001 0.15679012345678991 0.05679012345679001 0.05555555555555545
0.0594771241830064 0.05882352941176457 0.05882352941176457 0.06013071895424823 0.0594771241830064 0.059477124183006415 0.16928104575163372 0.05882352941176457 0.05882352941176457 0.05882352941176457 0.05882352941176457 0.05882352941176457 0.0594771241830064 0.06013071895424824 0.06078431372549007
0.05679012345679001 0.05617283950617273 0.05679012345679001 0.05740740740740729 0.05679012345679001 0.05555555555555545 0.21481481481481446 0.05555555555555545 0.05617283950617273 0.05555555555555545 0.05555555555555545 0.05555555555555545 0.05555555555555545 0.05617283950617273 0.05555555555555545
0.05252525252525254 0.04898989898989899 0.05555555555555557 0.057575757575757634 0.06111111111111117 0.05303030303030304 0.2297979797979799 0.05151515151515154 0.07828282828282827 0.052020202020202036 0.04848484848484848 0.0494949494949495 0.052020202020202036 0.058585858585858665 0.05101010101010102
0.05882352941176457 0.059477124183006415 0.0594771241830064 0.0594771241830064 0.06013071895424824 0.05882352941176457 0.1666666666666664 0.05882352941176457 0.0594771241830064 0.0594771241830064 0.06013071895424823 0.059477124183006415 0.061437908496731884 0.05882352941176457 0.0594771241830064
0.06049382716049373 0.05740740740740729 0.12037037037037016 0.06234567901234556 0.06419753086419741 0.058641975308641854 0.06358024691358012 0.06049382716049371 0.062345679012345556 0.05864197530864187 0.06296296296296285 0.06419753086419741 0.07777777777777765 0.05925925925925915 0.06728395061728382
0.058641975308641854 0.058024691358024585 0.05679012345679001 0.05987654320987644 0.06111111111111099 0.05740740740740729 0.17345679012345655 0.05925925925925915 0.05925925925925914 0.06049382716049371 0.05740740740740729 0.06481481481481469 0.05864197530864187 0.05864197530864187 0.05617283950617273
0.060233918128654966 0.05964912280701754 0.0590643274853801 0.060818713450292376 0.05730994152046784 0.05847953216374267 0.07602339181286556 0.056725146198830394 0.05906432748538011 0.06081871345029239 0.05906432748538011 0.06842105263157888 0.08245614035087714 0.0637426900584795 0.11812865497076014
0.0527777777777777 0.15611111111111126 0.05166666666666658 0.05222222222222214 0.10111111111111101 0.05111111111111103 0.07611111111111099 0.050555555555555465 0.05277777777777769 0.05444444444444436 0.05111111111111103 0.05166666666666658 0.05166666666666658 0.052222222222222135 0.0944444444444443
0.05802469135802457 0.05679012345679001 0.09135802469135795 0.05802469135802457 0.07098765432098754 0.09876543209876527 0.058024691358024585 0.05617283950617273 0.06234567901234556 0.07160493827160481 0.058024691358024585 0.06172839506172829 0.0802469135802468 0.05864197530864187 0.05925925925925914
0.0625 0.0625 0.06388888888888888 0.0625 0.11875 0.0625 0.06388888888888888 0.0625 0.06319444444444444 0.06388888888888888 0.0625 0.06388888888888888 0.0625 0.0625 0.0625
0.05617283950617273 0.10679012345678994 0.0604938271604937 0.0641975308641974 0.058024691358024585 0.0753086419753085 0.058024691358024585 0.061111111111111005 0.06543209876543198 0.05925925925925915 0.05740740740740729 0.058641975308641854 0.09382716049382704 0.06728395061728383 0.058024691358024585
0.05555555555555545 0.10555555555555536 0.05617283950617273 0.06172839506172827 0.05555555555555545 0.05679012345679001 0.05555555555555545 0.05555555555555545 0.05555555555555545 0.16049382716049362 0.05617283950617273 0.05679012345679001 0.05617283950617273 0.05679012345679001 0.05555555555555545
0.05333333333333324 0.10777777777777771 0.053333333333333253 0.05888888888888882 0.0538888888888888 0.05333333333333324 0.052222222222222135 0.05444444444444437 0.14333333333333345 0.09833333333333319 0.05166666666666657 0.0616666666666666 0.05333333333333324 0.05166666666666658 0.05277777777777768
0.05555555555555554 0.05906432748538009 0.05847953216374265 0.05964912280701754 0.06315789473684207 0.05614035087719296 0.05789473684210523 0.05614035087719296 0.07894736842105261 0.11871345029239758 0.09415204678362578 0.06257309941520466 0.06315789473684207 0.05847953216374267 0.05789473684210525
0.05679012345679001 0.05679012345679001 0.05617283950617273 0.06728395061728382 0.10185185185185179 0.05740740740740729 0.05617283950617273 0.05617283950617273 0.07037037037037024 0.07283950617283935 0.05679012345679001 0.06358024691358014 0.05864197530864187 0.10987654320987635 0.05925925925925915
0.06388888888888888 0.06458333333333334 0.06597222222222222 0.06388888888888888 0.0763888888888889 0.06666666666666667 0.06388888888888888 0.06458333333333334 0.06944444444444445 0.07430555555555556 0.06319444444444444 0.06736111111111111 0.06527777777777778 0.06527777777777778 0.06527777777777778
0.052631578947368425 0.11111111111111109 0.05789473684210525 0.06783625730994151 0.0590643274853801 0.05614035087719296 0.05847953216374267 0.05497076023391812 0.05847953216374267 0.12514619883040928 0.05497076023391812 0.06725146198830406 0.05964912280701752 0.05789473684210525 0.058479532163742694
0.058479532163742694 0.06081871345029239 0.05847953216374265 0.06315789473684208 0.05847953216374269 0.057309941520467825 0.05847953216374269 0.05847953216374265 0.06315789473684205 0.16959064327485365 0.05730994152046784 0.05906432748538009 0.059064327485380125 0.05789473684210525 0.06023391812865496
0.06339869281045737 0.0640522875816992 0.06405228758169922 0.06405228758169922 0.068627450980392 0.06013071895424824 0.06274509803921555 0.06013071895424824 0.06339869281045739 0.06601307189542471 0.0614379084967319 0.10326797385620894 0.06732026143790835 0.06535947712418287 0.0660130718954247
0.05333333333333324 0.14277777777777798 0.05611111111111102 0.11499999999999994 0.054999999999999924 0.09611111111111102 0.05222222222222214 0.053888888888888806 0.05166666666666658 0.056666666666666574 0.05222222222222214 0.0538888888888888 0.052222222222222135 0.056666666666666574 0.052222222222222135
0.06274509803921556 0.0614379084967319 0.06928104575163384 0.06339869281045737 0.07189542483660115 0.06405228758169922 0.060784313725490056 0.06339869281045739 0.06862745098039202 0.08104575163398679 0.06078431372549007 0.072549019607843 0.06601307189542471 0.06862745098039202 0.06535947712418286
0.04484126984126981 0.1154761904761905 0.09325396825396817 0.05515873015873012 0.14523809523809525 0.07896825396825391 0.043253968253968246 0.04642857142857141 0.06230158730158727 0.04365079365079362 0.04126984126984125 0.07698412698412693 0.05198412698412694 0.053174603174603124 0.04801587301587299
0.048989898989899 0.09595959595959598 0.10202020202020208 0.04797979797979798 0.051010101010101026 0.058585858585858616 0.06111111111111118 0.048989898989899 0.08989898989898992 0.05202020202020205 0.05101010101010104 0.04797979797979797 0.13686868686868703 0.054545454545454584 0.05303030303030304
0.06339869281045739 0.06470588235294104 0.062091503267973726 0.06535947712418287 0.06274509803921556 0.06470588235294103 0.06666666666666655 0.06470588235294104 0.10915032679738546 0.06339869281045737 0.0614379084967319 0.06339869281045737 0.06405228758169922 0.0614379084967319 0.06274509803921555
0.06527777777777778 0.06597222222222222 0.06458333333333334 0.06736111111111111 0.06736111111111111 0.06597222222222222 0.06875 0.06319444444444444 0.06736111111111111 0.07222222222222222 0.06527777777777778 0.06458333333333334 0.06666666666666667 0.06736111111111111 0.06805555555555555
0.06608187134502926 0.06198830409356719 0.06491228070175435 0.07076023391812865 0.06725146198830406 0.08245614035087717 0.057309941520467846 0.07134502923976604 0.06315789473684208 0.06783625730994149 0.07017543859649121 0.06491228070175435 0.06491228070175437 0.06491228070175438 0.061988304093567224
0.10679012345678994 0.05925925925925915 0.05740740740740729 0.06049382716049371 0.06172839506172829 0.06234567901234558 0.062345679012345556 0.058641975308641854 0.05925925925925915 0.07160493827160483 0.06111111111111099 0.06049382716049371 0.061111111111111005 0.06049382716049372 0.09691358024691343
0.06319444444444444 0.0625 0.06458333333333334 0.06319444444444444 0.06458333333333334 0.09930555555555555 0.0625 0.06388888888888888 0.06388888888888888 0.0625 0.06319444444444444 0.06527777777777778 0.06527777777777778 0.06458333333333334 0.07152777777777777
0.05132275132275125 0.052380952380952306 0.06560846560846553 0.059788359788359696 0.058201058201058135 0.05978835978835972 0.07407407407407397 0.052380952380952306 0.0867724867724867 0.058730158730158646 0.05238095238095231 0.05820105820105812 0.09206349206349197 0.12222222222222208 0.056084656084656
0.0660130718954247 0.06862745098039201 0.06732026143790837 0.06862745098039202 0.06666666666666653 0.06928104575163385 0.06274509803921555 0.06797385620915018 0.06601307189542471 0.06601307189542471 0.0640522875816992 0.07124183006535934 0.06470588235294103 0.06732026143790838 0.06339869281045737
0.05906432748538011 0.060233918128654966 0.06666666666666662 0.06666666666666664 0.06608187134502921 0.06959064327485376 0.06725146198830402 0.07426900584795318 0.06666666666666665 0.06959064327485379 0.060233918128654945 0.07192982456140345 0.07134502923976606 0.06666666666666662 0.06374269005847952
0.052222222222222135 0.055555555555555455 0.09944444444444452 0.052222222222222135 0.05722222222222212 0.058888888888888796 0.05611111111111102 0.06333333333333321 0.056666666666666574 0.06888888888888878 0.053333333333333253 0.10999999999999999 0.1033333333333334 0.055555555555555476 0.05722222222222214
0.058888888888888796 0.07555555555555546 0.06333333333333324 0.06499999999999992 0.06833333333333323 0.058333333333333244 0.05888888888888881 0.07277777777777769 0.06611111111111104 0.0627777777777777 0.058888888888888796 0.1194444444444445 0.05499999999999991 0.06055555555555547 0.05611111111111102
0.058024691358024585 0.06172839506172827 0.11358024691358004 0.061111111111111005 0.08148148148148134 0.05617283950617273 0.05555555555555545 0.05555555555555545 0.05740740740740729 0.07901234567901219 0.05679012345679002 0.06296296296296285 0.0858024691358023 0.058024691358024585 0.05679012345679001
0.0614379084967319 0.061437908496731884 0.06274509803921555 0.06209150326797371 0.059477124183006415 0.059477124183006415 0.06013071895424824 0.06078431372549007 0.06078431372549007 0.05882352941176457 0.14313725490196055 0.0594771241830064 0.07189542483660116 0.05882352941176457 0.059477124183006415
0.06319444444444444 0.06597222222222222 0.0625 0.06458333333333334 0.07083333333333333 0.0625 0.0625 0.0625 0.06319444444444444 0.06527777777777778 0.0625 0.10625 0.06319444444444444 0.0625 0.0625
0.043589743589743546 0.20384615384615398 0.04316239316239311 0.23418803418803408 0.04487179487179483 0.04188034188034184 0.04188034188034184 0.042307692307692255 0.04145299145299142 0.045299145299145256 0.04188034188034183 0.042735042735042694 0.043162393162393134 0.04658119658119654 0.04316239316239312
0.05987654320987644 0.05740740740740729 0.17222222222222197 0.05802469135802457 0.05987654320987644 0.05925925925925915 0.058024691358024585 0.05925925925925915 0.0604938271604937 0.061111111111111005 0.05864197530864187 0.05925925925925915 0.05679012345679002 0.05987654320987642 0.059876543209876426
0.0574074074074073 0.05925925925925915 0.05925925925925916 0.059876543209876426 0.058024691358024585 0.18024691358024666 0.05679012345679001 0.05555555555555545 0.05987654320987644 0.06172839506172827 0.058641975308641854 0.05679012345679001 0.059876543209876426 0.059876543209876426 0.05679012345679001
0.08395061728395047 0.05740740740740729 0.061728395061728274 0.05802469135802457 0.059876543209876426 0.15370370370370348 0.05925925925925915 0.05555555555555545 0.05864197530864187 0.05864197530864187 0.058024691358024585 0.06049382716049371 0.05740740740740729 0.05987654320987644 0.0574074074074073
0.06078431372549007 0.06274509803921556 0.08692810457516324 0.06797385620915018 0.06274509803921556 0.06274509803921557 0.062091503267973726 0.06078431372549007 0.06405228758169922 0.07124183006535936 0.06013071895424824 0.06078431372549007 0.08758169934640506 0.06601307189542469 0.06339869281045739
0.0527777777777777 0.052222222222222135 0.053333333333333253 0.05611111111111103 0.056666666666666574 0.05055555555555547 0.14888888888888882 0.052222222222222135 0.0972222222222222 0.05888888888888879 0.054999999999999924 0.05555555555555545 0.05611111111111103 0.058333333333333244 0.09611111111111108
0.31545893719806783 0.04830917874396143 0.04927536231884066 0.04830917874396143 0.047342995169082205 0.06231884057971028 0.04492753623188414 0.04830917874396143 0.04782608695652183 0.045893719806763364 0.047342995169082205 0.045893719806763364 0.04830917874396144 0.05120772946859911 0.04927536231884066
0.07716049382716032 0.05555555555555545 0.05802469135802457 0.05617283950617273 0.05617283950617273 0.05679012345679002 0.05617283950617273 0.05679012345679002 0.05617283950617273 0.05617283950617273 0.05617283950617273 0.05555555555555545 0.05679012345679001 0.05740740740740729 0.18888888888888858
0.07602339181286541 0.05321637426900584 0.05614035087719297 0.05906432748538009 0.05614035087719297 0.06023391812865496 0.05614035087719296 0.05614035087719297 0.059064327485380125 0.059064327485380076 0.0549707602339181 0.05789473684210522 0.05614035087719299 0.05614035087719299 0.18362573099415205
0.06597222222222222 0.06319444444444444 0.06666666666666667 0.06805555555555555 0.06527777777777778 0.06597222222222222 0.06388888888888888 0.06319444444444444 0.06597222222222222 0.06666666666666667 0.07083333333333333 0.06458333333333334 0.06666666666666667 0.06736111111111111 0.07569444444444444
0.06875 0.06388888888888888 0.06805555555555555 0.0625 0.0763888888888889 0.06805555555555555 0.06319444444444444 0.06736111111111111 0.06527777777777778 0.06666666666666667 0.06458333333333334 0.06666666666666667 0.06597222222222222 0.06527777777777778 0.06736111111111111
0.05055555555555547 0.10277777777777762 0.04999999999999991 0.0538888888888888 0.052222222222222135 0.05833333333333325 0.1750000000000001 0.05111111111111103 0.08444444444444431 0.05166666666666658 0.05555555555555548 0.053333333333333253 0.0527777777777777 0.05111111111111102 0.05722222222222214
0.05925925925925915 0.10802469135802452 0.05679012345679002 0.11419753086419732 0.05679012345679001 0.05925925925925915 0.05555555555555545 0.061728395061728274 0.08209876543209865 0.05679012345679002 0.05740740740740729 0.0574074074074073 0.05555555555555545 0.05925925925925914 0.05987654320987642
0.09876543209876532 0.05617283950617273 0.06481481481481469 0.05555555555555545 0.05802469135802457 0.05740740740740729 0.058641975308641854 0.05679012345679001 0.05555555555555545 0.05679012345679001 0.14259259259259238 0.06111111111111101 0.05802469135802457 0.06172839506172829 0.058024691358024585
0.05672514619883039 0.10233918128654972 0.05497076023391813 0.11637426900584792 0.056725146198830394 0.05847953216374265 0.05614035087719296 0.056140350877193 0.05438596491228071 0.055555555555555546 0.10350877192982456 0.05614035087719297 0.055555555555555566 0.0614035087719298 0.055555555555555546
0.059649122807017535 0.10584795321637427 0.05730994152046782 0.06315789473684211 0.05730994152046779 0.08771929824561406 0.058479532163742694 0.05555555555555554 0.057309941520467825 0.055555555555555566 0.10350877192982454 0.056140350877193 0.056725146198830394 0.06491228070175434 0.060818713450292376
0.06543209876543198 0.05740740740740729 0.05925925925925915 0.06358024691358014 0.058024691358024585 0.06975308641975295 0.058641975308641854 0.06419753086419741 0.06172839506172829 0.06296296296296283 0.12283950617283929 0.06234567901234556 0.06604938271604928 0.0691358024691357 0.05864197530864187
0.05882352941176457 0.0594771241830064 0.06013071895424823 0.0594771241830064 0.06013071895424824 0.05882352941176457 0.07647058823529398 0.059477124183006415 0.1509803921568625 0.0594771241830064 0.0594771241830064 0.05882352941176457 0.0594771241830064 0.0594771241830064 0.0594771241830064
0.0625 0.06388888888888888 0.07847222222222222 0.06597222222222222 0.06597222222222222 0.06319444444444444 0.06597222222222222 0.07777777777777778 0.06458333333333334 0.06805555555555555 0.06319444444444444 0.06458333333333334 0.06597222222222222 0.06666666666666667 0.06319444444444444
0.12690058479532149 0.06842105263157888 0.0549707602339181 0.06725146198830415 0.052631578947368425 0.05438596491228069 0.06666666666666665 0.05497076023391814 0.060818713450292376 0.05497076023391812 0.1093567251461988 0.05730994152046784 0.05672514619883037 0.055555555555555546 0.05906432748538012
0.04797979797979797 0.13939393939393954 0.04646464646464645 0.05505050505050506 0.06060606060606063 0.05151515151515154 0.05050505050505053 0.04848484848484849 0.04848484848484849 0.04898989898989899 0.161111111111111 0.0494949494949495 0.09444444444444447 0.05 0.047474747474747475
0.06319444444444444 0.0625 0.0625 0.06388888888888888 0.0625 0.06319444444444444 0.06319444444444444 0.0625 0.0625 0.06319444444444444 0.12013888888888889 0.0625 0.0625 0.0625 0.06319444444444444
0.24853801169590664 0.052631578947368425 0.05380116959064327 0.055555555555555546 0.05380116959064327 0.05321637426900586 0.05321637426900585 0.05321637426900585 0.05380116959064327 0.052631578947368425 0.05321637426900586 0.05321637426900584 0.05438596491228069 0.05497076023391813 0.05380116959064327
