0.061111111111111005 0.05679012345679001 0.058024691358024585 0.05679012345679001 0.16604938271604916 0.06234567901234556 0.05617283950617273 0.061728395061728274 0.05617283950617273 0.07037037037037025 0.06543209876543199 0.05617283950617273 0.05617283950617273 0.058641975308641854 0.058024691358024585
0.07666666666666652 0.056666666666666574 0.05111111111111103 0.06055555555555549 0.05111111111111103 0.05333333333333324 0.06444444444444435 0.07111111111111101 0.061666666666666585 0.0527777777777777 0.056666666666666574 0.052222222222222135 0.16222222222222218 0.05888888888888881 0.07055555555555545
0.0625 0.06319444444444444 0.0625 0.06319444444444444 0.0625 0.06319444444444444 0.09236111111111112 0.06666666666666667 0.06388888888888888 0.06319444444444444 0.06388888888888888 0.08333333333333333 0.0625 0.06319444444444444 0.06388888888888888
0.062091503267973726 0.0594771241830064 0.12026143790849664 0.05882352941176457 0.05882352941176457 0.0594771241830064 0.059477124183006415 0.05882352941176457 0.0614379084967319 0.05882352941176457 0.059477124183006415 0.10392156862745093 0.05882352941176457 0.0594771241830064 0.060784313725490056
0.05864197530864187 0.08271604938271594 0.05925925925925916 0.05925925925925915 0.10123456790123439 0.05617283950617273 0.10370370370370353 0.06975308641975299 0.05987654320987644 0.05679012345679001 0.05740740740740729 0.06296296296296285 0.05679012345679001 0.058641975308641854 0.05679012345679001
0.06319444444444444 0.06597222222222222 0.06388888888888888 0.06597222222222222 0.06458333333333334 0.06805555555555555 0.06388888888888888 0.06597222222222222 0.06875 0.06527777777777778 0.06388888888888888 0.06458333333333334 0.06736111111111111 0.08402777777777778 0.06458333333333334
0.07320261437908483 0.0640522875816992 0.06274509803921556 0.0614379084967319 0.0660130718954247 0.0843137254901959 0.062091503267973726 0.0640522875816992 0.06535947712418287 0.06013071895424824 0.06535947712418286 0.07124183006535935 0.060784313725490056 0.07843137254901948 0.060784313725490056
0.05617283950617273 0.05925925925925915 0.05555555555555545 0.05555555555555545 0.191975308641975 0.05555555555555545 0.05617283950617273 0.05679012345679001 0.05925925925925915 0.05555555555555545 0.05679012345679001 0.05555555555555545 0.05617283950617273 0.05555555555555545 0.07407407407407395
0.072549019607843 0.061437908496731884 0.0705882352941175 0.0679738562091502 0.0771241830065358 0.06535947712418287 0.06405228758169922 0.06535947712418287 0.062091503267973726 0.0614379084967319 0.06666666666666654 0.07058823529411752 0.06339869281045737 0.06797385620915018 0.06339869281045739
0.0640522875816992 0.08823529411764688 0.05882352941176457 0.06013071895424824 0.05882352941176457 0.0594771241830064 0.07843137254901948 0.06928104575163388 0.06470588235294104 0.05882352941176457 0.06078431372549007 0.059477124183006415 0.10065359477124171 0.0594771241830064 0.05882352941176457
0.06458333333333334 0.06458333333333334 0.06319444444444444 0.10277777777777777 0.06319444444444444 0.06597222222222222 0.0625 0.06875 0.06388888888888888 0.06388888888888888 0.06319444444444444 0.06388888888888888 0.0625 0.06388888888888888 0.06319444444444444
0.06805555555555555 0.06527777777777778 0.0625 0.06388888888888888 0.06319444444444444 0.06666666666666667 0.0625 0.06458333333333334 0.07430555555555556 0.06319444444444444 0.07083333333333333 0.06319444444444444 0.06319444444444444 0.08611111111111111 0.0625
0.06875 0.06319444444444444 0.06388888888888888 0.06388888888888888 0.06388888888888888 0.06527777777777778 0.06388888888888888 0.06319444444444444 0.06875 0.06388888888888888 0.06875 0.0625 0.06388888888888888 0.09305555555555556 0.06319444444444444
0.08300653594771229 0.0660130718954247 0.06470588235294104 0.06470588235294104 0.06339869281045739 0.06274509803921555 0.0660130718954247 0.0660130718954247 0.06732026143790837 0.06862745098039201 0.06862745098039201 0.062091503267973726 0.06078431372549007 0.072549019607843 0.06339869281045739
0.06736111111111111 0.06527777777777778 0.06527777777777778 0.06597222222222222 0.07291666666666667 0.06458333333333334 0.06458333333333334 0.06875 0.06597222222222222 0.06388888888888888 0.06527777777777778 0.07013888888888889 0.06597222222222222 0.06805555555555555 0.06597222222222222
0.06732026143790834 0.062091503267973726 0.05882352941176457 0.0594771241830064 0.06405228758169922 0.0594771241830064 0.06274509803921556 0.0594771241830064 0.06470588235294104 0.06339869281045739 0.11633986928104553 0.06078431372549007 0.06013071895424824 0.06797385620915018 0.07320261437908483
0.06296296296296283 0.10864197530864181 0.05617283950617273 0.05740740740740729 0.05925925925925915 0.05925925925925915 0.05987654320987644 0.06296296296296286 0.059876543209876426 0.05555555555555545 0.10925925925925907 0.05740740740740729 0.0604938271604937 0.061728395061728274 0.06913580246913568
0.0633986928104574 0.06797385620915018 0.0594771241830064 0.062091503267973726 0.059477124183006415 0.061437908496731884 0.08758169934640507 0.06797385620915021 0.062091503267973726 0.06274509803921556 0.06274509803921555 0.09477124183006518 0.06732026143790835 0.06078431372549007 0.06013071895424824
0.05617283950617273 0.05802469135802457 0.058024691358024585 0.05925925925925915 0.05987654320987644 0.05740740740740729 0.09074074074074065 0.06851851851851841 0.058024691358024585 0.05617283950617273 0.061111111111111005 0.13641975308641965 0.061111111111110984 0.05802469135802457 0.061111111111111005
0.06666666666666657 0.06234567901234556 0.0574074074074073 0.06975308641975296 0.05987654320987644 0.061728395061728274 0.06913580246913567 0.06481481481481469 0.061728395061728274 0.07037037037037024 0.05802469135802457 0.11296296296296279 0.06296296296296285 0.06234567901234556 0.059876543209876426
0.06319444444444444 0.0625 0.0625 0.0625 0.0625 0.0625 0.08611111111111111 0.06388888888888888 0.0625 0.06597222222222222 0.0625 0.09444444444444444 0.0625 0.06319444444444444 0.06319444444444444
0.08787878787878799 0.051010101010101026 0.04949494949494951 0.1924242424242425 0.05252525252525256 0.06767676767676775 0.05050505050505053 0.057575757575757606 0.06414141414141424 0.0494949494949495 0.06868686868686873 0.05252525252525254 0.05555555555555561 0.051010101010101026 0.04949494949494949
0.06851851851851838 0.06666666666666655 0.05679012345679001 0.07716049382716038 0.06419753086419741 0.08148148148148134 0.06049382716049371 0.06666666666666655 0.06728395061728383 0.06172839506172829 0.06481481481481471 0.06296296296296286 0.06111111111111099 0.07160493827160479 0.06851851851851841
0.11249999999999992 0.060648148148148166 0.04999999999999999 0.06388888888888888 0.0564814814814815 0.06574074074074075 0.04629629629629626 0.06342592592592594 0.06435185185185191 0.05509259259259259 0.057870370370370364 0.04907407407407405 0.12037037037037038 0.08333333333333329 0.050925925925925916
0.05555555555555545 0.05679012345679001 0.05679012345679001 0.1012345679012344 0.05617283950617273 0.16358024691358003 0.05555555555555545 0.05740740740740729 0.05617283950617273 0.05679012345679002 0.05679012345679001 0.05679012345679001 0.05555555555555545 0.05864197530864187 0.05617283950617273
0.1263157894736841 0.057309941520467825 0.07076023391812865 0.059649122807017514 0.07309941520467832 0.056725146198830394 0.05730994152046784 0.058479532163742694 0.060233918128654945 0.05730994152046782 0.07134502923976603 0.055555555555555566 0.0543859649122807 0.06549707602339189 0.07602339181286549
0.056888888888888926 0.11733333333333323 0.045333333333333364 0.05288888888888892 0.0466666666666667 0.045333333333333364 0.06622222222222227 0.09422222222222229 0.054666666666666704 0.046222222222222255 0.09511111111111113 0.12666666666666657 0.05333333333333337 0.048000000000000036 0.05111111111111115
0.05882352941176457 0.09477124183006516 0.059477124183006415 0.05882352941176457 0.0594771241830064 0.0594771241830064 0.059477124183006415 0.13267973856209128 0.0594771241830064 0.05882352941176457 0.06013071895424824 0.05882352941176457 0.0594771241830064 0.06013071895424824 0.06013071895424823
0.06535947712418286 0.06470588235294104 0.0614379084967319 0.06274509803921556 0.062091503267973726 0.06405228758169922 0.06339869281045739 0.06405228758169922 0.06666666666666653 0.062091503267973726 0.11307189542483638 0.05882352941176457 0.06013071895424823 0.06666666666666653 0.06470588235294104
0.061111111111111005 0.06358024691358014 0.0574074074074073 0.06419753086419742 0.061728395061728274 0.06111111111111099 0.08580246913580235 0.06296296296296286 0.06419753086419742 0.05679012345679001 0.05679012345679002 0.07962962962962951 0.06049382716049372 0.09567901234567885 0.0685185185185184
0.0614379084967319 0.061437908496731905 0.060784313725490056 0.05882352941176457 0.08039215686274494 0.05882352941176457 0.05882352941176457 0.060784313725490056 0.06274509803921555 0.0679738562091502 0.06013071895424824 0.05882352941176457 0.0594771241830064 0.06013071895424824 0.12941176470588214
0.05555555555555555 0.05847953216374267 0.05614035087719299 0.05497076023391812 0.05555555555555554 0.05321637426900585 0.12748538011695915 0.05964912280701749 0.05321637426900584 0.05497076023391815 0.0543859649122807 0.15263157894736828 0.053801169590643266 0.05555555555555557 0.0543859649122807
0.06736111111111111 0.07083333333333333 0.06319444444444444 0.06597222222222222 0.06388888888888888 0.06597222222222222 0.06875 0.07152777777777777 0.06597222222222222 0.06666666666666667 0.06527777777777778 0.06388888888888888 0.06736111111111111 0.06597222222222222 0.06736111111111111
0.06234567901234556 0.062345679012345556 0.06234567901234556 0.06358024691358014 0.059876543209876426 0.061728395061728274 0.05925925925925914 0.062345679012345556 0.06296296296296283 0.1382716049382714 0.06358024691358014 0.05925925925925915 0.05925925925925916 0.06296296296296285 0.059876543209876426
0.0625 0.06388888888888888 0.06319444444444444 0.0625 0.0625 0.11597222222222223 0.06458333333333334 0.06388888888888888 0.06458333333333334 0.0625 0.0625 0.06319444444444444 0.0625 0.06319444444444444 0.0625
0.06601307189542469 0.08235294117647043 0.06078431372549007 0.0594771241830064 0.05882352941176457 0.06013071895424824 0.0790849673202613 0.06013071895424823 0.060784313725490056 0.0594771241830064 0.0594771241830064 0.06013071895424823 0.07450980392156847 0.0594771241830064 0.09934640522875797
0.0543859649122807 0.05614035087719298 0.05321637426900585 0.0549707602339181 0.07485380116959064 0.05321637426900585 0.055555555555555546 0.05614035087719295 0.05614035087719299 0.05380116959064327 0.0994152046783626 0.08128654970760243 0.09824561403508777 0.0543859649122807 0.09824561403508766
0.06444444444444436 0.050555555555555465 0.052222222222222135 0.053888888888888806 0.09944444444444428 0.06833333333333325 0.05777777777777768 0.060555555555555446 0.06277777777777768 0.04999999999999991 0.11444444444444439 0.05222222222222214 0.09777777777777767 0.06277777777777767 0.0527777777777777
0.05797101449275376 0.04589371980676337 0.045410628019323745 0.04541062801932375 0.045410628019323745 0.04444444444444452 0.07971014492753634 0.05024154589371988 0.045893719806763364 0.04444444444444452 0.047342995169082205 0.04541062801932375 0.3120772946859906 0.046376811594202975 0.04396135265700491
0.07320261437908479 0.07189542483660118 0.0614379084967319 0.0614379084967319 0.06078431372549007 0.0614379084967319 0.06470588235294104 0.06666666666666655 0.06928104575163384 0.06274509803921556 0.06470588235294104 0.06078431372549007 0.06993464052287568 0.06405228758169922 0.08692810457516324
0.06060606060606065 0.05151515151515153 0.052525252525252544 0.11464646464646473 0.0752525252525253 0.05404040404040407 0.09545454545454549 0.05707070707070711 0.057575757575757586 0.06313131313131318 0.056060606060606095 0.1085858585858585 0.047474747474747475 0.05555555555555561 0.05050505050505052
0.06470588235294104 0.06732026143790838 0.0614379084967319 0.06470588235294103 0.06078431372549007 0.06470588235294104 0.06274509803921555 0.06601307189542469 0.06797385620915018 0.06013071895424823 0.11764705882352922 0.0594771241830064 0.0614379084967319 0.06078431372549007 0.06013071895424824
0.06209150326797373 0.06470588235294104 0.09411764705882339 0.06601307189542469 0.06339869281045739 0.06274509803921555 0.06405228758169922 0.06470588235294106 0.07450980392156849 0.06470588235294103 0.0633986928104574 0.06405228758169922 0.0614379084967319 0.0679738562091502 0.062091503267973726
0.06908212560386487 0.04927536231884065 0.15603864734299525 0.05845410628019334 0.06570048309178753 0.0937198067632851 0.05217391304347836 0.07439613526570057 0.05942028985507255 0.05120772946859911 0.05362318840579718 0.04927536231884067 0.04927536231884066 0.062318840579710266 0.05603864734299527
0.07037037037037022 0.05864197530864187 0.0913580246913579 0.06728395061728382 0.06790123456790112 0.06234567901234558 0.061728395061728274 0.07345679012345667 0.06604938271604928 0.06604938271604927 0.06234567901234556 0.06172839506172829 0.05740740740740729 0.06975308641975297 0.06358024691358014
0.07160493827160481 0.058024691358024585 0.08950617283950607 0.06234567901234558 0.07407407407407395 0.05987654320987642 0.06358024691358014 0.06604938271604929 0.07654320987654309 0.061728395061728294 0.06172839506172829 0.058641975308641875 0.06234567901234556 0.06604938271604927 0.0679012345679011
0.06535947712418289 0.0614379084967319 0.07516339869281032 0.06470588235294104 0.07777777777777763 0.072549019607843 0.06209150326797371 0.06470588235294106 0.07385620915032666 0.06274509803921555 0.06862745098039201 0.06013071895424823 0.061437908496731884 0.06928104575163385 0.06013071895424823
0.05987654320987642 0.05802469135802457 0.0604938271604937 0.1598765432098763 0.05925925925925915 0.06049382716049372 0.05925925925925915 0.06604938271604925 0.05925925925925914 0.06049382716049371 0.06049382716049372 0.05987654320987644 0.05864197530864187 0.05925925925925915 0.05864197530864187
0.0625 0.0625 0.06319444444444444 0.06388888888888888 0.06319444444444444 0.11875 0.06319444444444444 0.06319444444444444 0.06388888888888888 0.0625 0.0625 0.0625 0.0625 0.06319444444444444 0.0625
0.05614035087719297 0.05497076023391814 0.06900584795321628 0.05555555555555555 0.059064327485380055 0.17192982456140335 0.05555555555555555 0.06842105263157891 0.058479532163742666 0.05672514619883042 0.05906432748538009 0.06257309941520468 0.05614035087719298 0.05847953216374269 0.05789473684210525
0.06172839506172827 0.05617283950617273 0.0648148148148147 0.05740740740740729 0.0574074074074073 0.10987654320987635 0.058641975308641875 0.06049382716049371 0.06358024691358012 0.05802469135802459 0.06049382716049371 0.05617283950617273 0.0574074074074073 0.11728395061728378 0.06049382716049371
0.053333333333333253 0.05444444444444437 0.09388888888888876 0.15611111111111114 0.05611111111111103 0.09999999999999988 0.05444444444444436 0.05777777777777768 0.05277777777777769 0.05444444444444435 0.05166666666666658 0.053888888888888806 0.052222222222222135 0.05555555555555547 0.053333333333333253
0.0577777777777777 0.0538888888888888 0.08666666666666657 0.15388888888888885 0.05611111111111101 0.05722222222222214 0.055555555555555476 0.06277777777777767 0.05611111111111103 0.07944444444444435 0.05722222222222215 0.05499999999999991 0.05444444444444436 0.0577777777777777 0.056111111111111
0.058888888888888796 0.053888888888888806 0.08388888888888879 0.14055555555555563 0.0649999999999999 0.06555555555555546 0.054999999999999924 0.060555555555555446 0.061666666666666585 0.06055555555555547 0.05722222222222212 0.06944444444444436 0.05277777777777769 0.06166666666666656 0.053333333333333253
0.06319444444444444 0.0625 0.06319444444444444 0.0625 0.0625 0.06458333333333334 0.06805555555555555 0.06805555555555555 0.06458333333333334 0.06319444444444444 0.0625 0.10486111111111111 0.06388888888888888 0.06319444444444444 0.06319444444444444
0.06666666666666667 0.06736111111111111 0.06666666666666667 0.06736111111111111 0.06736111111111111 0.07013888888888889 0.06666666666666667 0.06736111111111111 0.06388888888888888 0.06736111111111111 0.06666666666666667 0.06736111111111111 0.06458333333333334 0.06458333333333334 0.06597222222222222
0.10065359477124165 0.059477124183006415 0.059477124183006415 0.06013071895424824 0.05882352941176457 0.05882352941176457 0.0594771241830064 0.06013071895424824 0.060784313725490056 0.1254901960784311 0.0594771241830064 0.0594771241830064 0.0594771241830064 0.05882352941176457 0.0594771241830064
0.10130718954248348 0.05882352941176457 0.059477124183006415 0.0594771241830064 0.05882352941176457 0.05882352941176457 0.05882352941176457 0.0594771241830064 0.060784313725490056 0.12875816993464023 0.05882352941176457 0.05882352941176457 0.0594771241830064 0.059477124183006415 0.05882352941176457
0.0574074074074073 0.05679012345679001 0.05740740740740729 0.05679012345679002 0.10987654320987633 0.10308641975308623 0.05617283950617273 0.05740740740740729 0.058641975308641854 0.10370370370370349 0.05617283950617273 0.05555555555555545 0.05617283950617273 0.05802469135802457 0.05679012345679001
0.06388888888888881 0.053888888888888806 0.05722222222222216 0.05777777777777769 0.10722222222222212 0.13888888888888898 0.054999999999999924 0.05444444444444436 0.06722222222222213 0.06944444444444434 0.05555555555555547 0.05444444444444436 0.052222222222222135 0.05944444444444436 0.05333333333333324
0.05380116959064327 0.05321637426900585 0.08070175438596483 0.05321637426900584 0.10350877192982454 0.10058479532163744 0.05497076023391812 0.05321637426900585 0.05614035087719298 0.09766081871345032 0.053801169590643266 0.0742690058479533 0.05321637426900585 0.05614035087719298 0.055555555555555525
0.06339869281045739 0.062091503267973726 0.08627450980392141 0.06013071895424824 0.08431372549019593 0.06013071895424823 0.06013071895424824 0.06209150326797373 0.06274509803921555 0.0594771241830064 0.06013071895424824 0.08039215686274494 0.060784313725490056 0.06013071895424824 0.07777777777777763
0.061437908496731884 0.06535947712418286 0.09150326797385604 0.059477124183006415 0.05882352941176457 0.05882352941176457 0.06078431372549007 0.0699346405228757 0.06405228758169922 0.0594771241830064 0.059477124183006415 0.08169934640522858 0.09019607843137237 0.05882352941176457 0.06013071895424824
0.06432748538011691 0.09181286549707598 0.06432748538011696 0.05789473684210523 0.11169590643274847 0.05497076023391812 0.09181286549707587 0.05906432748538011 0.05789473684210526 0.055555555555555546 0.0573099415204678 0.05847953216374267 0.0543859649122807 0.0608187134502924 0.05964912280701756
0.07320261437908483 0.072549019607843 0.06339869281045739 0.0640522875816992 0.06928104575163387 0.06470588235294104 0.0640522875816992 0.06405228758169922 0.0699346405228757 0.06470588235294107 0.06666666666666653 0.06405228758169922 0.0660130718954247 0.06862745098039204 0.06470588235294104
0.06111111111111099 0.059876543209876426 0.06975308641975297 0.06358024691358014 0.06851851851851841 0.09938271604938256 0.05925925925925916 0.06296296296296283 0.08024691358024678 0.061728395061728274 0.06728395061728383 0.058024691358024585 0.05925925925925915 0.06604938271604925 0.06296296296296283
0.0549999999999999 0.05444444444444437 0.061666666666666564 0.052222222222222135 0.0627777777777777 0.18777777777777768 0.05333333333333324 0.05499999999999991 0.06333333333333326 0.05444444444444436 0.05555555555555547 0.05222222222222214 0.052222222222222135 0.0799999999999999 0.059999999999999894
0.0625 0.06319444444444444 0.06319444444444444 0.0625 0.06319444444444444 0.11736111111111111 0.0625 0.06319444444444444 0.0625 0.06319444444444444 0.06319444444444444 0.06388888888888888 0.06319444444444444 0.06319444444444444 0.06319444444444444
0.0596491228070175 0.053801169590643266 0.05380116959064327 0.06549707602339179 0.053801169590643266 0.134502923976608 0.05497076023391812 0.058479532163742645 0.057309941520467825 0.06198830409356722 0.08011695906432745 0.05380116959064327 0.05321637426900586 0.10409356725146199 0.05497076023391814
0.05882352941176457 0.06078431372549007 0.0594771241830064 0.06078431372549008 0.06013071895424824 0.15816993464052262 0.06078431372549007 0.059477124183006415 0.061437908496731905 0.06013071895424823 0.06013071895424824 0.06013071895424824 0.06078431372549007 0.06013071895424824 0.05882352941176457
0.06470588235294104 0.06209150326797373 0.06078431372549007 0.06928104575163385 0.060784313725490056 0.1248366013071893 0.06013071895424824 0.06078431372549007 0.06339869281045739 0.06078431372549007 0.06078431372549007 0.06013071895424824 0.06274509803921555 0.06601307189542471 0.06274509803921555
0.06458333333333334 0.0625 0.0625 0.08472222222222223 0.0625 0.075 0.0625 0.0625 0.0625 0.0625 0.0875 0.0625 0.0625 0.06319444444444444 0.0625
0.06597222222222222 0.06388888888888888 0.09722222222222222 0.06527777777777778 0.06597222222222222 0.06319444444444444 0.06388888888888888 0.06388888888888888 0.06527777777777778 0.06597222222222222 0.06388888888888888 0.06527777777777778 0.0625 0.06319444444444444 0.06458333333333334
0.05652173913043491 0.06038647342995178 0.04396135265700492 0.0502415458937199 0.04444444444444452 0.045410628019323745 0.07487922705314022 0.1101449275362319 0.05169082125603873 0.04830917874396143 0.04589371980676337 0.09323671497584554 0.1758454106280194 0.05024154589371988 0.04879227053140105
0.06732026143790834 0.060784313725490056 0.06078431372549007 0.10915032679738541 0.0614379084967319 0.06339869281045739 0.06470588235294103 0.07124183006535935 0.06274509803921555 0.060784313725490056 0.06732026143790835 0.06078431372549007 0.06209150326797373 0.0660130718954247 0.0614379084967319
0.0660130718954247 0.06078431372549007 0.06078431372549007 0.10588235294117627 0.059477124183006415 0.06797385620915021 0.06013071895424824 0.08562091503267956 0.0653594771241829 0.062091503267973726 0.06339869281045737 0.0614379084967319 0.0594771241830064 0.06274509803921555 0.05882352941176457
0.055555555555555546 0.07660818713450293 0.0754385964912281 0.055555555555555566 0.05438596491228069 0.05438596491228069 0.07660818713450283 0.05964912280701752 0.05614035087719297 0.08011695906432742 0.054970760233918115 0.05906432748538012 0.11988304093567241 0.06725146198830408 0.05438596491228071
0.05505050505050511 0.07373737373737375 0.05909090909090913 0.04949494949494949 0.1575757575757577 0.04747474747474746 0.045454545454545435 0.04696969696969696 0.05151515151515153 0.12323232323232335 0.04848484848484849 0.047474747474747475 0.04696969696969696 0.04898989898989899 0.09848484848484852
0.06601307189542471 0.0594771241830064 0.06078431372549007 0.08104575163398677 0.0594771241830064 0.07843137254901948 0.06078431372549007 0.07908496732026128 0.06732026143790837 0.06013071895424823 0.08758169934640511 0.060784313725490056 0.0594771241830064 0.060784313725490056 0.05882352941176457
0.07051282051282046 0.049145299145299096 0.04658119658119654 0.12136752136752123 0.0457264957264957 0.07905982905982896 0.044017094017093986 0.048717948717948704 0.11965811965811948 0.0457264957264957 0.1384615384615383 0.046153846153846115 0.04487179487179482 0.056410256410256356 0.04358974358974355
0.06388888888888888 0.0625 0.0625 0.0625 0.0625 0.11944444444444445 0.06388888888888888 0.06388888888888888 0.0625 0.0625 0.06319444444444444 0.0625 0.0625 0.06319444444444444 0.0625
0.06811594202898558 0.05362318840579719 0.051207729468599104 0.06763285024154599 0.04927536231884067 0.13381642512077305 0.05652173913043487 0.05700483091787449 0.12270531400966186 0.04685990338164258 0.0753623188405798 0.05120772946859911 0.058454106280193326 0.058937198067632944 0.04927536231884065
0.06374269005847948 0.05555555555555554 0.053801169590643266 0.059649122807017514 0.053801169590643266 0.19415204678362571 0.053801169590643266 0.05906432748538011 0.061403508771929814 0.056725146198830415 0.05730994152046784 0.05497076023391812 0.05438596491228069 0.06666666666666668 0.05497076023391813
0.052222222222222135 0.0638888888888888 0.052222222222222135 0.18666666666666665 0.0527777777777777 0.10222222222222209 0.05111111111111103 0.059444444444444335 0.06111111111111104 0.053888888888888806 0.053333333333333253 0.05111111111111103 0.05166666666666658 0.05555555555555547 0.0527777777777777
0.06319444444444444 0.0625 0.0625 0.08055555555555556 0.0625 0.07916666666666666 0.0625 0.0625 0.0625 0.06319444444444444 0.08819444444444445 0.0625 0.0625 0.0625 0.06319444444444444
0.06666666666666667 0.07083333333333333 0.06388888888888888 0.07361111111111111 0.06666666666666667 0.06666666666666667 0.06458333333333334 0.06875 0.06805555555555555 0.06388888888888888 0.06875 0.06458333333333334 0.06527777777777778 0.06388888888888888 0.06388888888888888
0.05944444444444436 0.14000000000000007 0.05499999999999991 0.053333333333333253 0.10555555555555546 0.05166666666666658 0.050555555555555465 0.05444444444444435 0.0538888888888888 0.053333333333333253 0.10555555555555543 0.05722222222222214 0.05166666666666658 0.05499999999999991 0.053333333333333253
0.06339869281045739 0.06013071895424824 0.06013071895424823 0.06013071895424824 0.08235294117647042 0.0594771241830064 0.05882352941176457 0.059477124183006415 0.06209150326797375 0.0594771241830064 0.0614379084967319 0.11568627450980366 0.0594771241830064 0.059477124183006415 0.07843137254901945
0.0614379084967319 0.0594771241830064 0.13660130718954222 0.06405228758169922 0.061437908496731884 0.06078431372549007 0.059477124183006415 0.062091503267973726 0.06339869281045739 0.06274509803921556 0.06339869281045739 0.06078431372549007 0.06013071895424824 0.06274509803921556 0.0614379084967319
0.11286549707602327 0.05730994152046784 0.06140350877192979 0.0859649122807018 0.07777777777777778 0.054970760233918115 0.058479532163742645 0.05730994152046782 0.07251461988304088 0.056140350877193 0.057309941520467825 0.05497076023391813 0.0549707602339181 0.06900584795321645 0.06900584795321635
0.08055555555555556 0.06319444444444444 0.0625 0.0625 0.06319444444444444 0.06319444444444444 0.09513888888888888 0.06666666666666667 0.06319444444444444 0.06319444444444444 0.0625 0.0625 0.06319444444444444 0.06388888888888888 0.06458333333333334
0.09666666666666666 0.05333333333333324 0.05444444444444435 0.05444444444444435 0.05277777777777769 0.05111111111111103 0.05722222222222215 0.055555555555555476 0.056666666666666574 0.05499999999999991 0.05666666666666658 0.05166666666666657 0.0822222222222221 0.0649999999999999 0.1572222222222223
0.07469135802469123 0.05925925925925915 0.0574074074074073 0.14444444444444424 0.06172839506172829 0.06111111111111099 0.05740740740740729 0.062345679012345556 0.06543209876543196 0.05679012345679001 0.059876543209876426 0.05925925925925915 0.058641975308641875 0.06296296296296285 0.058641975308641875
0.062091503267973726 0.08627450980392141 0.05882352941176457 0.08169934640522862 0.0594771241830064 0.06274509803921556 0.07843137254901948 0.07189542483660114 0.07058823529411752 0.0594771241830064 0.0594771241830064 0.05882352941176457 0.06993464052287567 0.06078431372549008 0.0594771241830064
0.06319444444444444 0.06527777777777778 0.0625 0.06319444444444444 0.0625 0.0625 0.06458333333333334 0.06319444444444444 0.0625 0.06319444444444444 0.06319444444444444 0.06319444444444444 0.11527777777777778 0.06319444444444444 0.0625
0.061437908496731884 0.061437908496731905 0.06013071895424824 0.08431372549019593 0.08758169934640507 0.05882352941176457 0.05882352941176457 0.06732026143790834 0.07450980392156849 0.05882352941176457 0.0614379084967319 0.059477124183006415 0.060784313725490056 0.06535947712418289 0.07973856209150311
0.06851851851851844 0.05740740740740729 0.058024691358024585 0.0709876543209875 0.07222222222222209 0.05925925925925915 0.05740740740740729 0.05925925925925915 0.06358024691358012 0.05679012345679001 0.062345679012345556 0.05679012345679001 0.05679012345679001 0.05740740740740729 0.1432098765432097
0.06013071895424824 0.0594771241830064 0.11699346405228735 0.0836601307189541 0.05882352941176457 0.05882352941176457 0.06013071895424823 0.06928104575163382 0.07320261437908483 0.06013071895424824 0.0594771241830064 0.05882352941176457 0.05882352941176457 0.06339869281045739 0.05882352941176457
0.06388888888888888 0.0625 0.11527777777777778 0.06388888888888888 0.06319444444444444 0.06458333333333334 0.0625 0.0625 0.06319444444444444 0.0625 0.06319444444444444 0.0625 0.0625 0.06388888888888888 0.06388888888888888
0.062091503267973726 0.08169934640522862 0.05882352941176457 0.08169934640522862 0.06274509803921556 0.06078431372549007 0.07908496732026128 0.07124183006535932 0.07777777777777765 0.06013071895424823 0.06078431372549007 0.059477124183006415 0.05882352941176457 0.06535947712418289 0.0594771241830064
0.07160493827160484 0.07839506172839493 0.08086419753086407 0.07407407407407393 0.05925925925925915 0.05925925925925915 0.07530864197530851 0.059876543209876426 0.0685185185185184 0.05864197530864187 0.06296296296296285 0.07716049382716036 0.05617283950617273 0.05925925925925915 0.058641975308641854
0.06111111111111099 0.059876543209876426 0.12160493827160485 0.06049382716049371 0.05925925925925915 0.0574074074074073 0.05925925925925915 0.06049382716049371 0.06481481481481471 0.05925925925925915 0.062345679012345556 0.09999999999999998 0.05679012345679001 0.05925925925925915 0.05802469135802457
0.05555555555555547 0.0527777777777777 0.11444444444444449 0.05222222222222213 0.055555555555555476 0.05444444444444436 0.06111111111111103 0.0527777777777777 0.05444444444444437 0.10166666666666653 0.05555555555555547 0.12666666666666662 0.0527777777777777 0.0549999999999999 0.05499999999999991
0.06388888888888888 0.06388888888888888 0.0625 0.08958333333333333 0.0625 0.0625 0.06458333333333334 0.07152777777777777 0.07708333333333334 0.06319444444444444 0.0625 0.0625 0.06319444444444444 0.06597222222222222 0.06458333333333334
0.05882352941176457 0.06013071895424824 0.05882352941176457 0.059477124183006415 0.11372549019607818 0.05882352941176457 0.0823529411764704 0.06013071895424824 0.05882352941176457 0.062091503267973726 0.05882352941176457 0.0882352941176469 0.06013071895424823 0.06013071895424824 0.059477124183006415
0.05438596491228069 0.05321637426900585 0.05321637426900584 0.05321637426900586 0.05555555555555554 0.052631578947368425 0.16140350877192983 0.0543859649122807 0.053801169590643266 0.052631578947368425 0.05438596491228068 0.09005847953216374 0.05380116959064327 0.05438596491228069 0.10292397660818714
0.05802469135802457 0.058641975308641854 0.058641975308641854 0.06049382716049372 0.08271604938271593 0.06049382716049371 0.08086419753086403 0.061111111111111005 0.06851851851851841 0.06172839506172829 0.061728395061728274 0.08209876543209862 0.05617283950617273 0.06604938271604927 0.0827160493827159
0.0574074074074073 0.16913580246913557 0.05617283950617273 0.07592592592592581 0.05679012345679002 0.05555555555555545 0.05617283950617273 0.06358024691358011 0.06913580246913568 0.05679012345679001 0.05740740740740729 0.05555555555555545 0.05617283950617273 0.058641975308641875 0.05555555555555545
0.04999999999999996 0.31666666666666665 0.04444444444444437 0.04722222222222219 0.04537037037037032 0.04675925925925923 0.04351851851851847 0.04814814814814811 0.04675925925925924 0.04629629629629625 0.04722222222222219 0.0444444444444444 0.04490740740740736 0.0666666666666667 0.06157407407407408
0.07345679012345664 0.16543209876543188 0.05555555555555545 0.05740740740740729 0.05617283950617273 0.05617283950617273 0.0802469135802468 0.06049382716049371 0.05679012345679002 0.0574074074074073 0.05740740740740729 0.05555555555555545 0.05555555555555545 0.05617283950617273 0.05617283950617273
0.05864197530864187 0.05617283950617273 0.05617283950617273 0.07839506172839496 0.05617283950617273 0.05740740740740729 0.05555555555555545 0.06481481481481467 0.06666666666666655 0.05679012345679001 0.05555555555555545 0.05555555555555545 0.16666666666666646 0.05925925925925916 0.05617283950617273
0.07712418300653576 0.07058823529411751 0.05882352941176457 0.05882352941176457 0.05882352941176457 0.0594771241830064 0.08169934640522862 0.068627450980392 0.0640522875816992 0.06013071895424824 0.05882352941176457 0.059477124183006415 0.10522875816993445 0.05882352941176457 0.0594771241830064
0.06209150326797371 0.12091503267973831 0.059477124183006415 0.05882352941176457 0.05882352941176457 0.0594771241830064 0.062091503267973726 0.06013071895424824 0.05882352941176457 0.059477124183006415 0.05882352941176457 0.059477124183006415 0.10326797385620894 0.0594771241830064 0.05882352941176457
0.0614379084967319 0.0594771241830064 0.059477124183006415 0.07973856209150314 0.05882352941176457 0.0594771241830064 0.11633986928104552 0.06993464052287567 0.07124183006535935 0.06078431372549007 0.0594771241830064 0.0594771241830064 0.06078431372549007 0.06405228758169923 0.0594771241830064
0.06078431372549007 0.05882352941176457 0.05882352941176457 0.05882352941176457 0.05882352941176457 0.05882352941176457 0.1398692810457514 0.06013071895424824 0.05882352941176457 0.06078431372549007 0.0594771241830064 0.08888888888888874 0.05882352941176457 0.059477124183006415 0.05882352941176457
0.0625 0.06319444444444444 0.0625 0.0625 0.06319444444444444 0.0625 0.08611111111111111 0.06597222222222222 0.0625 0.06458333333333334 0.0625 0.09444444444444444 0.0625 0.0625 0.0625
0.06319444444444444 0.06388888888888888 0.06388888888888888 0.06319444444444444 0.06319444444444444 0.0625 0.08680555555555555 0.06319444444444444 0.06319444444444444 0.06597222222222222 0.06458333333333334 0.08819444444444445 0.0625 0.0625 0.06319444444444444
0.05617283950617273 0.05864197530864187 0.0574074074074073 0.05925925925925915 0.059876543209876426 0.059876543209876426 0.16913580246913557 0.059876543209876426 0.05987654320987644 0.05740740740740729 0.061111111111111005 0.06111111111111099 0.05925925925925916 0.06111111111111101 0.059876543209876426
0.06166666666666658 0.053888888888888806 0.05222222222222214 0.05611111111111102 0.05166666666666658 0.053888888888888806 0.1538888888888887 0.09388888888888879 0.056666666666666594 0.05166666666666658 0.05444444444444436 0.09722222222222232 0.05555555555555547 0.05499999999999991 0.052222222222222135
0.05882352941176457 0.059477124183006415 0.059477124183006415 0.05882352941176457 0.0594771241830064 0.059477124183006415 0.10980392156862738 0.0594771241830064 0.05882352941176457 0.06078431372549007 0.05882352941176457 0.11895424836601298 0.06013071895424824 0.05882352941176457 0.05882352941176457
0.06388888888888888 0.06527777777777778 0.06527777777777778 0.06736111111111111 0.06597222222222222 0.06736111111111111 0.06458333333333334 0.06388888888888888 0.07777777777777778 0.06875 0.06458333333333334 0.0625 0.06458333333333334 0.07222222222222222 0.06597222222222222
0.05617283950617273 0.05802469135802457 0.05555555555555545 0.05555555555555545 0.05555555555555545 0.05555555555555545 0.05617283950617273 0.05617283950617273 0.05555555555555545 0.05617283950617273 0.05555555555555545 0.05617283950617273 0.2148148148148145 0.0574074074074073 0.05555555555555545
0.05882352941176457 0.05882352941176457 0.05882352941176457 0.05882352941176457 0.05882352941176457 0.05882352941176457 0.059477124183006415 0.05882352941176457 0.05882352941176457 0.05882352941176457 0.05882352941176457 0.05882352941176457 0.1751633986928102 0.05882352941176457 0.059477124183006415
0.0938271604938271 0.06604938271604927 0.06049382716049371 0.061728395061728274 0.05925925925925915 0.05925925925925915 0.09012345679012336 0.07345679012345668 0.061728395061728294 0.06358024691358014 0.06975308641975295 0.05925925925925916 0.05802469135802457 0.06049382716049371 0.06296296296296283
0.06666666666666667 0.0625 0.06388888888888888 0.06388888888888888 0.08958333333333333 0.06388888888888888 0.06319444444444444 0.0625 0.06388888888888888 0.0625 0.06388888888888888 0.0625 0.06319444444444444 0.06319444444444444 0.08472222222222223
0.059649122807017535 0.06374269005847953 0.05497076023391812 0.16783625730994128 0.056725146198830415 0.0654970760233918 0.06257309941520461 0.05497076023391813 0.06315789473684208 0.06198830409356724 0.06257309941520468 0.05497076023391814 0.056725146198830394 0.05789473684210524 0.05672514619883039
0.06527777777777778 0.06458333333333334 0.06527777777777778 0.06944444444444445 0.06736111111111111 0.07013888888888889 0.06736111111111111 0.06388888888888888 0.06736111111111111 0.06458333333333334 0.06458333333333334 0.06666666666666667 0.06805555555555555 0.06944444444444445 0.06597222222222222
0.0771929824561404 0.064327485380117 0.05672514619883039 0.058479532163742694 0.05321637426900584 0.057309941520467846 0.06432748538011691 0.12631578947368408 0.061403508771929814 0.05438596491228071 0.059649122807017514 0.056725146198830394 0.09239766081871341 0.059649122807017514 0.05789473684210525
0.056725146198830394 0.1093567251461988 0.055555555555555546 0.057309941520467804 0.10467836257309943 0.05672514619883039 0.061988304093567266 0.06140350877192984 0.05672514619883039 0.05438596491228072 0.05555555555555554 0.10292397660818708 0.05321637426900586 0.05614035087719299 0.057309941520467804
0.0590643274853801 0.06959064327485376 0.07894736842105256 0.06491228070175435 0.05497076023391812 0.05847953216374267 0.0783625730994153 0.06257309941520466 0.06315789473684208 0.06081871345029239 0.05789473684210524 0.10467836257309937 0.057309941520467804 0.07543859649122803 0.05380116959064327
0.06274509803921556 0.06405228758169922 0.061437908496731884 0.06470588235294104 0.062091503267973726 0.06470588235294104 0.06339869281045737 0.06666666666666653 0.06405228758169923 0.06078431372549007 0.0640522875816992 0.06013071895424823 0.06274509803921556 0.11633986928104556 0.06209150326797373
0.07037037037037024 0.05987654320987645 0.05679012345679001 0.06049382716049371 0.08024691358024681 0.05617283950617273 0.05740740740740729 0.05740740740740729 0.06111111111111099 0.0932098765432097 0.05679012345679001 0.0574074074074073 0.05617283950617273 0.09629629629629613 0.08024691358024677
0.059649122807017535 0.05789473684210522 0.05672514619883039 0.07076023391812865 0.0719298245614035 0.06725146198830408 0.05614035087719297 0.058479532163742666 0.057309941520467804 0.052631578947368425 0.07426900584795323 0.08830409356725157 0.07426900584795318 0.0543859649122807 0.09999999999999996
0.06388888888888888 0.06319444444444444 0.0625 0.10486111111111111 0.06388888888888888 0.06388888888888888 0.06388888888888888 0.06597222222222222 0.06597222222222222 0.06319444444444444 0.06388888888888888 0.06527777777777778 0.0625 0.06319444444444444 0.06388888888888888
0.06084656084656077 0.056084656084656015 0.1751322751322749 0.10264550264550254 0.05185185185185177 0.06455026455026446 0.05767195767195758 0.050264550264550206 0.058201058201058135 0.05132275132275124 0.07037037037037029 0.05291005291005284 0.04814814814814808 0.050264550264550185 0.04973544973544967
0.06875 0.06319444444444444 0.06319444444444444 0.06388888888888888 0.0625 0.06666666666666667 0.06319444444444444 0.06458333333333334 0.07708333333333334 0.0625 0.06944444444444445 0.0625 0.06319444444444444 0.08611111111111111 0.06319444444444444
0.06736111111111111 0.06527777777777778 0.0625 0.06319444444444444 0.0625 0.06388888888888888 0.06388888888888888 0.06319444444444444 0.06458333333333334 0.06319444444444444 0.06388888888888888 0.06388888888888888 0.06319444444444444 0.06527777777777778 0.10416666666666667
0.058024691358024585 0.06358024691358014 0.05740740740740729 0.06296296296296285 0.059876543209876426 0.16296296296296273 0.06049382716049372 0.058641975308641854 0.061728395061728274 0.061111111111110984 0.058641975308641854 0.05617283950617273 0.05802469135802457 0.06419753086419741 0.05617283950617273
