2.4863252113376433E-4 2.4863252113376433E-4 2.4863252113376433E-4 2.4863252113376433E-4 2.4863252113376433E-4 2.4863252113376433E-4 0.8455992043759324 2.4863252113376433E-4 2.4863252113376433E-4 2.4863252113376433E-4 2.4863252113376433E-4 2.4863252113376433E-4 2.4863252113376433E-4 0.14942814520139233 2.4863252113376433E-4 2.4863252113376433E-4 2.4863252113376433E-4 2.4863252113376433E-4 2.4863252113376433E-4 2.4863252113376433E-4 2.4863252113376433E-4 2.4863252113376433E-4
5.070993914807302E-4 5.070993914807302E-4 5.070993914807302E-4 5.070993914807302E-4 5.070993914807302E-4 5.070993914807302E-4 5.070993914807302E-4 5.070993914807302E-4 5.070993914807302E-4 5.070993914807302E-4 5.070993914807302E-4 5.070993914807302E-4 5.070993914807302E-4 0.4315415821501014 5.070993914807302E-4 5.070993914807302E-4 5.070993914807302E-4 5.070993914807302E-4 5.070993914807302E-4 0.558316430020284 5.070993914807302E-4 5.070993914807302E-4
3.4223134839151266E-4 3.4223134839151266E-4 3.4223134839151266E-4 3.4223134839151266E-4 3.4223134839151266E-4 3.4223134839151266E-4 3.4223134839151266E-4 3.4223134839151266E-4 3.4223134839151266E-4 0.6676933607118413 3.4223134839151266E-4 3.4223134839151266E-4 3.4223134839151266E-4 0.32546201232032856 3.4223134839151266E-4 3.4223134839151266E-4 3.4223134839151266E-4 3.4223134839151266E-4 3.4223134839151266E-4 3.4223134839151266E-4 3.4223134839151266E-4 3.4223134839151266E-4
1.3943112102621306E-4 0.007110987172336866 1.3943112102621306E-4 1.3943112102621306E-4 1.3943112102621306E-4 1.3943112102621306E-4 0.6903234802007808 1.3943112102621306E-4 1.3943112102621306E-4 1.3943112102621306E-4 1.3943112102621306E-4 1.3943112102621306E-4 1.3943112102621306E-4 0.2999163413273843 1.3943112102621306E-4 1.3943112102621306E-4 1.3943112102621306E-4 1.3943112102621306E-4 1.3943112102621306E-4 1.3943112102621306E-4 1.3943112102621306E-4 1.3943112102621306E-4
3.660054168801698E-5 3.660054168801698E-5 3.660054168801698E-5 3.660054168801698E-5 3.660054168801698E-5 3.660054168801698E-5 3.660054168801698E-5 3.660054168801698E-5 3.660054168801698E-5 3.660054168801698E-5 3.660054168801698E-5 3.660054168801698E-5 3.660054168801698E-5 0.06774760266451943 3.660054168801698E-5 3.660054168801698E-5 3.660054168801698E-5 0.9315203865017201 3.660054168801698E-5 3.660054168801698E-5 3.660054168801698E-5 3.660054168801698E-5
8.017960230917255E-5 8.017960230917255E-5 8.017960230917255E-5 8.017960230917255E-5 8.017960230917255E-5 8.017960230917255E-5 0.8018762026940347 8.017960230917255E-5 8.017960230917255E-5 8.017960230917255E-5 8.017960230917255E-5 8.017960230917255E-5 8.017960230917255E-5 0.19652020525978192 8.017960230917255E-5 8.017960230917255E-5 8.017960230917255E-5 8.017960230917255E-5 8.017960230917255E-5 8.017960230917255E-5 8.017960230917255E-5 8.017960230917255E-5
6.3403499873193E-5 6.3403499873193E-5 6.3403499873193E-5 6.3403499873193E-5 6.3403499873193E-5 6.3403499873193E-5 6.3403499873193E-5 6.3403499873193E-5 6.3403499873193E-5 6.3403499873193E-5 6.3403499873193E-5 6.3403499873193E-5 6.3403499873193E-5 0.29488967791022064 6.3403499873193E-5 6.3403499873193E-5 6.3403499873193E-5 6.3403499873193E-5 6.3403499873193E-5 6.3403499873193E-5 0.7038422520923155 6.3403499873193E-5
9.240436148586214E-5 9.240436148586214E-5 9.240436148586214E-5 9.240436148586214E-5 9.240436148586214E-5 0.5360377009794862 9.240436148586214E-5 9.240436148586214E-5 9.240436148586214E-5 9.240436148586214E-5 9.240436148586214E-5 9.240436148586214E-5 9.240436148586214E-5 0.46211421179079654 9.240436148586214E-5 9.240436148586214E-5 9.240436148586214E-5 9.240436148586214E-5 9.240436148586214E-5 9.240436148586214E-5 9.240436148586214E-5 9.240436148586214E-5
7.649938800489597E-5 7.649938800489597E-5 7.649938800489597E-5 7.649938800489597E-5 7.649938800489597E-5 7.649938800489597E-5 7.649938800489597E-5 7.649938800489597E-5 7.649938800489597E-5 7.649938800489597E-5 7.649938800489597E-5 7.649938800489597E-5 7.649938800489597E-5 0.4743727050183598 7.649938800489597E-5 7.649938800489597E-5 7.649938800489597E-5 7.649938800489597E-5 7.649938800489597E-5 7.649938800489597E-5 7.649938800489597E-5 0.5240973072215422
3.4397358282883873E-5 3.4397358282883873E-5 3.4397358282883873E-5 3.4397358282883873E-5 3.4397358282883873E-5 3.4397358282883873E-5 3.4397358282883873E-5 3.4397358282883873E-5 3.4397358282883873E-5 3.4397358282883873E-5 3.4397358282883873E-5 3.4397358282883873E-5 3.4397358282883873E-5 0.41796230049532196 3.4397358282883873E-5 3.4397358282883873E-5 3.4397358282883873E-5 0.5813497523390203 3.4397358282883873E-5 3.4397358282883873E-5 3.4397358282883873E-5 3.4397358282883873E-5
8.604371020478404E-5 8.604371020478404E-5 8.604371020478404E-5 8.604371020478404E-5 8.604371020478404E-5 8.604371020478404E-5 8.604371020478404E-5 8.604371020478404E-5 8.604371020478404E-5 8.604371020478404E-5 8.604371020478404E-5 0.030201342281879193 8.604371020478404E-5 0.9680777835140252 8.604371020478404E-5 8.604371020478404E-5 8.604371020478404E-5 8.604371020478404E-5 8.604371020478404E-5 8.604371020478404E-5 8.604371020478404E-5 8.604371020478404E-5
8.181966944853544E-5 8.181966944853544E-5 8.181966944853544E-5 8.181966944853544E-5 8.181966944853544E-5 8.181966944853544E-5 8.181966944853544E-5 8.181966944853544E-5 8.181966944853544E-5 8.181966944853544E-5 8.181966944853544E-5 8.181966944853544E-5 8.181966944853544E-5 0.9982817869415808 8.181966944853544E-5 8.181966944853544E-5 8.181966944853544E-5 8.181966944853544E-5 8.181966944853544E-5 8.181966944853544E-5 8.181966944853544E-5 8.181966944853544E-5
1.2016342225426581E-4 1.2016342225426581E-4 1.2016342225426581E-4 1.2016342225426581E-4 1.2016342225426581E-4 1.2016342225426581E-4 1.2016342225426581E-4 1.2016342225426581E-4 1.2016342225426581E-4 1.2016342225426581E-4 1.2016342225426581E-4 1.2016342225426581E-4 1.2016342225426581E-4 1.2016342225426581E-4 1.2016342225426581E-4 1.2016342225426581E-4 1.2016342225426581E-4 1.2016342225426581E-4 0.9974765681326605 1.2016342225426581E-4 1.2016342225426581E-4 1.2016342225426581E-4
8.050233456770246E-5 8.050233456770246E-5 8.050233456770246E-5 8.050233456770246E-5 8.050233456770246E-5 8.050233456770246E-5 8.050233456770246E-5 8.050233456770246E-5 8.050233456770246E-5 8.050233456770246E-5 0.6803252294316535 8.050233456770246E-5 8.050233456770246E-5 0.3180647238769924 8.050233456770246E-5 8.050233456770246E-5 8.050233456770246E-5 8.050233456770246E-5 8.050233456770246E-5 8.050233456770246E-5 8.050233456770246E-5 8.050233456770246E-5
1.295001295001295E-4 1.295001295001295E-4 1.295001295001295E-4 1.295001295001295E-4 1.295001295001295E-4 1.295001295001295E-4 1.295001295001295E-4 1.295001295001295E-4 1.295001295001295E-4 1.295001295001295E-4 1.295001295001295E-4 1.295001295001295E-4 1.295001295001295E-4 0.27207977207977213 0.7253302253302253 1.295001295001295E-4 1.295001295001295E-4 1.295001295001295E-4 1.295001295001295E-4 1.295001295001295E-4 1.295001295001295E-4 1.295001295001295E-4
6.862475981334066E-5 6.862475981334066E-5 6.862475981334066E-5 6.862475981334066E-5 6.862475981334066E-5 0.4015234696678561 6.862475981334066E-5 6.862475981334066E-5 6.862475981334066E-5 6.862475981334066E-5 6.862475981334066E-5 6.862475981334066E-5 6.862475981334066E-5 0.5971040351358771 6.862475981334066E-5 6.862475981334066E-5 6.862475981334066E-5 6.862475981334066E-5 6.862475981334066E-5 6.862475981334066E-5 6.862475981334066E-5 6.862475981334066E-5
1.4040999719180006E-4 1.4040999719180006E-4 1.4040999719180006E-4 1.4040999719180006E-4 1.4040999719180006E-4 1.4040999719180006E-4 1.4040999719180006E-4 1.4040999719180006E-4 1.4040999719180006E-4 1.4040999719180006E-4 1.4040999719180006E-4 1.4040999719180006E-4 1.4040999719180006E-4 0.2739399045212019 1.4040999719180006E-4 1.4040999719180006E-4 1.4040999719180006E-4 1.4040999719180006E-4 0.723251895534962 1.4040999719180006E-4 1.4040999719180006E-4 1.4040999719180006E-4
1.1803588290840416E-4 1.1803588290840416E-4 1.1803588290840416E-4 1.1803588290840416E-4 1.1803588290840416E-4 1.1803588290840416E-4 1.1803588290840416E-4 1.1803588290840416E-4 1.1803588290840416E-4 1.1803588290840416E-4 1.1803588290840416E-4 1.1803588290840416E-4 1.1803588290840416E-4 0.7437440982058545 1.1803588290840416E-4 1.1803588290840416E-4 1.1803588290840416E-4 1.1803588290840416E-4 0.25389518413597734 1.1803588290840416E-4 1.1803588290840416E-4 1.1803588290840416E-4
1.594387755102041E-4 1.594387755102041E-4 1.594387755102041E-4 1.594387755102041E-4 1.594387755102041E-4 1.594387755102041E-4 1.594387755102041E-4 1.594387755102041E-4 1.594387755102041E-4 1.594387755102041E-4 0.4864477040816327 1.594387755102041E-4 1.594387755102041E-4 0.5103635204081632 1.594387755102041E-4 1.594387755102041E-4 1.594387755102041E-4 1.594387755102041E-4 1.594387755102041E-4 1.594387755102041E-4 1.594387755102041E-4 1.594387755102041E-4
7.620789513793629E-5 7.620789513793629E-5 0.04961133973479653 7.620789513793629E-5 7.620789513793629E-5 7.620789513793629E-5 7.620789513793629E-5 7.620789513793629E-5 7.620789513793629E-5 7.620789513793629E-5 7.620789513793629E-5 7.620789513793629E-5 7.620789513793629E-5 0.9488645023624448 7.620789513793629E-5 7.620789513793629E-5 7.620789513793629E-5 7.620789513793629E-5 7.620789513793629E-5 7.620789513793629E-5 7.620789513793629E-5 7.620789513793629E-5
7.395355716609969E-5 7.395355716609969E-5 7.395355716609969E-5 7.395355716609969E-5 7.395355716609969E-5 7.395355716609969E-5 7.395355716609969E-5 7.395355716609969E-5 7.395355716609969E-5 7.395355716609969E-5 7.395355716609969E-5 7.395355716609969E-5 0.8986096731252774 0.09991125573140068 7.395355716609969E-5 7.395355716609969E-5 7.395355716609969E-5 7.395355716609969E-5 7.395355716609969E-5 7.395355716609969E-5 7.395355716609969E-5 7.395355716609969E-5
8.950948800572861E-5 8.950948800572861E-5 8.950948800572861E-5 8.950948800572861E-5 8.950948800572861E-5 8.950948800572861E-5 8.950948800572861E-5 8.950948800572861E-5 8.950948800572861E-5 8.950948800572861E-5 0.47896527031865377 8.950948800572861E-5 8.950948800572861E-5 0.5192445399212317 8.950948800572861E-5 8.950948800572861E-5 8.950948800572861E-5 8.950948800572861E-5 8.950948800572861E-5 8.950948800572861E-5 8.950948800572861E-5 8.950948800572861E-5
7.861635220125786E-4 7.861635220125786E-4 7.861635220125786E-4 7.861635220125786E-4 7.861635220125786E-4 7.861635220125786E-4 0.3545597484276729 7.861635220125786E-4 7.861635220125786E-4 7.861635220125786E-4 7.861635220125786E-4 7.861635220125786E-4 7.861635220125786E-4 0.6297169811320754 7.861635220125786E-4 7.861635220125786E-4 7.861635220125786E-4 7.861635220125786E-4 7.861635220125786E-4 7.861635220125786E-4 7.861635220125786E-4 7.861635220125786E-4
2.965599051008304E-4 2.965599051008304E-4 2.965599051008304E-4 2.965599051008304E-4 2.965599051008304E-4 2.965599051008304E-4 2.965599051008304E-4 2.965599051008304E-4 2.965599051008304E-4 2.965599051008304E-4 2.965599051008304E-4 2.965599051008304E-4 2.965599051008304E-4 2.965599051008304E-4 2.965599051008304E-4 2.965599051008304E-4 2.965599051008304E-4 2.965599051008304E-4 0.9937722419928825 2.965599051008304E-4 2.965599051008304E-4 2.965599051008304E-4
4.215851602023609E-4 4.215851602023609E-4 4.215851602023609E-4 4.215851602023609E-4 4.215851602023609E-4 4.215851602023609E-4 4.215851602023609E-4 4.215851602023609E-4 4.215851602023609E-4 4.215851602023609E-4 4.215851602023609E-4 4.215851602023609E-4 0.5484822934232715 0.4220067453625633 4.215851602023609E-4 4.215851602023609E-4 4.215851602023609E-4 4.215851602023609E-4 0.021500843170320406 4.215851602023609E-4 4.215851602023609E-4 4.215851602023609E-4
3.965107057890563E-4 3.965107057890563E-4 3.965107057890563E-4 3.965107057890563E-4 3.965107057890563E-4 3.965107057890563E-4 0.6149881046788264 3.965107057890563E-4 3.965107057890563E-4 3.965107057890563E-4 3.965107057890563E-4 3.965107057890563E-4 3.965107057890563E-4 0.2977795400475813 3.965107057890563E-4 3.965107057890563E-4 3.965107057890563E-4 0.07969865186360031 3.965107057890563E-4 3.965107057890563E-4 3.965107057890563E-4 3.965107057890563E-4
9.328358208955224E-4 9.328358208955224E-4 9.328358208955224E-4 9.328358208955224E-4 9.328358208955224E-4 9.328358208955224E-4 0.2807835820895522 9.328358208955224E-4 9.328358208955224E-4 9.328358208955224E-4 9.328358208955224E-4 9.328358208955224E-4 9.328358208955224E-4 0.6539179104477612 9.328358208955224E-4 9.328358208955224E-4 9.328358208955224E-4 9.328358208955224E-4 0.04757462686567164 9.328358208955224E-4 9.328358208955224E-4 9.328358208955224E-4
1.7946877243359656E-4 1.7946877243359656E-4 1.7946877243359656E-4 1.7946877243359656E-4 1.7946877243359656E-4 0.8077889447236181 1.7946877243359656E-4 1.7946877243359656E-4 1.7946877243359656E-4 1.7946877243359656E-4 1.7946877243359656E-4 1.7946877243359656E-4 1.7946877243359656E-4 0.17964824120603015 1.7946877243359656E-4 1.7946877243359656E-4 1.7946877243359656E-4 1.7946877243359656E-4 0.009152907394113424 1.7946877243359656E-4 1.7946877243359656E-4 1.7946877243359656E-4
4.128819157720892E-4 4.128819157720892E-4 4.128819157720892E-4 4.128819157720892E-4 4.128819157720892E-4 4.128819157720892E-4 4.128819157720892E-4 4.128819157720892E-4 4.128819157720892E-4 4.128819157720892E-4 4.128819157720892E-4 4.128819157720892E-4 4.128819157720892E-4 0.26878612716763006 0.6403798513625103 4.128819157720892E-4 4.128819157720892E-4 4.128819157720892E-4 0.02105697770437655 4.128819157720892E-4 0.06234516928158547 4.128819157720892E-4
5.739869130983814E-5 5.739869130983814E-5 5.739869130983814E-5 5.739869130983814E-5 5.739869130983814E-5 5.739869130983814E-5 5.739869130983814E-5 5.739869130983814E-5 5.739869130983814E-5 0.03162667891172081 0.07754563195959133 5.739869130983814E-5 5.739869130983814E-5 0.7892894042015841 5.739869130983814E-5 5.739869130983814E-5 5.739869130983814E-5 0.10050510848352659 5.739869130983814E-5 5.739869130983814E-5 5.739869130983814E-5 5.739869130983814E-5
6.67913438418381E-5 6.67913438418381E-5 6.67913438418381E-5 6.67913438418381E-5 6.67913438418381E-5 6.67913438418381E-5 6.67913438418381E-5 6.67913438418381E-5 0.003406358535933743 6.67913438418381E-5 6.67913438418381E-5 0.003406358535933743 6.67913438418381E-5 0.310646540208389 6.67913438418381E-5 0.6813384985305905 6.67913438418381E-5 6.67913438418381E-5 6.67913438418381E-5 6.67913438418381E-5 6.67913438418381E-5 6.67913438418381E-5
6.164468006411048E-5 6.164468006411048E-5 6.164468006411048E-5 6.164468006411048E-5 6.164468006411048E-5 0.50554802120577 6.164468006411048E-5 6.164468006411048E-5 6.164468006411048E-5 6.164468006411048E-5 6.164468006411048E-5 6.164468006411048E-5 6.164468006411048E-5 0.4932190851929479 6.164468006411048E-5 6.164468006411048E-5 6.164468006411048E-5 6.164468006411048E-5 6.164468006411048E-5 6.164468006411048E-5 6.164468006411048E-5 6.164468006411048E-5
3.364511136531862E-5 3.364511136531862E-5 3.364511136531862E-5 3.364511136531862E-5 3.364511136531862E-5 3.364511136531862E-5 3.364511136531862E-5 3.364511136531862E-5 3.364511136531862E-5 3.364511136531862E-5 0.6056456496871003 3.364511136531862E-5 3.364511136531862E-5 0.39368144808559313 3.364511136531862E-5 3.364511136531862E-5 3.364511136531862E-5 3.364511136531862E-5 3.364511136531862E-5 3.364511136531862E-5 3.364511136531862E-5 3.364511136531862E-5
4.614248800295312E-5 4.614248800295312E-5 4.614248800295312E-5 4.614248800295312E-5 4.614248800295312E-5 4.614248800295312E-5 4.614248800295312E-5 4.614248800295312E-5 4.614248800295312E-5 4.614248800295312E-5 4.614248800295312E-5 4.614248800295312E-5 4.614248800295312E-5 0.30458656330749356 4.614248800295312E-5 4.614248800295312E-5 4.614248800295312E-5 4.614248800295312E-5 4.614248800295312E-5 4.614248800295312E-5 0.6944905869324474 4.614248800295312E-5
1.7176228100309173E-4 1.7176228100309173E-4 1.7176228100309173E-4 1.7176228100309173E-4 1.7176228100309173E-4 1.7176228100309173E-4 1.7176228100309173E-4 1.7176228100309173E-4 1.7176228100309173E-4 1.7176228100309173E-4 1.7176228100309173E-4 1.7176228100309173E-4 0.8589831672964616 0.13758158708347648 1.7176228100309173E-4 1.7176228100309173E-4 1.7176228100309173E-4 1.7176228100309173E-4 1.7176228100309173E-4 1.7176228100309173E-4 1.7176228100309173E-4 1.7176228100309173E-4
5.564210994880926E-5 5.564210994880926E-5 5.564210994880926E-5 5.564210994880926E-5 5.564210994880926E-5 5.564210994880926E-5 5.564210994880926E-5 5.564210994880926E-5 5.564210994880926E-5 5.564210994880926E-5 5.564210994880926E-5 5.564210994880926E-5 5.564210994880926E-5 0.9070220342755397 5.564210994880926E-5 5.564210994880926E-5 5.564210994880926E-5 5.564210994880926E-5 5.564210994880926E-5 5.564210994880926E-5 5.564210994880926E-5 0.0918651235254841
5.148800329523221E-5 0.007774688497580064 0.002625888168056843 5.148800329523221E-5 5.148800329523221E-5 5.148800329523221E-5 5.148800329523221E-5 5.148800329523221E-5 5.148800329523221E-5 5.148800329523221E-5 5.148800329523221E-5 5.148800329523221E-5 5.148800329523221E-5 0.9886211512717537 5.148800329523221E-5 5.148800329523221E-5 5.148800329523221E-5 5.148800329523221E-5 5.148800329523221E-5 5.148800329523221E-5 5.148800329523221E-5 5.148800329523221E-5
9.155832265152902E-5 9.155832265152902E-5 9.155832265152902E-5 9.155832265152902E-5 9.155832265152902E-5 9.155832265152902E-5 9.155832265152902E-5 9.155832265152902E-5 9.155832265152902E-5 0.6730452298113899 9.155832265152902E-5 9.155832265152902E-5 9.155832265152902E-5 0.3205456876030031 9.155832265152902E-5 9.155832265152902E-5 9.155832265152902E-5 9.155832265152902E-5 9.155832265152902E-5 9.155832265152902E-5 9.155832265152902E-5 0.00466947445522798
6.280618012812461E-5 6.280618012812461E-5 6.280618012812461E-5 6.280618012812461E-5 6.280618012812461E-5 6.280618012812461E-5 6.280618012812461E-5 6.280618012812461E-5 6.280618012812461E-5 6.280618012812461E-5 0.5401959552819998 6.280618012812461E-5 6.280618012812461E-5 0.4585479211154378 6.280618012812461E-5 6.280618012812461E-5 6.280618012812461E-5 6.280618012812461E-5 6.280618012812461E-5 6.280618012812461E-5 6.280618012812461E-5 6.280618012812461E-5
1.1944577161968467E-4 1.1944577161968467E-4 1.1944577161968467E-4 1.1944577161968467E-4 1.1944577161968467E-4 1.1944577161968467E-4 1.1944577161968467E-4 1.1944577161968467E-4 1.1944577161968467E-4 1.1944577161968467E-4 1.1944577161968467E-4 1.1944577161968467E-4 1.1944577161968467E-4 0.3465121834687052 1.1944577161968467E-4 1.1944577161968467E-4 1.1944577161968467E-4 1.1944577161968467E-4 1.1944577161968467E-4 1.1944577161968467E-4 1.1944577161968467E-4 0.6510989010989011
1.6605778811026238E-4 1.6605778811026238E-4 1.6605778811026238E-4 1.6605778811026238E-4 1.6605778811026238E-4 1.6605778811026238E-4 1.6605778811026238E-4 1.6605778811026238E-4 1.6605778811026238E-4 1.6605778811026238E-4 0.7806376619063434 1.6605778811026238E-4 1.6605778811026238E-4 0.1994354035204251 1.6605778811026238E-4 1.6605778811026238E-4 1.6605778811026238E-4 1.6605778811026238E-4 1.6605778811026238E-4 1.6605778811026238E-4 0.0167718365991365 1.6605778811026238E-4
4.969684921975947E-5 4.969684921975947E-5 4.969684921975947E-5 4.969684921975947E-5 4.969684921975947E-5 4.969684921975947E-5 4.969684921975947E-5 4.969684921975947E-5 4.969684921975947E-5 4.969684921975947E-5 4.969684921975947E-5 4.969684921975947E-5 4.969684921975947E-5 0.20380677865023356 4.969684921975947E-5 4.969684921975947E-5 4.969684921975947E-5 4.969684921975947E-5 0.7951992843653712 4.969684921975947E-5 4.969684921975947E-5 4.969684921975947E-5
0.47117240678654876 2.5398760540485624E-5 2.5398760540485624E-5 2.5398760540485624E-5 2.5398760540485624E-5 0.002565274814589048 2.5398760540485624E-5 2.5398760540485624E-5 2.5398760540485624E-5 2.5398760540485624E-5 2.5398760540485624E-5 2.5398760540485624E-5 2.5398760540485624E-5 0.5245098039215685 2.5398760540485624E-5 0.0012953367875647667 2.5398760540485624E-5 2.5398760540485624E-5 2.5398760540485624E-5 2.5398760540485624E-5 2.5398760540485624E-5 2.5398760540485624E-5
2.5463434508046446E-5 2.5463434508046446E-5 2.5463434508046446E-5 2.5463434508046446E-5 2.5463434508046446E-5 2.5463434508046446E-5 2.5463434508046446E-5 2.5463434508046446E-5 2.5463434508046446E-5 2.5463434508046446E-5 2.5463434508046446E-5 2.5463434508046446E-5 2.5463434508046446E-5 0.999465267875331 2.5463434508046446E-5 2.5463434508046446E-5 2.5463434508046446E-5 2.5463434508046446E-5 2.5463434508046446E-5 2.5463434508046446E-5 2.5463434508046446E-5 2.5463434508046446E-5
5.019576347756249E-5 5.019576347756249E-5 5.019576347756249E-5 5.019576347756249E-5 5.019576347756249E-5 5.019576347756249E-5 5.019576347756249E-5 5.019576347756249E-5 5.019576347756249E-5 5.019576347756249E-5 5.019576347756249E-5 5.019576347756249E-5 5.019576347756249E-5 0.3012247766288525 5.019576347756249E-5 5.019576347756249E-5 5.019576347756249E-5 5.019576347756249E-5 5.019576347756249E-5 5.019576347756249E-5 5.019576347756249E-5 0.6977713081015962
0.9905490549054907 4.500450045004501E-4 4.500450045004501E-4 4.500450045004501E-4 4.500450045004501E-4 4.500450045004501E-4 4.500450045004501E-4 4.500450045004501E-4 4.500450045004501E-4 4.500450045004501E-4 4.500450045004501E-4 4.500450045004501E-4 4.500450045004501E-4 4.500450045004501E-4 4.500450045004501E-4 4.500450045004501E-4 4.500450045004501E-4 4.500450045004501E-4 4.500450045004501E-4 4.500450045004501E-4 4.500450045004501E-4 4.500450045004501E-4
2.0031248748046953E-5 2.0031248748046953E-5 2.0031248748046953E-5 2.0031248748046953E-5 2.0031248748046953E-5 2.0031248748046953E-5 2.0031248748046953E-5 2.0031248748046953E-5 2.0031248748046953E-5 2.0031248748046953E-5 0.0010215936861503946 2.0031248748046953E-5 2.0031248748046953E-5 0.43569969151876925 2.0031248748046953E-5 2.0031248748046953E-5 0.5628981210688674 2.0031248748046953E-5 2.0031248748046953E-5 2.0031248748046953E-5 2.0031248748046953E-5 2.0031248748046953E-5
4.908698213233851E-5 4.908698213233851E-5 4.908698213233851E-5 4.908698213233851E-5 4.908698213233851E-5 4.908698213233851E-5 4.908698213233851E-5 4.908698213233851E-5 4.908698213233851E-5 4.908698213233851E-5 0.6774494404084036 4.908698213233851E-5 4.908698213233851E-5 0.3215688199489496 4.908698213233851E-5 4.908698213233851E-5 4.908698213233851E-5 4.908698213233851E-5 4.908698213233851E-5 4.908698213233851E-5 4.908698213233851E-5 4.908698213233851E-5
4.8026126212659685E-5 4.8026126212659685E-5 4.8026126212659685E-5 4.8026126212659685E-5 4.8026126212659685E-5 4.8026126212659685E-5 4.8026126212659685E-5 4.8026126212659685E-5 4.8026126212659685E-5 4.8026126212659685E-5 4.8026126212659685E-5 0.7996830275669964 4.8026126212659685E-5 0.19935644990875034 4.8026126212659685E-5 4.8026126212659685E-5 4.8026126212659685E-5 4.8026126212659685E-5 4.8026126212659685E-5 4.8026126212659685E-5 4.8026126212659685E-5 4.8026126212659685E-5
6.724045185583648E-5 6.724045185583648E-5 6.724045185583648E-5 6.724045185583648E-5 6.724045185583648E-5 6.724045185583648E-5 6.724045185583648E-5 6.724045185583648E-5 0.7128160301237225 6.724045185583648E-5 6.724045185583648E-5 6.724045185583648E-5 6.724045185583648E-5 0.28583916083916083 6.724045185583648E-5 6.724045185583648E-5 6.724045185583648E-5 6.724045185583648E-5 6.724045185583648E-5 6.724045185583648E-5 6.724045185583648E-5 6.724045185583648E-5
6.862475981334066E-5 6.862475981334066E-5 6.862475981334066E-5 6.862475981334066E-5 6.862475981334066E-5 6.862475981334066E-5 6.862475981334066E-5 6.862475981334066E-5 6.862475981334066E-5 6.862475981334066E-5 6.862475981334066E-5 6.862475981334066E-5 6.862475981334066E-5 0.9985588800439198 6.862475981334066E-5 6.862475981334066E-5 6.862475981334066E-5 6.862475981334066E-5 6.862475981334066E-5 6.862475981334066E-5 6.862475981334066E-5 6.862475981334066E-5
0.0016387121650279545 3.21316110789795E-5 3.21316110789795E-5 3.21316110789795E-5 3.21316110789795E-5 3.21316110789795E-5 3.21316110789795E-5 3.21316110789795E-5 3.21316110789795E-5 3.21316110789795E-5 0.5784011310327098 3.21316110789795E-5 3.21316110789795E-5 0.4193496561917614 3.21316110789795E-5 3.21316110789795E-5 3.21316110789795E-5 3.21316110789795E-5 3.21316110789795E-5 3.21316110789795E-5 3.21316110789795E-5 3.21316110789795E-5
4.837461300309598E-5 4.837461300309598E-5 4.837461300309598E-5 4.837461300309598E-5 4.837461300309598E-5 4.837461300309598E-5 4.837461300309598E-5 4.837461300309598E-5 0.5611938854489165 4.837461300309598E-5 4.837461300309598E-5 4.837461300309598E-5 4.837461300309598E-5 0.4378386222910217 4.837461300309598E-5 4.837461300309598E-5 4.837461300309598E-5 4.837461300309598E-5 4.837461300309598E-5 4.837461300309598E-5 4.837461300309598E-5 4.837461300309598E-5
3.27632527357316E-5 3.27632527357316E-5 3.27632527357316E-5 3.27632527357316E-5 3.27632527357316E-5 3.27632527357316E-5 3.27632527357316E-5 3.27632527357316E-5 3.27632527357316E-5 3.27632527357316E-5 0.5979621256798374 3.27632527357316E-5 3.27632527357316E-5 0.40138260926544783 3.27632527357316E-5 3.27632527357316E-5 3.27632527357316E-5 3.27632527357316E-5 3.27632527357316E-5 3.27632527357316E-5 3.27632527357316E-5 3.27632527357316E-5
2.3685457129322596E-4 2.3685457129322596E-4 2.3685457129322596E-4 2.3685457129322596E-4 2.3685457129322596E-4 2.3685457129322596E-4 2.3685457129322596E-4 0.746328754144955 2.3685457129322596E-4 2.3685457129322596E-4 2.3685457129322596E-4 2.3685457129322596E-4 2.3685457129322596E-4 0.2489341544291805 2.3685457129322596E-4 2.3685457129322596E-4 2.3685457129322596E-4 2.3685457129322596E-4 2.3685457129322596E-4 2.3685457129322596E-4 2.3685457129322596E-4 2.3685457129322596E-4
6.656903208627346E-5 6.656903208627346E-5 6.656903208627346E-5 6.656903208627346E-5 0.010051923845027294 6.656903208627346E-5 6.656903208627346E-5 6.656903208627346E-5 6.656903208627346E-5 6.656903208627346E-5 0.705698309146585 6.656903208627346E-5 6.656903208627346E-5 0.2829849553987485 6.656903208627346E-5 6.656903208627346E-5 6.656903208627346E-5 6.656903208627346E-5 6.656903208627346E-5 6.656903208627346E-5 6.656903208627346E-5 6.656903208627346E-5
2.723311546840959E-4 2.723311546840959E-4 2.723311546840959E-4 2.723311546840959E-4 2.723311546840959E-4 2.723311546840959E-4 2.723311546840959E-4 2.723311546840959E-4 2.723311546840959E-4 2.723311546840959E-4 2.723311546840959E-4 2.723311546840959E-4 2.723311546840959E-4 0.994281045751634 2.723311546840959E-4 2.723311546840959E-4 2.723311546840959E-4 2.723311546840959E-4 2.723311546840959E-4 2.723311546840959E-4 2.723311546840959E-4 2.723311546840959E-4
0.002239592481995433 4.3913578078341826E-5 4.3913578078341826E-5 4.3913578078341826E-5 4.3913578078341826E-5 4.3913578078341826E-5 0.6741173370806253 4.3913578078341826E-5 4.3913578078341826E-5 4.3913578078341826E-5 4.3913578078341826E-5 4.3913578078341826E-5 4.3913578078341826E-5 0.32280871245389076 4.3913578078341826E-5 4.3913578078341826E-5 4.3913578078341826E-5 4.3913578078341826E-5 4.3913578078341826E-5 4.3913578078341826E-5 4.3913578078341826E-5 4.3913578078341826E-5
4.45990545000446E-5 4.45990545000446E-5 4.45990545000446E-5 4.45990545000446E-5 0.006734457229506735 4.45990545000446E-5 4.45990545000446E-5 4.45990545000446E-5 4.45990545000446E-5 4.45990545000446E-5 0.561992685755062 4.45990545000446E-5 4.45990545000446E-5 0.43042547497993044 4.45990545000446E-5 4.45990545000446E-5 4.45990545000446E-5 4.45990545000446E-5 4.45990545000446E-5 4.45990545000446E-5 4.45990545000446E-5 4.45990545000446E-5
6.320313487548983E-5 6.320313487548983E-5 6.320313487548983E-5 6.320313487548983E-5 6.320313487548983E-5 6.320313487548983E-5 6.320313487548983E-5 6.320313487548983E-5 0.003223359878649981 6.320313487548983E-5 6.320313487548983E-5 6.320313487548983E-5 6.320313487548983E-5 0.48356718493237266 6.320313487548983E-5 6.320313487548983E-5 6.320313487548983E-5 6.320313487548983E-5 0.5120085956263432 6.320313487548983E-5 6.320313487548983E-5 6.320313487548983E-5
3.244435792615664E-5 3.244435792615664E-5 3.244435792615664E-5 3.244435792615664E-5 0.0016546622542339886 0.39585361105703715 3.244435792615664E-5 3.244435792615664E-5 3.244435792615664E-5 3.244435792615664E-5 3.244435792615664E-5 3.244435792615664E-5 3.244435792615664E-5 0.6018752838881317 3.244435792615664E-5 3.244435792615664E-5 3.244435792615664E-5 3.244435792615664E-5 3.244435792615664E-5 3.244435792615664E-5 3.244435792615664E-5 3.244435792615664E-5
3.108292925525301E-5 3.108292925525301E-5 3.108292925525301E-5 3.108292925525301E-5 0.004693522317543205 0.0015852293920179037 3.108292925525301E-5 0.04354718388660947 3.108292925525301E-5 3.108292925525301E-5 3.108292925525301E-5 3.108292925525301E-5 3.108292925525301E-5 0.9496145716772347 3.108292925525301E-5 3.108292925525301E-5 3.108292925525301E-5 3.108292925525301E-5 3.108292925525301E-5 3.108292925525301E-5 3.108292925525301E-5 3.108292925525301E-5
8.050233456770246E-5 8.050233456770246E-5 8.050233456770246E-5 8.050233456770246E-5 8.050233456770246E-5 8.050233456770246E-5 8.050233456770246E-5 8.050233456770246E-5 8.050233456770246E-5 8.050233456770246E-5 8.050233456770246E-5 0.004105619062952826 0.760827563999356 0.23353727258090487 8.050233456770246E-5 8.050233456770246E-5 8.050233456770246E-5 8.050233456770246E-5 8.050233456770246E-5 8.050233456770246E-5 8.050233456770246E-5 8.050233456770246E-5
1.7692226035879835E-5 1.7692226035879835E-5 1.7692226035879835E-5 1.7692226035879835E-5 0.6033226000495382 1.7692226035879835E-5 1.7692226035879835E-5 1.7692226035879835E-5 1.7692226035879835E-5 1.7692226035879835E-5 1.7692226035879835E-5 1.7692226035879835E-5 1.7692226035879835E-5 0.3963235554297441 1.7692226035879835E-5 1.7692226035879835E-5 1.7692226035879835E-5 1.7692226035879835E-5 1.7692226035879835E-5 1.7692226035879835E-5 1.7692226035879835E-5 1.7692226035879835E-5
9.414422895876483E-5 9.414422895876483E-5 9.414422895876483E-5 9.414422895876483E-5 0.014215778572773488 9.414422895876483E-5 9.414422895876483E-5 9.414422895876483E-5 9.414422895876483E-5 9.414422895876483E-5 9.414422895876483E-5 9.414422895876483E-5 9.414422895876483E-5 0.9839013368480513 9.414422895876483E-5 9.414422895876483E-5 9.414422895876483E-5 9.414422895876483E-5 9.414422895876483E-5 9.414422895876483E-5 9.414422895876483E-5 9.414422895876483E-5
1.0785159620362382E-4 1.0785159620362382E-4 1.0785159620362382E-4 1.0785159620362382E-4 0.010893011216566006 1.0785159620362382E-4 0.021678170836928384 1.0785159620362382E-4 1.0785159620362382E-4 1.0785159620362382E-4 1.0785159620362382E-4 1.0785159620362382E-4 0.010893011216566006 0.9545944779982745 1.0785159620362382E-4 1.0785159620362382E-4 1.0785159620362382E-4 1.0785159620362382E-4 1.0785159620362382E-4 1.0785159620362382E-4 1.0785159620362382E-4 1.0785159620362382E-4
4.646408326363721E-5 4.646408326363721E-5 4.646408326363721E-5 4.646408326363721E-5 4.646408326363721E-5 4.646408326363721E-5 4.646408326363721E-5 4.646408326363721E-5 4.646408326363721E-5 0.0256017098782641 4.646408326363721E-5 4.646408326363721E-5 4.646408326363721E-5 0.9502369668246445 4.646408326363721E-5 4.646408326363721E-5 4.646408326363721E-5 0.02327850571508224 4.646408326363721E-5 4.646408326363721E-5 4.646408326363721E-5 4.646408326363721E-5
6.164468006411048E-5 6.164468006411048E-5 6.164468006411048E-5 0.9771298236962149 6.164468006411048E-5 6.164468006411048E-5 6.164468006411048E-5 6.164468006411048E-5 6.164468006411048E-5 0.0031438786832696337 6.164468006411048E-5 6.164468006411048E-5 6.164468006411048E-5 6.164468006411048E-5 6.164468006411048E-5 6.164468006411048E-5 0.01855504869929725 6.164468006411048E-5 6.164468006411048E-5 6.164468006411048E-5 6.164468006411048E-5 6.164468006411048E-5
3.524601720005639E-5 3.524601720005639E-5 3.524601720005639E-5 3.524601720005639E-5 3.524601720005639E-5 3.524601720005639E-5 3.524601720005639E-5 0.001797546877202876 3.524601720005639E-5 3.524601720005639E-5 3.524601720005639E-5 3.524601720005639E-5 3.524601720005639E-5 0.9710630198787535 3.524601720005639E-5 3.524601720005639E-5 3.524601720005639E-5 3.524601720005639E-5 0.012371352037219792 3.524601720005639E-5 0.014133652897222612 3.524601720005639E-5
8.494733265375468E-5 8.494733265375468E-5 8.494733265375468E-5 8.494733265375468E-5 8.494733265375468E-5 8.494733265375468E-5 8.494733265375468E-5 8.494733265375468E-5 8.494733265375468E-5 8.494733265375468E-5 8.494733265375468E-5 0.6329425756031261 8.494733265375468E-5 0.35686374447842334 8.494733265375468E-5 8.494733265375468E-5 8.494733265375468E-5 8.494733265375468E-5 0.008579680598029223 8.494733265375468E-5 8.494733265375468E-5 8.494733265375468E-5
3.7006883280290134E-5 3.7006883280290134E-5 3.7006883280290134E-5 3.7006883280290134E-5 3.7006883280290134E-5 3.7006883280290134E-5 3.7006883280290134E-5 3.7006883280290134E-5 3.7006883280290134E-5 3.7006883280290134E-5 3.7006883280290134E-5 3.7006883280290134E-5 3.7006883280290134E-5 0.9992228554511138 3.7006883280290134E-5 3.7006883280290134E-5 3.7006883280290134E-5 3.7006883280290134E-5 3.7006883280290134E-5 3.7006883280290134E-5 3.7006883280290134E-5 3.7006883280290134E-5
4.9329123914759274E-5 4.9329123914759274E-5 4.9329123914759274E-5 0.5599348855564326 4.9329123914759274E-5 4.9329123914759274E-5 4.9329123914759274E-5 4.9329123914759274E-5 4.9329123914759274E-5 4.9329123914759274E-5 4.9329123914759274E-5 4.9329123914759274E-5 4.9329123914759274E-5 0.4390785319652723 4.9329123914759274E-5 4.9329123914759274E-5 4.9329123914759274E-5 4.9329123914759274E-5 4.9329123914759274E-5 4.9329123914759274E-5 4.9329123914759274E-5 4.9329123914759274E-5
2.6974536037980147E-5 2.6974536037980147E-5 2.6974536037980147E-5 2.6974536037980147E-5 2.6974536037980147E-5 2.6974536037980147E-5 2.6974536037980147E-5 2.6974536037980147E-5 2.6974536037980147E-5 2.6974536037980147E-5 2.6974536037980147E-5 2.6974536037980147E-5 2.6974536037980147E-5 0.4734300820025895 2.6974536037980147E-5 2.6974536037980147E-5 2.6974536037980147E-5 0.5260304272766507 2.6974536037980147E-5 2.6974536037980147E-5 2.6974536037980147E-5 2.6974536037980147E-5
0.7113537513591881 4.530627038782167E-5 4.530627038782167E-5 4.530627038782167E-5 4.530627038782167E-5 4.530627038782167E-5 4.530627038782167E-5 4.530627038782167E-5 4.530627038782167E-5 4.530627038782167E-5 4.530627038782167E-5 4.530627038782167E-5 4.530627038782167E-5 0.2877401232330554 4.530627038782167E-5 4.530627038782167E-5 4.530627038782167E-5 4.530627038782167E-5 4.530627038782167E-5 4.530627038782167E-5 4.530627038782167E-5 4.530627038782167E-5
4.614248800295312E-5 4.614248800295312E-5 4.614248800295312E-5 0.6737264673311184 4.614248800295312E-5 4.614248800295312E-5 4.614248800295312E-5 4.614248800295312E-5 4.614248800295312E-5 4.614248800295312E-5 4.614248800295312E-5 4.614248800295312E-5 4.614248800295312E-5 0.32535068290882246 4.614248800295312E-5 4.614248800295312E-5 4.614248800295312E-5 4.614248800295312E-5 4.614248800295312E-5 4.614248800295312E-5 4.614248800295312E-5 4.614248800295312E-5
4.712091226086137E-5 4.712091226086137E-5 4.712091226086137E-5 4.712091226086137E-5 4.712091226086137E-5 4.712091226086137E-5 0.7469135802469136 4.712091226086137E-5 4.712091226086137E-5 4.712091226086137E-5 4.712091226086137E-5 4.712091226086137E-5 4.712091226086137E-5 0.2497879558948261 4.712091226086137E-5 4.712091226086137E-5 4.712091226086137E-5 4.712091226086137E-5 4.712091226086137E-5 0.00240316652530393 4.712091226086137E-5 4.712091226086137E-5
2.9051188193597116E-5 2.9051188193597116E-5 2.9051188193597116E-5 2.9051188193597116E-5 2.9051188193597116E-5 2.9051188193597116E-5 2.9051188193597116E-5 2.9051188193597116E-5 2.9051188193597116E-5 2.9051188193597116E-5 2.9051188193597116E-5 2.9051188193597116E-5 2.9051188193597116E-5 0.9993899250479343 2.9051188193597116E-5 2.9051188193597116E-5 2.9051188193597116E-5 2.9051188193597116E-5 2.9051188193597116E-5 2.9051188193597116E-5 2.9051188193597116E-5 2.9051188193597116E-5
0.8112014852798161 4.420475643179206E-5 4.420475643179206E-5 4.420475643179206E-5 4.420475643179206E-5 4.420475643179206E-5 4.420475643179206E-5 4.420475643179206E-5 4.420475643179206E-5 4.420475643179206E-5 4.420475643179206E-5 4.420475643179206E-5 0.006674918221200601 0.18128370612677924 4.420475643179206E-5 4.420475643179206E-5 4.420475643179206E-5 4.420475643179206E-5 4.420475643179206E-5 4.420475643179206E-5 4.420475643179206E-5 4.420475643179206E-5
7.620789513793629E-5 7.620789513793629E-5 7.620789513793629E-5 7.620789513793629E-5 7.620789513793629E-5 7.620789513793629E-5 7.620789513793629E-5 7.620789513793629E-5 7.620789513793629E-5 7.620789513793629E-5 7.620789513793629E-5 7.620789513793629E-5 7.620789513793629E-5 0.23632068282274046 7.620789513793629E-5 0.7621551592745008 7.620789513793629E-5 7.620789513793629E-5 7.620789513793629E-5 7.620789513793629E-5 7.620789513793629E-5 7.620789513793629E-5
4.3817369205152925E-5 4.3817369205152925E-5 4.3817369205152925E-5 4.3817369205152925E-5 4.3817369205152925E-5 4.3817369205152925E-5 4.3817369205152925E-5 4.3817369205152925E-5 4.3817369205152925E-5 4.3817369205152925E-5 4.3817369205152925E-5 4.3817369205152925E-5 4.3817369205152925E-5 0.9990798352466917 4.3817369205152925E-5 4.3817369205152925E-5 4.3817369205152925E-5 4.3817369205152925E-5 4.3817369205152925E-5 4.3817369205152925E-5 4.3817369205152925E-5 4.3817369205152925E-5
3.568624652059096E-5 3.568624652059096E-5 3.568624652059096E-5 3.568624652059096E-5 3.568624652059096E-5 3.568624652059096E-5 3.568624652059096E-5 3.568624652059096E-5 3.568624652059096E-5 3.568624652059096E-5 3.568624652059096E-5 3.568624652059096E-5 3.568624652059096E-5 0.35868246377845975 3.568624652059096E-5 3.568624652059096E-5 3.568624652059096E-5 3.568624652059096E-5 3.568624652059096E-5 0.6406038112911283 3.568624652059096E-5 3.568624652059096E-5
1.641443156823479E-5 1.641443156823479E-5 1.641443156823479E-5 1.641443156823479E-5 1.641443156823479E-5 1.641443156823479E-5 0.7435901644726043 1.641443156823479E-5 1.641443156823479E-5 1.641443156823479E-5 1.641443156823479E-5 1.641443156823479E-5 1.641443156823479E-5 0.25608154689603096 1.641443156823479E-5 1.641443156823479E-5 1.641443156823479E-5 1.641443156823479E-5 1.641443156823479E-5 1.641443156823479E-5 1.641443156823479E-5 1.641443156823479E-5
6.526563111865292E-5 6.526563111865292E-5 6.526563111865292E-5 6.526563111865292E-5 6.526563111865292E-5 6.526563111865292E-5 6.526563111865292E-5 6.526563111865292E-5 6.526563111865292E-5 6.526563111865292E-5 6.526563111865292E-5 6.526563111865292E-5 6.526563111865292E-5 0.20565200365487535 6.526563111865292E-5 6.526563111865292E-5 6.526563111865292E-5 0.7930426837227517 6.526563111865292E-5 6.526563111865292E-5 6.526563111865292E-5 6.526563111865292E-5
1.641443156823479E-5 1.641443156823479E-5 1.641443156823479E-5 1.641443156823479E-5 1.641443156823479E-5 1.641443156823479E-5 0.7247135681691342 1.641443156823479E-5 1.641443156823479E-5 1.641443156823479E-5 1.641443156823479E-5 1.641443156823479E-5 1.641443156823479E-5 0.27495814319950096 1.641443156823479E-5 1.641443156823479E-5 1.641443156823479E-5 1.641443156823479E-5 1.641443156823479E-5 1.641443156823479E-5 1.641443156823479E-5 1.641443156823479E-5
5.007009813739235E-5 5.007009813739235E-5 5.007009813739235E-5 5.007009813739235E-5 5.007009813739235E-5 5.007009813739235E-5 5.007009813739235E-5 0.7711295814139796 5.007009813739235E-5 5.007009813739235E-5 5.007009813739235E-5 5.007009813739235E-5 5.007009813739235E-5 0.22786901662327258 5.007009813739235E-5 5.007009813739235E-5 5.007009813739235E-5 5.007009813739235E-5 5.007009813739235E-5 5.007009813739235E-5 5.007009813739235E-5 5.007009813739235E-5
1.4909351145038167E-5 1.4909351145038167E-5 1.4909351145038167E-5 0.7477188692748091 7.603769083969465E-4 1.4909351145038167E-5 1.4909351145038167E-5 1.4909351145038167E-5 1.4909351145038167E-5 1.4909351145038167E-5 1.4909351145038167E-5 1.4909351145038167E-5 1.4909351145038167E-5 0.25123747614503816 1.4909351145038167E-5 1.4909351145038167E-5 1.4909351145038167E-5 1.4909351145038167E-5 1.4909351145038167E-5 1.4909351145038167E-5 1.4909351145038167E-5 1.4909351145038167E-5
