0.12318840579710133 0.2647342995169081 0.04396135265700491 0.04541062801932375 0.05555555555555566 0.04492753623188414 0.04444444444444452 0.04444444444444452 0.04396135265700491 0.045893719806763364 0.04444444444444452 0.053140096618357564 0.04492753623188414 0.04492753623188413 0.05603864734299526
0.0877777777777777 0.06499999999999992 0.10111111111111105 0.05222222222222213 0.053333333333333253 0.05166666666666657 0.07222222222222216 0.05944444444444434 0.06888888888888879 0.058888888888888796 0.09777777777777763 0.05333333333333324 0.05111111111111103 0.05166666666666659 0.07555555555555546
0.06388888888888888 0.06319444444444444 0.10486111111111111 0.06319444444444444 0.06458333333333334 0.06388888888888888 0.06458333333333334 0.06458333333333334 0.0625 0.06388888888888888 0.06388888888888888 0.06388888888888888 0.0625 0.06388888888888888 0.06666666666666667
0.07450980392156849 0.06339869281045739 0.08039215686274494 0.06274509803921555 0.06993464052287568 0.062091503267973726 0.06862745098039201 0.07385620915032666 0.06078431372549007 0.06732026143790835 0.06274509803921556 0.06405228758169922 0.06274509803921556 0.06209150326797373 0.06470588235294103
0.05555555555555545 0.05555555555555545 0.058024691358024585 0.12962962962962946 0.05617283950617273 0.05802469135802457 0.05617283950617273 0.11419753086419732 0.0641975308641974 0.05925925925925915 0.05864197530864187 0.05925925925925915 0.0574074074074073 0.06049382716049371 0.0574074074074073
0.0625 0.0625 0.0625 0.0625 0.06319444444444444 0.0625 0.0625 0.06319444444444444 0.06319444444444444 0.0625 0.0625 0.12291666666666666 0.0625 0.0625 0.0625
0.04407407407407404 0.040370370370370376 0.036296296296296285 0.17296296296296274 0.041851851851851855 0.03703703703703701 0.03814814814814815 0.052962962962962955 0.039259259259259265 0.04148148148148148 0.06999999999999995 0.20074074074074058 0.03740740740740738 0.09629629629629623 0.051111111111111114
0.05672514619883042 0.06257309941520467 0.05321637426900585 0.055555555555555525 0.1064327485380116 0.05847953216374267 0.05555555555555554 0.05789473684210522 0.0543859649122807 0.0625730994152047 0.10994152046783623 0.06140350877192979 0.0543859649122807 0.0614035087719298 0.08947368421052632
0.0625 0.0625 0.0625 0.06319444444444444 0.06319444444444444 0.06388888888888888 0.0625 0.11944444444444445 0.06319444444444444 0.06319444444444444 0.0625 0.0625 0.0625 0.06319444444444444 0.06319444444444444
0.05555555555555545 0.05617283950617273 0.05555555555555545 0.05679012345679001 0.05555555555555545 0.05555555555555545 0.05617283950617273 0.05555555555555545 0.05555555555555545 0.05555555555555545 0.05555555555555545 0.21790123456790084 0.05617283950617273 0.05617283950617273 0.05617283950617273
0.05882352941176457 0.0594771241830064 0.06209150326797371 0.0594771241830064 0.09084967320261421 0.0614379084967319 0.06535947712418287 0.0614379084967319 0.06013071895424824 0.0614379084967319 0.11437908496732009 0.061437908496731905 0.062091503267973726 0.06078431372549007 0.06078431372549007
0.06049382716049373 0.05679012345679001 0.05617283950617273 0.06111111111111099 0.061728395061728274 0.05925925925925915 0.06234567901234556 0.08518518518518504 0.06419753086419741 0.0641975308641974 0.06358024691358014 0.06419753086419742 0.059876543209876426 0.0574074074074073 0.12345679012345658
0.05617283950617273 0.05555555555555545 0.05617283950617273 0.05679012345679001 0.05740740740740729 0.06296296296296283 0.09999999999999983 0.10617283950617264 0.05555555555555545 0.058024691358024585 0.05617283950617273 0.10925925925925907 0.0574074074074073 0.05617283950617273 0.05617283950617273
0.05555555555555545 0.2024691358024688 0.05740740740740729 0.05617283950617273 0.05679012345679001 0.05679012345679001 0.05740740740740729 0.05617283950617273 0.05679012345679001 0.05617283950617273 0.05802469135802457 0.05925925925925915 0.05555555555555545 0.05987654320987644 0.05555555555555545
0.06527777777777778 0.06527777777777778 0.06736111111111111 0.06388888888888888 0.06388888888888888 0.06666666666666667 0.06527777777777778 0.06875 0.06527777777777778 0.07777777777777778 0.06527777777777778 0.06458333333333334 0.06458333333333334 0.06597222222222222 0.07013888888888889
0.080864197530864 0.05555555555555545 0.05679012345679001 0.05617283950617273 0.05679012345679001 0.05679012345679001 0.05802469135802459 0.05802469135802459 0.0734567901234567 0.05802469135802457 0.05617283950617273 0.05617283950617273 0.0574074074074073 0.1641975308641973 0.05555555555555545
0.061437908496731884 0.06797385620915021 0.06470588235294106 0.07058823529411751 0.06928104575163387 0.06601307189542471 0.06993464052287568 0.06862745098039202 0.06666666666666654 0.06601307189542471 0.07124183006535934 0.0660130718954247 0.06013071895424824 0.06666666666666653 0.06470588235294103
0.05444444444444435 0.053333333333333253 0.052222222222222135 0.05111111111111102 0.08666666666666654 0.052222222222222135 0.05166666666666658 0.053888888888888806 0.05611111111111102 0.05166666666666657 0.05277777777777769 0.05111111111111103 0.05166666666666657 0.22611111111111096 0.054999999999999924
0.0787878787878788 0.04797979797979797 0.13484848484848505 0.05101010101010101 0.05151515151515154 0.05202020202020205 0.05202020202020206 0.08383838383838386 0.0813131313131314 0.06616161616161624 0.04646464646464645 0.05101010101010104 0.10101010101010106 0.05151515151515153 0.05050505050505051
0.06388888888888888 0.06319444444444444 0.07152777777777777 0.06458333333333334 0.06319444444444444 0.06527777777777778 0.06319444444444444 0.07430555555555556 0.06388888888888888 0.09027777777777778 0.06388888888888888 0.0625 0.06319444444444444 0.0625 0.06458333333333334
0.09346405228758152 0.06928104575163385 0.06013071895424824 0.0594771241830064 0.06993464052287565 0.05882352941176457 0.0594771241830064 0.05882352941176457 0.05882352941176457 0.05882352941176457 0.06013071895424823 0.11437908496732005 0.059477124183006415 0.0594771241830064 0.0594771241830064
0.09607843137254883 0.05882352941176457 0.05882352941176457 0.05882352941176457 0.068627450980392 0.05882352941176457 0.05882352941176457 0.06078431372549008 0.06013071895424824 0.059477124183006415 0.06013071895424823 0.1241830065359475 0.05882352941176457 0.05882352941176457 0.05882352941176457
0.062091503267973726 0.06078431372549007 0.10915032679738546 0.060784313725490056 0.062091503267973726 0.06078431372549007 0.06274509803921555 0.06274509803921555 0.06470588235294103 0.08496732026143776 0.06078431372549007 0.06274509803921556 0.06013071895424823 0.06339869281045739 0.06209150326797373
0.0625 0.0625 0.06319444444444444 0.0625 0.0625 0.0625 0.06319444444444444 0.0625 0.06388888888888888 0.0625 0.0625 0.12152777777777778 0.06319444444444444 0.0625 0.0625
0.06597222222222222 0.06319444444444444 0.07083333333333333 0.06527777777777778 0.06319444444444444 0.06319444444444444 0.06527777777777778 0.06666666666666667 0.06388888888888888 0.06319444444444444 0.06319444444444444 0.0625 0.09444444444444444 0.06388888888888888 0.06527777777777778
0.059477124183006415 0.0594771241830064 0.05882352941176457 0.05882352941176457 0.09215686274509785 0.059477124183006415 0.0614379084967319 0.059477124183006415 0.05882352941176457 0.0594771241830064 0.1346405228758168 0.059477124183006415 0.0594771241830064 0.06013071895424824 0.05882352941176457
0.06274509803921555 0.06209150326797373 0.06339869281045739 0.0614379084967319 0.060784313725490056 0.06535947712418287 0.06078431372549007 0.06274509803921555 0.062091503267973726 0.0843137254901959 0.062091503267973726 0.06013071895424823 0.059477124183006415 0.06078431372549007 0.11176470588235277
0.04768518518518515 0.04768518518518516 0.08564814814814811 0.04722222222222219 0.047685185185185136 0.051851851851851836 0.04999999999999999 0.05 0.2578703703703703 0.04907407407407407 0.04675925925925921 0.045370370370370325 0.04398148148148143 0.04953703703703701 0.0796296296296296
0.05882352941176457 0.05882352941176457 0.05882352941176457 0.06013071895424823 0.0594771241830064 0.0594771241830064 0.06013071895424823 0.1673202614379083 0.05882352941176457 0.059477124183006415 0.059477124183006415 0.06078431372549007 0.06013071895424824 0.05882352941176457 0.0594771241830064
0.06458333333333334 0.06388888888888888 0.06527777777777778 0.06388888888888888 0.06458333333333334 0.07361111111111111 0.06527777777777778 0.06458333333333334 0.07777777777777778 0.06458333333333334 0.06388888888888888 0.06597222222222222 0.06666666666666667 0.06388888888888888 0.07152777777777777
0.061437908496731884 0.06078431372549007 0.0614379084967319 0.06078431372549007 0.06274509803921556 0.06274509803921555 0.06078431372549007 0.06732026143790837 0.118300653594771 0.0614379084967319 0.06732026143790837 0.06274509803921555 0.060784313725490056 0.06666666666666651 0.06470588235294103
0.05802469135802457 0.05925925925925915 0.06234567901234556 0.058641975308641854 0.06172839506172827 0.05925925925925914 0.059876543209876426 0.06234567901234556 0.06296296296296283 0.08395061728395048 0.05864197530864187 0.06049382716049372 0.0604938271604937 0.05925925925925916 0.13271604938271586
0.06319444444444444 0.06666666666666667 0.06597222222222222 0.06805555555555555 0.06736111111111111 0.06736111111111111 0.06666666666666667 0.07291666666666667 0.06458333333333334 0.06527777777777778 0.06736111111111111 0.06597222222222222 0.06388888888888888 0.06666666666666667 0.06805555555555555
0.0625 0.0625 0.0625 0.06319444444444444 0.06319444444444444 0.06319444444444444 0.0625 0.12083333333333333 0.06319444444444444 0.0625 0.0625 0.06319444444444444 0.06319444444444444 0.0625 0.0625
0.05802469135802457 0.05617283950617273 0.061111111111110984 0.05679012345679001 0.05925925925925915 0.05617283950617273 0.05925925925925914 0.059876543209876426 0.05740740740740729 0.05987654320987642 0.05679012345679001 0.05740740740740729 0.05679012345679001 0.05740740740740729 0.187654320987654
0.06013071895424823 0.05882352941176457 0.06601307189542471 0.06209150326797373 0.06339869281045739 0.06078431372549007 0.09281045751633973 0.08431372549019593 0.062091503267973726 0.062091503267973726 0.06862745098039202 0.06535947712418289 0.059477124183006415 0.06797385620915021 0.06601307189542473
0.05617283950617273 0.05617283950617273 0.05555555555555545 0.09938271604938252 0.05679012345679001 0.05555555555555545 0.05925925925925915 0.05679012345679001 0.058024691358024585 0.05617283950617273 0.06790123456790109 0.08641975308641961 0.12160493827160475 0.058024691358024585 0.05617283950617273
0.04355555555555558 0.04088888888888891 0.04355555555555558 0.04977777777777781 0.04755555555555559 0.04222222222222225 0.04177777777777781 0.04133333333333336 0.04088888888888891 0.04088888888888891 0.04222222222222225 0.04044444444444447 0.40311111111111075 0.04044444444444447 0.04133333333333337
0.06319444444444444 0.0625 0.0625 0.06388888888888888 0.06388888888888888 0.0625 0.06319444444444444 0.0625 0.0625 0.0625 0.11944444444444445 0.06319444444444444 0.0625 0.06319444444444444 0.0625
0.06078431372549007 0.05882352941176457 0.06274509803921556 0.06013071895424823 0.10784313725490177 0.06078431372549007 0.06797385620915018 0.0640522875816992 0.06078431372549007 0.060784313725490056 0.06274509803921556 0.07058823529411752 0.062091503267973726 0.060784313725490056 0.0790849673202613
0.05802469135802457 0.07283950617283938 0.06111111111111099 0.05679012345679001 0.08148148148148136 0.06111111111111099 0.05925925925925915 0.06543209876543196 0.05679012345679001 0.058641975308641854 0.05617283950617273 0.06172839506172829 0.11234567901234548 0.06172839506172829 0.07654320987654306
0.10388888888888882 0.05666666666666658 0.05277777777777769 0.05222222222222213 0.06999999999999991 0.05499999999999991 0.05111111111111103 0.05499999999999993 0.05166666666666658 0.0538888888888888 0.058888888888888796 0.06111111111111104 0.1522222222222222 0.05444444444444435 0.071111111111111
0.06875 0.06458333333333334 0.06875 0.06388888888888888 0.06736111111111111 0.06319444444444444 0.06527777777777778 0.06458333333333334 0.06666666666666667 0.06666666666666667 0.06527777777777778 0.06388888888888888 0.0625 0.06319444444444444 0.08541666666666667
0.05847953216374265 0.05497076023391813 0.05614035087719299 0.0590643274853801 0.05730994152046782 0.057309941520467825 0.060233918128654945 0.08128654970760231 0.055555555555555546 0.07660818713450294 0.057309941520467825 0.10233918128654972 0.10760233918128653 0.055555555555555546 0.060233918128654945
0.04999999999999991 0.05055555555555547 0.05111111111111103 0.04999999999999991 0.05055555555555547 0.05055555555555547 0.05166666666666658 0.05055555555555547 0.09111111111111099 0.05222222222222214 0.19388888888888864 0.05111111111111103 0.050555555555555465 0.10499999999999986 0.05111111111111103
0.05617283950617273 0.058024691358024585 0.05679012345679001 0.0574074074074073 0.05864197530864187 0.06049382716049371 0.061111111111111005 0.05864197530864187 0.05925925925925914 0.061111111111111005 0.058641975308641875 0.05679012345679001 0.061111111111111005 0.17777777777777753 0.05802469135802457
0.06975308641975296 0.05679012345679001 0.06851851851851838 0.06172839506172829 0.05740740740740729 0.0722222222222221 0.06234567901234556 0.058024691358024585 0.07037037037037025 0.05864197530864187 0.059876543209876426 0.05679012345679001 0.12098765432098746 0.06358024691358014 0.06296296296296283
0.19130434782608713 0.0468599033816426 0.0502415458937199 0.051207729468599146 0.05120772946859913 0.13768115942028983 0.05507246376811604 0.058937198067632944 0.04927536231884067 0.05555555555555562 0.048792270531401054 0.045893719806763364 0.045893719806763364 0.0478260869565218 0.06425120772946868
0.0543859649122807 0.24912280701754402 0.055555555555555546 0.052631578947368425 0.05438596491228069 0.05321637426900586 0.05321637426900586 0.053801169590643266 0.052631578947368425 0.05380116959064329 0.05321637426900585 0.05380116959064327 0.052631578947368425 0.053801169590643266 0.053801169590643266
0.06078431372549007 0.10522875816993442 0.05882352941176457 0.06078431372549007 0.06274509803921556 0.06013071895424823 0.10849673202614356 0.06078431372549007 0.0594771241830064 0.06013071895424824 0.0614379084967319 0.06078431372549007 0.06078431372549007 0.06013071895424824 0.0594771241830064
0.0625 0.12013888888888889 0.0625 0.06388888888888888 0.06319444444444444 0.0625 0.0625 0.0625 0.0625 0.0625 0.06319444444444444 0.06319444444444444 0.0625 0.0625 0.06388888888888888
0.07936507936507928 0.19365079365079335 0.050793650793650724 0.04973544973544967 0.06031746031746023 0.050793650793650724 0.04973544973544966 0.052380952380952285 0.06984126984126973 0.04761904761904755 0.0888888888888888 0.0539682539682539 0.04920634920634913 0.051322751322751256 0.05238095238095231
0.05380116959064327 0.2128654970760234 0.05438596491228069 0.05438596491228068 0.0695906432748538 0.052631578947368425 0.05321637426900585 0.05438596491228069 0.052631578947368425 0.05438596491228071 0.05555555555555555 0.05964912280701752 0.053801169590643266 0.052631578947368425 0.06608187134502917
0.05679012345679001 0.05555555555555545 0.05864197530864187 0.0574074074074073 0.05925925925925915 0.058641975308641875 0.0574074074074073 0.05617283950617273 0.061728395061728274 0.1598765432098763 0.05740740740740729 0.05925925925925915 0.05740740740740729 0.05864197530864187 0.08580246913580232
0.0538888888888888 0.052222222222222135 0.08999999999999987 0.05611111111111103 0.0627777777777777 0.05611111111111101 0.06611111111111104 0.12722222222222224 0.06055555555555547 0.07388888888888878 0.06388888888888881 0.0616666666666666 0.0549999999999999 0.05666666666666658 0.06388888888888881
0.06388888888888888 0.0625 0.07013888888888889 0.06458333333333334 0.06458333333333334 0.06527777777777778 0.07777777777777778 0.06875 0.06527777777777778 0.06527777777777778 0.06944444444444445 0.06388888888888888 0.06458333333333334 0.07013888888888889 0.06388888888888888
0.0582010582010581 0.1888888888888886 0.05396825396825389 0.04973544973544966 0.058201058201058135 0.05396825396825389 0.07142857142857133 0.07513227513227505 0.05132275132275125 0.06243386243386236 0.056084656084656015 0.05820105820105812 0.0507936507936507 0.0555555555555555 0.056084656084655994
0.05055555555555547 0.24722222222222218 0.055555555555555476 0.05222222222222213 0.05222222222222214 0.05277777777777769 0.052222222222222135 0.05999999999999993 0.05166666666666658 0.05499999999999991 0.05555555555555547 0.05222222222222214 0.05111111111111103 0.05444444444444436 0.05722222222222215
0.05679012345679001 0.167901234567901 0.05802469135802457 0.058024691358024585 0.05679012345679001 0.05925925925925915 0.05925925925925915 0.0574074074074073 0.0827160493827159 0.0574074074074073 0.058024691358024585 0.058641975308641854 0.05740740740740729 0.05617283950617273 0.05617283950617273
0.0594771241830064 0.12026143790849654 0.05882352941176457 0.0594771241830064 0.06013071895424823 0.05882352941176457 0.06013071895424824 0.06013071895424824 0.05882352941176457 0.06013071895424823 0.05882352941176457 0.10718954248365993 0.05882352941176457 0.0594771241830064 0.0594771241830064
0.06319444444444444 0.12291666666666666 0.0625 0.06319444444444444 0.0625 0.0625 0.0625 0.0625 0.0625 0.06319444444444444 0.0625 0.0625 0.0625 0.0625 0.0625
0.04814814814814815 0.04351851851851846 0.045833333333333295 0.04537037037037034 0.06944444444444445 0.0861111111111111 0.04814814814814811 0.04351851851851846 0.04861111111111109 0.04675925925925924 0.11805555555555555 0.07407407407407401 0.18981481481481485 0.04814814814814813 0.04444444444444439
0.05611111111111102 0.15388888888888907 0.05777777777777768 0.05499999999999991 0.09111111111111102 0.059999999999999915 0.05388888888888881 0.05666666666666658 0.053888888888888806 0.058888888888888796 0.0738888888888888 0.05499999999999991 0.05833333333333325 0.05777777777777769 0.05777777777777769
0.06339869281045739 0.06339869281045737 0.060784313725490056 0.06274509803921555 0.06013071895424823 0.06013071895424823 0.06274509803921555 0.06405228758169922 0.0614379084967319 0.06732026143790837 0.0640522875816992 0.062091503267973726 0.11895424836601283 0.0653594771241829 0.06339869281045739
0.06666666666666654 0.05882352941176457 0.06274509803921555 0.0614379084967319 0.0594771241830064 0.06274509803921555 0.060784313725490056 0.06013071895424823 0.07124183006535935 0.0614379084967319 0.06013071895424823 0.06274509803921555 0.1248366013071893 0.06535947712418287 0.0614379084967319
0.05132275132275125 0.07195767195767186 0.057142857142857065 0.05502645502645494 0.08465608465608453 0.09523809523809512 0.06402116402116395 0.0925925925925925 0.0582010582010581 0.058201058201058135 0.07777777777777768 0.057142857142857086 0.05185185185185179 0.06349206349206339 0.06137566137566128
0.03518518518518517 0.17740740740740724 0.03740740740740741 0.03814814814814814 0.05592592592592593 0.09814814814814804 0.060370370370370345 0.035555555555555535 0.035925925925925924 0.03814814814814814 0.0729629629629629 0.19629629629629616 0.040370370370370376 0.03962962962962961 0.03851851851851851
0.030476190476190417 0.3295238095238091 0.03174603174603169 0.053968253968253874 0.030793650793650734 0.031746031746031696 0.02984126984126978 0.02984126984126979 0.04317460317460311 0.03111111111111105 0.031111111111111055 0.22507936507936482 0.030476190476190417 0.032063492063492 0.03904761904761897
0.054999999999999924 0.05277777777777769 0.0538888888888888 0.05722222222222212 0.12833333333333335 0.05499999999999991 0.0538888888888888 0.06444444444444436 0.055555555555555476 0.05444444444444435 0.09555555555555552 0.053888888888888806 0.10222222222222212 0.055555555555555455 0.06222222222222214
0.0660130718954247 0.061437908496731884 0.06405228758169922 0.05882352941176457 0.06535947712418286 0.06274509803921555 0.062091503267973726 0.09934640522875804 0.062091503267973726 0.07320261437908483 0.06274509803921555 0.060784313725490056 0.06274509803921556 0.06339869281045739 0.07516339869281032
0.06078431372549007 0.05882352941176457 0.0614379084967319 0.07058823529411752 0.0614379084967319 0.07777777777777763 0.11111111111111091 0.06666666666666654 0.06013071895424824 0.06470588235294106 0.06209150326797373 0.061437908496731884 0.05882352941176457 0.06209150326797371 0.062091503267973726
0.05847953216374265 0.0567251461988304 0.06257309941520464 0.061403508771929856 0.05614035087719295 0.056725146198830394 0.12397660818713431 0.060233918128654945 0.06023391812865494 0.05789473684210525 0.06432748538011697 0.10818713450292396 0.058479532163742694 0.05789473684210526 0.056725146198830394
0.048677248677248604 0.06878306878306868 0.04761904761904755 0.048677248677248604 0.05132275132275125 0.05502645502645493 0.08730158730158716 0.04761904761904755 0.04814814814814808 0.04920634920634913 0.08677248677248663 0.20793650793650756 0.04761904761904755 0.048677248677248604 0.05661375661375652
0.050555555555555465 0.0527777777777777 0.05277777777777769 0.05333333333333324 0.05111111111111103 0.25333333333333335 0.05333333333333324 0.05166666666666658 0.05222222222222214 0.05277777777777769 0.055555555555555476 0.05333333333333324 0.05444444444444437 0.05277777777777768 0.05999999999999991
0.0625 0.0625 0.0625 0.0625 0.06319444444444444 0.06319444444444444 0.06319444444444444 0.0625 0.0625 0.0625 0.0625 0.0625 0.0625 0.12291666666666666 0.0625
0.06388888888888888 0.10069444444444445 0.0625 0.0625 0.06388888888888888 0.06458333333333334 0.06319444444444444 0.06319444444444444 0.0625 0.0625 0.06319444444444444 0.06805555555555555 0.0625 0.0625 0.07430555555555556
0.06470588235294106 0.06405228758169922 0.06535947712418287 0.0614379084967319 0.06339869281045737 0.06862745098039204 0.06470588235294106 0.0660130718954247 0.06470588235294103 0.09215686274509786 0.062091503267973726 0.06732026143790835 0.062091503267973726 0.06601307189542469 0.06732026143790837
0.07291666666666667 0.06388888888888888 0.06458333333333334 0.06319444444444444 0.06388888888888888 0.06458333333333334 0.06388888888888888 0.08055555555555556 0.06388888888888888 0.06527777777777778 0.06319444444444444 0.0763888888888889 0.06388888888888888 0.06597222222222222 0.06388888888888888
0.06277777777777768 0.06111111111111102 0.05666666666666658 0.05833333333333324 0.10944444444444446 0.06388888888888881 0.05499999999999991 0.06055555555555546 0.058888888888888796 0.06333333333333326 0.0877777777777777 0.09444444444444434 0.053333333333333253 0.05777777777777768 0.05666666666666658
0.04938271604938273 0.0423868312757202 0.060905349794238735 0.041563786008230505 0.03991769547325108 0.04897119341563788 0.04485596707818934 0.07283950617283952 0.04897119341563789 0.044444444444444495 0.07283950617283952 0.2650205761316873 0.04115226337448564 0.050205761316872474 0.07654320987654327
0.06527777777777778 0.06319444444444444 0.06597222222222222 0.06388888888888888 0.06666666666666667 0.06458333333333334 0.06805555555555555 0.07222222222222222 0.06527777777777778 0.06666666666666667 0.06319444444444444 0.06527777777777778 0.06319444444444444 0.06458333333333334 0.08194444444444444
0.06274509803921555 0.06209150326797371 0.12287581699346381 0.062091503267973726 0.06013071895424824 0.06274509803921555 0.06535947712418289 0.06535947712418286 0.0640522875816992 0.06535947712418286 0.0614379084967319 0.06078431372549007 0.05882352941176457 0.06535947712418289 0.06078431372549007
0.06666666666666667 0.06666666666666667 0.0625 0.07013888888888889 0.06388888888888888 0.06736111111111111 0.06597222222222222 0.06458333333333334 0.06458333333333334 0.07291666666666667 0.06597222222222222 0.07152777777777777 0.06597222222222222 0.06527777777777778 0.06597222222222222
0.053801169590643266 0.08187134502923979 0.05614035087719297 0.0567251461988304 0.05438596491228071 0.05380116959064327 0.05321637426900585 0.05380116959064327 0.05321637426900585 0.05380116959064329 0.05380116959064327 0.06081871345029233 0.19766081871345031 0.052631578947368425 0.06432748538011693
0.04999999999999991 0.10388888888888892 0.05111111111111103 0.09722222222222207 0.05277777777777769 0.1494444444444446 0.05222222222222214 0.05166666666666659 0.050555555555555465 0.050555555555555465 0.05055555555555547 0.06555555555555546 0.05277777777777771 0.052222222222222135 0.06944444444444435
0.05321637426900584 0.07953216374269002 0.055555555555555546 0.10292397660818715 0.0549707602339181 0.1543859649122804 0.053801169590643266 0.05321637426900586 0.05380116959064327 0.05438596491228071 0.05438596491228069 0.05964912280701748 0.0543859649122807 0.053801169590643294 0.06198830409356726
0.051851851851851774 0.1888888888888886 0.05132275132275125 0.052380952380952306 0.053968253968253894 0.05555555555555547 0.05132275132275125 0.050793650793650724 0.053439153439153377 0.05343915343915337 0.06296296296296287 0.11058201058201049 0.04814814814814808 0.05291005291005284 0.06243386243386238
0.07291666666666667 0.06527777777777778 0.06458333333333334 0.06388888888888888 0.06527777777777778 0.06597222222222222 0.07013888888888889 0.06458333333333334 0.06666666666666667 0.06944444444444445 0.06666666666666667 0.06597222222222222 0.06527777777777778 0.06319444444444444 0.07013888888888889
0.06944444444444445 0.06388888888888888 0.06805555555555555 0.06458333333333334 0.07013888888888889 0.07083333333333333 0.07083333333333333 0.06805555555555555 0.06458333333333334 0.06736111111111111 0.06597222222222222 0.06458333333333334 0.06319444444444444 0.06319444444444444 0.06527777777777778
0.0640522875816992 0.060784313725490056 0.06535947712418287 0.06339869281045739 0.061437908496731905 0.0660130718954247 0.0699346405228757 0.061437908496731884 0.11437908496732004 0.06339869281045737 0.06078431372549007 0.06339869281045739 0.05882352941176457 0.06535947712418287 0.061437908496731884
0.06296296296296285 0.05679012345679001 0.06296296296296285 0.06111111111111099 0.061111111111111005 0.06172839506172829 0.06358024691358014 0.12592592592592577 0.06049382716049372 0.06975308641975296 0.0648148148148147 0.06111111111111099 0.05617283950617273 0.06481481481481467 0.06666666666666655
0.06543209876543199 0.0574074074074073 0.0753086419753085 0.05987654320987644 0.08395061728395051 0.07345679012345667 0.06975308641975296 0.0641975308641974 0.06172839506172829 0.06851851851851841 0.06790123456790112 0.06296296296296283 0.05925925925925915 0.06543209876543199 0.06481481481481469
0.059876543209876426 0.05925925925925915 0.07469135802469123 0.058024691358024585 0.06728395061728383 0.05925925925925915 0.06172839506172829 0.08086419753086405 0.05802469135802457 0.0679012345679011 0.06172839506172829 0.05617283950617273 0.06358024691358014 0.0759259259259258 0.09567901234567885
0.09444444444444426 0.06666666666666655 0.05740740740740729 0.05617283950617273 0.07962962962962948 0.05617283950617273 0.05555555555555545 0.05617283950617273 0.05555555555555545 0.10864197530864177 0.05679012345679001 0.06296296296296283 0.06419753086419742 0.05617283950617273 0.07345679012345668
0.1411111111111112 0.05944444444444436 0.053888888888888785 0.09111111111111099 0.07444444444444434 0.05499999999999991 0.055555555555555476 0.05222222222222214 0.058333333333333244 0.05222222222222213 0.050555555555555465 0.06111111111111102 0.06444444444444435 0.05722222222222215 0.07333333333333324
0.05321637426900584 0.052631578947368425 0.052631578947368425 0.05321637426900585 0.052631578947368425 0.052631578947368425 0.05321637426900585 0.05380116959064329 0.052631578947368425 0.05321637426900584 0.052631578947368425 0.05321637426900586 0.2567251461988306 0.05321637426900584 0.05438596491228071
0.05679012345679001 0.05555555555555545 0.05802469135802457 0.059876543209876426 0.06604938271604925 0.05864197530864187 0.08395061728395052 0.08271604938271591 0.05555555555555545 0.06358024691358014 0.11666666666666654 0.05802469135802457 0.05740740740740729 0.062345679012345556 0.06481481481481469
0.04898989898989898 0.05050505050505053 0.047474747474747475 0.1459595959595961 0.09141414141414149 0.05959595959595964 0.05101010101010104 0.05202020202020205 0.04848484848484848 0.05202020202020203 0.04848484848484848 0.144949494949495 0.04797979797979798 0.04848484848484849 0.06262626262626267
0.051851851851851774 0.13968253968253957 0.05555555555555548 0.05079365079365073 0.07301587301587294 0.05502645502645497 0.06031746031746022 0.053968253968253894 0.05079365079365073 0.056084656084655994 0.14021164021164007 0.05026455026455019 0.05449735449735442 0.05449735449735442 0.053439153439153356
0.040598290598290565 0.0585470085470085 0.04102564102564099 0.039743589743589706 0.055555555555555525 0.04102564102564098 0.08162393162393154 0.040170940170940125 0.041025641025640984 0.04658119658119653 0.04999999999999996 0.33162393162393167 0.038888888888888855 0.040598290598290565 0.05299145299145296
0.05925925925925915 0.05555555555555545 0.05617283950617273 0.05679012345679001 0.08703703703703689 0.05617283950617273 0.05802469135802457 0.16172839506172818 0.05740740740740729 0.06481481481481469 0.05740740740740729 0.05679012345679001 0.05617283950617273 0.05679012345679001 0.05987654320987644
0.0594771241830064 0.05882352941176457 0.05882352941176457 0.0594771241830064 0.05882352941176457 0.16601307189542458 0.05882352941176457 0.05882352941176457 0.05882352941176457 0.05882352941176457 0.06013071895424823 0.05882352941176457 0.06209150326797373 0.062091503267973726 0.06013071895424824
0.059876543209876426 0.058024691358024585 0.058024691358024585 0.05617283950617273 0.058024691358024585 0.05679012345679001 0.05864197530864187 0.05802469135802457 0.05679012345679001 0.05617283950617273 0.058641975308641854 0.05555555555555545 0.19444444444444417 0.05740740740740729 0.05740740740740729
0.06013071895424824 0.05882352941176457 0.06013071895424823 0.0594771241830064 0.0594771241830064 0.061437908496731884 0.06601307189542469 0.09019607843137237 0.05882352941176457 0.06013071895424824 0.072549019607843 0.11045751633986907 0.05882352941176457 0.06339869281045737 0.06013071895424824
0.062091503267973726 0.06078431372549007 0.06209150326797371 0.0614379084967319 0.06013071895424823 0.07124183006535932 0.0640522875816992 0.061437908496731905 0.06470588235294106 0.06470588235294103 0.06078431372549007 0.06339869281045739 0.06013071895424824 0.06339869281045737 0.11960784313725471
0.05277777777777769 0.05111111111111103 0.05111111111111102 0.050555555555555465 0.05055555555555547 0.0972222222222221 0.05777777777777769 0.0749999999999999 0.04999999999999991 0.05222222222222214 0.05166666666666658 0.0933333333333332 0.15722222222222237 0.05444444444444435 0.054999999999999924
0.05555555555555545 0.06419753086419741 0.05555555555555545 0.058024691358024585 0.1166666666666665 0.05740740740740729 0.05617283950617273 0.05617283950617273 0.05617283950617273 0.05617283950617273 0.07283950617283938 0.06543209876543199 0.10370370370370349 0.05679012345679001 0.06913580246913568
0.06862745098039201 0.06470588235294106 0.07385620915032665 0.0679738562091502 0.06535947712418286 0.07320261437908483 0.06732026143790835 0.06666666666666654 0.06274509803921555 0.0660130718954247 0.06339869281045737 0.06535947712418287 0.06013071895424823 0.06535947712418287 0.06928104575163387
0.05740740740740729 0.06851851851851841 0.05802469135802457 0.05802469135802459 0.07222222222222209 0.05679012345679001 0.05740740740740729 0.05679012345679002 0.05679012345679001 0.05925925925925915 0.061111111111111005 0.13086419753086403 0.05802469135802457 0.05802469135802457 0.0907407407407406
0.07149758454106289 0.0478260869565218 0.045893719806763364 0.046859903381642594 0.054106280193236794 0.044444444444444516 0.05748792270531411 0.0473429951690822 0.0478260869565218 0.04492753623188413 0.1758454106280195 0.1729468599033817 0.04589371980676337 0.04975845410628028 0.047342995169082205
0.05614035087719298 0.06842105263157891 0.05380116959064327 0.058479532163742666 0.0678362573099415 0.06023391812865496 0.05614035087719296 0.057309941520467825 0.05438596491228069 0.05789473684210524 0.05614035087719298 0.1485380116959063 0.05614035087719296 0.05672514619883037 0.09181286549707601
0.05740740740740729 0.05679012345679001 0.058641975308641854 0.06049382716049371 0.059876543209876426 0.05740740740740729 0.06049382716049371 0.058641975308641854 0.05925925925925915 0.059876543209876426 0.06172839506172829 0.1709876543209874 0.05925925925925915 0.058024691358024585 0.061111111111111005
0.06535947712418286 0.06209150326797371 0.08169934640522862 0.06470588235294104 0.06405228758169922 0.062091503267973726 0.06339869281045737 0.06339869281045737 0.06470588235294104 0.08039215686274495 0.0614379084967319 0.062091503267973726 0.06797385620915021 0.0699346405228757 0.06666666666666654
0.0584795321637427 0.05321637426900585 0.05380116959064327 0.05614035087719295 0.05614035087719297 0.2011695906432749 0.056725146198830394 0.05614035087719296 0.07134502923976604 0.060233918128654945 0.0543859649122807 0.052631578947368425 0.05321637426900585 0.06140350877192982 0.05497076023391813
0.04973544973544966 0.056084656084656 0.052380952380952306 0.058730158730158646 0.05925925925925918 0.05502645502645496 0.051851851851851774 0.05449735449735441 0.17037037037037017 0.053968253968253894 0.052380952380952306 0.05873015873015864 0.05343915343915337 0.11851851851851841 0.05502645502645495
0.058641975308641854 0.058641975308641854 0.07283950617283938 0.06790123456790113 0.061728395061728274 0.07901234567901222 0.05925925925925915 0.06419753086419741 0.05925925925925915 0.07098765432098754 0.06049382716049373 0.05925925925925916 0.06049382716049372 0.06296296296296283 0.10432098765432084
0.06078431372549007 0.0594771241830064 0.059477124183006415 0.0594771241830064 0.05882352941176457 0.05882352941176457 0.0594771241830064 0.06013071895424823 0.05882352941176457 0.05882352941176457 0.059477124183006415 0.0594771241830064 0.1679738562091501 0.06013071895424823 0.05882352941176457
0.13216374269005832 0.05555555555555555 0.06315789473684208 0.0567251461988304 0.0590643274853801 0.05730994152046784 0.058479532163742666 0.05438596491228069 0.0690058479532163 0.05789473684210524 0.05614035087719298 0.054970760233918115 0.10935672514619882 0.05497076023391814 0.060818713450292376
0.12804232804232793 0.04920634920634914 0.051322751322751256 0.05449735449735441 0.13174603174603167 0.05132275132275124 0.0613756613756613 0.08465608465608454 0.0597883597883597 0.06190476190476183 0.05661375661375653 0.05238095238095231 0.050264550264550185 0.05079365079365073 0.056084656084656015
0.04492753623188414 0.045410628019323745 0.046859903381642594 0.17584541062801942 0.07342995169082135 0.04927536231884065 0.046859903381642594 0.046376811594202975 0.19082125603864755 0.04830917874396143 0.04734299516908222 0.046859903381642594 0.04444444444444452 0.045893719806763364 0.0473429951690822
0.05497076023391813 0.05321637426900585 0.05497076023391813 0.05614035087719299 0.0801169590643275 0.052631578947368425 0.05321637426900584 0.052631578947368425 0.21871345029239775 0.052631578947368425 0.05438596491228071 0.05497076023391812 0.052631578947368425 0.05497076023391813 0.05380116959064327
0.05497076023391812 0.05321637426900585 0.05497076023391813 0.052631578947368425 0.054970760233918115 0.06549707602339178 0.05380116959064327 0.06023391812865496 0.1602339181286547 0.06140350877192984 0.05321637426900585 0.05321637426900586 0.05321637426900585 0.05438596491228071 0.11403508771929817
0.23386243386243338 0.04920634920634914 0.048677248677248604 0.04761904761904755 0.04761904761904755 0.04761904761904755 0.04761904761904755 0.04761904761904755 0.1417989417989417 0.04920634920634913 0.04761904761904755 0.04761904761904755 0.04761904761904755 0.04814814814814808 0.04814814814814808
0.07388888888888877 0.04999999999999991 0.050555555555555465 0.04999999999999991 0.05055555555555547 0.04999999999999991 0.04999999999999991 0.04999999999999991 0.2733333333333335 0.05055555555555547 0.04999999999999991 0.05111111111111103 0.04999999999999991 0.04999999999999991 0.04999999999999991
0.05050505050505053 0.05000000000000001 0.047474747474747475 0.05303030303030304 0.05050505050505051 0.05656565656565661 0.05808080808080812 0.05151515151515153 0.2368686868686869 0.05050505050505052 0.09242424242424245 0.04898989898989899 0.047474747474747475 0.05707070707070711 0.048989898989899
0.059876543209876426 0.05679012345679001 0.05740740740740729 0.05555555555555545 0.08209876543209862 0.0574074074074073 0.05679012345679001 0.0574074074074073 0.17345679012345655 0.058024691358024585 0.05679012345679001 0.05617283950617273 0.05617283950617273 0.05802469135802457 0.05802469135802457
0.04541062801932375 0.04492753623188414 0.04396135265700491 0.04396135265700491 0.07681159420289868 0.04444444444444452 0.04975845410628028 0.04396135265700491 0.04444444444444452 0.04444444444444452 0.04492753623188414 0.08502415458937214 0.04492753623188415 0.2980676328502418 0.04492753623188414
0.06725146198830406 0.05438596491228071 0.0543859649122807 0.0543859649122807 0.05380116959064327 0.06140350877192984 0.10175438596491229 0.05614035087719297 0.05380116959064327 0.0567251461988304 0.05789473684210524 0.05730994152046782 0.0543859649122807 0.161988304093567 0.05438596491228071
0.05925925925925916 0.05740740740740729 0.05987654320987645 0.06975308641975296 0.05679012345679001 0.11481481481481465 0.08641975308641961 0.058024691358024585 0.08456790123456775 0.058024691358024585 0.05740740740740729 0.06049382716049371 0.05679012345679001 0.06358024691358014 0.05679012345679001
0.04115226337448566 0.03950617283950622 0.04650205761316879 0.0423868312757202 0.03991769547325107 0.274485596707819 0.11234567901234566 0.04362139917695478 0.042798353909465056 0.04444444444444448 0.05308641975308647 0.04197530864197535 0.03827160493827164 0.09876543209876544 0.04074074074074077
0.05555555555555545 0.05555555555555545 0.05555555555555545 0.16604938271604916 0.09814814814814797 0.0574074074074073 0.061111111111110984 0.05679012345679001 0.05617283950617273 0.058024691358024585 0.05679012345679001 0.05555555555555545 0.05617283950617273 0.05555555555555545 0.05555555555555545
0.05497076023391812 0.05321637426900585 0.05555555555555555 0.10526315789473681 0.10000000000000006 0.06140350877192977 0.06374269005847957 0.055555555555555566 0.06081871345029237 0.058479532163742666 0.05380116959064327 0.0549707602339181 0.05380116959064327 0.1087719298245614 0.05964912280701752
0.05555555555555545 0.05555555555555545 0.05555555555555545 0.05617283950617273 0.05617283950617273 0.05555555555555545 0.0574074074074073 0.05617283950617273 0.05555555555555545 0.05617283950617273 0.05555555555555545 0.05617283950617273 0.05617283950617273 0.21604938271604898 0.05617283950617273
0.05555555555555545 0.05617283950617273 0.05555555555555545 0.05617283950617273 0.05555555555555545 0.05555555555555545 0.05617283950617273 0.05555555555555545 0.05555555555555545 0.05617283950617273 0.05555555555555545 0.05555555555555545 0.05555555555555545 0.21975308641975266 0.05555555555555545
0.06078431372549007 0.059477124183006415 0.0594771241830064 0.05882352941176457 0.06013071895424824 0.05882352941176457 0.05882352941176457 0.12222222222222197 0.05882352941176457 0.059477124183006415 0.0614379084967319 0.05882352941176457 0.10261437908496711 0.0594771241830064 0.060784313725490056
0.06388888888888888 0.06388888888888888 0.06319444444444444 0.06319444444444444 0.06319444444444444 0.08472222222222223 0.06319444444444444 0.07708333333333334 0.06666666666666667 0.06597222222222222 0.06527777777777778 0.06597222222222222 0.0625 0.06527777777777778 0.06597222222222222
