0.06049382716049371 0.05555555555555545 0.11975308641975285 0.05555555555555545 0.10802469135802449 0.059876543209876426 0.058024691358024585 0.05864197530864187 0.06296296296296285 0.05864197530864187 0.058641975308641854 0.06790123456790112 0.0574074074074073 0.05925925925925916 0.05925925925925915
0.05802469135802457 0.05555555555555545 0.10987654320987633 0.05740740740740729 0.05740740740740729 0.05925925925925914 0.05679012345679001 0.10925925925925904 0.05617283950617273 0.05617283950617273 0.058024691358024585 0.05679012345679001 0.09691358024691339 0.05679012345679001 0.05555555555555545
0.05925925925925915 0.05925925925925915 0.07098765432098754 0.05925925925925914 0.11728395061728378 0.06419753086419742 0.07777777777777763 0.06296296296296283 0.05864197530864187 0.06111111111111099 0.058641975308641854 0.062345679012345556 0.05925925925925916 0.07037037037037024 0.058641975308641854
0.0594771241830064 0.13071895424836585 0.059477124183006415 0.0594771241830064 0.05882352941176457 0.06013071895424823 0.0594771241830064 0.05882352941176457 0.05882352941176457 0.05882352941176457 0.06013071895424824 0.06013071895424823 0.05882352941176457 0.06013071895424824 0.0967320261437907
0.05847953216374265 0.05438596491228071 0.0654970760233918 0.0596491228070175 0.1157894736842105 0.057894736842105284 0.06842105263157892 0.05789473684210525 0.05847953216374267 0.07777777777777768 0.05906432748538009 0.06081871345029237 0.07251461988304092 0.07894736842105265 0.0543859649122807
0.05882352941176457 0.0594771241830064 0.0594771241830064 0.0594771241830064 0.06274509803921555 0.05882352941176457 0.06078431372549007 0.05882352941176457 0.05882352941176457 0.060784313725490056 0.0594771241830064 0.16405228758169912 0.0594771241830064 0.0594771241830064 0.0594771241830064
0.0625 0.0625 0.12222222222222222 0.0625 0.0625 0.0625 0.0625 0.06319444444444444 0.0625 0.0625 0.06319444444444444 0.0625 0.0625 0.0625 0.06388888888888888
0.06805555555555555 0.06319444444444444 0.06805555555555555 0.06805555555555555 0.06805555555555555 0.06458333333333334 0.06458333333333334 0.06597222222222222 0.06319444444444444 0.06736111111111111 0.06875 0.06597222222222222 0.06805555555555555 0.06597222222222222 0.07013888888888889
0.05864197530864187 0.05617283950617273 0.11666666666666645 0.0648148148148147 0.05555555555555545 0.10679012345678994 0.0574074074074073 0.05987654320987645 0.05679012345679001 0.08024691358024677 0.05864197530864187 0.05679012345679001 0.05617283950617273 0.058024691358024585 0.05740740740740729
0.061375661375661306 0.05502645502645495 0.05661375661375652 0.0576719576719576 0.05661375661375652 0.060846560846560746 0.0941798941798941 0.05714285714285708 0.05661375661375654 0.05661375661375654 0.05291005291005285 0.17089947089947063 0.05291005291005284 0.057142857142857065 0.05343915343915337
0.060818713450292376 0.05847953216374267 0.07134502923976602 0.06491228070175438 0.06374269005847953 0.06725146198830408 0.08070175438596491 0.06725146198830403 0.07660818713450288 0.07134502923976603 0.05672514619883039 0.0719298245614035 0.059064327485380055 0.06666666666666665 0.0631578947368421
0.056666666666666574 0.05166666666666658 0.06722222222222213 0.05999999999999991 0.052222222222222135 0.05333333333333324 0.05499999999999991 0.05055555555555547 0.053333333333333253 0.0766666666666666 0.20888888888888865 0.05111111111111103 0.05111111111111103 0.06055555555555544 0.05166666666666657
0.06549707602339178 0.05789473684210524 0.061403508771929814 0.06549707602339175 0.0660818713450292 0.07192982456140347 0.06900584795321636 0.059649122807017535 0.0637426900584795 0.06549707602339178 0.05906432748538014 0.06023391812865497 0.07602339181286549 0.09122807017543856 0.06725146198830406
0.06432748538011696 0.056725146198830394 0.06608187134502919 0.060818713450292376 0.06140350877192979 0.06140350877192979 0.06432748538011693 0.06374269005847946 0.07134502923976607 0.06900584795321635 0.0596491228070175 0.07017543859649124 0.055555555555555566 0.11637426900584788 0.05906432748538009
0.0625 0.06319444444444444 0.0625 0.08125 0.06319444444444444 0.08333333333333333 0.06319444444444444 0.06527777777777778 0.06458333333333334 0.06805555555555555 0.0625 0.0625 0.0625 0.0625 0.07291666666666667
0.051322751322751256 0.04867724867724861 0.05291005291005284 0.0597883597883597 0.04867724867724861 0.10317460317460309 0.05079365079365073 0.05291005291005284 0.1518518518518517 0.0656084656084655 0.05185185185185179 0.05343915343915337 0.048677248677248604 0.05291005291005284 0.10740740740740728
0.04482758620689649 0.03754789272030648 0.04482758620689648 0.167816091954023 0.10536398467432966 0.09578544061302685 0.054789272030651266 0.04559386973180074 0.07432950191570878 0.08237547892720307 0.042145593869731754 0.04214559386973178 0.03754789272030647 0.0800766283524904 0.04482758620689651
0.058641975308641854 0.05617283950617273 0.16296296296296273 0.0574074074074073 0.05987654320987645 0.05802469135802457 0.05679012345679001 0.06604938271604925 0.0574074074074073 0.06049382716049371 0.05617283950617273 0.07345679012345668 0.05987654320987642 0.05925925925925915 0.0574074074074073
0.06319444444444444 0.0625 0.12361111111111112 0.0625 0.0625 0.0625 0.0625 0.0625 0.0625 0.0625 0.0625 0.06319444444444444 0.0625 0.0625 0.0625
0.04848484848484848 0.053030303030303066 0.21111111111111108 0.05202020202020205 0.04797979797979798 0.04949494949494951 0.05151515151515153 0.04646464646464645 0.13939393939393951 0.05050505050505052 0.0494949494949495 0.047474747474747475 0.05000000000000001 0.04696969696969696 0.056060606060606095
0.058479532163742666 0.057309941520467846 0.06666666666666664 0.05789473684210526 0.10701754385964912 0.0543859649122807 0.06491228070175438 0.05906432748538012 0.11403508771929817 0.06257309941520463 0.05730994152046782 0.06140350877192979 0.06315789473684208 0.05789473684210526 0.05789473684210525
0.06805555555555555 0.06666666666666667 0.06527777777777778 0.06805555555555555 0.06527777777777778 0.06388888888888888 0.06458333333333334 0.07083333333333333 0.06388888888888888 0.06805555555555555 0.06944444444444445 0.06458333333333334 0.06388888888888888 0.07222222222222222 0.06527777777777778
0.06209150326797373 0.060784313725490056 0.06666666666666653 0.06470588235294103 0.062091503267973726 0.07189542483660118 0.0614379084967319 0.0679738562091502 0.07058823529411752 0.09411764705882335 0.06339869281045739 0.06535947712418287 0.06470588235294104 0.061437908496731884 0.06274509803921555
0.08055555555555546 0.05166666666666658 0.050555555555555465 0.052222222222222135 0.14444444444444454 0.052222222222222135 0.05222222222222214 0.06499999999999992 0.05166666666666658 0.05166666666666658 0.053333333333333253 0.052222222222222135 0.13999999999999993 0.05111111111111103 0.05111111111111103
0.09181286549707594 0.058479532163742666 0.0637426900584795 0.06842105263157888 0.052631578947368425 0.061403508771929786 0.07660818713450289 0.05789473684210525 0.06725146198830403 0.06374269005847953 0.09064327485380114 0.060233918128654945 0.06315789473684208 0.06023391812865496 0.0637426900584795
0.05882352941176457 0.05882352941176457 0.05882352941176457 0.0594771241830064 0.05882352941176457 0.0594771241830064 0.05882352941176457 0.05882352941176457 0.17385620915032654 0.05882352941176457 0.05882352941176457 0.05882352941176457 0.059477124183006415 0.059477124183006415 0.05882352941176457
0.05333333333333324 0.0638888888888888 0.14388888888888882 0.05666666666666658 0.06722222222222216 0.062222222222222116 0.05888888888888881 0.05666666666666657 0.055555555555555455 0.07388888888888882 0.06555555555555546 0.05777777777777769 0.053888888888888806 0.05444444444444436 0.07611111111111102
0.057309941520467846 0.05906432748538007 0.1263157894736841 0.05555555555555552 0.05614035087719295 0.0888888888888889 0.05906432748538011 0.05555555555555555 0.0678362573099415 0.06374269005847949 0.0543859649122807 0.060818713450292376 0.05321637426900586 0.08654970760233921 0.055555555555555566
0.10175438596491229 0.05789473684210527 0.06257309941520466 0.0637426900584795 0.10877192982456138 0.05730994152046784 0.05672514619883037 0.0660818713450292 0.05906432748538011 0.06140350877192982 0.059064327485380076 0.0573099415204678 0.05614035087719297 0.06900584795321635 0.06315789473684208
0.06319444444444444 0.0625 0.0625 0.06388888888888888 0.0625 0.06319444444444444 0.0625 0.11736111111111111 0.06319444444444444 0.0625 0.06666666666666667 0.0625 0.0625 0.0625 0.0625
0.08888888888888871 0.05882352941176457 0.06078431372549008 0.06470588235294103 0.05882352941176457 0.05882352941176457 0.059477124183006415 0.12941176470588217 0.05882352941176457 0.059477124183006415 0.0614379084967319 0.05882352941176457 0.06339869281045737 0.0594771241830064 0.05882352941176457
0.0625 0.0625 0.0625 0.06736111111111111 0.0625 0.0625 0.0625 0.11666666666666667 0.0625 0.0625 0.06527777777777778 0.06319444444444444 0.0625 0.0625 0.0625
0.07836257309941522 0.052631578947368425 0.06023391812865494 0.12748538011695887 0.05380116959064327 0.06666666666666661 0.05906432748538009 0.07953216374268997 0.05555555555555555 0.05672514619883037 0.05380116959064327 0.06081871345029239 0.060233918128654966 0.07894736842105271 0.05614035087719298
0.056725146198830394 0.1590643274853799 0.05614035087719297 0.05730994152046782 0.05789473684210526 0.0543859649122807 0.05789473684210524 0.057309941520467804 0.058479532163742694 0.07777777777777768 0.05438596491228071 0.0573099415204678 0.05789473684210526 0.07777777777777782 0.05964912280701752
0.0625 0.0625 0.0625 0.0625 0.125 0.0625 0.0625 0.0625 0.0625 0.0625 0.0625 0.0625 0.0625 0.0625 0.0625
0.16025641025641008 0.0444444444444444 0.05982905982905976 0.04145299145299142 0.04529914529914528 0.04487179487179485 0.046153846153846115 0.0457264957264957 0.16538461538461519 0.06495726495726492 0.045726495726495675 0.04487179487179484 0.10512820512820503 0.04316239316239312 0.042735042735042694
0.05444444444444436 0.05833333333333324 0.07555555555555546 0.05499999999999991 0.052222222222222135 0.11444444444444443 0.06777777777777767 0.05611111111111104 0.10666666666666651 0.08333333333333323 0.0527777777777777 0.052222222222222135 0.052222222222222135 0.05999999999999991 0.058888888888888796
0.0625 0.0625 0.0625 0.0625 0.0625 0.0625 0.06319444444444444 0.0625 0.12430555555555556 0.0625 0.0625 0.0625 0.0625 0.0625 0.0625
0.0594771241830064 0.059477124183006415 0.05882352941176457 0.10784313725490173 0.059477124183006415 0.05882352941176457 0.059477124183006415 0.1196078431372547 0.059477124183006415 0.06013071895424824 0.0614379084967319 0.0594771241830064 0.05882352941176457 0.05882352941176457 0.05882352941176457
0.061728395061728274 0.11666666666666649 0.058641975308641854 0.09074074074074062 0.05925925925925915 0.061728395061728274 0.06172839506172829 0.06666666666666655 0.05740740740740729 0.05740740740740729 0.06049382716049371 0.06111111111111099 0.05925925925925915 0.061111111111110984 0.06604938271604927
0.05614035087719296 0.05789473684210527 0.05789473684210523 0.05964912280701752 0.05497076023391812 0.12105263157894727 0.06491228070175435 0.0619883040935672 0.05964912280701754 0.0590643274853801 0.057309941520467846 0.1076023391812865 0.0590643274853801 0.06081871345029236 0.06198830409356721
0.06458333333333334 0.06805555555555555 0.06805555555555555 0.06736111111111111 0.06736111111111111 0.06527777777777778 0.06527777777777778 0.07083333333333333 0.06736111111111111 0.06319444444444444 0.06736111111111111 0.06805555555555555 0.06597222222222222 0.06666666666666667 0.06458333333333334
0.07430555555555556 0.06319444444444444 0.06388888888888888 0.0625 0.06388888888888888 0.06388888888888888 0.06319444444444444 0.06597222222222222 0.0625 0.0625 0.06458333333333334 0.06319444444444444 0.0625 0.10138888888888889 0.0625
0.07666666666666658 0.0627777777777777 0.06111111111111103 0.0638888888888888 0.05277777777777769 0.05277777777777769 0.06611111111111102 0.05999999999999993 0.05444444444444437 0.057222222222222126 0.05166666666666658 0.05277777777777769 0.05555555555555547 0.16944444444444445 0.0627777777777777
0.06805555555555555 0.06319444444444444 0.06527777777777778 0.07083333333333333 0.06666666666666667 0.06527777777777778 0.06597222222222222 0.06527777777777778 0.06666666666666667 0.06458333333333334 0.06736111111111111 0.06944444444444445 0.06944444444444445 0.06736111111111111 0.06458333333333334
0.0590643274853801 0.09356725146198831 0.060233918128654945 0.05789473684210527 0.056725146198830394 0.05847953216374267 0.06081871345029239 0.06374269005847946 0.06140350877192979 0.07309941520467834 0.055555555555555525 0.06666666666666665 0.05789473684210526 0.06491228070175435 0.10994152046783615
0.06464646464646462 0.07525252525252525 0.06919191919191926 0.05252525252525256 0.053030303030303066 0.05252525252525254 0.08080808080808087 0.04595959595959594 0.10757575757575763 0.053535353535353575 0.06010101010101012 0.0727272727272728 0.05303030303030304 0.0823232323232324 0.07676767676767687
0.054970760233918115 0.055555555555555546 0.05789473684210526 0.05438596491228069 0.05380116959064327 0.05555555555555555 0.05964912280701752 0.05380116959064327 0.2222222222222223 0.05614035087719297 0.05789473684210526 0.05438596491228069 0.053801169590643266 0.05614035087719296 0.053801169590643266
0.07222222222222222 0.06319444444444444 0.06666666666666667 0.06666666666666667 0.06736111111111111 0.06388888888888888 0.06736111111111111 0.06458333333333334 0.06527777777777778 0.06527777777777778 0.06736111111111111 0.06736111111111111 0.07083333333333333 0.06666666666666667 0.06527777777777778
0.0543859649122807 0.05438596491228072 0.05614035087719297 0.06081871345029241 0.0543859649122807 0.07836257309941518 0.06315789473684208 0.07251461988304092 0.0549707602339181 0.1169590643274853 0.0543859649122807 0.10760233918128653 0.05730994152046786 0.06023391812865497 0.05438596491228072
0.0625 0.0625 0.06319444444444444 0.0625 0.0625 0.08958333333333333 0.06805555555555555 0.07569444444444444 0.0625 0.06736111111111111 0.06319444444444444 0.07013888888888889 0.06319444444444444 0.06388888888888888 0.06319444444444444
0.07058823529411751 0.061437908496731884 0.0640522875816992 0.06339869281045737 0.060784313725490056 0.11307189542483638 0.06339869281045737 0.06274509803921555 0.06339869281045739 0.0640522875816992 0.0614379084967319 0.06339869281045737 0.06535947712418289 0.0614379084967319 0.061437908496731884
0.06388888888888888 0.0625 0.0625 0.06527777777777778 0.06319444444444444 0.11458333333333333 0.06388888888888888 0.0625 0.06319444444444444 0.06458333333333334 0.0625 0.06319444444444444 0.0625 0.06319444444444444 0.0625
0.06358024691358014 0.05679012345679001 0.06049382716049371 0.16975308641975284 0.058024691358024585 0.05617283950617273 0.06666666666666655 0.061728395061728274 0.05802469135802457 0.05555555555555545 0.06049382716049372 0.05617283950617273 0.05740740740740729 0.05925925925925915 0.05987654320987642
0.057309941520467825 0.054970760233918115 0.05438596491228071 0.1637426900584794 0.053801169590643266 0.054970760233918115 0.06374269005847949 0.06725146198830412 0.05497076023391812 0.06666666666666661 0.05614035087719296 0.05555555555555555 0.05438596491228069 0.0888888888888889 0.05321637426900585
0.06339869281045737 0.06078431372549007 0.06666666666666653 0.06013071895424823 0.12222222222222201 0.0614379084967319 0.06535947712418286 0.0614379084967319 0.061437908496731905 0.0660130718954247 0.06078431372549007 0.0594771241830064 0.06470588235294104 0.06601307189542469 0.06013071895424824
0.062091503267973726 0.0594771241830064 0.0594771241830064 0.07450980392156847 0.05882352941176457 0.13202614379084945 0.06013071895424824 0.06078431372549007 0.06013071895424823 0.06535947712418287 0.0614379084967319 0.0594771241830064 0.05882352941176457 0.0594771241830064 0.06797385620915021
0.07345679012345664 0.06049382716049371 0.0728395061728394 0.06481481481481469 0.05740740740740729 0.05679012345679001 0.06111111111111101 0.06358024691358012 0.05864197530864187 0.06296296296296283 0.06358024691358012 0.059876543209876426 0.09012345679012333 0.09506172839506159 0.05925925925925915
0.06078431372549007 0.06078431372549007 0.06535947712418286 0.06666666666666653 0.062091503267973726 0.10653594771241814 0.0640522875816992 0.06928104575163385 0.06535947712418289 0.06470588235294103 0.06601307189542471 0.06078431372549007 0.06339869281045739 0.0614379084967319 0.06274509803921555
0.06419753086419741 0.059876543209876426 0.09320987654320978 0.05802469135802457 0.058024691358024585 0.06913580246913567 0.06296296296296285 0.06481481481481469 0.061728395061728274 0.05864197530864187 0.0574074074074073 0.0648148148148147 0.08580246913580232 0.06543209876543199 0.07592592592592581
0.061437908496731905 0.05882352941176457 0.06078431372549007 0.05882352941176457 0.0594771241830064 0.05882352941176457 0.0594771241830064 0.06470588235294106 0.05882352941176457 0.0614379084967319 0.15816993464052262 0.05882352941176457 0.06013071895424824 0.0614379084967319 0.05882352941176457
0.06315789473684207 0.05380116959064329 0.05380116959064327 0.08011695906432735 0.05438596491228071 0.055555555555555546 0.13099415204678344 0.0584795321637427 0.05497076023391812 0.06257309941520467 0.10584795321637427 0.058479532163742666 0.05497076023391814 0.05614035087719297 0.0567251461988304
0.0660130718954247 0.061437908496731884 0.07124183006535934 0.0947712418300652 0.06274509803921556 0.062091503267973726 0.06405228758169922 0.07058823529411751 0.06274509803921555 0.06209150326797373 0.06797385620915021 0.0614379084967319 0.06339869281045737 0.06470588235294104 0.06470588235294103
0.0625 0.06527777777777778 0.06527777777777778 0.08958333333333333 0.06319444444444444 0.06319444444444444 0.06944444444444445 0.06805555555555555 0.06458333333333334 0.06388888888888888 0.06458333333333334 0.06319444444444444 0.06458333333333334 0.06805555555555555 0.06458333333333334
0.05944444444444436 0.05166666666666658 0.059999999999999894 0.06888888888888878 0.05444444444444436 0.12611111111111112 0.10444444444444441 0.059999999999999915 0.05999999999999991 0.06333333333333323 0.05444444444444435 0.057222222222222126 0.06333333333333326 0.058888888888888796 0.05777777777777769
0.06339869281045739 0.06339869281045737 0.061437908496731884 0.06274509803921556 0.062091503267973726 0.06470588235294104 0.06209150326797371 0.06535947712418289 0.061437908496731905 0.06339869281045739 0.10915032679738541 0.062091503267973726 0.06013071895424824 0.07843137254901945 0.06013071895424824
0.05864197530864187 0.07654320987654306 0.06296296296296285 0.062345679012345556 0.12777777777777757 0.05925925925925916 0.06419753086419742 0.058024691358024585 0.058024691358024585 0.06296296296296285 0.05864197530864187 0.06049382716049372 0.061728395061728274 0.06172839506172829 0.06666666666666654
0.11018518518518514 0.11249999999999996 0.12407407407407407 0.08287037037037033 0.04675925925925923 0.04629629629629626 0.05879629629629636 0.05879629629629627 0.04814814814814813 0.04537037037037032 0.04814814814814813 0.05972222222222224 0.04722222222222219 0.04629629629629627 0.06481481481481488
0.05238095238095231 0.09788359788359781 0.05449735449735442 0.05291005291005283 0.10052910052910038 0.059788359788359696 0.05661375661375651 0.05396825396825389 0.0539682539682539 0.06084656084656078 0.053439153439153377 0.11322751322751311 0.060846560846560746 0.07142857142857136 0.05767195767195762
0.061437908496731905 0.0660130718954247 0.0614379084967319 0.06274509803921555 0.12287581699346384 0.06274509803921555 0.0614379084967319 0.062091503267973726 0.06274509803921556 0.06209150326797371 0.061437908496731884 0.061437908496731905 0.06470588235294104 0.06535947712418287 0.0614379084967319
0.05497076023391813 0.05380116959064327 0.05555555555555554 0.05497076023391814 0.05497076023391814 0.05380116959064327 0.05438596491228071 0.20175438596491224 0.0543859649122807 0.05380116959064329 0.0549707602339181 0.09064327485380122 0.05321637426900585 0.05497076023391812 0.053801169590643294
0.09166666666666666 0.0625 0.06527777777777778 0.06388888888888888 0.06319444444444444 0.0625 0.06319444444444444 0.08333333333333333 0.06319444444444444 0.0625 0.0625 0.0625 0.06736111111111111 0.06388888888888888 0.0625
0.0625 0.0625 0.06319444444444444 0.0625 0.11736111111111111 0.06319444444444444 0.06319444444444444 0.06319444444444444 0.06319444444444444 0.06458333333333334 0.0625 0.0625 0.0625 0.06458333333333334 0.0625
0.06959064327485377 0.11286549707602331 0.08421052631578947 0.07076023391812862 0.061403508771929814 0.061403508771929814 0.06315789473684208 0.05847953216374269 0.06491228070175435 0.05847953216374269 0.05614035087719297 0.05614035087719297 0.06023391812865496 0.06257309941520466 0.05964912280701752
0.0625 0.0625 0.06527777777777778 0.06319444444444444 0.06319444444444444 0.1076388888888889 0.06736111111111111 0.06319444444444444 0.06319444444444444 0.06319444444444444 0.06319444444444444 0.06319444444444444 0.06388888888888888 0.06597222222222222 0.0625
0.06805555555555555 0.06319444444444444 0.06458333333333334 0.06736111111111111 0.06388888888888888 0.0798611111111111 0.06666666666666667 0.06527777777777778 0.06458333333333334 0.06458333333333334 0.06875 0.06736111111111111 0.06388888888888888 0.06458333333333334 0.06736111111111111
0.06805555555555555 0.06458333333333334 0.06458333333333334 0.08958333333333333 0.06458333333333334 0.06319444444444444 0.06597222222222222 0.06666666666666667 0.06319444444444444 0.06388888888888888 0.06597222222222222 0.06597222222222222 0.06388888888888888 0.06527777777777778 0.06458333333333334
0.06666666666666654 0.06339869281045737 0.0679738562091502 0.06601307189542471 0.0614379084967319 0.06601307189542471 0.07647058823529397 0.06535947712418287 0.0705882352941175 0.07320261437908483 0.06078431372549007 0.06405228758169922 0.06928104575163385 0.0640522875816992 0.06470588235294106
0.08333333333333319 0.058024691358024585 0.06604938271604929 0.06358024691358014 0.05617283950617273 0.11296296296296286 0.0672839506172838 0.07098765432098754 0.061111111111111005 0.06049382716049371 0.05740740740740729 0.05740740740740729 0.06234567901234556 0.06543209876543199 0.05740740740740729
0.06458333333333334 0.0625 0.06458333333333334 0.08819444444444445 0.0625 0.06388888888888888 0.06319444444444444 0.06388888888888888 0.06319444444444444 0.06527777777777778 0.06458333333333334 0.06527777777777778 0.0625 0.08333333333333333 0.0625
0.06078431372549007 0.06013071895424823 0.06666666666666653 0.0843137254901959 0.0594771241830064 0.06797385620915021 0.06470588235294104 0.06405228758169922 0.06013071895424823 0.1071895424836599 0.05882352941176457 0.06274509803921556 0.06078431372549007 0.06078431372549007 0.0614379084967319
0.052631578947368425 0.052631578947368425 0.05321637426900584 0.05380116959064329 0.052631578947368425 0.052631578947368425 0.052631578947368425 0.2578947368421055 0.05321637426900585 0.05321637426900584 0.05380116959064327 0.052631578947368425 0.052631578947368425 0.05321637426900585 0.05321637426900586
0.07189542483660116 0.0614379084967319 0.06666666666666654 0.06732026143790837 0.06405228758169922 0.07973856209150311 0.06601307189542471 0.06470588235294104 0.06535947712418289 0.062091503267973726 0.06666666666666653 0.06535947712418286 0.0614379084967319 0.06666666666666653 0.07058823529411752
0.06736111111111111 0.06388888888888888 0.06805555555555555 0.07291666666666667 0.0625 0.06597222222222222 0.06597222222222222 0.07083333333333333 0.06736111111111111 0.06736111111111111 0.06458333333333334 0.06666666666666667 0.06458333333333334 0.06805555555555555 0.06388888888888888
0.06458333333333334 0.06597222222222222 0.06527777777777778 0.06527777777777778 0.06597222222222222 0.06458333333333334 0.06319444444444444 0.06458333333333334 0.09236111111111112 0.06388888888888888 0.06666666666666667 0.06597222222222222 0.06388888888888888 0.06319444444444444 0.06458333333333334
0.08376068376068367 0.04145299145299142 0.04871794871794867 0.04487179487179483 0.08034188034188025 0.04487179487179483 0.05256410256410252 0.04358974358974354 0.04658119658119654 0.1183760683760682 0.04188034188034185 0.21025641025641015 0.054273504273504226 0.044017094017094 0.04444444444444441
0.06319444444444444 0.0625 0.0625 0.0625 0.0625 0.06319444444444444 0.0625 0.0625 0.0625 0.06319444444444444 0.0625 0.06319444444444444 0.12152777777777778 0.0625 0.06319444444444444
0.0625 0.0625 0.0625 0.0625 0.0625 0.0625 0.0625 0.0625 0.125 0.0625 0.0625 0.0625 0.0625 0.0625 0.0625
0.075 0.3032407407407407 0.0472222222222222 0.04305555555555551 0.042592592592592536 0.04629629629629624 0.043518518518518456 0.08379629629629619 0.041666666666666616 0.04398148148148143 0.04629629629629625 0.04444444444444439 0.05138888888888889 0.042592592592592536 0.04490740740740737
0.06296296296296286 0.05802469135802457 0.06111111111111101 0.06296296296296283 0.059876543209876426 0.0753086419753085 0.06543209876543196 0.05925925925925914 0.06049382716049371 0.06172839506172829 0.06049382716049372 0.12283950617283933 0.0574074074074073 0.0716049382716048 0.0604938271604937
0.05882352941176457 0.0594771241830064 0.05882352941176457 0.05882352941176457 0.05882352941176457 0.05882352941176457 0.05882352941176457 0.05882352941176457 0.0594771241830064 0.05882352941176457 0.05882352941176457 0.05882352941176457 0.05882352941176457 0.05882352941176457 0.1751633986928102
0.059876543209876426 0.0604938271604937 0.05740740740740729 0.0858024691358023 0.058024691358024585 0.05987654320987644 0.05679012345679002 0.058024691358024585 0.05679012345679002 0.059876543209876426 0.0574074074074073 0.05802469135802457 0.05802469135802457 0.058024691358024585 0.1555555555555553
0.05438596491228071 0.10760233918128649 0.057309941520467846 0.05497076023391812 0.05789473684210523 0.05555555555555554 0.05614035087719298 0.05321637426900585 0.05614035087719295 0.05438596491228071 0.05438596491228069 0.05438596491228069 0.05321637426900585 0.05438596491228069 0.17602339181286542
0.05333333333333324 0.1594444444444446 0.05611111111111102 0.055555555555555476 0.10111111111111101 0.05444444444444437 0.054999999999999924 0.05444444444444435 0.05499999999999991 0.05833333333333324 0.05333333333333326 0.05333333333333324 0.06611111111111102 0.06833333333333323 0.05611111111111102
0.07777777777777765 0.06470588235294104 0.06601307189542469 0.06470588235294104 0.072549019607843 0.06470588235294104 0.06470588235294103 0.06862745098039202 0.0699346405228757 0.06535947712418287 0.0660130718954247 0.06274509803921555 0.06470588235294104 0.06535947712418287 0.062091503267973726
0.05432098765432103 0.046502057613168765 0.050617283950617334 0.05308641975308646 0.0621399176954733 0.1423868312757202 0.06460905349794242 0.05596707818930048 0.0510288065843622 0.05308641975308648 0.05802469135802476 0.09176954732510288 0.0452674897119342 0.046090534979423906 0.1251028806584362
0.07973856209150314 0.062091503267973726 0.06470588235294104 0.0614379084967319 0.06535947712418286 0.062091503267973726 0.06928104575163384 0.06405228758169922 0.061437908496731905 0.06535947712418289 0.0594771241830064 0.095424836601307 0.06666666666666653 0.06209150326797371 0.060784313725490056
0.05864197530864187 0.05617283950617273 0.06049382716049373 0.05802469135802457 0.05802469135802457 0.05925925925925915 0.16543209876543186 0.05864197530864187 0.058024691358024585 0.06296296296296283 0.05740740740740729 0.06604938271604927 0.05864197530864187 0.061728395061728274 0.06049382716049371
0.06319444444444444 0.0625 0.0625 0.06319444444444444 0.0625 0.06458333333333334 0.06666666666666667 0.06319444444444444 0.07777777777777778 0.06597222222222222 0.0625 0.07291666666666667 0.06319444444444444 0.08541666666666667 0.06388888888888888
0.06013071895424824 0.0594771241830064 0.0594771241830064 0.059477124183006415 0.1071895424836599 0.0594771241830064 0.05882352941176457 0.05882352941176457 0.06013071895424824 0.059477124183006415 0.06078431372549007 0.06013071895424824 0.11764705882352915 0.0594771241830064 0.0594771241830064
0.10457516339869259 0.0594771241830064 0.062091503267973726 0.060784313725490056 0.0594771241830064 0.06013071895424824 0.06339869281045739 0.060784313725490056 0.05882352941176457 0.07189542483660116 0.05882352941176457 0.06405228758169922 0.07843137254901945 0.0771241830065358 0.06013071895424824
0.06458333333333334 0.0625 0.06458333333333334 0.06458333333333334 0.07083333333333333 0.06527777777777778 0.06944444444444445 0.06458333333333334 0.06388888888888888 0.06527777777777778 0.06388888888888888 0.06805555555555555 0.07569444444444444 0.07222222222222222 0.06458333333333334
0.062091503267973726 0.06209150326797371 0.06274509803921556 0.06405228758169922 0.1352941176470586 0.06013071895424823 0.062091503267973726 0.06209150326797373 0.0614379084967319 0.06078431372549007 0.062091503267973726 0.06013071895424824 0.0614379084967319 0.061437908496731905 0.062091503267973726
0.0679738562091502 0.062091503267973726 0.07124183006535935 0.07450980392156849 0.06078431372549007 0.06535947712418289 0.06666666666666654 0.06732026143790837 0.07058823529411752 0.06535947712418287 0.06535947712418287 0.06601307189542469 0.06666666666666654 0.06666666666666654 0.06339869281045737
0.059876543209876426 0.06234567901234556 0.06172839506172829 0.06728395061728382 0.08888888888888877 0.06234567901234558 0.07962962962962951 0.06604938271604925 0.06543209876543196 0.0691358024691357 0.06419753086419741 0.06111111111111099 0.062345679012345556 0.07098765432098755 0.058641975308641854
0.059876543209876426 0.06049382716049372 0.05740740740740729 0.06419753086419741 0.06049382716049372 0.08888888888888877 0.06975308641975296 0.07777777777777765 0.06481481481481471 0.07037037037037025 0.06666666666666657 0.06913580246913568 0.06234567901234556 0.06604938271604925 0.06172839506172827
0.061437908496731884 0.059477124183006415 0.06209150326797373 0.0614379084967319 0.12091503267973831 0.06535947712418286 0.06601307189542471 0.06470588235294104 0.06274509803921556 0.0640522875816992 0.06405228758169922 0.0594771241830064 0.06535947712418287 0.06209150326797373 0.060784313725490056
0.05321637426900584 0.17426900584795302 0.05789473684210527 0.05789473684210525 0.0543859649122807 0.08654970760233917 0.05672514619883039 0.05789473684210522 0.0567251461988304 0.0549707602339181 0.06315789473684208 0.05497076023391814 0.0549707602339181 0.05906432748538009 0.057309941520467825
0.06013071895424824 0.05882352941176457 0.0594771241830064 0.06013071895424824 0.05882352941176457 0.10261437908496711 0.06078431372549007 0.0614379084967319 0.11699346405228735 0.06078431372549007 0.059477124183006415 0.06013071895424823 0.059477124183006415 0.0614379084967319 0.059477124183006415
0.0625 0.06319444444444444 0.06458333333333334 0.0625 0.06319444444444444 0.1076388888888889 0.06944444444444445 0.06319444444444444 0.06388888888888888 0.06319444444444444 0.0625 0.06319444444444444 0.0625 0.06597222222222222 0.0625
0.06388888888888888 0.06458333333333334 0.07013888888888889 0.06875 0.06736111111111111 0.06458333333333334 0.06805555555555555 0.06666666666666667 0.06666666666666667 0.06805555555555555 0.06458333333333334 0.06875 0.06458333333333334 0.06736111111111111 0.06597222222222222
0.05502645502645495 0.05396825396825389 0.056084656084656015 0.061904761904761824 0.1153439153439152 0.07724867724867716 0.06349206349206342 0.06613756613756606 0.06137566137566128 0.06666666666666655 0.057142857142857065 0.05873015873015866 0.058201058201058135 0.05661375661375652 0.09206349206349201
0.06666666666666667 0.06736111111111111 0.07222222222222222 0.06805555555555555 0.06527777777777778 0.06597222222222222 0.06597222222222222 0.06944444444444445 0.06458333333333334 0.06597222222222222 0.06458333333333334 0.06458333333333334 0.06805555555555555 0.06875 0.0625
0.0594771241830064 0.05882352941176457 0.0594771241830064 0.06013071895424824 0.05882352941176457 0.05882352941176457 0.059477124183006415 0.05882352941176457 0.059477124183006415 0.05882352941176457 0.06013071895424823 0.05882352941176457 0.1705882352941174 0.0594771241830064 0.05882352941176457
0.0625 0.06319444444444444 0.0625 0.06388888888888888 0.0625 0.0625 0.06319444444444444 0.0625 0.06319444444444444 0.0625 0.0625 0.06319444444444444 0.12083333333333333 0.0625 0.0625
0.06458333333333334 0.0625 0.06458333333333334 0.06388888888888888 0.06388888888888888 0.0625 0.06319444444444444 0.06458333333333334 0.0625 0.0625 0.0625 0.0625 0.11458333333333333 0.06319444444444444 0.0625
0.0625 0.0625 0.0625 0.06319444444444444 0.0625 0.06319444444444444 0.11805555555555555 0.06388888888888888 0.0625 0.06666666666666667 0.0625 0.0625 0.0625 0.0625 0.0625
0.06388888888888888 0.06319444444444444 0.0625 0.06388888888888888 0.06319444444444444 0.11597222222222223 0.06458333333333334 0.0625 0.06388888888888888 0.0625 0.0625 0.06319444444444444 0.06319444444444444 0.0625 0.0625
0.06944444444444445 0.06597222222222222 0.07083333333333333 0.06458333333333334 0.06388888888888888 0.06597222222222222 0.06944444444444445 0.06597222222222222 0.06736111111111111 0.07083333333333333 0.06527777777777778 0.06527777777777778 0.06458333333333334 0.06666666666666667 0.06388888888888888
0.11388888888888889 0.0625 0.06319444444444444 0.06319444444444444 0.0625 0.0625 0.06319444444444444 0.06736111111111111 0.0625 0.0625 0.06388888888888888 0.0625 0.06458333333333334 0.06319444444444444 0.0625
0.05789473684210523 0.05906432748538009 0.06081871345029237 0.06023391812865494 0.06081871345029237 0.059064327485380125 0.10350877192982447 0.06608187134502921 0.061403508771929786 0.06491228070175435 0.06140350877192982 0.06432748538011694 0.06374269005847946 0.09590643274853801 0.06081871345029237
0.05925925925925915 0.05617283950617273 0.059876543209876426 0.05925925925925915 0.058641975308641854 0.05987654320987642 0.16851851851851826 0.06049382716049371 0.05987654320987644 0.06358024691358014 0.058024691358024585 0.059876543209876426 0.05802469135802457 0.059876543209876426 0.05864197530864187
0.058641975308641854 0.05802469135802457 0.05555555555555545 0.10864197530864177 0.05555555555555545 0.05617283950617273 0.05679012345679001 0.05617283950617273 0.05679012345679001 0.05555555555555545 0.05617283950617273 0.15679012345678991 0.05555555555555545 0.05617283950617273 0.0574074074074073
0.05820105820105812 0.04867724867724861 0.05291005291005286 0.25502645502645466 0.050264550264550185 0.050793650793650724 0.051322751322751256 0.06031746031746023 0.04867724867724861 0.06402116402116394 0.05238095238095231 0.051322751322751256 0.051322751322751256 0.05343915343915337 0.05132275132275125
0.06049382716049371 0.05617283950617273 0.05740740740740729 0.11296296296296278 0.05555555555555545 0.05617283950617273 0.10555555555555537 0.05679012345679001 0.05679012345679001 0.0574074074074073 0.09012345679012329 0.059876543209876426 0.05925925925925915 0.05617283950617273 0.05925925925925915
0.05111111111111103 0.0977777777777776 0.05277777777777769 0.10166666666666656 0.08777777777777764 0.050555555555555465 0.05055555555555547 0.0944444444444443 0.05111111111111103 0.05444444444444435 0.0527777777777777 0.05111111111111103 0.04999999999999991 0.052222222222222135 0.10166666666666652
0.05555555555555545 0.05740740740740729 0.05617283950617273 0.2061728395061725 0.05555555555555545 0.05679012345679002 0.05617283950617273 0.06234567901234558 0.05555555555555545 0.05617283950617273 0.058024691358024585 0.05679012345679001 0.05617283950617273 0.05555555555555545 0.05555555555555545
0.053888888888888806 0.05166666666666658 0.0527777777777777 0.11944444444444433 0.14888888888888904 0.053888888888888806 0.0938888888888888 0.05111111111111103 0.05611111111111102 0.053888888888888806 0.05111111111111103 0.05333333333333324 0.0538888888888888 0.05333333333333324 0.0527777777777777
0.05132275132275125 0.07830687830687824 0.07089947089947081 0.09470899470899459 0.04920634920634913 0.04920634920634913 0.12010582010582004 0.05026455026455019 0.057142857142857065 0.06719576719576711 0.04973544973544967 0.08253968253968247 0.05185185185185179 0.05132275132275125 0.07619047619047611
0.04490740740740736 0.2972222222222222 0.04305555555555551 0.07685185185185181 0.044907407407407354 0.04490740740740736 0.043518518518518456 0.04490740740740736 0.04398148148148142 0.04629629629629626 0.09074074074074065 0.04398148148148143 0.043055555555555514 0.044907407407407354 0.046759259259259243
0.059477124183006415 0.05882352941176457 0.059477124183006415 0.11241830065359452 0.05882352941176457 0.05882352941176457 0.060784313725490056 0.059477124183006415 0.05882352941176457 0.05882352941176457 0.06013071895424823 0.05882352941176457 0.05882352941176457 0.059477124183006415 0.11699346405228732
0.05740740740740729 0.061728395061728274 0.06234567901234556 0.05925925925925915 0.06049382716049371 0.06234567901234556 0.06049382716049371 0.06358024691358014 0.06296296296296286 0.06234567901234556 0.058024691358024585 0.06666666666666655 0.06049382716049371 0.0641975308641974 0.13765432098765412
0.046222222222222255 0.04933333333333337 0.047111111111111145 0.045777777777777806 0.044444444444444474 0.06711111111111115 0.04844444444444448 0.049333333333333354 0.044888888888888916 0.05333333333333337 0.045333333333333364 0.07022222222222227 0.04844444444444448 0.05111111111111115 0.28888888888888875
0.05864197530864187 0.05802469135802457 0.058641975308641854 0.05802469135802457 0.05679012345679001 0.05740740740740729 0.05617283950617273 0.05925925925925914 0.06049382716049371 0.05864197530864187 0.05864197530864187 0.06049382716049372 0.05925925925925914 0.058641975308641854 0.18086419753086394
0.05679012345679001 0.10987654320987633 0.05555555555555545 0.05617283950617273 0.05555555555555545 0.05617283950617273 0.05555555555555545 0.05555555555555545 0.05617283950617273 0.05555555555555545 0.05555555555555545 0.05555555555555545 0.05555555555555545 0.05555555555555545 0.1648148148148146
0.06140350877192979 0.11052631578947363 0.07251461988304089 0.05789473684210524 0.057309941520467804 0.0614035087719298 0.06432748538011693 0.06023391812865494 0.059649122807017514 0.07777777777777775 0.057894736842105284 0.06257309941520463 0.0637426900584795 0.05964912280701754 0.07309941520467837
0.06013071895424824 0.0594771241830064 0.0594771241830064 0.12222222222222198 0.05882352941176457 0.06013071895424824 0.06928104575163385 0.059477124183006415 0.06013071895424823 0.06013071895424824 0.06078431372549007 0.06013071895424823 0.0594771241830064 0.09019607843137238 0.06013071895424824
0.058479532163742694 0.05614035087719298 0.0590643274853801 0.08947368421052636 0.055555555555555546 0.056725146198830415 0.10233918128654972 0.1099415204678362 0.05614035087719297 0.058479532163742715 0.057309941520467804 0.05847953216374267 0.056725146198830394 0.07076023391812855 0.05438596491228069
0.06319444444444444 0.06319444444444444 0.07430555555555556 0.0625 0.06736111111111111 0.06527777777777778 0.07222222222222222 0.07291666666666667 0.06388888888888888 0.06666666666666667 0.06458333333333334 0.06458333333333334 0.06666666666666667 0.06736111111111111 0.06527777777777778
0.07242798353909473 0.07777777777777782 0.07119341563786018 0.05349794238683132 0.07283950617283953 0.1473251028806584 0.04691358024691362 0.04938271604938273 0.04403292181069963 0.09794238683127567 0.04362139917695478 0.07942386831275727 0.04691358024691362 0.05432098765432104 0.04238683127572022
0.06527777777777778 0.06527777777777778 0.06666666666666667 0.06458333333333334 0.06597222222222222 0.06527777777777778 0.06736111111111111 0.06805555555555555 0.06736111111111111 0.07152777777777777 0.06944444444444445 0.06319444444444444 0.06458333333333334 0.06736111111111111 0.06805555555555555
