0.057309941520467846 0.06725146198830403 0.07309941520467837 0.06491228070175435 0.055555555555555546 0.07192982456140351 0.06959064327485376 0.057309941520467825 0.11403508771929813 0.061403508771929786 0.05964912280701752 0.06549707602339179 0.06432748538011696 0.06432748538011693 0.05380116959064327
0.0625 0.0625 0.06319444444444444 0.0625 0.06319444444444444 0.06319444444444444 0.0625 0.06388888888888888 0.06597222222222222 0.06319444444444444 0.10902777777777778 0.06388888888888888 0.06319444444444444 0.06527777777777778 0.06597222222222222
0.0625 0.0625 0.06458333333333334 0.0625 0.06319444444444444 0.06388888888888888 0.06527777777777778 0.0625 0.11597222222222223 0.0625 0.06319444444444444 0.0625 0.06319444444444444 0.06319444444444444 0.0625
0.0625 0.07916666666666666 0.0625 0.0625 0.0625 0.06319444444444444 0.08125 0.0625 0.06527777777777778 0.0625 0.0625 0.06597222222222222 0.08194444444444444 0.06319444444444444 0.0625
0.06319444444444444 0.07847222222222222 0.06388888888888888 0.0625 0.0625 0.0625 0.08125 0.0625 0.06597222222222222 0.0625 0.0625 0.06458333333333334 0.08125 0.06319444444444444 0.06319444444444444
0.06388888888888888 0.06319444444444444 0.06319444444444444 0.06527777777777778 0.0625 0.10069444444444445 0.06388888888888888 0.06319444444444444 0.06597222222222222 0.06319444444444444 0.06458333333333334 0.06388888888888888 0.06805555555555555 0.06458333333333334 0.06388888888888888
0.11633986928104549 0.06797385620915018 0.06274509803921556 0.0594771241830064 0.06274509803921556 0.06274509803921555 0.0640522875816992 0.06339869281045737 0.06470588235294103 0.06601307189542471 0.059477124183006415 0.06209150326797373 0.0614379084967319 0.06470588235294104 0.062091503267973726
0.06597222222222222 0.06666666666666667 0.075 0.06388888888888888 0.06527777777777778 0.06875 0.06597222222222222 0.06527777777777778 0.06597222222222222 0.06666666666666667 0.06388888888888888 0.06388888888888888 0.07013888888888889 0.06736111111111111 0.06527777777777778
0.0625 0.06736111111111111 0.06319444444444444 0.06388888888888888 0.06319444444444444 0.0625 0.06319444444444444 0.0625 0.06388888888888888 0.06319444444444444 0.0625 0.10833333333333334 0.06319444444444444 0.06388888888888888 0.06666666666666667
0.06527777777777778 0.06388888888888888 0.06666666666666667 0.06319444444444444 0.07152777777777777 0.06666666666666667 0.06527777777777778 0.06527777777777778 0.06458333333333334 0.07083333333333333 0.06944444444444445 0.06458333333333334 0.06458333333333334 0.07013888888888889 0.06805555555555555
0.05679012345679002 0.06975308641975297 0.05555555555555545 0.05555555555555545 0.05555555555555545 0.05679012345679001 0.07037037037037024 0.05555555555555545 0.06234567901234556 0.05740740740740729 0.05740740740740729 0.1574074074074072 0.07777777777777765 0.05555555555555545 0.05617283950617273
0.05679012345679001 0.05617283950617273 0.05679012345679001 0.05679012345679001 0.05679012345679001 0.05617283950617273 0.05679012345679001 0.05555555555555545 0.06234567901234555 0.05679012345679001 0.09999999999999983 0.1549382716049381 0.05802469135802457 0.05864197530864187 0.05740740740740729
0.07037037037037026 0.07037037037037025 0.07777777777777765 0.06049382716049371 0.06419753086419742 0.07777777777777765 0.06296296296296283 0.06419753086419741 0.06543209876543199 0.06234567901234558 0.06419753086419741 0.06296296296296285 0.06419753086419742 0.06666666666666655 0.06604938271604925
0.06458333333333334 0.06458333333333334 0.07291666666666667 0.06388888888888888 0.06805555555555555 0.06805555555555555 0.06527777777777778 0.07361111111111111 0.06736111111111111 0.06666666666666667 0.06388888888888888 0.06388888888888888 0.06319444444444444 0.06736111111111111 0.06666666666666667
0.06458333333333334 0.06527777777777778 0.06805555555555555 0.06875 0.06388888888888888 0.06944444444444445 0.06736111111111111 0.07222222222222222 0.06527777777777778 0.06736111111111111 0.06527777777777778 0.06597222222222222 0.06319444444444444 0.06666666666666667 0.06666666666666667
0.06388888888888888 0.06666666666666667 0.07430555555555556 0.06458333333333334 0.0625 0.06736111111111111 0.06666666666666667 0.06736111111111111 0.06319444444444444 0.07222222222222222 0.06527777777777778 0.06388888888888888 0.06805555555555555 0.06805555555555555 0.06597222222222222
0.0625 0.06388888888888888 0.10416666666666667 0.06319444444444444 0.06388888888888888 0.06319444444444444 0.0625 0.06319444444444444 0.06527777777777778 0.06736111111111111 0.06388888888888888 0.06319444444444444 0.0625 0.06805555555555555 0.06319444444444444
0.06319444444444444 0.06597222222222222 0.06458333333333334 0.0625 0.06666666666666667 0.06319444444444444 0.06458333333333334 0.075 0.06736111111111111 0.06597222222222222 0.06388888888888888 0.06666666666666667 0.06666666666666667 0.06875 0.075
0.06666666666666667 0.06805555555555555 0.06875 0.06319444444444444 0.06805555555555555 0.06527777777777778 0.06597222222222222 0.06319444444444444 0.06527777777777778 0.06875 0.06666666666666667 0.06597222222222222 0.06875 0.06875 0.06666666666666667
0.06319444444444444 0.06666666666666667 0.06527777777777778 0.075 0.06388888888888888 0.06666666666666667 0.07152777777777777 0.06597222222222222 0.06458333333333334 0.06388888888888888 0.06736111111111111 0.06597222222222222 0.06875 0.06458333333333334 0.06666666666666667
0.06666666666666667 0.06597222222222222 0.06597222222222222 0.06597222222222222 0.06597222222222222 0.06319444444444444 0.06527777777777778 0.06458333333333334 0.07013888888888889 0.07152777777777777 0.06527777777777778 0.07152777777777777 0.06388888888888888 0.06805555555555555 0.06597222222222222
0.060784313725490056 0.06078431372549007 0.062091503267973726 0.0594771241830064 0.149019607843137 0.060784313725490056 0.06013071895424823 0.0594771241830064 0.06013071895424824 0.06274509803921556 0.06013071895424824 0.06209150326797373 0.05882352941176457 0.062091503267973726 0.0614379084967319
0.06458333333333334 0.06319444444444444 0.06527777777777778 0.07083333333333333 0.06736111111111111 0.06805555555555555 0.06527777777777778 0.06458333333333334 0.06666666666666667 0.07013888888888889 0.06527777777777778 0.06597222222222222 0.06666666666666667 0.07152777777777777 0.06458333333333334
0.09707602339181284 0.05614035087719299 0.0614035087719298 0.05380116959064327 0.056725146198830435 0.053801169590643266 0.05730994152046782 0.05497076023391813 0.05730994152046782 0.05730994152046784 0.05906432748538012 0.057309941520467825 0.053801169590643266 0.16608187134502905 0.05789473684210525
0.05438596491228072 0.05380116959064327 0.05321637426900585 0.2473684210526317 0.05321637426900586 0.05380116959064327 0.05321637426900586 0.052631578947368425 0.053801169590643266 0.05321637426900585 0.0543859649122807 0.05380116959064327 0.05380116959064327 0.055555555555555546 0.053801169590643266
0.053801169590643266 0.053801169590643266 0.05497076023391813 0.13274853801169573 0.054385964912280725 0.05380116959064327 0.055555555555555546 0.05321637426900584 0.055555555555555546 0.05321637426900584 0.05321637426900584 0.05789473684210527 0.15964912280701724 0.0543859649122807 0.053801169590643266
0.06388888888888888 0.0625 0.0625 0.0625 0.06388888888888888 0.06666666666666667 0.06388888888888888 0.06666666666666667 0.06597222222222222 0.0625 0.06319444444444444 0.08888888888888889 0.08055555555555556 0.06388888888888888 0.0625
0.06597222222222222 0.06388888888888888 0.06736111111111111 0.06319444444444444 0.09375 0.06388888888888888 0.06458333333333334 0.06458333333333334 0.06527777777777778 0.06736111111111111 0.06319444444444444 0.06388888888888888 0.06458333333333334 0.06527777777777778 0.06319444444444444
0.061437908496731905 0.06274509803921555 0.06274509803921556 0.06013071895424823 0.06274509803921555 0.09999999999999983 0.06601307189542471 0.06405228758169922 0.06405228758169922 0.06535947712418287 0.06274509803921555 0.07385620915032665 0.06797385620915018 0.06274509803921555 0.06339869281045739
0.05438596491228069 0.0567251461988304 0.09298245614035086 0.06608187134502927 0.11228070175438586 0.06315789473684205 0.05380116959064329 0.06725146198830409 0.05614035087719297 0.05906432748538012 0.05672514619883039 0.056725146198830415 0.05497076023391812 0.0654970760233918 0.08421052631578944
0.06458333333333334 0.06597222222222222 0.07083333333333333 0.06458333333333334 0.06736111111111111 0.06666666666666667 0.06388888888888888 0.06388888888888888 0.06319444444444444 0.07013888888888889 0.07013888888888889 0.07083333333333333 0.06805555555555555 0.06458333333333334 0.06527777777777778
0.0625 0.06458333333333334 0.06319444444444444 0.0625 0.06388888888888888 0.06319444444444444 0.06458333333333334 0.06458333333333334 0.07152777777777777 0.06319444444444444 0.10277777777777777 0.0625 0.06319444444444444 0.06458333333333334 0.06319444444444444
0.05617283950617273 0.05802469135802457 0.05555555555555545 0.05617283950617273 0.06543209876543198 0.06481481481481469 0.05679012345679001 0.0722222222222221 0.07530864197530852 0.06234567901234556 0.08580246913580235 0.058024691358024585 0.05679012345679001 0.05740740740740729 0.11913580246913567
0.06319444444444444 0.0625 0.0625 0.0625 0.06319444444444444 0.0625 0.0625 0.12152777777777778 0.06388888888888888 0.06319444444444444 0.0625 0.0625 0.0625 0.0625 0.0625
0.05444444444444435 0.05944444444444436 0.06666666666666658 0.05333333333333324 0.05555555555555547 0.05722222222222214 0.05611111111111103 0.0972222222222221 0.06666666666666657 0.0549999999999999 0.05611111111111103 0.10499999999999991 0.10444444444444445 0.05611111111111101 0.056666666666666574
0.0625 0.06319444444444444 0.06319444444444444 0.0625 0.06388888888888888 0.06458333333333334 0.0625 0.06388888888888888 0.06388888888888888 0.0625 0.11388888888888889 0.06458333333333334 0.06319444444444444 0.0625 0.06319444444444444
0.06296296296296283 0.06481481481481469 0.062345679012345556 0.05864197530864187 0.06049382716049372 0.08950617283950606 0.061111111111111005 0.059876543209876426 0.06049382716049372 0.06111111111111099 0.058641975308641854 0.11111111111111094 0.06296296296296285 0.06358024691358014 0.062345679012345556
0.0625 0.0625 0.06388888888888888 0.0625 0.0625 0.06319444444444444 0.0625 0.06319444444444444 0.0625 0.0625 0.06388888888888888 0.11736111111111111 0.06527777777777778 0.0625 0.06319444444444444
0.06388888888888888 0.06875 0.06875 0.06319444444444444 0.06388888888888888 0.06944444444444445 0.07083333333333333 0.06527777777777778 0.06527777777777778 0.06736111111111111 0.07291666666666667 0.06736111111111111 0.06458333333333334 0.06388888888888888 0.06458333333333334
0.0625 0.06319444444444444 0.06319444444444444 0.11666666666666667 0.06388888888888888 0.0625 0.06319444444444444 0.06319444444444444 0.06319444444444444 0.0625 0.06319444444444444 0.0625 0.0625 0.06458333333333334 0.06319444444444444
0.0625 0.06458333333333334 0.0625 0.0625 0.0625 0.0625 0.06388888888888888 0.0625 0.12013888888888889 0.0625 0.0625 0.0625 0.06319444444444444 0.06319444444444444 0.0625
0.06666666666666653 0.06928104575163385 0.0679738562091502 0.0640522875816992 0.0614379084967319 0.06470588235294104 0.07385620915032666 0.062091503267973726 0.07320261437908482 0.07320261437908485 0.06274509803921555 0.06405228758169922 0.0705882352941175 0.06274509803921556 0.06339869281045739
0.06333333333333324 0.08611111111111104 0.06333333333333326 0.05444444444444436 0.05722222222222214 0.06111111111111102 0.07722222222222212 0.06055555555555547 0.09944444444444442 0.07055555555555547 0.057222222222222126 0.058333333333333244 0.07555555555555546 0.06111111111111103 0.05444444444444437
0.05617283950617273 0.08950617283950607 0.061111111111111005 0.05617283950617273 0.05679012345679001 0.06604938271604925 0.09691358024691345 0.058024691358024585 0.06481481481481469 0.05864197530864187 0.05864197530864187 0.07345679012345663 0.0888888888888888 0.05925925925925915 0.05555555555555545
0.056666666666666574 0.07333333333333326 0.06333333333333326 0.059999999999999894 0.06499999999999989 0.05666666666666658 0.08166666666666658 0.0677777777777777 0.07611111111111107 0.05611111111111102 0.05611111111111103 0.06277777777777767 0.07333333333333326 0.06166666666666658 0.08944444444444435
0.05132275132275125 0.05291005291005283 0.052910052910052824 0.050264550264550185 0.05185185185185177 0.08994708994708986 0.05555555555555547 0.09576719576719564 0.05396825396825389 0.051851851851851774 0.08465608465608453 0.04973544973544965 0.04973544973544967 0.15767195767195752 0.05185185185185179
0.05925925925925914 0.07530864197530852 0.061111111111111005 0.061728395061728274 0.0648148148148147 0.05925925925925915 0.08148148148148134 0.0679012345679011 0.061728395061728274 0.05925925925925914 0.0574074074074073 0.06419753086419741 0.07098765432098753 0.05925925925925915 0.09629629629629616
0.04999999999999991 0.052222222222222135 0.0527777777777777 0.0738888888888888 0.05166666666666658 0.05111111111111102 0.04999999999999991 0.052222222222222135 0.23333333333333317 0.05111111111111103 0.07833333333333321 0.050555555555555465 0.05111111111111102 0.05055555555555547 0.05111111111111103
0.058333333333333244 0.06222222222222214 0.0938888888888888 0.05611111111111104 0.05444444444444435 0.058888888888888796 0.05944444444444435 0.06277777777777768 0.13333333333333325 0.06222222222222214 0.05833333333333324 0.059999999999999915 0.05666666666666658 0.0627777777777777 0.06055555555555546
0.05679012345679001 0.05555555555555545 0.05679012345679001 0.05864197530864187 0.05679012345679001 0.09197530864197515 0.05555555555555545 0.05740740740740729 0.16666666666666644 0.05679012345679001 0.0574074074074073 0.05740740740740729 0.058024691358024585 0.05679012345679002 0.05740740740740729
0.05672514619883039 0.05614035087719296 0.058479532163742666 0.053801169590643266 0.16198830409356713 0.05789473684210526 0.056725146198830415 0.07076023391812863 0.05614035087719296 0.06198830409356722 0.05438596491228069 0.05730994152046784 0.05438596491228071 0.06432748538011696 0.07894736842105264
0.05925925925925914 0.06604938271604925 0.062345679012345556 0.058024691358024585 0.07283950617283938 0.06049382716049372 0.06358024691358014 0.0648148148148147 0.06790123456790113 0.06049382716049371 0.05925925925925915 0.10370370370370353 0.061728395061728274 0.0728395061728394 0.06666666666666653
0.06319444444444444 0.06527777777777778 0.06388888888888888 0.06388888888888888 0.0625 0.10416666666666667 0.06458333333333334 0.06388888888888888 0.0625 0.06458333333333334 0.06458333333333334 0.06319444444444444 0.06458333333333334 0.06527777777777778 0.06388888888888888
0.05740740740740729 0.06358024691358012 0.09074074074074062 0.07407407407407396 0.061111111111111005 0.061111111111111005 0.06913580246913568 0.06543209876543199 0.06296296296296286 0.08395061728395048 0.06049382716049371 0.05802469135802457 0.06543209876543199 0.06172839506172829 0.06481481481481469
0.0625 0.0625 0.06319444444444444 0.12361111111111112 0.0625 0.0625 0.0625 0.0625 0.0625 0.0625 0.0625 0.0625 0.0625 0.0625 0.06319444444444444
0.05291005291005283 0.053439153439153356 0.05555555555555547 0.10687830687830675 0.05238095238095231 0.053968253968253874 0.05132275132275124 0.0941798941798941 0.05449735449735443 0.05343915343915337 0.05502645502645495 0.052380952380952306 0.15502645502645485 0.05608465608465602 0.05291005291005283
0.053888888888888806 0.06666666666666657 0.053888888888888806 0.1116666666666666 0.058888888888888796 0.06555555555555548 0.07999999999999989 0.06055555555555547 0.06333333333333324 0.058888888888888796 0.05333333333333324 0.05833333333333324 0.10388888888888886 0.05888888888888881 0.052222222222222135
0.05555555555555545 0.05617283950617273 0.05679012345679001 0.10987654320987633 0.05555555555555545 0.05617283950617273 0.05555555555555545 0.05555555555555545 0.05555555555555545 0.05555555555555545 0.05617283950617273 0.05617283950617273 0.16296296296296273 0.05555555555555545 0.05679012345679001
0.06339869281045737 0.06535947712418287 0.06797385620915021 0.062091503267973726 0.062091503267973726 0.06078431372549007 0.06470588235294104 0.06339869281045739 0.06339869281045737 0.0640522875816992 0.062091503267973726 0.06078431372549007 0.10522875816993445 0.07189542483660118 0.06274509803921555
0.05882352941176457 0.05882352941176457 0.059477124183006415 0.05882352941176457 0.05882352941176457 0.0594771241830064 0.05882352941176457 0.05882352941176457 0.0594771241830064 0.05882352941176457 0.0594771241830064 0.05882352941176457 0.17385620915032654 0.05882352941176457 0.05882352941176457
0.06013071895424824 0.072549019607843 0.061437908496731884 0.05882352941176457 0.06078431372549007 0.06993464052287565 0.08235294117647045 0.06274509803921555 0.060784313725490056 0.0594771241830064 0.08954248366013055 0.06339869281045737 0.0771241830065358 0.05882352941176457 0.06209150326797371
0.060233918128654966 0.055555555555555546 0.08888888888888893 0.05321637426900586 0.057309941520467804 0.055555555555555546 0.061988304093567176 0.0900584795321637 0.0596491228070175 0.08304093567251462 0.054970760233918115 0.06315789473684204 0.057309941520467804 0.07309941520467834 0.0859649122807018
0.0640522875816992 0.0594771241830064 0.06274509803921557 0.05882352941176457 0.061437908496731905 0.06078431372549007 0.06013071895424823 0.07777777777777764 0.0679738562091502 0.06013071895424824 0.10130718954248348 0.072549019607843 0.06013071895424823 0.06274509803921555 0.06993464052287571
0.10526315789473678 0.05497076023391812 0.06023391812865496 0.05438596491228071 0.06959064327485376 0.05906432748538009 0.05847953216374267 0.07894736842105253 0.06198830409356722 0.06198830409356722 0.06959064327485377 0.07368421052631577 0.05789473684210526 0.06549707602339176 0.06842105263157897
0.0625 0.06319444444444444 0.0875 0.0625 0.0625 0.0625 0.06527777777777778 0.06458333333333334 0.06388888888888888 0.08680555555555555 0.0625 0.06319444444444444 0.0625 0.06736111111111111 0.06319444444444444
0.05555555555555555 0.058479532163742694 0.056725146198830415 0.16198830409356693 0.055555555555555546 0.09415204678362574 0.05614035087719296 0.05614035087719298 0.05789473684210525 0.058479532163742666 0.055555555555555546 0.06198830409356729 0.05964912280701752 0.05614035087719298 0.055555555555555566
0.06013071895424824 0.06013071895424824 0.0640522875816992 0.08823529411764688 0.06078431372549007 0.06470588235294106 0.06078431372549008 0.10784313725490173 0.06013071895424824 0.06013071895424824 0.061437908496731884 0.0660130718954247 0.0633986928104574 0.06209150326797373 0.06013071895424823
0.06078431372549007 0.06013071895424824 0.06013071895424824 0.05882352941176457 0.05882352941176457 0.06013071895424824 0.06013071895424823 0.05882352941176457 0.05882352941176457 0.06013071895424824 0.05882352941176457 0.16143790849673179 0.060784313725490056 0.0614379084967319 0.06078431372549007
0.05617283950617273 0.05679012345679001 0.05925925925925915 0.1969135802469133 0.06234567901234556 0.05679012345679001 0.05617283950617273 0.058024691358024585 0.05617283950617273 0.05617283950617273 0.0574074074074073 0.05617283950617273 0.05679012345679001 0.05740740740740729 0.0574074074074073
0.06388888888888888 0.06458333333333334 0.06527777777777778 0.07361111111111111 0.06458333333333334 0.06388888888888888 0.06319444444444444 0.06458333333333334 0.0625 0.06805555555555555 0.0625 0.06388888888888888 0.06319444444444444 0.09375 0.0625
0.05497076023391812 0.05614035087719297 0.0777777777777778 0.11052631578947365 0.07719298245614027 0.05614035087719298 0.0567251461988304 0.06432748538011696 0.08596491228070177 0.07660818713450289 0.05438596491228071 0.05497076023391813 0.05555555555555555 0.06374269005847952 0.054970760233918115
0.058641975308641875 0.06604938271604928 0.08950617283950607 0.05802469135802457 0.05864197530864187 0.06913580246913567 0.06851851851851842 0.05925925925925916 0.05864197530864187 0.11790123456790107 0.06049382716049373 0.05740740740740729 0.05617283950617273 0.06296296296296283 0.058641975308641875
0.05555555555555545 0.058641975308641854 0.05740740740740729 0.12901234567901215 0.0827160493827159 0.05679012345679002 0.05802469135802457 0.05925925925925916 0.062345679012345556 0.05617283950617273 0.093827160493827 0.0574074074074073 0.05617283950617273 0.05925925925925915 0.05740740740740729
0.11444444444444445 0.05611111111111103 0.05666666666666658 0.05277777777777768 0.05499999999999991 0.10388888888888885 0.05555555555555547 0.09722222222222213 0.06444444444444433 0.056666666666666594 0.05499999999999991 0.05611111111111101 0.06444444444444433 0.05611111111111102 0.05555555555555548
0.06319444444444444 0.06319444444444444 0.06458333333333334 0.0763888888888889 0.09791666666666667 0.0625 0.06319444444444444 0.06527777777777778 0.06388888888888888 0.0625 0.06319444444444444 0.0625 0.0625 0.06527777777777778 0.06388888888888888
0.059876543209876426 0.06111111111111099 0.06913580246913567 0.06728395061728384 0.061728395061728294 0.11604938271604923 0.06358024691358015 0.06049382716049371 0.061111111111111005 0.0648148148148147 0.05987654320987645 0.07037037037037028 0.06172839506172829 0.06234567901234556 0.0604938271604937
0.05277777777777769 0.06611111111111104 0.12222222222222229 0.05111111111111102 0.07722222222222215 0.05444444444444437 0.06499999999999992 0.07222222222222215 0.05888888888888881 0.0727777777777777 0.05277777777777768 0.05611111111111101 0.06722222222222213 0.06333333333333323 0.06777777777777767
0.06274509803921555 0.06405228758169922 0.06928104575163385 0.06078431372549007 0.06535947712418289 0.07516339869281032 0.06535947712418286 0.061437908496731884 0.06339869281045737 0.0633986928104574 0.060784313725490056 0.07385620915032666 0.06601307189542471 0.0640522875816992 0.08431372549019592
0.06274509803921555 0.0614379084967319 0.06535947712418289 0.059477124183006415 0.061437908496731884 0.06405228758169923 0.06535947712418289 0.06601307189542469 0.0660130718954247 0.0614379084967319 0.10588235294117627 0.06470588235294104 0.06470588235294104 0.06666666666666654 0.06470588235294103
0.058641975308641854 0.058641975308641875 0.10679012345679 0.05864197530864187 0.05679012345679001 0.0574074074074073 0.0722222222222221 0.059876543209876426 0.06604938271604928 0.10617283950617272 0.06481481481481469 0.058024691358024585 0.058641975308641854 0.061111111111110984 0.05617283950617273
0.07847222222222222 0.06319444444444444 0.06944444444444445 0.06388888888888888 0.06527777777777778 0.06388888888888888 0.06736111111111111 0.06875 0.06527777777777778 0.06458333333333334 0.06944444444444445 0.06388888888888888 0.06388888888888888 0.06388888888888888 0.06875
0.11527777777777778 0.06319444444444444 0.06319444444444444 0.0625 0.0625 0.06388888888888888 0.06388888888888888 0.0625 0.0625 0.06458333333333334 0.0625 0.0625 0.0625 0.06527777777777778 0.06319444444444444
0.0625 0.0625 0.06666666666666667 0.0625 0.06319444444444444 0.06319444444444444 0.0625 0.0625 0.06597222222222222 0.06319444444444444 0.1076388888888889 0.06319444444444444 0.06319444444444444 0.06666666666666667 0.06458333333333334
0.05882352941176457 0.0594771241830064 0.05882352941176457 0.12352941176470564 0.0594771241830064 0.06013071895424824 0.05882352941176457 0.06339869281045737 0.05882352941176457 0.05882352941176457 0.06013071895424824 0.05882352941176457 0.0594771241830064 0.05882352941176457 0.10261437908496711
0.06274509803921555 0.0614379084967319 0.07058823529411752 0.0614379084967319 0.12483660130718935 0.0594771241830064 0.06209150326797371 0.0614379084967319 0.0614379084967319 0.06339869281045737 0.06078431372549007 0.06078431372549007 0.0614379084967319 0.06470588235294103 0.06339869281045739
0.0625 0.07847222222222222 0.06388888888888888 0.0625 0.0625 0.0625 0.08194444444444444 0.06319444444444444 0.06597222222222222 0.0625 0.0625 0.06458333333333334 0.08194444444444444 0.0625 0.0625
0.06458333333333334 0.06805555555555555 0.06458333333333334 0.06319444444444444 0.06458333333333334 0.06388888888888888 0.06597222222222222 0.08055555555555556 0.06319444444444444 0.06527777777777778 0.06458333333333334 0.06319444444444444 0.06458333333333334 0.075 0.06875
0.05740740740740729 0.05925925925925914 0.09259259259259246 0.05679012345679001 0.05802469135802457 0.0685185185185184 0.0574074074074073 0.05740740740740729 0.0728395061728394 0.08518518518518504 0.098148148148148 0.05740740740740729 0.05679012345679002 0.06234567901234556 0.05987654320987642
0.06527777777777778 0.06736111111111111 0.0763888888888889 0.06319444444444444 0.06527777777777778 0.06666666666666667 0.06666666666666667 0.06458333333333334 0.06458333333333334 0.06944444444444445 0.06527777777777778 0.06666666666666667 0.06666666666666667 0.06875 0.06319444444444444
0.06319444444444444 0.0625 0.0625 0.06319444444444444 0.0625 0.11319444444444444 0.0625 0.0625 0.06388888888888888 0.0625 0.06388888888888888 0.06319444444444444 0.06944444444444445 0.0625 0.0625
0.0594771241830064 0.05882352941176457 0.05882352941176457 0.05882352941176457 0.06928104575163385 0.059477124183006415 0.05882352941176457 0.0699346405228757 0.06078431372549007 0.05882352941176457 0.0594771241830064 0.05882352941176457 0.05882352941176457 0.11960784313725463 0.09019607843137238
0.058479532163742694 0.05321637426900585 0.059649122807017535 0.05497076023391814 0.1228070175438595 0.0543859649122807 0.05789473684210523 0.10292397660818706 0.0573099415204678 0.058479532163742666 0.0543859649122807 0.0643274853801169 0.052631578947368425 0.06257309941520466 0.08596491228070177
0.06527777777777778 0.06597222222222222 0.06527777777777778 0.06388888888888888 0.06666666666666667 0.06458333333333334 0.06875 0.06805555555555555 0.06597222222222222 0.06805555555555555 0.06805555555555555 0.06666666666666667 0.06458333333333334 0.07013888888888889 0.06805555555555555
0.0625 0.07847222222222222 0.06319444444444444 0.06319444444444444 0.0625 0.0625 0.0798611111111111 0.06319444444444444 0.06805555555555555 0.06319444444444444 0.0625 0.06736111111111111 0.07847222222222222 0.0625 0.0625
0.06339869281045739 0.06862745098039201 0.06862745098039201 0.06013071895424824 0.09281045751633968 0.06274509803921555 0.06535947712418289 0.06339869281045737 0.06732026143790835 0.06797385620915018 0.06666666666666653 0.06274509803921555 0.06274509803921556 0.0640522875816992 0.0633986928104574
0.0625 0.06319444444444444 0.08472222222222223 0.0625 0.0625 0.0625 0.06736111111111111 0.06319444444444444 0.06597222222222222 0.08819444444444445 0.0625 0.0625 0.0625 0.06666666666666667 0.06319444444444444
0.05906432748538012 0.055555555555555546 0.09883040935672512 0.053801169590643266 0.06081871345029237 0.06783625730994151 0.06023391812865496 0.07719298245614023 0.06725146198830403 0.08771929824561402 0.058479532163742645 0.06549707602339176 0.055555555555555566 0.07076023391812862 0.06140350877192987
0.060784313725490056 0.0594771241830064 0.059477124183006415 0.06013071895424823 0.059477124183006415 0.15947712418300627 0.06013071895424824 0.06013071895424823 0.0594771241830064 0.0594771241830064 0.06013071895424823 0.059477124183006415 0.061437908496731884 0.0614379084967319 0.059477124183006415
0.058024691358024585 0.196296296296296 0.05864197530864187 0.05679012345679001 0.05925925925925915 0.05679012345679001 0.05617283950617273 0.05555555555555545 0.05617283950617273 0.05864197530864187 0.05617283950617273 0.05802469135802457 0.05679012345679001 0.058641975308641854 0.058024691358024585
0.05882352941176457 0.07712418300653581 0.06078431372549007 0.0594771241830064 0.05882352941176457 0.06013071895424823 0.07843137254901945 0.059477124183006415 0.10915032679738541 0.061437908496731884 0.05882352941176457 0.06470588235294103 0.07385620915032666 0.059477124183006415 0.0594771241830064
0.0594771241830064 0.05882352941176457 0.06013071895424824 0.05882352941176457 0.06666666666666654 0.05882352941176457 0.059477124183006415 0.13202614379084945 0.061437908496731884 0.05882352941176457 0.0594771241830064 0.0594771241830064 0.059477124183006415 0.05882352941176457 0.08823529411764688
0.06319444444444444 0.12152777777777778 0.06319444444444444 0.06319444444444444 0.06319444444444444 0.0625 0.0625 0.06319444444444444 0.0625 0.0625 0.0625 0.0625 0.0625 0.0625 0.0625
0.0625 0.0625 0.06319444444444444 0.0625 0.0625 0.0625 0.0625 0.06319444444444444 0.0625 0.0625 0.0625 0.0625 0.0625 0.12291666666666666 0.06319444444444444
0.06597222222222222 0.06736111111111111 0.06458333333333334 0.06527777777777778 0.06666666666666667 0.07847222222222222 0.06527777777777778 0.06458333333333334 0.06388888888888888 0.07222222222222222 0.06527777777777778 0.06527777777777778 0.06597222222222222 0.06527777777777778 0.06388888888888888
0.05291005291005283 0.056084656084655994 0.05661375661375652 0.05291005291005283 0.059788359788359724 0.0666666666666666 0.05502645502645495 0.05925925925925918 0.05502645502645494 0.05343915343915337 0.051322751322751256 0.20582010582010565 0.06243386243386234 0.056084656084656015 0.05661375661375654
0.09417989417989409 0.050793650793650724 0.05343915343915337 0.04920634920634914 0.04973544973544967 0.055555555555555476 0.051851851851851774 0.051851851851851774 0.05132275132275125 0.05238095238095231 0.04920634920634913 0.23544973544973521 0.056084656084655994 0.05026455026455019 0.048677248677248604
0.05555555555555554 0.06023391812865496 0.08888888888888889 0.055555555555555546 0.05438596491228069 0.10584795321637422 0.059649122807017514 0.059064327485380076 0.056725146198830394 0.08245614035087719 0.05847953216374267 0.08245614035087717 0.057309941520467804 0.0637426900584795 0.05964912280701754
0.05789473684210527 0.05789473684210526 0.11052631578947361 0.054970760233918115 0.0543859649122807 0.09239766081871345 0.06257309941520463 0.05555555555555554 0.05789473684210522 0.11052631578947363 0.05964912280701752 0.05789473684210529 0.055555555555555525 0.05555555555555554 0.056725146198830415
0.06319444444444444 0.06319444444444444 0.06458333333333334 0.06319444444444444 0.06388888888888888 0.09722222222222222 0.06319444444444444 0.06319444444444444 0.06458333333333334 0.06319444444444444 0.06388888888888888 0.07083333333333333 0.06805555555555555 0.06388888888888888 0.06388888888888888
0.06388888888888888 0.06527777777777778 0.06388888888888888 0.06388888888888888 0.0625 0.06319444444444444 0.06319444444444444 0.06388888888888888 0.06388888888888888 0.06597222222222222 0.06388888888888888 0.10694444444444444 0.06319444444444444 0.06388888888888888 0.0625
0.061437908496731905 0.07908496732026128 0.06470588235294104 0.07777777777777761 0.06209150326797373 0.062091503267973726 0.0771241830065358 0.06078431372549007 0.06470588235294104 0.06274509803921555 0.06274509803921556 0.06274509803921555 0.07581699346405214 0.061437908496731884 0.06470588235294103
0.059477124183006415 0.07843137254901945 0.06013071895424824 0.06797385620915018 0.09477124183006518 0.05882352941176457 0.07581699346405214 0.06405228758169923 0.06274509803921556 0.0594771241830064 0.0614379084967319 0.06209150326797371 0.07385620915032666 0.06078431372549007 0.06013071895424824
0.054970760233918115 0.05497076023391813 0.056725146198830435 0.06023391812865499 0.1947368421052632 0.055555555555555546 0.05555555555555554 0.060233918128654966 0.058479532163742666 0.05614035087719298 0.05497076023391813 0.05789473684210526 0.057309941520467825 0.06549707602339179 0.0567251461988304
0.06013071895424823 0.061437908496731905 0.08104575163398677 0.05882352941176457 0.06013071895424823 0.0594771241830064 0.11045751633986907 0.0594771241830064 0.061437908496731905 0.08758169934640506 0.05882352941176457 0.0594771241830064 0.0594771241830064 0.06274509803921555 0.0594771241830064
0.05882352941176457 0.0594771241830064 0.08954248366013054 0.05882352941176457 0.0594771241830064 0.05882352941176457 0.060784313725490056 0.0594771241830064 0.06862745098039202 0.0816993464052286 0.10130718954248345 0.06013071895424824 0.06013071895424824 0.06274509803921555 0.06013071895424824
0.05882352941176457 0.0594771241830064 0.0594771241830064 0.1705882352941174 0.059477124183006415 0.05882352941176457 0.06013071895424823 0.05882352941176457 0.0594771241830064 0.059477124183006415 0.06013071895424823 0.05882352941176457 0.05882352941176457 0.05882352941176457 0.05882352941176457
0.05617283950617273 0.05555555555555545 0.05555555555555545 0.18641975308641948 0.0827160493827159 0.05617283950617273 0.05555555555555545 0.058024691358024585 0.05679012345679001 0.05555555555555545 0.05555555555555545 0.05617283950617273 0.05617283950617273 0.05617283950617273 0.05740740740740729
0.0625 0.0625 0.08611111111111111 0.0625 0.0625 0.06319444444444444 0.06527777777777778 0.0625 0.06388888888888888 0.09375 0.0625 0.0625 0.0625 0.06527777777777778 0.0625
0.057309941520467804 0.07076023391812866 0.060233918128654945 0.057309941520467804 0.1146198830409356 0.05964912280701754 0.07368421052631575 0.05789473684210526 0.06374269005847953 0.06081871345029239 0.059064327485380125 0.06315789473684208 0.07543859649122803 0.0660818713450292 0.060233918128654924
0.05964912280701754 0.05906432748538011 0.06491228070175435 0.0736842105263158 0.0637426900584795 0.06257309941520464 0.057309941520467825 0.0619883040935672 0.06081871345029241 0.05672514619883037 0.061403508771929766 0.07485380116959063 0.05789473684210527 0.11871345029239762 0.0666666666666666
0.05555555555555548 0.05343915343915337 0.07830687830687824 0.05079365079365073 0.06719576719576713 0.06190476190476181 0.0619047619047618 0.06455026455026447 0.06719576719576711 0.06296296296296287 0.0904761904761904 0.0576719576719576 0.05291005291005284 0.0687830687830687 0.10634920634920629
0.05882352941176457 0.06013071895424824 0.05882352941176457 0.05882352941176457 0.05882352941176457 0.05882352941176457 0.0594771241830064 0.0594771241830064 0.05882352941176457 0.05882352941176457 0.05882352941176457 0.05882352941176457 0.17385620915032654 0.05882352941176457 0.05882352941176457
0.062091503267973726 0.06928104575163385 0.062091503267973726 0.0614379084967319 0.06666666666666655 0.060784313725490056 0.07124183006535936 0.07647058823529394 0.06993464052287568 0.06535947712418287 0.06339869281045737 0.06732026143790838 0.06535947712418287 0.07450980392156849 0.0640522875816992
0.056725146198830394 0.056725146198830394 0.058479532163742666 0.05614035087719297 0.05438596491228069 0.05789473684210526 0.05614035087719298 0.11929824561403503 0.061988304093567224 0.05614035087719296 0.09824561403508773 0.09766081871345032 0.05730994152046784 0.0567251461988304 0.056140350877193
0.06319444444444444 0.075 0.0625 0.0625 0.0625 0.0625 0.08611111111111111 0.0625 0.06458333333333334 0.0625 0.0625 0.06736111111111111 0.08125 0.0625 0.0625
0.0625 0.07569444444444444 0.0625 0.0625 0.0625 0.0625 0.08055555555555556 0.0625 0.06736111111111111 0.0625 0.0625 0.06666666666666667 0.08333333333333333 0.06388888888888888 0.0625
0.05882352941176457 0.0771241830065358 0.06078431372549007 0.05882352941176457 0.059477124183006415 0.10130718954248345 0.07450980392156849 0.059477124183006415 0.062091503267973726 0.06209150326797373 0.06013071895424824 0.0640522875816992 0.08169934640522859 0.060784313725490056 0.05882352941176457
0.058479532163742666 0.14327485380116942 0.056725146198830394 0.05906432748538009 0.0567251461988304 0.06081871345029239 0.06900584795321636 0.05847953216374269 0.0654970760233918 0.059649122807017514 0.05614035087719297 0.06081871345029235 0.07192982456140345 0.05555555555555555 0.06783625730994146
0.05882352941176457 0.06013071895424823 0.08366013071895409 0.05882352941176457 0.0594771241830064 0.059477124183006415 0.0614379084967319 0.06078431372549007 0.06993464052287568 0.08627450980392139 0.09673202614379066 0.06013071895424824 0.05882352941176457 0.0640522875816992 0.0614379084967319
0.06078431372549007 0.06078431372549007 0.0594771241830064 0.08823529411764688 0.07450980392156847 0.0594771241830064 0.05882352941176457 0.07124183006535935 0.06339869281045737 0.06078431372549007 0.06013071895424823 0.06078431372549008 0.0594771241830064 0.0594771241830064 0.10261437908496714
0.05864197530864187 0.07222222222222209 0.061111111111111005 0.05740740740740729 0.058641975308641854 0.05864197530864187 0.0759259259259258 0.061111111111111005 0.06790123456790112 0.058024691358024585 0.06049382716049371 0.1117283950617282 0.0796296296296295 0.05864197530864187 0.059876543209876426
0.06732026143790837 0.06535947712418287 0.08300653594771228 0.059477124183006415 0.0614379084967319 0.06666666666666653 0.07189542483660118 0.06470588235294104 0.06209150326797373 0.0679738562091502 0.06535947712418287 0.06339869281045739 0.06470588235294104 0.07516339869281032 0.0614379084967319
0.072549019607843 0.06339869281045739 0.06601307189542473 0.06013071895424823 0.061437908496731905 0.06274509803921556 0.06470588235294104 0.06405228758169922 0.06732026143790834 0.06339869281045739 0.10261437908496711 0.062091503267973726 0.0594771241830064 0.0614379084967319 0.06862745098039202
0.059477124183006415 0.0594771241830064 0.05882352941176457 0.1666666666666664 0.0594771241830064 0.05882352941176457 0.06013071895424824 0.05882352941176457 0.05882352941176457 0.06013071895424823 0.05882352941176457 0.06013071895424823 0.0594771241830064 0.06078431372549007 0.06013071895424823
0.07385620915032666 0.06405228758169922 0.06339869281045737 0.06274509803921555 0.06339869281045739 0.0614379084967319 0.062091503267973726 0.06209150326797373 0.06535947712418287 0.06862745098039204 0.06339869281045737 0.0594771241830064 0.062091503267973726 0.0947712418300652 0.07320261437908483
0.20952380952380917 0.050264550264550185 0.07460317460317453 0.05132275132275124 0.06984126984126975 0.05132275132275125 0.05555555555555548 0.0576719576719576 0.05132275132275125 0.07513227513227504 0.04814814814814808 0.05132275132275125 0.05026455026455019 0.05449735449735442 0.04920634920634914
0.06928104575163385 0.0640522875816992 0.07189542483660114 0.0594771241830064 0.06339869281045739 0.06535947712418287 0.06862745098039202 0.06470588235294103 0.06732026143790834 0.06928104575163387 0.06601307189542471 0.0699346405228757 0.06862745098039202 0.06928104575163387 0.06274509803921556
0.06274509803921555 0.062091503267973726 0.06666666666666655 0.062091503267973726 0.08627450980392141 0.06274509803921555 0.06405228758169922 0.07124183006535932 0.06470588235294104 0.06732026143790837 0.062091503267973726 0.06405228758169923 0.06732026143790835 0.07058823529411752 0.06601307189542471
0.1419753086419751 0.06419753086419741 0.061728395061728274 0.05864197530864187 0.06049382716049371 0.058641975308641854 0.06419753086419741 0.06049382716049372 0.05802469135802457 0.06358024691358014 0.062345679012345584 0.061728395061728274 0.059876543209876426 0.06358024691358014 0.0604938271604937
0.06319444444444444 0.0625 0.0625 0.06319444444444444 0.075 0.0625 0.0625 0.07361111111111111 0.0625 0.06388888888888888 0.0625 0.0625 0.0625 0.06458333333333334 0.09652777777777778
0.0625 0.0625 0.06319444444444444 0.0625 0.06319444444444444 0.06319444444444444 0.06319444444444444 0.06458333333333334 0.06944444444444445 0.0625 0.10902777777777778 0.06319444444444444 0.0625 0.06597222222222222 0.0625
0.06319444444444444 0.06388888888888888 0.0625 0.06388888888888888 0.06458333333333334 0.07152777777777777 0.06458333333333334 0.06458333333333334 0.06319444444444444 0.0625 0.09791666666666667 0.06527777777777778 0.0625 0.06319444444444444 0.06666666666666667
0.05882352941176457 0.0594771241830064 0.06274509803921556 0.05882352941176457 0.07581699346405214 0.06078431372549007 0.05882352941176457 0.07189542483660118 0.06666666666666653 0.06013071895424824 0.09803921568627431 0.05882352941176457 0.059477124183006415 0.06274509803921555 0.08692810457516324
