0.07124183006535934 0.05882352941176457 0.059477124183006415 0.08692810457516324 0.0594771241830064 0.05882352941176457 0.059477124183006415 0.05882352941176457 0.07450980392156849 0.0699346405228757 0.0594771241830064 0.09477124183006518 0.059477124183006415 0.05882352941176457 0.06993464052287567
0.0594771241830064 0.05882352941176457 0.05882352941176457 0.07254901960784298 0.06013071895424823 0.05882352941176457 0.061437908496731884 0.05882352941176457 0.06013071895424824 0.07777777777777765 0.05882352941176457 0.1366013071895423 0.06013071895424824 0.05882352941176457 0.05882352941176457
0.06319444444444444 0.0625 0.0625 0.06458333333333334 0.06527777777777778 0.06319444444444444 0.06666666666666667 0.06458333333333334 0.06527777777777778 0.06805555555555555 0.06319444444444444 0.07777777777777778 0.06458333333333334 0.06319444444444444 0.08541666666666667
0.06296296296296285 0.05617283950617273 0.14999999999999983 0.07283950617283938 0.06049382716049371 0.0574074074074073 0.05740740740740729 0.05555555555555545 0.07839506172839496 0.05679012345679001 0.05617283950617273 0.05740740740740729 0.05679012345679001 0.05679012345679001 0.06481481481481469
0.0594771241830064 0.0594771241830064 0.060784313725490056 0.05882352941176457 0.059477124183006415 0.05882352941176457 0.05882352941176457 0.08888888888888873 0.05882352941176457 0.059477124183006415 0.059477124183006415 0.05882352941176457 0.14052287581699321 0.0594771241830064 0.05882352941176457
0.07777777777777765 0.058641975308641854 0.06419753086419742 0.07037037037037024 0.06666666666666655 0.05864197530864187 0.06913580246913568 0.059876543209876426 0.06296296296296283 0.07777777777777765 0.06481481481481469 0.07037037037037024 0.06666666666666655 0.06358024691358014 0.06851851851851841
0.0737373737373738 0.04797979797979798 0.05858585858585862 0.07979797979797985 0.05101010101010102 0.04848484848484849 0.06010101010101018 0.07575757575757582 0.06515151515151521 0.09343434343434352 0.04949494949494951 0.0848484848484849 0.07626262626262628 0.04898989898989898 0.08636363636363639
0.07083333333333333 0.06388888888888888 0.06944444444444445 0.06597222222222222 0.06875 0.06319444444444444 0.06458333333333334 0.06458333333333334 0.0625 0.07222222222222222 0.06319444444444444 0.06319444444444444 0.06597222222222222 0.06319444444444444 0.07847222222222222
0.06333333333333323 0.05444444444444435 0.07444444444444433 0.07388888888888884 0.07055555555555545 0.05166666666666657 0.05666666666666658 0.05111111111111103 0.12277777777777775 0.053333333333333253 0.05944444444444436 0.05333333333333324 0.05444444444444436 0.09944444444444443 0.06111111111111101
0.08148148148148136 0.06234567901234556 0.062345679012345556 0.06543209876543199 0.06790123456790112 0.05864197530864187 0.06913580246913567 0.06604938271604927 0.06790123456790112 0.06543209876543199 0.07037037037037024 0.06666666666666654 0.06358024691358014 0.06172839506172829 0.07098765432098754
0.058024691358024585 0.05555555555555545 0.07901234567901222 0.05740740740740729 0.061111111111111005 0.058024691358024585 0.058024691358024585 0.05617283950617273 0.05679012345679001 0.05925925925925915 0.059876543209876426 0.05740740740740729 0.05740740740740729 0.16666666666666646 0.05925925925925915
0.07345679012345667 0.05987654320987644 0.06358024691358012 0.06851851851851838 0.07839506172839499 0.05555555555555545 0.0728395061728394 0.06049382716049371 0.06604938271604927 0.06234567901234558 0.07407407407407395 0.062345679012345556 0.06666666666666655 0.0648148148148147 0.07098765432098751
0.06732026143790835 0.0614379084967319 0.07058823529411751 0.06535947712418287 0.07450980392156849 0.06013071895424824 0.07189542483660116 0.06405228758169922 0.0640522875816992 0.06535947712418287 0.06928104575163385 0.06274509803921555 0.062091503267973726 0.07516339869281032 0.0660130718954247
0.06470588235294104 0.06013071895424824 0.0614379084967319 0.06405228758169922 0.06274509803921555 0.059477124183006415 0.06470588235294104 0.06209150326797371 0.12549019607843115 0.062091503267973726 0.062091503267973726 0.062091503267973726 0.0614379084967319 0.06339869281045739 0.06405228758169922
0.05802469135802457 0.07407407407407393 0.0574074074074073 0.059876543209876426 0.08209876543209868 0.058024691358024585 0.0746913580246912 0.10987654320987637 0.058024691358024585 0.061111111111110984 0.06111111111111099 0.05679012345679001 0.07037037037037025 0.05679012345679001 0.06172839506172829
0.0594771241830064 0.06013071895424824 0.0594771241830064 0.0594771241830064 0.060784313725490056 0.059477124183006415 0.05882352941176457 0.16209150326797359 0.06078431372549007 0.05882352941176457 0.059477124183006415 0.05882352941176457 0.061437908496731884 0.06013071895424823 0.06078431372549007
0.0745098039215685 0.05882352941176457 0.061437908496731884 0.07973856209150312 0.0594771241830064 0.05882352941176457 0.05882352941176457 0.10130718954248345 0.07450980392156847 0.06013071895424823 0.05882352941176457 0.0614379084967319 0.060784313725490056 0.06013071895424824 0.07124183006535934
0.06719576719576711 0.05661375661375653 0.05767195767195758 0.07248677248677243 0.06031746031746024 0.14444444444444432 0.05238095238095231 0.08941798941798935 0.060846560846560746 0.05608465608465602 0.053968253968253894 0.05291005291005285 0.05291005291005284 0.059259259259259164 0.06349206349206342
0.09691358024691343 0.058024691358024585 0.05740740740740729 0.07777777777777764 0.06913580246913567 0.09876543209876526 0.058024691358024585 0.05555555555555545 0.07530864197530851 0.05740740740740729 0.05802469135802457 0.05864197530864187 0.05679012345679002 0.058024691358024585 0.06419753086419741
0.06825396825396816 0.10370370370370363 0.05343915343915337 0.08677248677248671 0.06402116402116395 0.04920634920634913 0.05873015873015866 0.059259259259259164 0.0634920634920634 0.06455026455026448 0.05238095238095231 0.07724867724867714 0.08465608465608455 0.048677248677248604 0.0656084656084655
0.07254901960784302 0.06274509803921555 0.062091503267973726 0.07058823529411751 0.06601307189542469 0.06078431372549007 0.06732026143790837 0.0640522875816992 0.06732026143790837 0.07124183006535935 0.06862745098039204 0.06993464052287565 0.06470588235294104 0.06339869281045739 0.06862745098039202
0.06928104575163385 0.06274509803921556 0.06470588235294104 0.07058823529411751 0.06666666666666651 0.06078431372549007 0.06535947712418289 0.06078431372549007 0.06732026143790837 0.06470588235294106 0.07189542483660118 0.0732026143790848 0.06732026143790837 0.0640522875816992 0.07058823529411752
0.06535947712418289 0.0614379084967319 0.06339869281045739 0.06339869281045737 0.09215686274509789 0.062091503267973726 0.08039215686274495 0.0614379084967319 0.06274509803921555 0.06601307189542471 0.0640522875816992 0.0640522875816992 0.06078431372549007 0.06535947712418287 0.06732026143790835
0.06805555555555555 0.0625 0.0625 0.06527777777777778 0.06388888888888888 0.0625 0.06319444444444444 0.08958333333333333 0.06319444444444444 0.06458333333333334 0.06388888888888888 0.06319444444444444 0.07361111111111111 0.06319444444444444 0.07083333333333333
0.06842105263157887 0.05555555555555554 0.06140350877192979 0.060233918128654904 0.12280701754385955 0.05321637426900584 0.10935672514619892 0.0567251461988304 0.05497076023391812 0.06432748538011689 0.056725146198830394 0.060233918128654966 0.05789473684210522 0.05614035087719298 0.061988304093567224
0.05847953216374265 0.06023391812865494 0.07953216374269002 0.060233918128654966 0.08362573099415199 0.055555555555555546 0.07602339181286552 0.05847953216374265 0.0543859649122807 0.0608187134502924 0.07602339181286545 0.06140350877192979 0.0567251461988304 0.09824561403508769 0.06023391812865494
0.06535947712418287 0.06470588235294104 0.06078431372549007 0.06274509803921555 0.09084967320261424 0.06013071895424823 0.08366013071895408 0.06209150326797371 0.06274509803921555 0.06274509803921555 0.06732026143790835 0.06470588235294104 0.06274509803921555 0.06339869281045737 0.0660130718954247
0.06527777777777778 0.06458333333333334 0.06666666666666667 0.06319444444444444 0.08194444444444444 0.06319444444444444 0.06875 0.06597222222222222 0.06388888888888888 0.0625 0.06597222222222222 0.06388888888888888 0.06597222222222222 0.07083333333333333 0.06736111111111111
0.06078431372549008 0.06078431372549007 0.06078431372549007 0.06078431372549007 0.08954248366013058 0.0614379084967319 0.08300653594771223 0.06078431372549007 0.060784313725490056 0.061437908496731884 0.08039215686274497 0.06993464052287567 0.06274509803921557 0.06339869281045737 0.06339869281045737
0.057309941520467825 0.059064327485380125 0.059649122807017535 0.054970760233918115 0.12397660818713431 0.05321637426900586 0.09181286549707604 0.07777777777777778 0.0549707602339181 0.05730994152046782 0.05964912280701752 0.058479532163742645 0.05906432748538012 0.06666666666666667 0.0660818713450292
0.07124183006535935 0.0640522875816992 0.0699346405228757 0.06535947712418289 0.06797385620915018 0.06470588235294106 0.0640522875816992 0.0705882352941175 0.06732026143790835 0.06535947712418287 0.06339869281045739 0.07124183006535935 0.06470588235294104 0.06339869281045737 0.06666666666666653
0.06736111111111111 0.0625 0.0625 0.0625 0.06319444444444444 0.0625 0.06388888888888888 0.09791666666666667 0.0625 0.06319444444444444 0.0625 0.0625 0.0798611111111111 0.0625 0.06458333333333334
0.06358024691358012 0.05987654320987642 0.06419753086419741 0.06975308641975295 0.06419753086419741 0.05925925925925915 0.06604938271604927 0.0604938271604937 0.06419753086419742 0.07222222222222212 0.06604938271604925 0.09999999999999987 0.06049382716049371 0.061111111111111005 0.06851851851851841
0.06527777777777778 0.06319444444444444 0.06736111111111111 0.06597222222222222 0.06666666666666667 0.06388888888888888 0.06527777777777778 0.06736111111111111 0.06805555555555555 0.06944444444444445 0.06597222222222222 0.07222222222222222 0.06875 0.06527777777777778 0.06527777777777778
0.07189542483660118 0.06601307189542469 0.06405228758169923 0.0660130718954247 0.07320261437908485 0.0614379084967319 0.07647058823529396 0.062091503267973726 0.06013071895424823 0.06601307189542469 0.06535947712418289 0.07058823529411752 0.06732026143790837 0.06274509803921555 0.06666666666666651
0.07654320987654309 0.08333333333333319 0.05987654320987642 0.0679012345679011 0.06234567901234556 0.05617283950617273 0.061728395061728274 0.06975308641975296 0.06358024691358014 0.06111111111111099 0.059876543209876426 0.062345679012345556 0.05925925925925916 0.06049382716049371 0.0956790123456789
0.06862745098039202 0.06013071895424824 0.06078431372549008 0.06339869281045739 0.08300653594771228 0.059477124183006415 0.07516339869281027 0.08823529411764688 0.05882352941176457 0.0614379084967319 0.06209150326797373 0.060784313725490056 0.06862745098039202 0.060784313725490056 0.06862745098039204
0.0604938271604937 0.05740740740740729 0.05740740740740729 0.06296296296296283 0.06358024691358014 0.058024691358024585 0.09876543209876532 0.058024691358024585 0.0574074074074073 0.06419753086419741 0.11790123456790105 0.06604938271604927 0.05987654320987644 0.05679012345679001 0.061111111111110984
0.05555555555555547 0.05055555555555547 0.076111111111111 0.0527777777777777 0.13500000000000018 0.05166666666666657 0.11444444444444433 0.054999999999999924 0.05111111111111103 0.05277777777777769 0.057222222222222105 0.05444444444444434 0.05166666666666658 0.07499999999999991 0.06666666666666654
0.06388888888888883 0.05277777777777769 0.07444444444444434 0.06111111111111103 0.05444444444444435 0.07999999999999989 0.08944444444444434 0.04999999999999991 0.05444444444444436 0.05999999999999991 0.10277777777777772 0.06277777777777771 0.05611111111111103 0.08055555555555544 0.05722222222222215
0.06339869281045737 0.06013071895424824 0.0614379084967319 0.06470588235294103 0.061437908496731884 0.06078431372549007 0.09019607843137242 0.06339869281045739 0.06078431372549007 0.06339869281045739 0.09934640522875801 0.06470588235294106 0.062091503267973726 0.06078431372549007 0.06339869281045739
0.05132275132275125 0.048677248677248604 0.16878306878306856 0.053968253968253874 0.05449735449735442 0.04973544973544966 0.0756613756613756 0.051322751322751256 0.051851851851851774 0.05502645502645495 0.08783068783068776 0.05026455026455019 0.05238095238095229 0.09417989417989409 0.05449735449735443
0.06319444444444444 0.0625 0.0625 0.0625 0.0625 0.0625 0.09166666666666666 0.0625 0.0625 0.0625 0.09305555555555556 0.0625 0.0625 0.0625 0.06458333333333334
0.05611111111111102 0.05166666666666658 0.052222222222222135 0.053888888888888806 0.08611111111111103 0.05055555555555547 0.11333333333333352 0.05222222222222214 0.053333333333333253 0.06722222222222211 0.14833333333333326 0.05611111111111103 0.052222222222222135 0.05111111111111103 0.05555555555555547
0.06444444444444435 0.10833333333333325 0.05833333333333324 0.06388888888888879 0.07055555555555545 0.0527777777777777 0.06277777777777768 0.05777777777777768 0.06333333333333326 0.07444444444444434 0.05888888888888881 0.07111111111111103 0.06333333333333324 0.06222222222222214 0.0677777777777777
0.06666666666666654 0.0614379084967319 0.06535947712418287 0.062091503267973726 0.06535947712418289 0.05882352941176457 0.0888888888888887 0.059477124183006415 0.06078431372549007 0.06666666666666654 0.08888888888888873 0.06405228758169922 0.06013071895424824 0.05882352941176457 0.072549019607843
0.05888888888888881 0.05555555555555548 0.08333333333333323 0.06111111111111101 0.10722222222222243 0.053333333333333253 0.10333333333333326 0.054999999999999924 0.05833333333333325 0.0549999999999999 0.06277777777777768 0.05944444444444435 0.05499999999999993 0.07055555555555545 0.06111111111111101
0.07345679012345666 0.05925925925925915 0.10617283950617272 0.06358024691358014 0.07098765432098753 0.05617283950617273 0.07037037037037022 0.061111111111111005 0.05925925925925915 0.06790123456790112 0.06296296296296285 0.06296296296296283 0.059876543209876426 0.061111111111111005 0.06481481481481469
0.06432748538011697 0.05321637426900584 0.05614035087719298 0.059064327485380125 0.057309941520467825 0.05321637426900584 0.11578947368421039 0.0543859649122807 0.05614035087719299 0.06842105263157887 0.1210526315789473 0.06315789473684207 0.05614035087719297 0.058479532163742666 0.06315789473684211
0.07469135802469122 0.058641975308641854 0.06234567901234556 0.07530864197530852 0.07098765432098755 0.05679012345679001 0.06604938271604929 0.05925925925925914 0.05925925925925916 0.06851851851851841 0.0679012345679011 0.07654320987654309 0.06358024691358015 0.06419753086419741 0.07592592592592583
0.06470588235294103 0.06339869281045739 0.0640522875816992 0.0660130718954247 0.06666666666666653 0.062091503267973726 0.07385620915032666 0.0614379084967319 0.07254901960784299 0.0614379084967319 0.07385620915032666 0.06928104575163387 0.06339869281045737 0.06732026143790837 0.06993464052287568
0.0625 0.0625 0.06319444444444444 0.06319444444444444 0.0625 0.12291666666666666 0.0625 0.0625 0.06319444444444444 0.0625 0.0625 0.0625 0.0625 0.0625 0.0625
0.06470588235294104 0.06209150326797371 0.06993464052287568 0.06732026143790837 0.06928104575163387 0.06666666666666654 0.06732026143790835 0.0640522875816992 0.06732026143790835 0.06993464052287568 0.06862745098039204 0.06928104575163384 0.06470588235294106 0.06339869281045739 0.06535947712418287
0.06719576719576709 0.0539682539682539 0.09523809523809515 0.06243386243386234 0.0671957671957671 0.05449735449735441 0.06560846560846557 0.056084656084656 0.06137566137566128 0.06931216931216923 0.061375661375661285 0.053968253968253894 0.061375661375661285 0.11269841269841262 0.05767195767195762
0.06928104575163384 0.06013071895424824 0.0640522875816992 0.07189542483660116 0.07058823529411752 0.06013071895424823 0.0699346405228757 0.06274509803921555 0.06732026143790835 0.07124183006535934 0.0679738562091502 0.06666666666666654 0.06470588235294104 0.0679738562091502 0.06535947712418287
0.0660130718954247 0.06339869281045737 0.06535947712418287 0.06666666666666654 0.07516339869281032 0.06405228758169922 0.06797385620915018 0.06209150326797371 0.06732026143790835 0.06928104575163385 0.0660130718954247 0.0640522875816992 0.06470588235294104 0.07124183006535935 0.06666666666666655
0.06736111111111111 0.06458333333333334 0.06458333333333334 0.06944444444444445 0.06597222222222222 0.06458333333333334 0.07013888888888889 0.06319444444444444 0.06458333333333334 0.06736111111111111 0.06805555555555555 0.07013888888888889 0.06597222222222222 0.06597222222222222 0.06805555555555555
0.06527777777777778 0.06388888888888888 0.06736111111111111 0.06597222222222222 0.06597222222222222 0.06388888888888888 0.06805555555555555 0.06458333333333334 0.06875 0.06666666666666667 0.07013888888888889 0.0763888888888889 0.06388888888888888 0.06388888888888888 0.06527777777777778
0.06339869281045737 0.06535947712418287 0.06339869281045737 0.07058823529411751 0.06928104575163387 0.062091503267973726 0.07647058823529396 0.06339869281045737 0.06339869281045737 0.06470588235294103 0.0751633986928103 0.06732026143790837 0.06732026143790837 0.06078431372549007 0.06732026143790838
0.08104575163398678 0.06339869281045737 0.06274509803921555 0.06274509803921556 0.06797385620915018 0.0594771241830064 0.06862745098039201 0.06339869281045739 0.06535947712418287 0.06535947712418289 0.06928104575163385 0.07058823529411748 0.06405228758169923 0.06470588235294104 0.07124183006535935
0.06666666666666655 0.05555555555555545 0.05617283950617273 0.07407407407407395 0.05802469135802457 0.15370370370370348 0.05679012345679001 0.058641975308641854 0.07160493827160481 0.05555555555555545 0.05617283950617273 0.059876543209876426 0.0574074074074073 0.05555555555555545 0.06419753086419741
0.07222222222222222 0.0625 0.0625 0.08194444444444444 0.06388888888888888 0.0625 0.06319444444444444 0.0625 0.0798611111111111 0.0625 0.0625 0.06736111111111111 0.06388888888888888 0.06319444444444444 0.06944444444444445
0.07076023391812868 0.07368421052631574 0.05497076023391812 0.0707602339181286 0.056725146198830394 0.0543859649122807 0.053801169590643266 0.131578947368421 0.0707602339181286 0.05614035087719298 0.05614035087719299 0.0543859649122807 0.07602339181286549 0.05380116959064327 0.06608187134502917
0.05614035087719298 0.1555555555555553 0.052631578947368425 0.053801169590643266 0.05614035087719298 0.05321637426900584 0.05497076023391812 0.05730994152046786 0.055555555555555546 0.052631578947368425 0.054970760233918115 0.053801169590643266 0.13450292397660796 0.0543859649122807 0.0543859649122807
0.06470588235294103 0.06470588235294103 0.06535947712418287 0.06013071895424823 0.06013071895424824 0.1228758169934638 0.06339869281045739 0.06078431372549007 0.06013071895424824 0.06013071895424824 0.06078431372549007 0.06339869281045739 0.06732026143790837 0.06339869281045737 0.06274509803921555
0.05882352941176457 0.06078431372549007 0.0699346405228757 0.06274509803921556 0.0614379084967319 0.12091503267973831 0.0679738562091502 0.0614379084967319 0.0594771241830064 0.060784313725490056 0.06535947712418289 0.062091503267973726 0.06339869281045737 0.06274509803921555 0.062091503267973726
0.06862745098039201 0.0614379084967319 0.06405228758169922 0.06470588235294104 0.07320261437908486 0.10196078431372528 0.068627450980392 0.0594771241830064 0.06078431372549007 0.06928104575163384 0.059477124183006415 0.06209150326797373 0.06209150326797373 0.06339869281045737 0.06078431372549007
0.06274509803921556 0.0614379084967319 0.06274509803921555 0.06274509803921555 0.062091503267973726 0.0594771241830064 0.06339869281045737 0.06209150326797373 0.06013071895424824 0.12026143790849653 0.06470588235294104 0.06535947712418287 0.06339869281045737 0.06535947712418286 0.0640522875816992
0.07368421052631578 0.06140350877192979 0.05964912280701752 0.08070175438596487 0.06198830409356724 0.059649122807017514 0.0637426900584795 0.05789473684210524 0.09999999999999998 0.06374269005847952 0.06198830409356724 0.061988304093567224 0.057309941520467825 0.06491228070175435 0.07134502923976603
0.06666666666666653 0.06274509803921555 0.06535947712418287 0.06601307189542473 0.06993464052287567 0.06666666666666653 0.06470588235294103 0.0640522875816992 0.06535947712418289 0.06470588235294104 0.06535947712418287 0.06274509803921556 0.06078431372549007 0.08496732026143776 0.06993464052287565
0.06597222222222222 0.06388888888888888 0.0625 0.06597222222222222 0.0625 0.06319444444444444 0.0625 0.06319444444444444 0.06527777777777778 0.0625 0.0625 0.0625 0.1111111111111111 0.06319444444444444 0.06319444444444444
0.06458333333333334 0.11805555555555555 0.06319444444444444 0.0625 0.06319444444444444 0.0625 0.06319444444444444 0.0625 0.0625 0.06319444444444444 0.0625 0.0625 0.06319444444444444 0.06319444444444444 0.06319444444444444
0.06388888888888888 0.06458333333333334 0.0625 0.06388888888888888 0.06388888888888888 0.06319444444444444 0.0625 0.10972222222222222 0.06388888888888888 0.06388888888888888 0.06319444444444444 0.0625 0.06458333333333334 0.06319444444444444 0.06458333333333334
0.075 0.0625 0.06388888888888888 0.0763888888888889 0.06388888888888888 0.06319444444444444 0.06319444444444444 0.0625 0.08194444444444444 0.0625 0.0625 0.0625 0.06388888888888888 0.0625 0.07361111111111111
0.06013071895424824 0.05882352941176457 0.13267973856209134 0.05882352941176457 0.06274509803921556 0.05882352941176457 0.05882352941176457 0.0594771241830064 0.0594771241830064 0.0594771241830064 0.06013071895424824 0.05882352941176457 0.06013071895424824 0.09215686274509786 0.059477124183006415
0.06728395061728384 0.059876543209876426 0.05925925925925915 0.07345679012345667 0.07160493827160483 0.05740740740740729 0.06296296296296286 0.05925925925925914 0.08765432098765416 0.06296296296296286 0.0648148148148147 0.0753086419753085 0.06543209876543199 0.061111111111111005 0.07160493827160483
0.06358024691358014 0.05555555555555545 0.05617283950617273 0.06975308641975297 0.05740740740740729 0.05555555555555545 0.05740740740740729 0.05617283950617273 0.0746913580246912 0.05555555555555545 0.05555555555555545 0.05679012345679001 0.16234567901234545 0.05617283950617273 0.06728395061728384
0.06481481481481471 0.06419753086419742 0.06234567901234556 0.06728395061728384 0.06604938271604925 0.05740740740740729 0.06543209876543199 0.06049382716049371 0.05987654320987644 0.06111111111111099 0.06666666666666655 0.061728395061728294 0.12222222222222207 0.058641975308641854 0.06172839506172829
0.05925925925925915 0.18086419753086388 0.0574074074074073 0.05740740740740729 0.06049382716049373 0.05679012345679001 0.05864197530864187 0.061111111111111005 0.05679012345679001 0.058641975308641875 0.05802469135802457 0.058641975308641854 0.05802469135802457 0.05740740740740729 0.06049382716049371
0.059876543209876426 0.061111111111110984 0.058641975308641875 0.07530864197530848 0.05679012345679002 0.05617283950617273 0.062345679012345556 0.05802469135802457 0.11049382716049368 0.07222222222222212 0.058024691358024585 0.09320987654320972 0.061111111111111005 0.05679012345679001 0.059876543209876426
0.0625 0.0625 0.0625 0.06805555555555555 0.0625 0.0625 0.06458333333333334 0.0625 0.0625 0.0763888888888889 0.0625 0.10138888888888889 0.06319444444444444 0.0625 0.06388888888888888
0.06913580246913568 0.0574074074074073 0.058641975308641854 0.08395061728395052 0.058024691358024585 0.058641975308641875 0.06049382716049371 0.059876543209876426 0.12222222222222198 0.06049382716049372 0.05740740740740729 0.06481481481481469 0.058024691358024585 0.06049382716049372 0.07037037037037022
0.06944444444444445 0.06319444444444444 0.0625 0.06527777777777778 0.06458333333333334 0.0625 0.0625 0.08541666666666667 0.06319444444444444 0.06458333333333334 0.0625 0.06388888888888888 0.0798611111111111 0.0625 0.06805555555555555
0.07222222222222209 0.05987654320987644 0.06358024691358015 0.0685185185185184 0.06172839506172829 0.05740740740740729 0.06543209876543198 0.058641975308641854 0.08209876543209864 0.06851851851851841 0.08395061728395047 0.07283950617283941 0.05864197530864187 0.06111111111111099 0.06543209876543199
0.06790123456790112 0.061111111111111005 0.06604938271604927 0.06975308641975296 0.06975308641975296 0.061728395061728274 0.0679012345679011 0.06666666666666655 0.06543209876543196 0.06975308641975297 0.062345679012345556 0.07222222222222209 0.06419753086419742 0.06666666666666655 0.06851851851851841
0.06666666666666667 0.06319444444444444 0.06388888888888888 0.06875 0.06666666666666667 0.06388888888888888 0.06597222222222222 0.06527777777777778 0.06875 0.07291666666666667 0.06458333333333334 0.06597222222222222 0.06805555555555555 0.06458333333333334 0.07083333333333333
0.0660130718954247 0.06274509803921555 0.0640522875816992 0.06732026143790834 0.06470588235294103 0.0594771241830064 0.06274509803921555 0.06470588235294104 0.06405228758169923 0.07712418300653583 0.06013071895424824 0.09477124183006518 0.0614379084967319 0.06013071895424824 0.07058823529411752
0.058641975308641854 0.08024691358024678 0.05617283950617273 0.06666666666666653 0.05802469135802457 0.05555555555555545 0.06049382716049372 0.1148148148148146 0.058024691358024585 0.06975308641975296 0.05740740740740729 0.09012345679012329 0.059876543209876426 0.05555555555555545 0.05864197530864187
0.06560846560846556 0.04973544973544967 0.08677248677248675 0.06825396825396819 0.06613756613756604 0.04761904761904755 0.05502645502645496 0.08148148148148136 0.0687830687830687 0.06084656084656074 0.05291005291005283 0.05291005291005284 0.07142857142857137 0.1074074074074073 0.06507936507936499
0.06732026143790837 0.06209150326797373 0.09477124183006516 0.06274509803921556 0.06601307189542469 0.05882352941176457 0.06339869281045737 0.06078431372549007 0.0614379084967319 0.08692810457516323 0.0614379084967319 0.06732026143790835 0.06535947712418289 0.06013071895424823 0.061437908496731884
0.07291666666666667 0.0625 0.0625 0.08333333333333333 0.06319444444444444 0.0625 0.0625 0.0625 0.07708333333333334 0.0625 0.0625 0.06458333333333334 0.06319444444444444 0.06319444444444444 0.075
0.06388888888888888 0.0625 0.0625 0.06388888888888888 0.06319444444444444 0.06319444444444444 0.06319444444444444 0.0625 0.11805555555555555 0.06319444444444444 0.06319444444444444 0.0625 0.0625 0.0625 0.06319444444444444
0.06597222222222222 0.06527777777777778 0.06736111111111111 0.06805555555555555 0.06875 0.06388888888888888 0.06666666666666667 0.06527777777777778 0.06666666666666667 0.06597222222222222 0.06597222222222222 0.07013888888888889 0.06527777777777778 0.06736111111111111 0.06736111111111111
0.06339869281045737 0.05882352941176457 0.059477124183006415 0.05882352941176457 0.06013071895424823 0.05882352941176457 0.05882352941176457 0.13790849673202593 0.05882352941176457 0.06078431372549007 0.06013071895424824 0.059477124183006415 0.08300653594771228 0.05882352941176457 0.06274509803921557
0.06388888888888888 0.0625 0.0625 0.06319444444444444 0.06319444444444444 0.0625 0.08888888888888889 0.0625 0.0625 0.06319444444444444 0.09305555555555556 0.0625 0.0625 0.0625 0.06458333333333334
0.06736111111111111 0.06527777777777778 0.06527777777777778 0.06597222222222222 0.06736111111111111 0.06388888888888888 0.06527777777777778 0.06666666666666667 0.06458333333333334 0.06736111111111111 0.06666666666666667 0.06944444444444445 0.07013888888888889 0.06597222222222222 0.06875
0.0625 0.0625 0.0625 0.06319444444444444 0.06319444444444444 0.0625 0.0875 0.0625 0.0625 0.06319444444444444 0.09513888888888888 0.0625 0.0625 0.06319444444444444 0.06458333333333334
0.06274509803921555 0.06274509803921555 0.060784313725490056 0.0614379084967319 0.06535947712418289 0.06339869281045737 0.06666666666666654 0.062091503267973726 0.06274509803921556 0.06274509803921555 0.06274509803921556 0.061437908496731905 0.11241830065359457 0.0660130718954247 0.06666666666666654
0.07843137254901951 0.059477124183006415 0.059477124183006415 0.0895424836601306 0.06013071895424824 0.05882352941176457 0.062091503267973726 0.06013071895424824 0.09477124183006518 0.06013071895424824 0.062091503267973726 0.06078431372549007 0.06209150326797375 0.05882352941176457 0.07320261437908483
0.06732026143790837 0.059477124183006415 0.10065359477124163 0.0614379084967319 0.06339869281045737 0.05882352941176457 0.06013071895424824 0.08496732026143775 0.0594771241830064 0.06601307189542469 0.06013071895424824 0.0594771241830064 0.07254901960784299 0.0614379084967319 0.06470588235294106
0.08187134502923975 0.05730994152046782 0.05614035087719297 0.06900584795321635 0.07076023391812865 0.05380116959064329 0.05614035087719295 0.05964912280701756 0.05789473684210526 0.06900584795321633 0.05789473684210525 0.09239766081871346 0.09239766081871344 0.0567251461988304 0.0690058479532163
0.06666666666666655 0.05679012345679001 0.05925925925925916 0.06851851851851837 0.061728395061728274 0.05679012345679001 0.05925925925925915 0.08456790123456775 0.05864197530864187 0.0728395061728394 0.059876543209876426 0.09814814814814801 0.07345679012345667 0.05864197530864187 0.06481481481481471
0.05999999999999991 0.05722222222222215 0.06777777777777767 0.06111111111111102 0.054999999999999924 0.10444444444444433 0.059999999999999894 0.0938888888888888 0.05499999999999991 0.06333333333333323 0.059999999999999915 0.06611111111111102 0.0738888888888888 0.05944444444444436 0.0627777777777777
0.07888888888888883 0.05611111111111101 0.05499999999999991 0.08499999999999996 0.05777777777777769 0.05111111111111102 0.0627777777777777 0.11999999999999995 0.055555555555555455 0.06722222222222214 0.0527777777777777 0.06388888888888877 0.07444444444444435 0.05055555555555547 0.06888888888888879
0.06527777777777778 0.06458333333333334 0.06736111111111111 0.07013888888888889 0.06666666666666667 0.06805555555555555 0.06736111111111111 0.06597222222222222 0.06875 0.06458333333333334 0.06805555555555555 0.06458333333333334 0.06388888888888888 0.07083333333333333 0.06388888888888888
0.06527777777777778 0.06458333333333334 0.07291666666666667 0.06944444444444445 0.06597222222222222 0.06527777777777778 0.06527777777777778 0.06458333333333334 0.06527777777777778 0.06597222222222222 0.06805555555555555 0.06527777777777778 0.06527777777777778 0.07152777777777777 0.06527777777777778
0.06274509803921556 0.0594771241830064 0.06013071895424824 0.06078431372549008 0.06339869281045737 0.06013071895424824 0.11045751633986914 0.059477124183006415 0.06013071895424823 0.06274509803921555 0.09869281045751614 0.06013071895424824 0.06013071895424823 0.06013071895424824 0.0614379084967319
0.061111111111111005 0.05802469135802457 0.05617283950617273 0.05740740740740729 0.09876543209876526 0.05617283950617273 0.0999999999999999 0.05740740740740729 0.05555555555555545 0.07037037037037022 0.09753086419753074 0.058641975308641875 0.058024691358024585 0.05679012345679001 0.058024691358024585
0.06736111111111111 0.06875 0.06527777777777778 0.07013888888888889 0.06666666666666667 0.06319444444444444 0.06458333333333334 0.06458333333333334 0.06805555555555555 0.06736111111111111 0.06666666666666667 0.06666666666666667 0.06458333333333334 0.06458333333333334 0.07152777777777777
0.061728395061728274 0.058024691358024585 0.10987654320987637 0.06666666666666653 0.06975308641975295 0.05740740740740729 0.0641975308641974 0.05617283950617273 0.05925925925925916 0.0648148148148147 0.07654320987654309 0.06172839506172827 0.06975308641975297 0.058641975308641854 0.06543209876543198
0.05444444444444436 0.05166666666666658 0.07388888888888881 0.056666666666666594 0.05444444444444437 0.05055555555555547 0.059999999999999915 0.07999999999999988 0.055555555555555476 0.0538888888888888 0.06055555555555548 0.054999999999999924 0.14666666666666667 0.09055555555555546 0.05611111111111104
0.06604938271604928 0.05987654320987644 0.06049382716049371 0.06172839506172829 0.06296296296296285 0.05925925925925915 0.09382716049382703 0.05740740740740729 0.061111111111111005 0.06234567901234556 0.10061728395061714 0.06049382716049372 0.06851851851851841 0.059876543209876426 0.06543209876543198
0.06535947712418289 0.06666666666666653 0.07581699346405216 0.06470588235294106 0.07189542483660118 0.06013071895424824 0.06535947712418287 0.06470588235294104 0.06732026143790835 0.06601307189542471 0.06274509803921555 0.06535947712418286 0.06601307189542469 0.07189542483660118 0.06601307189542471
0.0594771241830064 0.059477124183006415 0.05882352941176457 0.059477124183006415 0.0594771241830064 0.05882352941176457 0.08758169934640507 0.0594771241830064 0.05882352941176457 0.06013071895424823 0.08758169934640504 0.0594771241830064 0.11111111111111087 0.06013071895424823 0.06013071895424823
0.06666666666666653 0.06339869281045739 0.06405228758169922 0.06470588235294104 0.07058823529411752 0.06274509803921555 0.07254901960784298 0.06405228758169922 0.06666666666666654 0.06797385620915018 0.07385620915032666 0.06209150326797373 0.0640522875816992 0.06274509803921556 0.07385620915032666
0.0625 0.06319444444444444 0.0625 0.06319444444444444 0.0625 0.0625 0.08888888888888889 0.0625 0.0625 0.0625 0.09722222222222222 0.0625 0.0625 0.0625 0.0625
0.06481481481481469 0.06358024691358014 0.058024691358024585 0.06111111111111101 0.06728395061728384 0.058641975308641854 0.10123456790123443 0.05925925925925915 0.058024691358024585 0.0648148148148147 0.08641975308641961 0.06604938271604925 0.05802469135802457 0.06296296296296283 0.06975308641975296
0.06363636363636367 0.09242424242424249 0.1267676767676769 0.06060606060606064 0.07626262626262634 0.04797979797979797 0.06111111111111115 0.05252525252525256 0.05000000000000002 0.0560606060606061 0.06161616161616166 0.05404040404040407 0.05404040404040407 0.08232323232323235 0.06060606060606065
0.06842105263157891 0.0614035087719298 0.06608187134502921 0.0614035087719298 0.07836257309941515 0.056725146198830415 0.0736842105263158 0.06374269005847948 0.06081871345029236 0.06783625730994151 0.06608187134502924 0.0701754385964912 0.05906432748538009 0.06257309941520466 0.08362573099415209
0.0625 0.0625 0.06319444444444444 0.0625 0.0625 0.12222222222222222 0.06319444444444444 0.0625 0.06319444444444444 0.0625 0.0625 0.0625 0.0625 0.0625 0.06319444444444444
0.054999999999999924 0.05111111111111103 0.05333333333333324 0.05944444444444434 0.057222222222222126 0.10833333333333321 0.08055555555555546 0.05166666666666658 0.055555555555555476 0.06611111111111101 0.07888888888888876 0.08555555555555543 0.05444444444444435 0.08555555555555545 0.057222222222222126
0.06666666666666655 0.06172839506172829 0.07345679012345667 0.0746913580246912 0.06913580246913568 0.0641975308641974 0.06419753086419742 0.06419753086419742 0.06728395061728383 0.06481481481481469 0.06296296296296285 0.06666666666666655 0.06666666666666655 0.0679012345679011 0.065432098765432
0.07058823529411751 0.06013071895424824 0.0594771241830064 0.08300653594771229 0.060784313725490056 0.05882352941176457 0.06013071895424824 0.08039215686274494 0.0771241830065358 0.060784313725490056 0.059477124183006415 0.06078431372549007 0.07189542483660114 0.05882352941176457 0.07777777777777764
0.0699346405228757 0.05882352941176457 0.06078431372549007 0.07450980392156849 0.0614379084967319 0.059477124183006415 0.06013071895424824 0.05882352941176457 0.07908496732026128 0.0594771241830064 0.0594771241830064 0.0614379084967319 0.059477124183006415 0.11045751633986904 0.06666666666666653
0.062091503267973726 0.06274509803921555 0.06274509803921556 0.059477124183006415 0.06339869281045739 0.0614379084967319 0.06274509803921555 0.0594771241830064 0.0594771241830064 0.062091503267973726 0.06209150326797373 0.0614379084967319 0.0614379084967319 0.13594771241830042 0.06339869281045737
0.07499999999999989 0.05277777777777769 0.06222222222222213 0.07166666666666656 0.053333333333333253 0.05277777777777769 0.05277777777777768 0.050555555555555465 0.07111111111111104 0.0538888888888888 0.053888888888888806 0.05444444444444437 0.05277777777777769 0.15722222222222224 0.08555555555555548
0.05740740740740729 0.05740740740740729 0.05617283950617273 0.06234567901234555 0.093827160493827 0.05617283950617273 0.05925925925925915 0.05555555555555545 0.05617283950617273 0.13395061728395047 0.05679012345679001 0.08703703703703687 0.05617283950617273 0.05555555555555545 0.05617283950617273
0.06666666666666667 0.06666666666666667 0.06597222222222222 0.06527777777777778 0.06597222222222222 0.06527777777777778 0.06458333333333334 0.06319444444444444 0.06597222222222222 0.08055555555555556 0.06597222222222222 0.06527777777777778 0.06527777777777778 0.06527777777777778 0.06805555555555555
0.07013888888888889 0.0625 0.0625 0.06388888888888888 0.06319444444444444 0.0625 0.06319444444444444 0.08888888888888889 0.06319444444444444 0.06319444444444444 0.06319444444444444 0.06319444444444444 0.07847222222222222 0.0625 0.06944444444444445
0.06535947712418287 0.06339869281045739 0.08431372549019593 0.062091503267973726 0.06666666666666654 0.0594771241830064 0.06274509803921555 0.0640522875816992 0.06274509803921555 0.06732026143790837 0.062091503267973726 0.06013071895424824 0.06274509803921555 0.09411764705882335 0.06274509803921555
0.058024691358024585 0.05864197530864187 0.059876543209876426 0.05617283950617273 0.09320987654320974 0.05555555555555545 0.05740740740740729 0.05679012345679001 0.05925925925925916 0.12530864197530842 0.061111111111111005 0.06419753086419741 0.05925925925925914 0.07469135802469123 0.06049382716049372
0.07152777777777777 0.0625 0.0625 0.07708333333333334 0.06388888888888888 0.0625 0.06388888888888888 0.0625 0.08333333333333333 0.0625 0.06319444444444444 0.06458333333333334 0.06458333333333334 0.0625 0.07291666666666667
0.05882352941176457 0.06078431372549007 0.059477124183006415 0.06797385620915018 0.06013071895424824 0.0594771241830064 0.06078431372549007 0.059477124183006415 0.11176470588235272 0.06666666666666655 0.06013071895424824 0.09673202614379066 0.05882352941176457 0.05882352941176457 0.06013071895424824
0.05882352941176457 0.0594771241830064 0.06013071895424824 0.06013071895424823 0.05882352941176457 0.17189542483660106 0.0594771241830064 0.05882352941176457 0.05882352941176457 0.05882352941176457 0.05882352941176457 0.059477124183006415 0.05882352941176457 0.05882352941176457 0.05882352941176457
0.06975308641975297 0.05555555555555545 0.05864197530864187 0.06049382716049372 0.05864197530864187 0.05617283950617273 0.06049382716049372 0.07654320987654309 0.05617283950617273 0.13827160493827137 0.05925925925925915 0.062345679012345556 0.07160493827160481 0.05617283950617273 0.05987654320987645
0.06666666666666661 0.054999999999999924 0.06111111111111102 0.06333333333333327 0.06833333333333326 0.05333333333333324 0.07555555555555547 0.06944444444444435 0.06055555555555546 0.11388888888888878 0.07277777777777766 0.05611111111111102 0.06277777777777768 0.05611111111111101 0.0649999999999999
0.0614035087719298 0.06666666666666662 0.06432748538011693 0.06315789473684205 0.06725146198830408 0.058479532163742666 0.06257309941520467 0.05847953216374269 0.06023391812865496 0.13099415204678347 0.06432748538011691 0.0567251461988304 0.061988304093567224 0.06257309941520466 0.06081871345029241
0.07189542483660118 0.0594771241830064 0.0594771241830064 0.0745098039215685 0.060784313725490056 0.11437908496732004 0.0594771241830064 0.0594771241830064 0.07385620915032665 0.0594771241830064 0.05882352941176457 0.060784313725490056 0.059477124183006415 0.0594771241830064 0.06862745098039202
0.06414141414141415 0.045454545454545435 0.22424242424242438 0.07929292929292935 0.06010101010101011 0.045454545454545435 0.04646464646464645 0.045454545454545435 0.07171717171717182 0.04797979797979797 0.04595959595959594 0.04848484848484849 0.05 0.06161616161616163 0.06363636363636377
