0.05833333333333324 0.06166666666666658 0.07111111111111099 0.0666666666666666 0.059999999999999915 0.061666666666666585 0.07166666666666659 0.0688888888888888 0.06833333333333325 0.05944444444444436 0.10333333333333342 0.0627777777777777 0.05999999999999991 0.06277777777777768 0.06333333333333324
0.061403508771929786 0.06432748538011694 0.060818713450292376 0.059649122807017535 0.06432748538011694 0.07777777777777774 0.05730994152046784 0.0678362573099415 0.06374269005847952 0.07076023391812865 0.06315789473684211 0.07134502923976607 0.05906432748538007 0.05847953216374267 0.09999999999999996
0.10058479532163743 0.055555555555555566 0.0596491228070175 0.05906432748538012 0.05789473684210524 0.059064327485380076 0.05964912280701752 0.05438596491228069 0.06257309941520466 0.06023391812865496 0.08421052631578947 0.12339181286549697 0.052631578947368425 0.054970760233918115 0.05614035087719296
0.062091503267973726 0.059477124183006415 0.0614379084967319 0.06405228758169922 0.06797385620915018 0.0614379084967319 0.0594771241830064 0.062091503267973726 0.06470588235294104 0.09411764705882342 0.09999999999999988 0.062091503267973726 0.0594771241830064 0.06209150326797373 0.0594771241830064
0.04595959595959594 0.0494949494949495 0.04797979797979797 0.052020202020202015 0.04595959595959594 0.04747474747474746 0.048989898989899 0.04898989898989898 0.047474747474747475 0.06464646464646472 0.04898989898989899 0.04646464646464645 0.14090909090909107 0.12979797979797997 0.13484848484848502
0.0614379084967319 0.06339869281045739 0.062091503267973726 0.06601307189542469 0.0679738562091502 0.0660130718954247 0.0640522875816992 0.062091503267973726 0.06993464052287568 0.06078431372549007 0.06339869281045739 0.06078431372549007 0.11111111111111087 0.06209150326797373 0.05882352941176457
0.06666666666666654 0.07058823529411752 0.06274509803921556 0.06274509803921556 0.06993464052287568 0.06797385620915017 0.06666666666666653 0.0640522875816992 0.06470588235294104 0.06797385620915021 0.08300653594771225 0.06274509803921555 0.06339869281045737 0.0614379084967319 0.06535947712418287
0.0625 0.0625 0.0625 0.06319444444444444 0.0625 0.0625 0.0625 0.06319444444444444 0.0625 0.06319444444444444 0.0625 0.12291666666666666 0.0625 0.0625 0.0625
0.05438596491228072 0.05438596491228069 0.05555555555555555 0.05555555555555554 0.05321637426900585 0.060818713450292376 0.053801169590643266 0.05672514619883039 0.055555555555555546 0.05497076023391812 0.05321637426900586 0.05789473684210524 0.22456140350877205 0.054970760233918115 0.05438596491228069
0.054999999999999896 0.05444444444444437 0.055555555555555476 0.05444444444444437 0.05611111111111103 0.06722222222222213 0.05611111111111103 0.05444444444444437 0.05555555555555547 0.05444444444444435 0.05333333333333324 0.1083333333333332 0.16611111111111107 0.05555555555555547 0.05333333333333324
0.058641975308641875 0.062345679012345556 0.07345679012345666 0.06604938271604925 0.06172839506172829 0.06604938271604927 0.06543209876543198 0.06543209876543198 0.06728395061728382 0.07469135802469126 0.06851851851851841 0.06296296296296285 0.06049382716049371 0.08395061728395051 0.06296296296296283
0.0625 0.0625 0.0625 0.06388888888888888 0.0625 0.0625 0.0625 0.0625 0.0625 0.0625 0.06388888888888888 0.12222222222222222 0.0625 0.0625 0.0625
0.06129032258064512 0.039426523297491016 0.03691756272401431 0.07562724014336912 0.03512544802867381 0.03799283154121861 0.09749103942652328 0.08745519713261642 0.035842293906810006 0.06057347670250891 0.03835125448028671 0.03691756272401431 0.18207885304659505 0.08136200716845872 0.09354838709677414
0.0594771241830064 0.059477124183006415 0.05882352941176457 0.05882352941176457 0.05882352941176457 0.061437908496731884 0.05882352941176457 0.05882352941176457 0.05882352941176457 0.05882352941176457 0.0594771241830064 0.05882352941176457 0.16666666666666644 0.06339869281045737 0.059477124183006415
0.05321637426900584 0.05321637426900584 0.14269005847953192 0.057309941520467804 0.05321637426900586 0.05321637426900584 0.15730994152046754 0.05321637426900584 0.054970760233918115 0.0543859649122807 0.05438596491228069 0.05321637426900585 0.053801169590643266 0.052631578947368425 0.05321637426900584
0.05617283950617273 0.05555555555555545 0.05555555555555545 0.05555555555555545 0.05617283950617273 0.05555555555555545 0.05555555555555545 0.05555555555555545 0.058024691358024585 0.05555555555555545 0.05555555555555545 0.16419753086419733 0.05555555555555545 0.05617283950617273 0.10925925925925904
0.06049382716049371 0.06049382716049371 0.06604938271604927 0.06666666666666655 0.06790123456790112 0.0574074074074073 0.05925925925925915 0.06111111111111099 0.06604938271604925 0.06790123456790113 0.06790123456790109 0.06049382716049371 0.11543209876543188 0.06543209876543198 0.05740740740740729
0.06013071895424824 0.06339869281045737 0.06339869281045737 0.06797385620915018 0.06535947712418286 0.06405228758169922 0.06601307189542471 0.06013071895424823 0.06535947712418286 0.10588235294117632 0.06666666666666651 0.06535947712418289 0.06013071895424824 0.062091503267973726 0.06405228758169923
0.05438596491228071 0.06081871345029237 0.057309941520467804 0.06257309941520467 0.05730994152046784 0.05555555555555555 0.05497076023391813 0.0619883040935672 0.0812865497076023 0.06140350877192982 0.05847953216374265 0.06608187134502923 0.15672514619883018 0.05497076023391812 0.05614035087719299
0.05730994152046784 0.05380116959064327 0.06315789473684208 0.05964912280701755 0.05730994152046784 0.05730994152046782 0.05672514619883037 0.056725146198830394 0.06081871345029237 0.05321637426900584 0.057309941520467825 0.05614035087719296 0.19883040935672516 0.05555555555555555 0.05614035087719297
0.052631578947368425 0.05380116959064327 0.052631578947368425 0.05321637426900585 0.053801169590643266 0.052631578947368425 0.05672514619883039 0.052631578947368425 0.053801169590643266 0.05321637426900585 0.05321637426900585 0.25263157894736865 0.052631578947368425 0.05321637426900585 0.05321637426900586
0.06736111111111111 0.06666666666666667 0.07013888888888889 0.06527777777777778 0.06597222222222222 0.06319444444444444 0.07013888888888889 0.06597222222222222 0.06805555555555555 0.07222222222222222 0.06597222222222222 0.06944444444444445 0.06458333333333334 0.0625 0.0625
0.060233918128655035 0.055555555555555566 0.05380116959064327 0.05321637426900586 0.05321637426900585 0.05789473684210525 0.057309941520467776 0.05321637426900584 0.05321637426900585 0.053801169590643266 0.053801169590643266 0.08245614035087716 0.20409356725146208 0.055555555555555546 0.052631578947368425
0.06725146198830413 0.0736842105263157 0.059649122807017535 0.05730994152046782 0.0625730994152047 0.056725146198830415 0.06608187134502923 0.05497076023391812 0.06023391812865494 0.05614035087719297 0.05964912280701749 0.10116959064327478 0.10643274853801166 0.0590643274853801 0.059064327485380055
0.0594771241830064 0.06078431372549008 0.0640522875816992 0.062091503267973726 0.06470588235294103 0.0640522875816992 0.062091503267973726 0.062091503267973726 0.06928104575163384 0.06274509803921555 0.06274509803921555 0.061437908496731905 0.12156862745098018 0.06274509803921555 0.06013071895424824
0.0625 0.06319444444444444 0.0625 0.06319444444444444 0.06527777777777778 0.0625 0.06319444444444444 0.11944444444444445 0.0625 0.0625 0.06319444444444444 0.0625 0.0625 0.0625 0.0625
0.05802469135802457 0.06049382716049372 0.061728395061728274 0.059876543209876426 0.058024691358024585 0.0574074074074073 0.05925925925925914 0.16234567901234545 0.06358024691358014 0.06111111111111099 0.06604938271604928 0.05925925925925914 0.05925925925925915 0.05740740740740729 0.05617283950617273
0.05111111111111103 0.05555555555555547 0.052222222222222135 0.05222222222222214 0.053888888888888806 0.08444444444444434 0.05166666666666657 0.054999999999999924 0.05555555555555548 0.12499999999999988 0.06499999999999992 0.09833333333333318 0.04999999999999991 0.05055555555555547 0.09944444444444428
0.06543209876543196 0.06296296296296285 0.06296296296296283 0.06049382716049372 0.06543209876543198 0.06296296296296285 0.061111111111111005 0.061111111111111005 0.061111111111111005 0.06296296296296286 0.06296296296296285 0.06358024691358014 0.07222222222222209 0.11419753086419734 0.06049382716049371
0.0634920634920634 0.05873015873015864 0.06190476190476181 0.0666666666666666 0.055555555555555476 0.05714285714285706 0.05873015873015864 0.09947089947089938 0.06243386243386234 0.05925925925925918 0.07248677248677239 0.11746031746031738 0.05714285714285708 0.053439153439153377 0.056084656084656015
0.06172839506172829 0.05864197530864187 0.06172839506172829 0.06172839506172829 0.05925925925925916 0.09444444444444426 0.05987654320987642 0.06358024691358012 0.06296296296296283 0.06419753086419742 0.062345679012345556 0.06111111111111099 0.07530864197530851 0.093827160493827 0.05925925925925916
0.05617283950617273 0.058641975308641854 0.05864197530864187 0.06049382716049371 0.061728395061728274 0.06049382716049371 0.05679012345679001 0.05925925925925915 0.06049382716049372 0.098148148148148 0.08641975308641964 0.05617283950617273 0.0679012345679011 0.1006172839506171 0.058024691358024585
0.05614035087719298 0.06081871345029237 0.05789473684210522 0.05906432748538011 0.06374269005847946 0.060818713450292376 0.059649122807017535 0.08596491228070173 0.05906432748538011 0.06315789473684212 0.05614035087719298 0.08771929824561406 0.11695906432748533 0.056725146198830415 0.05614035087719297
0.05847953216374265 0.057309941520467825 0.07602339181286548 0.08654970760233915 0.05847953216374265 0.060233918128654945 0.05789473684210523 0.09590643274853808 0.07894736842105267 0.06140350877192982 0.06140350877192982 0.05614035087719298 0.057309941520467825 0.07836257309941522 0.055555555555555546
0.06535947712418289 0.0614379084967319 0.062091503267973726 0.06732026143790834 0.0614379084967319 0.06013071895424824 0.06339869281045737 0.062091503267973726 0.06405228758169922 0.06078431372549007 0.06339869281045739 0.062091503267973726 0.0594771241830064 0.06078431372549007 0.12614379084967298
0.06339869281045739 0.07581699346405214 0.0653594771241829 0.09346405228758152 0.06339869281045739 0.06274509803921555 0.06535947712418287 0.06209150326797373 0.07254901960784298 0.06078431372549007 0.06470588235294104 0.06535947712418287 0.060784313725490056 0.060784313725490056 0.06339869281045737
0.0590643274853801 0.058479532163742666 0.05847953216374265 0.056725146198830394 0.09999999999999998 0.058479532163742666 0.06023391812865496 0.09824561403508773 0.0625730994152047 0.05906432748538009 0.06257309941520467 0.0596491228070175 0.06666666666666668 0.05614035087719299 0.08362573099415203
0.05847953216374269 0.061403508771929814 0.05789473684210523 0.05438596491228069 0.08479532163742684 0.06432748538011696 0.054970760233918115 0.08888888888888889 0.07602339181286547 0.060233918128654966 0.05614035087719297 0.06257309941520464 0.05906432748538012 0.054970760233918115 0.10584795321637426
0.05111111111111103 0.05111111111111103 0.052222222222222135 0.05277777777777769 0.05055555555555547 0.052222222222222135 0.05499999999999993 0.07444444444444434 0.05166666666666658 0.0538888888888888 0.050555555555555465 0.052222222222222135 0.06388888888888879 0.23722222222222217 0.05111111111111103
0.0574074074074073 0.0574074074074073 0.06049382716049371 0.05864197530864187 0.06111111111111099 0.05864197530864187 0.06049382716049372 0.06172839506172829 0.058024691358024585 0.05925925925925914 0.05679012345679001 0.05987654320987642 0.06666666666666654 0.1641975308641973 0.05925925925925914
0.05617283950617273 0.05555555555555545 0.05617283950617273 0.05740740740740729 0.05617283950617273 0.05617283950617273 0.05555555555555545 0.05679012345679002 0.05617283950617273 0.05555555555555545 0.05555555555555545 0.05555555555555545 0.13209876543209859 0.13950617283950598 0.05555555555555545
0.0625 0.0625 0.0625 0.06388888888888888 0.0625 0.0625 0.0625 0.0625 0.0625 0.0625 0.0625 0.0625 0.07847222222222222 0.10625 0.06388888888888888
0.0625 0.0625 0.0625 0.06319444444444444 0.0625 0.06319444444444444 0.06319444444444444 0.0625 0.0625 0.0625 0.0625 0.0625 0.0625 0.12291666666666666 0.0625
0.052525252525252544 0.05555555555555561 0.05151515151515155 0.06464646464646469 0.05858585858585862 0.04797979797979798 0.05151515151515153 0.12929292929292946 0.054040404040404076 0.05555555555555557 0.05151515151515155 0.052020202020202036 0.1297979797979799 0.093939393939394 0.05151515151515152
0.055555555555555546 0.0567251461988304 0.05614035087719296 0.05497076023391812 0.05906432748538009 0.057309941520467846 0.057309941520467804 0.14210526315789457 0.0573099415204678 0.059064327485380076 0.05789473684210524 0.05497076023391814 0.05730994152046782 0.11988304093567242 0.0543859649122807
0.05321637426900585 0.052631578947368425 0.05438596491228071 0.05321637426900585 0.05321637426900585 0.05321637426900584 0.05380116959064327 0.10292397660818714 0.05438596491228069 0.0543859649122807 0.052631578947368425 0.05321637426900584 0.16666666666666652 0.08947368421052633 0.052631578947368425
0.06666666666666664 0.05789473684210527 0.06140350877192982 0.06783625730994149 0.06374269005847949 0.06549707602339183 0.06257309941520463 0.056725146198830415 0.06725146198830405 0.10116959064327481 0.0801169590643275 0.06491228070175435 0.05906432748538016 0.0631578947368421 0.061988304093567266
0.06013071895424824 0.06013071895424823 0.0594771241830064 0.06078431372549007 0.06470588235294104 0.059477124183006415 0.061437908496731905 0.14509803921568604 0.0640522875816992 0.061437908496731884 0.0594771241830064 0.0614379084967319 0.062091503267973726 0.060784313725490056 0.0594771241830064
0.055555555555555455 0.05111111111111103 0.05499999999999991 0.09222222222222211 0.05666666666666657 0.053888888888888806 0.05555555555555547 0.05611111111111102 0.08722222222222215 0.05944444444444434 0.05777777777777769 0.05555555555555547 0.0677777777777777 0.1444444444444446 0.05166666666666658
0.07083333333333333 0.07430555555555556 0.06666666666666667 0.06736111111111111 0.06319444444444444 0.06805555555555555 0.06388888888888888 0.06388888888888888 0.06458333333333334 0.06875 0.06527777777777778 0.06666666666666667 0.06527777777777778 0.06319444444444444 0.06805555555555555
0.0625 0.0625 0.0625 0.06319444444444444 0.0625 0.0625 0.0625 0.0625 0.0625 0.0625 0.0625 0.0625 0.0798611111111111 0.10625 0.06319444444444444
0.061437908496731884 0.0614379084967319 0.06013071895424823 0.0640522875816992 0.06928104575163387 0.0614379084967319 0.06013071895424824 0.062091503267973726 0.06078431372549007 0.061437908496731905 0.06013071895424823 0.0614379084967319 0.09411764705882342 0.10326797385620896 0.05882352941176457
0.05026455026455019 0.05079365079365073 0.053439153439153377 0.22592592592592553 0.048677248677248604 0.051851851851851774 0.05291005291005285 0.11005291005290996 0.05291005291005284 0.052910052910052824 0.050264550264550185 0.04920634920634913 0.04920634920634913 0.04973544973544967 0.05185185185185177
0.053333333333333253 0.052222222222222135 0.05444444444444435 0.14444444444444451 0.05222222222222214 0.05722222222222214 0.05444444444444437 0.13055555555555562 0.05277777777777769 0.05277777777777768 0.05277777777777769 0.05333333333333324 0.05111111111111102 0.08444444444444432 0.0538888888888888
0.06527777777777778 0.06597222222222222 0.06388888888888888 0.06527777777777778 0.06666666666666667 0.06388888888888888 0.06597222222222222 0.06527777777777778 0.06736111111111111 0.06458333333333334 0.07847222222222222 0.06944444444444445 0.06597222222222222 0.06597222222222222 0.06597222222222222
0.049758454106280256 0.05458937198067642 0.051207729468599104 0.0502415458937199 0.062318840579710245 0.0502415458937199 0.05024154589371989 0.05700483091787449 0.05120772946859911 0.11835748792270527 0.05410628019323683 0.10289855072463777 0.05169082125603873 0.054589371980676406 0.14154589371980678
0.06444444444444436 0.06555555555555546 0.06555555555555546 0.06611111111111104 0.10888888888888881 0.05833333333333324 0.06277777777777767 0.06777777777777767 0.06333333333333324 0.05944444444444437 0.058333333333333244 0.0577777777777777 0.05499999999999991 0.0616666666666666 0.08499999999999988
0.05987654320987644 0.061728395061728274 0.06296296296296285 0.07592592592592583 0.06358024691358014 0.058024691358024585 0.06666666666666657 0.07037037037037026 0.06913580246913567 0.0604938271604937 0.06543209876543198 0.05802469135802457 0.06666666666666654 0.10246913580246897 0.058641975308641854
0.08518518518518509 0.05714285714285706 0.057142857142857065 0.05873015873015866 0.05238095238095231 0.05132275132275124 0.08941798941798931 0.05873015873015866 0.056084656084656015 0.06137566137566131 0.058201058201058115 0.0904761904761904 0.04920634920634913 0.04973544973544967 0.12486772486772478
0.07708333333333334 0.06319444444444444 0.06319444444444444 0.06319444444444444 0.06319444444444444 0.06388888888888888 0.10138888888888889 0.06319444444444444 0.0625 0.0625 0.06388888888888888 0.06319444444444444 0.0625 0.0625 0.06458333333333334
0.06666666666666667 0.06666666666666667 0.06527777777777778 0.06736111111111111 0.07013888888888889 0.06388888888888888 0.06736111111111111 0.06319444444444444 0.06736111111111111 0.06805555555555555 0.06875 0.06805555555555555 0.06666666666666667 0.0625 0.06805555555555555
0.058479532163742666 0.061403508771929786 0.06783625730994153 0.07076023391812863 0.06900584795321635 0.057309941520467825 0.0614035087719298 0.06549707602339176 0.07485380116959062 0.0649122807017544 0.07251461988304095 0.05964912280701757 0.06081871345029237 0.05438596491228068 0.10116959064327487
0.09444444444444444 0.06319444444444444 0.06388888888888888 0.06458333333333334 0.06527777777777778 0.06319444444444444 0.06319444444444444 0.06736111111111111 0.06458333333333334 0.06805555555555555 0.06944444444444445 0.06388888888888888 0.06388888888888888 0.0625 0.0625
0.06313131313131314 0.05959595959595962 0.0560606060606061 0.05151515151515155 0.054040404040404055 0.053030303030303066 0.06060606060606068 0.05454545454545458 0.05858585858585862 0.056565656565656604 0.05555555555555557 0.12121212121212142 0.055050505050505065 0.05353535353535357 0.14696969696969703
0.05866666666666671 0.045333333333333364 0.09200000000000007 0.05822222222222225 0.05288888888888892 0.04400000000000003 0.054666666666666704 0.04844444444444448 0.04933333333333337 0.05333333333333337 0.05600000000000003 0.12133333333333328 0.048000000000000036 0.044888888888888916 0.17288888888888873
0.06013071895424824 0.06274509803921555 0.06078431372549007 0.06339869281045737 0.06601307189542471 0.06470588235294104 0.07320261437908483 0.06470588235294103 0.06274509803921555 0.0614379084967319 0.0614379084967319 0.060784313725490056 0.06209150326797373 0.06013071895424824 0.11568627450980369
0.05277777777777769 0.05444444444444435 0.054999999999999924 0.053888888888888806 0.052222222222222135 0.0538888888888888 0.055555555555555476 0.06055555555555548 0.05555555555555547 0.05499999999999991 0.055555555555555455 0.058888888888888796 0.0933333333333332 0.0577777777777777 0.18555555555555542
0.05111111111111102 0.05111111111111102 0.05166666666666659 0.052222222222222135 0.05277777777777769 0.052222222222222135 0.05444444444444436 0.05444444444444436 0.0538888888888888 0.05277777777777769 0.052222222222222135 0.08499999999999987 0.11333333333333327 0.09166666666666655 0.13111111111111118
0.06470588235294104 0.0614379084967319 0.062091503267973726 0.08104575163398678 0.06535947712418289 0.06535947712418287 0.07189542483660118 0.0699346405228757 0.06470588235294106 0.06666666666666654 0.06274509803921555 0.06535947712418287 0.0614379084967319 0.07124183006535935 0.06601307189542469
0.05789473684210524 0.06666666666666662 0.056725146198830415 0.0567251461988304 0.05847953216374265 0.05964912280701754 0.0567251461988304 0.057309941520467825 0.05672514619883039 0.13801169590643267 0.06198830409356721 0.05672514619883037 0.0596491228070175 0.09298245614035089 0.0637426900584795
0.0527777777777777 0.058333333333333244 0.0905555555555554 0.05166666666666658 0.05444444444444435 0.059999999999999894 0.04999999999999991 0.05499999999999991 0.05611111111111102 0.12388888888888894 0.052222222222222135 0.10444444444444433 0.053333333333333253 0.058888888888888796 0.07833333333333321
0.05 0.05601851851851851 0.05046296296296297 0.06342592592592597 0.04583333333333328 0.05138888888888888 0.05509259259259259 0.05601851851851851 0.054629629629629625 0.056018518518518544 0.05601851851851852 0.056018518518518474 0.05138888888888888 0.10185185185185186 0.1958333333333333
0.06666666666666667 0.06666666666666667 0.06944444444444445 0.07083333333333333 0.06319444444444444 0.06458333333333334 0.06875 0.06875 0.06805555555555555 0.06458333333333334 0.06597222222222222 0.06527777777777778 0.06458333333333334 0.06527777777777778 0.06736111111111111
0.05802469135802457 0.05740740740740729 0.05925925925925914 0.05925925925925915 0.059876543209876426 0.05802469135802457 0.06296296296296285 0.05740740740740729 0.058024691358024585 0.05802469135802457 0.058024691358024585 0.058641975308641854 0.0685185185185184 0.11358024691358005 0.11296296296296279
0.04898989898989899 0.057575757575757634 0.053535353535353554 0.05151515151515152 0.05050505050505051 0.05202020202020205 0.04898989898989898 0.10404040404040406 0.053030303030303066 0.1237373737373738 0.048989898989899 0.05202020202020205 0.052020202020202036 0.08989898989898992 0.11313131313131321
0.06470588235294104 0.06470588235294104 0.06078431372549007 0.10588235294117629 0.06339869281045737 0.06209150326797373 0.06339869281045739 0.0660130718954247 0.06339869281045737 0.062091503267973726 0.06470588235294104 0.062091503267973726 0.06405228758169922 0.06732026143790838 0.06535947712418287
0.05238095238095229 0.050264550264550206 0.05132275132275125 0.05291005291005285 0.04920634920634912 0.053968253968253894 0.05396825396825389 0.05555555555555547 0.05238095238095231 0.056613756613756554 0.053439153439153356 0.06613756613756605 0.11851851851851841 0.13174603174603167 0.10158730158730145
0.09019607843137238 0.06013071895424824 0.062091503267973726 0.060784313725490056 0.06209150326797373 0.0614379084967319 0.06013071895424824 0.062091503267973726 0.061437908496731884 0.06535947712418287 0.06339869281045737 0.06209150326797371 0.06078431372549007 0.06013071895424823 0.10784313725490173
0.051851851851851774 0.051851851851851774 0.056084656084656015 0.06243386243386236 0.05873015873015866 0.05026455026455019 0.11904761904761896 0.05079365079365073 0.05449735449735442 0.05502645502645496 0.05291005291005284 0.052380952380952306 0.06455026455026446 0.09206349206349196 0.12751322751322738
0.052631578947368425 0.05321637426900585 0.05380116959064327 0.05380116959064327 0.052631578947368425 0.05321637426900584 0.05321637426900585 0.10292397660818714 0.052631578947368425 0.054970760233918115 0.05438596491228071 0.05438596491228071 0.06491228070175438 0.09707602339181289 0.14619883040935647
0.06527777777777778 0.06527777777777778 0.06666666666666667 0.07361111111111111 0.06458333333333334 0.06319444444444444 0.06597222222222222 0.06805555555555555 0.06527777777777778 0.07013888888888889 0.06527777777777778 0.06458333333333334 0.07152777777777777 0.06597222222222222 0.06458333333333334
0.06358024691358014 0.058641975308641854 0.06111111111111099 0.06419753086419742 0.06481481481481473 0.059876543209876426 0.06172839506172829 0.06481481481481469 0.06419753086419741 0.07407407407407396 0.06975308641975296 0.058641975308641854 0.06975308641975296 0.10679012345678994 0.05802469135802457
0.055555555555555476 0.05132275132275125 0.06243386243386234 0.05185185185185179 0.09576719576719568 0.05132275132275125 0.061904761904761824 0.04973544973544966 0.053439153439153356 0.051322751322751256 0.053968253968253894 0.05185185185185177 0.13968253968253955 0.12063492063492053 0.04920634920634913
0.06405228758169922 0.06013071895424823 0.06078431372549007 0.06209150326797373 0.06470588235294106 0.062091503267973726 0.06274509803921556 0.11176470588235278 0.06797385620915018 0.06601307189542469 0.0614379084967319 0.06535947712418287 0.0640522875816992 0.0614379084967319 0.06535947712418287
0.05555555555555545 0.05617283950617273 0.05740740740740729 0.0574074074074073 0.05617283950617273 0.05555555555555545 0.05679012345679001 0.05740740740740729 0.05555555555555545 0.05802469135802457 0.05679012345679001 0.05555555555555545 0.06358024691358014 0.2024691358024688 0.05555555555555545
0.05555555555555545 0.05740740740740729 0.05679012345679001 0.0574074074074073 0.05740740740740729 0.05555555555555545 0.05740740740740729 0.05987654320987644 0.05679012345679001 0.05617283950617273 0.05555555555555545 0.05679012345679001 0.06790123456790112 0.19320987654320956 0.05617283950617273
0.0777777777777777 0.062222222222222116 0.061666666666666585 0.06833333333333325 0.05611111111111103 0.05444444444444437 0.08444444444444434 0.061666666666666564 0.06666666666666655 0.10444444444444437 0.05611111111111103 0.0627777777777777 0.05277777777777769 0.05277777777777769 0.07777777777777765
0.06597222222222222 0.06458333333333334 0.06805555555555555 0.06944444444444445 0.06527777777777778 0.06388888888888888 0.06597222222222222 0.06805555555555555 0.06805555555555555 0.06388888888888888 0.06805555555555555 0.06458333333333334 0.07152777777777777 0.06666666666666667 0.06597222222222222
0.06013071895424823 0.0594771241830064 0.059477124183006415 0.059477124183006415 0.05882352941176457 0.0594771241830064 0.06013071895424824 0.05882352941176457 0.05882352941176457 0.05882352941176457 0.05882352941176457 0.06013071895424824 0.12222222222222202 0.10588235294117627 0.0594771241830064
0.0625 0.06319444444444444 0.0625 0.06458333333333334 0.0625 0.0625 0.0625 0.11875 0.06388888888888888 0.0625 0.0625 0.06388888888888888 0.0625 0.0625 0.06319444444444444
0.059788359788359696 0.0851851851851851 0.0666666666666666 0.05820105820105814 0.06243386243386238 0.05502645502645493 0.06931216931216924 0.06084656084656077 0.06296296296296287 0.05714285714285708 0.06243386243386237 0.05714285714285706 0.06349206349206342 0.12063492063492054 0.058730158730158646
0.05672514619883039 0.05730994152046782 0.05438596491228069 0.095906432748538 0.05672514619883039 0.05321637426900584 0.057309941520467825 0.05789473684210526 0.05555555555555552 0.05672514619883039 0.057309941520467804 0.05555555555555554 0.11812865497076015 0.10818713450292392 0.0590643274853801
0.06339869281045739 0.0614379084967319 0.061437908496731884 0.06405228758169923 0.0594771241830064 0.06274509803921555 0.06339869281045739 0.06470588235294103 0.0614379084967319 0.06274509803921555 0.062091503267973726 0.1202614379084965 0.06339869281045737 0.06470588235294104 0.06470588235294103
0.05380116959064329 0.05438596491228071 0.055555555555555546 0.0584795321637427 0.09649122807017547 0.05380116959064327 0.06783625730994149 0.053801169590643294 0.055555555555555566 0.056725146198830415 0.0549707602339181 0.11345029239766077 0.06491228070175438 0.053801169590643266 0.10643274853801166
0.05882352941176457 0.05882352941176457 0.05882352941176457 0.05882352941176457 0.05882352941176457 0.05882352941176457 0.059477124183006415 0.059477124183006415 0.0594771241830064 0.06013071895424823 0.05882352941176457 0.0594771241830064 0.1281045751633985 0.10326797385620896 0.05882352941176457
0.0625 0.0625 0.0625 0.0625 0.0625 0.0625 0.0625 0.0625 0.0625 0.0625 0.0625 0.0625 0.0625 0.0625 0.125
0.0543859649122807 0.05321637426900586 0.05614035087719294 0.08011695906432746 0.05438596491228072 0.15789473684210495 0.05380116959064327 0.052631578947368425 0.06549707602339183 0.05380116959064327 0.054970760233918115 0.052631578947368425 0.05380116959064327 0.052631578947368425 0.104093567251462
0.03587301587301581 0.04603174603174598 0.03777777777777772 0.04380952380952375 0.0888888888888888 0.034603174603174545 0.042539682539682475 0.04412698412698406 0.07238095238095232 0.05396825396825389 0.05365079365079359 0.10793650793650779 0.09238095238095233 0.058095238095238 0.18793650793650765
0.08680555555555555 0.06527777777777778 0.06388888888888888 0.06527777777777778 0.0625 0.06666666666666667 0.06319444444444444 0.06597222222222222 0.06944444444444445 0.06597222222222222 0.06666666666666667 0.06597222222222222 0.06319444444444444 0.06319444444444444 0.06597222222222222
0.0625 0.06319444444444444 0.0625 0.0625 0.0625 0.0625 0.06319444444444444 0.0625 0.0625 0.06319444444444444 0.0625 0.12291666666666666 0.0625 0.0625 0.0625
0.059876543209876426 0.07345679012345667 0.06666666666666655 0.061111111111111005 0.06543209876543198 0.06049382716049371 0.06419753086419742 0.06604938271604925 0.06296296296296285 0.0685185185185184 0.10740740740740724 0.06296296296296285 0.06049382716049371 0.05925925925925914 0.06111111111111099
0.06666666666666667 0.06527777777777778 0.06388888888888888 0.06458333333333334 0.09861111111111111 0.06527777777777778 0.0625 0.06597222222222222 0.06944444444444445 0.06388888888888888 0.0625 0.06388888888888888 0.0625 0.0625 0.0625
0.0625 0.0625 0.06388888888888888 0.06388888888888888 0.0625 0.0625 0.06388888888888888 0.06388888888888888 0.06319444444444444 0.0625 0.0625 0.0625 0.11180555555555556 0.06805555555555555 0.06388888888888888
0.06315789473684207 0.06198830409356722 0.06374269005847948 0.06432748538011693 0.06315789473684208 0.060818713450292376 0.06959064327485381 0.06608187134502923 0.06549707602339176 0.05789473684210523 0.06140350877192979 0.0614035087719298 0.10935672514619882 0.059649122807017514 0.0719298245614035
0.0625 0.0625 0.0625 0.06319444444444444 0.0625 0.06388888888888888 0.06319444444444444 0.06458333333333334 0.06388888888888888 0.11736111111111111 0.06319444444444444 0.0625 0.0625 0.0625 0.06319444444444444
0.06319444444444444 0.06388888888888888 0.0625 0.06388888888888888 0.06597222222222222 0.08611111111111111 0.06319444444444444 0.0625 0.06388888888888888 0.06388888888888888 0.0875 0.06319444444444444 0.06319444444444444 0.0625 0.06458333333333334
0.07152777777777777 0.06875 0.06458333333333334 0.06666666666666667 0.06527777777777778 0.08125 0.06527777777777778 0.06458333333333334 0.06458333333333334 0.06666666666666667 0.06458333333333334 0.06458333333333334 0.06388888888888888 0.06388888888888888 0.06388888888888888
0.0640522875816992 0.06862745098039202 0.062091503267973726 0.0633986928104574 0.0640522875816992 0.0640522875816992 0.062091503267973726 0.0699346405228757 0.06862745098039204 0.08823529411764691 0.06797385620915021 0.06535947712418286 0.06339869281045739 0.0614379084967319 0.06666666666666654
0.07569444444444444 0.06458333333333334 0.08055555555555556 0.06597222222222222 0.06597222222222222 0.06388888888888888 0.06388888888888888 0.06736111111111111 0.06527777777777778 0.06458333333333334 0.06388888888888888 0.06597222222222222 0.0625 0.06527777777777778 0.06458333333333334
0.05925925925925915 0.06728395061728384 0.06481481481481467 0.06419753086419741 0.06049382716049372 0.0913580246913579 0.05802469135802457 0.08271604938271593 0.08086419753086407 0.06666666666666655 0.06666666666666654 0.05925925925925915 0.05802469135802457 0.06296296296296286 0.0574074074074073
0.06081871345029234 0.0590643274853801 0.09766081871345028 0.06608187134502926 0.0631578947368421 0.05730994152046782 0.07836257309941518 0.07953216374269007 0.06315789473684207 0.06257309941520467 0.06081871345029236 0.06023391812865496 0.06140350877192979 0.05555555555555555 0.07426900584795318
0.06405228758169922 0.06535947712418286 0.06209150326797373 0.06797385620915018 0.0633986928104574 0.06470588235294104 0.07189542483660118 0.0816993464052286 0.07124183006535934 0.06666666666666653 0.06535947712418287 0.06013071895424823 0.0640522875816992 0.06274509803921556 0.06862745098039204
0.058080808080808136 0.11464646464646473 0.12474747474747484 0.057070707070707126 0.06010101010101015 0.059090909090909145 0.05858585858585863 0.07979797979797984 0.056060606060606075 0.05808080808080816 0.06010101010101015 0.054545454545454584 0.052020202020202036 0.05202020202020206 0.055050505050505086
0.06339869281045737 0.1169934640522874 0.06993464052287565 0.06339869281045737 0.06013071895424824 0.06339869281045739 0.06274509803921556 0.0614379084967319 0.06274509803921555 0.06797385620915018 0.06535947712418287 0.062091503267973726 0.06078431372549007 0.0594771241830064 0.06013071895424823
0.061111111111111005 0.11604938271604914 0.06604938271604925 0.06296296296296285 0.0648148148148147 0.0641975308641974 0.06543209876543199 0.0648148148148147 0.06666666666666657 0.061111111111111005 0.06296296296296286 0.06358024691358014 0.05617283950617273 0.059876543209876426 0.06419753086419742
0.06388888888888888 0.06527777777777778 0.06319444444444444 0.06319444444444444 0.06527777777777778 0.06527777777777778 0.0625 0.06875 0.06805555555555555 0.09722222222222222 0.06597222222222222 0.06319444444444444 0.0625 0.0625 0.06319444444444444
0.06049382716049372 0.058024691358024585 0.06049382716049371 0.06419753086419741 0.061728395061728274 0.07160493827160483 0.06543209876543199 0.06049382716049371 0.06666666666666653 0.05925925925925915 0.06049382716049371 0.05740740740740729 0.05617283950617273 0.05740740740740729 0.14012345679012322
0.05155555555555559 0.0506666666666667 0.05422222222222226 0.05200000000000004 0.09288888888888894 0.05244444444444448 0.05288888888888892 0.04933333333333337 0.06044444444444448 0.05822222222222225 0.060000000000000046 0.04800000000000002 0.05822222222222225 0.11644444444444439 0.14266666666666658
0.06274509803921555 0.06013071895424824 0.0594771241830064 0.0614379084967319 0.06013071895424824 0.13986928104575144 0.06209150326797373 0.06339869281045739 0.062091503267973726 0.060784313725490056 0.06666666666666653 0.0614379084967319 0.06013071895424823 0.060784313725490056 0.05882352941176457
0.06388888888888888 0.0625 0.06319444444444444 0.0625 0.0625 0.12152777777777778 0.0625 0.0625 0.06319444444444444 0.0625 0.0625 0.06319444444444444 0.0625 0.0625 0.0625
0.0736842105263158 0.0543859649122807 0.0730994152046783 0.06432748538011696 0.06198830409356722 0.05614035087719297 0.07836257309941515 0.057309941520467825 0.07426900584795318 0.057309941520467825 0.07719298245614035 0.09941520467836251 0.05672514619883039 0.053801169590643266 0.06198830409356721
0.0444444444444444 0.04583333333333328 0.04305555555555551 0.06898148148148149 0.04768518518518518 0.2625 0.04351851851851846 0.04490740740740736 0.045370370370370325 0.13055555555555556 0.04490740740740736 0.044444444444444384 0.04675925925925921 0.04259259259259253 0.0444444444444444
0.09473684210526313 0.05906432748538012 0.06491228070175434 0.06432748538011691 0.07076023391812868 0.052631578947368425 0.07543859649122814 0.056140350877193 0.05672514619883039 0.057309941520467825 0.05614035087719296 0.12690058479532149 0.05321637426900585 0.05497076023391813 0.056725146198830394
0.06527777777777778 0.06597222222222222 0.06597222222222222 0.08541666666666667 0.06527777777777778 0.06666666666666667 0.07361111111111111 0.06597222222222222 0.06388888888888888 0.06458333333333334 0.06388888888888888 0.06388888888888888 0.06388888888888888 0.0625 0.06319444444444444
0.08011695906432748 0.0707602339181286 0.05789473684210527 0.055555555555555525 0.05438596491228069 0.056725146198830394 0.09649122807017546 0.05555555555555554 0.05614035087719296 0.05380116959064327 0.059649122807017535 0.08479532163742687 0.10818713450292396 0.05497076023391812 0.05497076023391812
0.05502645502645495 0.12169312169312167 0.05026455026455019 0.055555555555555504 0.05291005291005284 0.04920634920634914 0.056613756613756554 0.04814814814814808 0.04814814814814808 0.050793650793650724 0.06931216931216919 0.19259259259259226 0.04920634920634913 0.04761904761904755 0.05291005291005284
0.06666666666666667 0.06736111111111111 0.06666666666666667 0.06597222222222222 0.06319444444444444 0.08541666666666667 0.06597222222222222 0.06527777777777778 0.0625 0.06527777777777778 0.06736111111111111 0.06388888888888888 0.06458333333333334 0.06458333333333334 0.06527777777777778
0.0913580246913579 0.059876543209876426 0.06975308641975296 0.061728395061728274 0.0734567901234567 0.061728395061728274 0.06666666666666654 0.06728395061728384 0.06296296296296286 0.09135802469135788 0.06049382716049372 0.062345679012345556 0.05617283950617273 0.0574074074074073 0.0574074074074073
0.06458333333333334 0.06736111111111111 0.06666666666666667 0.06805555555555555 0.07083333333333333 0.06527777777777778 0.06458333333333334 0.06736111111111111 0.06875 0.06805555555555555 0.06736111111111111 0.06597222222222222 0.06319444444444444 0.06597222222222222 0.06597222222222222
0.05925925925925915 0.11296296296296274 0.05802469135802457 0.058024691358024585 0.058024691358024585 0.1271604938271603 0.05679012345679001 0.061111111111111005 0.058024691358024585 0.061111111111111005 0.05925925925925915 0.05864197530864187 0.05802469135802457 0.05679012345679001 0.05679012345679001
0.06527777777777778 0.07361111111111111 0.07430555555555556 0.06388888888888888 0.06458333333333334 0.06388888888888888 0.06597222222222222 0.06736111111111111 0.06666666666666667 0.06875 0.06875 0.06527777777777778 0.0625 0.06597222222222222 0.06319444444444444
0.06491228070175438 0.11988304093567242 0.061988304093567224 0.06608187134502921 0.06549707602339178 0.05964912280701752 0.06725146198830408 0.060818713450292376 0.0637426900584795 0.06257309941520466 0.06491228070175437 0.0637426900584795 0.058479532163742694 0.06081871345029237 0.059649122807017535
0.05740740740740729 0.15925925925925907 0.06172839506172829 0.0685185185185184 0.05925925925925915 0.05802469135802459 0.05679012345679001 0.06296296296296283 0.05740740740740729 0.06049382716049371 0.06975308641975293 0.05617283950617273 0.05679012345679001 0.05617283950617273 0.05925925925925916
0.06736111111111111 0.06944444444444445 0.06458333333333334 0.06527777777777778 0.06597222222222222 0.07013888888888889 0.06597222222222222 0.06666666666666667 0.06666666666666667 0.06666666666666667 0.06875 0.06597222222222222 0.06666666666666667 0.06527777777777778 0.06458333333333334
0.05617283950617273 0.05555555555555545 0.058641975308641854 0.05555555555555545 0.05679012345679001 0.15617283950617264 0.05555555555555545 0.05617283950617273 0.0574074074074073 0.05555555555555545 0.05617283950617273 0.05617283950617273 0.05555555555555545 0.05617283950617273 0.11234567901234548
0.06031746031746022 0.048677248677248604 0.05079365079365071 0.04973544973544967 0.05873015873015868 0.05185185185185179 0.05132275132275125 0.05449735449735442 0.07142857142857137 0.05026455026455019 0.05767195767195758 0.05449735449735441 0.16243386243386226 0.07724867724867715 0.10052910052910038
0.06319444444444444 0.0763888888888889 0.07430555555555556 0.06597222222222222 0.06666666666666667 0.0625 0.06666666666666667 0.06875 0.06388888888888888 0.06944444444444445 0.06666666666666667 0.06597222222222222 0.06319444444444444 0.06319444444444444 0.06319444444444444
0.062091503267973726 0.06405228758169922 0.06013071895424824 0.05882352941176457 0.05882352941176457 0.13137254901960768 0.0594771241830064 0.06862745098039205 0.06535947712418286 0.0692810457516339 0.06470588235294103 0.05882352941176457 0.05882352941176457 0.059477124183006415 0.06013071895424824
0.06527777777777778 0.06319444444444444 0.06458333333333334 0.08194444444444444 0.06597222222222222 0.06388888888888888 0.07430555555555556 0.06805555555555555 0.06388888888888888 0.06458333333333334 0.06597222222222222 0.06458333333333334 0.06388888888888888 0.06527777777777778 0.06458333333333334
