0.058024691358024585 0.06358024691358014 0.17345679012345652 0.06111111111111099 0.05802469135802457 0.058641975308641854 0.05925925925925915 0.0574074074074073 0.05740740740740729 0.05864197530864187 0.058024691358024585 0.059876543209876426 0.05740740740740729 0.05802469135802457 0.061111111111111005
0.058641975308641854 0.10679012345678994 0.1117283950617282 0.05925925925925915 0.05740740740740729 0.06913580246913567 0.05802469135802457 0.0679012345679011 0.058641975308641854 0.05802469135802457 0.06049382716049371 0.05987654320987644 0.05864197530864187 0.05679012345679001 0.05864197530864187
0.06319444444444444 0.07291666666666667 0.06805555555555555 0.06597222222222222 0.06458333333333334 0.06458333333333334 0.06527777777777778 0.06458333333333334 0.06944444444444445 0.06736111111111111 0.06805555555555555 0.06527777777777778 0.06666666666666667 0.06736111111111111 0.06666666666666667
0.05314009661835758 0.09516908212560392 0.13091787439613534 0.05555555555555566 0.055072463768116045 0.08067632850241556 0.04734299516908222 0.06328502415458949 0.10289855072463772 0.04927536231884066 0.06376811594202907 0.047826086956521824 0.05265700483091795 0.0502415458937199 0.052173913043478355
0.04867724867724861 0.08148148148148136 0.08941798941798927 0.06190476190476181 0.04814814814814808 0.06031746031746024 0.04814814814814808 0.04973544973544966 0.07936507936507925 0.09523809523809514 0.04814814814814808 0.04814814814814808 0.14391534391534383 0.04761904761904755 0.04973544973544966
0.06458333333333334 0.06319444444444444 0.0625 0.0625 0.06875 0.0798611111111111 0.06319444444444444 0.06388888888888888 0.09583333333333334 0.0625 0.0625 0.0625 0.0625 0.0625 0.06319444444444444
0.06470588235294103 0.062091503267973726 0.06078431372549007 0.06535947712418289 0.10915032679738543 0.06339869281045737 0.06078431372549007 0.06666666666666653 0.06078431372549007 0.06862745098039201 0.06470588235294103 0.06274509803921556 0.0640522875816992 0.06274509803921556 0.06339869281045739
0.05611111111111103 0.1061111111111111 0.05277777777777769 0.07111111111111101 0.09611111111111109 0.05833333333333324 0.05722222222222214 0.06499999999999989 0.06999999999999991 0.058333333333333244 0.08166666666666657 0.05499999999999991 0.05499999999999991 0.05722222222222214 0.059999999999999915
0.0527777777777777 0.053888888888888806 0.05611111111111103 0.05499999999999991 0.05722222222222214 0.06111111111111104 0.053888888888888806 0.05499999999999991 0.11388888888888885 0.057222222222222126 0.0699999999999999 0.14611111111111122 0.05333333333333324 0.05499999999999991 0.05944444444444435
0.0574074074074073 0.10493827160493814 0.06296296296296283 0.05864197530864187 0.05802469135802457 0.059876543209876426 0.05617283950617273 0.06419753086419741 0.059876543209876426 0.06604938271604928 0.05802469135802457 0.11543209876543192 0.05987654320987642 0.059876543209876426 0.05864197530864187
0.0625 0.0625 0.11041666666666666 0.06388888888888888 0.06458333333333334 0.06388888888888888 0.0625 0.0625 0.06319444444444444 0.0625 0.06319444444444444 0.06527777777777778 0.06388888888888888 0.06527777777777778 0.06388888888888888
0.11319444444444444 0.06388888888888888 0.06319444444444444 0.0625 0.0625 0.06388888888888888 0.06388888888888888 0.06319444444444444 0.06388888888888888 0.06388888888888888 0.06319444444444444 0.06319444444444444 0.06319444444444444 0.06319444444444444 0.06319444444444444
0.0625 0.06319444444444444 0.06319444444444444 0.0625 0.06597222222222222 0.07847222222222222 0.06458333333333334 0.0798611111111111 0.06458333333333334 0.06597222222222222 0.06805555555555555 0.0625 0.06388888888888888 0.06597222222222222 0.06875
0.05777777777777769 0.05555555555555547 0.06999999999999992 0.05111111111111103 0.11611111111111108 0.08277777777777769 0.05666666666666658 0.07833333333333324 0.05722222222222212 0.06611111111111101 0.06833333333333323 0.05722222222222214 0.05722222222222214 0.06555555555555546 0.059999999999999915
0.05722222222222214 0.05833333333333324 0.058333333333333265 0.05611111111111103 0.09722222222222222 0.05944444444444436 0.053888888888888806 0.08499999999999988 0.05833333333333325 0.060555555555555446 0.05611111111111102 0.05277777777777769 0.06611111111111102 0.06055555555555549 0.11999999999999988
0.05944444444444436 0.053333333333333253 0.07944444444444436 0.05277777777777769 0.10666666666666656 0.0638888888888888 0.0527777777777777 0.06611111111111104 0.05333333333333324 0.058888888888888796 0.06166666666666658 0.05277777777777769 0.061111111111111005 0.052222222222222135 0.12555555555555548
0.05555555555555545 0.09629629629629612 0.12037037037037025 0.05925925925925914 0.09382716049382704 0.05987654320987644 0.05617283950617273 0.05740740740740729 0.05679012345679002 0.06049382716049372 0.05740740740740729 0.0574074074074073 0.05802469135802457 0.05555555555555545 0.05555555555555545
0.04898989898989899 0.04797979797979798 0.051010101010101026 0.04646464646464645 0.11818181818181835 0.06868686868686877 0.08535353535353539 0.055555555555555566 0.06919191919191921 0.048989898989899 0.1328282828282829 0.08434343434343433 0.046464646464646445 0.04747474747474746 0.04848484848484849
0.05166666666666658 0.05166666666666658 0.05277777777777768 0.05111111111111102 0.0616666666666666 0.12111111111111102 0.05166666666666657 0.05333333333333324 0.10722222222222215 0.0905555555555554 0.05944444444444436 0.08999999999999987 0.05166666666666658 0.052222222222222135 0.053888888888888806
0.06944444444444445 0.06527777777777778 0.06388888888888888 0.06805555555555555 0.06527777777777778 0.06666666666666667 0.06736111111111111 0.06736111111111111 0.06527777777777778 0.06666666666666667 0.06805555555555555 0.06736111111111111 0.06736111111111111 0.06597222222222222 0.06597222222222222
0.06049382716049371 0.08641975308641961 0.06172839506172829 0.07037037037037024 0.06790123456790109 0.06234567901234556 0.10123456790123439 0.06666666666666657 0.06111111111111101 0.061728395061728274 0.05987654320987644 0.06111111111111099 0.05925925925925914 0.05864197530864187 0.06111111111111099
0.0625 0.0625 0.06736111111111111 0.0625 0.11805555555555555 0.0625 0.06319444444444444 0.06319444444444444 0.0625 0.0625 0.06319444444444444 0.0625 0.0625 0.0625 0.0625
0.06458333333333334 0.06319444444444444 0.06319444444444444 0.06319444444444444 0.07013888888888889 0.06527777777777778 0.06319444444444444 0.06597222222222222 0.06319444444444444 0.09166666666666666 0.06736111111111111 0.06597222222222222 0.06388888888888888 0.06319444444444444 0.06597222222222222
0.05789473684210525 0.06491228070175435 0.05438596491228071 0.06198830409356724 0.06023391812865492 0.0742690058479532 0.05380116959064329 0.14795321637426886 0.0842105263157895 0.054970760233918115 0.055555555555555525 0.052631578947368425 0.05321637426900585 0.05730994152046782 0.06666666666666665
0.05679012345679001 0.05617283950617273 0.061728395061728294 0.05679012345679002 0.06296296296296286 0.06481481481481469 0.06049382716049372 0.1049382716049381 0.05925925925925916 0.06728395061728382 0.06543209876543198 0.09506172839506155 0.06111111111111099 0.05864197530864187 0.06851851851851838
0.053333333333333253 0.05444444444444436 0.0538888888888888 0.052222222222222135 0.05444444444444436 0.05222222222222214 0.10499999999999993 0.05277777777777768 0.15833333333333344 0.10555555555555543 0.05222222222222214 0.04999999999999991 0.05166666666666658 0.05111111111111103 0.0527777777777777
0.06527777777777778 0.06736111111111111 0.06666666666666667 0.06666666666666667 0.06666666666666667 0.06527777777777778 0.06388888888888888 0.06875 0.06527777777777778 0.06736111111111111 0.06319444444444444 0.06666666666666667 0.07083333333333333 0.06805555555555555 0.06805555555555555
0.046153846153846115 0.1525641025641024 0.048717948717948684 0.09999999999999984 0.054700854700854666 0.12350427350427338 0.04914529914529913 0.05769230769230765 0.07350427350427344 0.0538461538461538 0.044444444444444405 0.04145299145299142 0.047008547008546966 0.05299145299145292 0.05427350427350422
0.06013071895424824 0.0614379084967319 0.0614379084967319 0.11372549019607821 0.07712418300653581 0.06078431372549007 0.06078431372549007 0.06797385620915017 0.06535947712418286 0.06013071895424824 0.06339869281045739 0.0614379084967319 0.06013071895424824 0.06078431372549008 0.06535947712418287
0.05679012345679001 0.05864197530864187 0.06049382716049371 0.05617283950617273 0.05987654320987644 0.05740740740740729 0.05555555555555545 0.0574074074074073 0.07098765432098753 0.1197530864197529 0.05679012345679002 0.059876543209876426 0.05617283950617273 0.11111111111111091 0.06296296296296285
0.062345679012345556 0.05925925925925914 0.07962962962962951 0.06666666666666654 0.06728395061728384 0.06049382716049372 0.05802469135802457 0.06851851851851841 0.05925925925925916 0.06975308641975296 0.09012345679012332 0.06543209876543196 0.06358024691358014 0.06481481481481469 0.06481481481481471
0.06078431372549007 0.06013071895424824 0.09215686274509786 0.06013071895424824 0.06405228758169923 0.08235294117647045 0.0594771241830064 0.062091503267973726 0.0843137254901959 0.06732026143790835 0.06274509803921555 0.06209150326797373 0.060784313725490056 0.061437908496731905 0.06013071895424824
0.058641975308641854 0.05740740740740729 0.05987654320987642 0.059876543209876426 0.06543209876543199 0.12901234567901215 0.05925925925925915 0.06666666666666655 0.0679012345679011 0.059876543209876426 0.06358024691358012 0.0574074074074073 0.06296296296296286 0.05679012345679001 0.07530864197530851
0.05202020202020206 0.08131313131313136 0.05050505050505052 0.07222222222222226 0.05555555555555559 0.0626262626262627 0.05101010101010104 0.07020202020202021 0.098989898989899 0.06212121212121219 0.054545454545454605 0.0505050505050505 0.12676767676767692 0.048989898989899 0.06262626262626261
0.06013071895424824 0.14901960784313703 0.05882352941176457 0.08169934640522862 0.05882352941176457 0.06013071895424823 0.05882352941176457 0.05882352941176457 0.05882352941176457 0.05882352941176457 0.05882352941176457 0.05882352941176457 0.05882352941176457 0.06078431372549007 0.05882352941176457
0.06315789473684204 0.07134502923976604 0.07309941520467832 0.07076023391812863 0.06491228070175438 0.06140350877192982 0.056725146198830394 0.06140350877192979 0.05847953216374269 0.11403508771929817 0.07309941520467828 0.053801169590643266 0.05906432748538011 0.05847953216374267 0.06023391812865497
0.05999999999999993 0.06055555555555547 0.06111111111111103 0.12388888888888877 0.06999999999999991 0.05722222222222215 0.05944444444444435 0.06444444444444436 0.06611111111111101 0.07333333333333324 0.06333333333333324 0.0627777777777777 0.05722222222222214 0.06277777777777767 0.0577777777777777
0.0614379084967319 0.06013071895424823 0.06666666666666655 0.06013071895424824 0.11307189542483638 0.06666666666666654 0.059477124183006415 0.06274509803921555 0.06274509803921555 0.06209150326797373 0.05882352941176457 0.06405228758169922 0.06274509803921555 0.059477124183006415 0.07973856209150311
0.06013071895424823 0.06078431372549007 0.06013071895424823 0.062091503267973726 0.0679738562091502 0.07973856209150312 0.0594771241830064 0.06339869281045737 0.09215686274509786 0.06732026143790837 0.059477124183006415 0.0594771241830064 0.05882352941176457 0.07973856209150312 0.06928104575163384
0.0625 0.06388888888888888 0.06458333333333334 0.0625 0.06319444444444444 0.06527777777777778 0.06388888888888888 0.06388888888888888 0.06597222222222222 0.0625 0.10902777777777778 0.0625 0.06319444444444444 0.0625 0.06458333333333334
0.05847953216374265 0.0567251461988304 0.05964912280701754 0.057309941520467804 0.05789473684210523 0.05964912280701755 0.06081871345029237 0.07602339181286542 0.06081871345029237 0.1456140350877192 0.06257309941520466 0.06081871345029237 0.05964912280701752 0.05964912280701752 0.06432748538011693
0.10833333333333334 0.06388888888888888 0.0625 0.06388888888888888 0.06319444444444444 0.0625 0.06319444444444444 0.06319444444444444 0.0625 0.06458333333333334 0.0625 0.0625 0.0625 0.06319444444444444 0.07152777777777777
0.06414141414141415 0.046464646464646445 0.04595959595959594 0.09646464646464646 0.04595959595959594 0.06818181818181819 0.04646464646464645 0.047474747474747475 0.045454545454545435 0.045454545454545435 0.04696969696969695 0.04646464646464645 0.04646464646464645 0.07121212121212121 0.2368686868686872
0.06078431372549007 0.0614379084967319 0.062091503267973726 0.0594771241830064 0.06274509803921555 0.06797385620915018 0.10849673202614359 0.072549019607843 0.06339869281045739 0.06601307189542469 0.062091503267973726 0.06078431372549007 0.0614379084967319 0.06013071895424823 0.07058823529411751
0.05050505050505053 0.04646464646464645 0.051010101010101026 0.04797979797979798 0.05606060606060612 0.10757575757575769 0.11363636363636374 0.06010101010101014 0.12525252525252537 0.05050505050505053 0.052020202020202036 0.04797979797979797 0.052020202020202015 0.07525252525252527 0.06363636363636367
0.05730994152046784 0.18070175438596472 0.0777777777777778 0.05789473684210523 0.05555555555555554 0.05380116959064327 0.0543859649122807 0.06140350877192979 0.06783625730994151 0.057894736842105284 0.05789473684210522 0.053801169590643266 0.054970760233918115 0.0543859649122807 0.05438596491228069
0.05777777777777769 0.05611111111111103 0.05499999999999991 0.0538888888888888 0.06277777777777768 0.08277777777777769 0.12888888888888891 0.06888888888888879 0.0866666666666666 0.05777777777777768 0.054999999999999924 0.05944444444444436 0.05833333333333322 0.0538888888888888 0.06277777777777767
0.10457516339869262 0.0614379084967319 0.06013071895424823 0.05882352941176457 0.062091503267973726 0.06013071895424824 0.10326797385620894 0.06470588235294103 0.06078431372549007 0.06209150326797371 0.06013071895424824 0.06078431372549007 0.0594771241830064 0.06078431372549007 0.06078431372549007
0.0594771241830064 0.05882352941176457 0.06013071895424824 0.06013071895424823 0.11307189542483635 0.060784313725490056 0.05882352941176457 0.06470588235294104 0.06078431372549007 0.06013071895424823 0.0594771241830064 0.05882352941176457 0.06209150326797373 0.09869281045751614 0.0640522875816992
0.09135802469135788 0.05679012345679001 0.05925925925925915 0.05802469135802457 0.05925925925925915 0.07037037037037024 0.09629629629629613 0.059876543209876426 0.05740740740740729 0.08641975308641961 0.06728395061728384 0.05740740740740729 0.05925925925925915 0.05679012345679001 0.06419753086419742
0.05617283950617273 0.05617283950617273 0.05679012345679001 0.05617283950617273 0.05617283950617273 0.05679012345679001 0.058024691358024585 0.06049382716049371 0.05864197530864187 0.05679012345679001 0.05864197530864187 0.05617283950617273 0.05987654320987642 0.19382716049382687 0.05925925925925915
0.07660818713450292 0.057309941520467825 0.06081871345029236 0.056725146198830415 0.06900584795321633 0.06432748538011693 0.05789473684210524 0.06432748538011694 0.06900584795321635 0.06959064327485377 0.10643274853801164 0.0596491228070175 0.0614035087719298 0.061403508771929786 0.06549707602339178
0.11695906432748529 0.0543859649122807 0.05438596491228069 0.05321637426900586 0.0543859649122807 0.07953216374269009 0.052631578947368425 0.05438596491228069 0.05730994152046782 0.053801169590643266 0.09356725146198834 0.05380116959064327 0.05380116959064327 0.05555555555555555 0.11228070175438586
0.06473429951690833 0.10483091787439612 0.045410628019323745 0.06183574879227063 0.047826086956521824 0.06425120772946866 0.07681159420289864 0.050241545893719874 0.047342995169082205 0.04589371980676337 0.04492753623188414 0.04444444444444452 0.045410628019323745 0.07149758454106292 0.18454106280193244
0.05132275132275125 0.07936507936507928 0.05079365079365073 0.07301587301587292 0.052380952380952306 0.05449735449735441 0.05079365079365071 0.05873015873015866 0.056084656084656 0.059259259259259185 0.05396825396825389 0.05502645502645495 0.057671957671957604 0.07989417989417978 0.167195767195767
0.06419753086419741 0.05617283950617273 0.06234567901234558 0.05925925925925915 0.05802469135802457 0.07037037037037025 0.06543209876543199 0.06358024691358014 0.059876543209876426 0.058024691358024585 0.10987654320987633 0.05679012345679001 0.06296296296296283 0.09320987654320972 0.05987654320987644
0.056725146198830394 0.05555555555555554 0.06783625730994146 0.0760233918128655 0.10877192982456138 0.055555555555555546 0.08947368421052632 0.06081871345029243 0.10643274853801166 0.05321637426900584 0.05321637426900584 0.0543859649122807 0.054970760233918115 0.05321637426900586 0.05380116959064329
0.05333333333333324 0.0527777777777777 0.05222222222222214 0.05277777777777769 0.05222222222222213 0.06333333333333324 0.052222222222222135 0.05666666666666658 0.050555555555555465 0.0527777777777777 0.05277777777777768 0.05277777777777769 0.05333333333333326 0.23777777777777775 0.06444444444444436
0.05 0.052020202020202036 0.05252525252525256 0.048989898989899 0.0565656565656566 0.05252525252525256 0.054040404040404055 0.12474747474747488 0.05050505050505053 0.054040404040404055 0.19797979797979803 0.04898989898989899 0.04797979797979797 0.051010101010101026 0.058080808080808136
0.10694444444444444 0.06458333333333334 0.0625 0.06319444444444444 0.06319444444444444 0.06319444444444444 0.0625 0.06458333333333334 0.0625 0.06319444444444444 0.06388888888888888 0.0625 0.0625 0.0625 0.07222222222222222
0.08388888888888879 0.05611111111111102 0.05833333333333324 0.05388888888888881 0.05611111111111104 0.06833333333333327 0.05666666666666658 0.06222222222222214 0.09777777777777771 0.06111111111111102 0.06388888888888879 0.10055555555555544 0.05833333333333324 0.05722222222222212 0.06555555555555546
0.05343915343915337 0.05502645502645496 0.059259259259259164 0.053439153439153377 0.05555555555555548 0.05925925925925918 0.04973544973544966 0.20634920634920606 0.052380952380952306 0.055555555555555476 0.05820105820105812 0.07883597883597873 0.0555555555555555 0.05238095238095229 0.05502645502645496
0.051851851851851774 0.05132275132275125 0.05343915343915337 0.05132275132275125 0.059259259259259164 0.06084656084656078 0.10846560846560838 0.08148148148148146 0.15343915343915326 0.05661375661375654 0.05343915343915337 0.053968253968253894 0.05343915343915337 0.05291005291005284 0.058201058201058135
0.06527777777777778 0.06388888888888888 0.06875 0.06597222222222222 0.07152777777777777 0.0625 0.06458333333333334 0.06388888888888888 0.07222222222222222 0.06319444444444444 0.06597222222222222 0.06458333333333334 0.06944444444444445 0.06666666666666667 0.07152777777777777
0.06805555555555555 0.06458333333333334 0.06666666666666667 0.06527777777777778 0.06736111111111111 0.06527777777777778 0.06597222222222222 0.06805555555555555 0.06597222222222222 0.06527777777777778 0.06458333333333334 0.06736111111111111 0.07361111111111111 0.06527777777777778 0.06666666666666667
0.06535947712418289 0.06339869281045739 0.1013071895424835 0.06535947712418287 0.06535947712418286 0.06339869281045739 0.06209150326797371 0.06470588235294104 0.06339869281045737 0.06470588235294106 0.06732026143790837 0.06013071895424824 0.06666666666666654 0.06470588235294103 0.062091503267973726
0.05740740740740729 0.05987654320987644 0.09074074074074065 0.05802469135802457 0.05925925925925914 0.05987654320987644 0.05864197530864187 0.11172839506172821 0.058641975308641854 0.06234567901234556 0.08086419753086403 0.05617283950617273 0.05925925925925915 0.05679012345679002 0.07037037037037022
0.0594771241830064 0.05882352941176457 0.05882352941176457 0.06013071895424824 0.1686274509803919 0.0594771241830064 0.05882352941176457 0.061437908496731884 0.0594771241830064 0.0594771241830064 0.059477124183006415 0.059477124183006415 0.05882352941176457 0.05882352941176457 0.05882352941176457
0.045454545454545435 0.08282828282828279 0.045454545454545435 0.04595959595959594 0.046464646464646445 0.045454545454545435 0.04595959595959594 0.05050505050505053 0.045454545454545435 0.31767676767676717 0.04595959595959594 0.045454545454545435 0.046464646464646445 0.045454545454545435 0.045454545454545435
0.06597222222222222 0.06527777777777778 0.06597222222222222 0.06736111111111111 0.06666666666666667 0.06527777777777778 0.06388888888888888 0.06875 0.07152777777777777 0.06527777777777778 0.06458333333333334 0.06388888888888888 0.06805555555555555 0.06805555555555555 0.06944444444444445
0.07385620915032666 0.0640522875816992 0.06405228758169922 0.062091503267973726 0.0614379084967319 0.06078431372549007 0.06013071895424824 0.06666666666666653 0.06013071895424824 0.059477124183006415 0.11699346405228735 0.06470588235294103 0.06078431372549007 0.06470588235294106 0.06013071895424824
0.04830917874396144 0.07971014492753636 0.05120772946859909 0.05072463768115951 0.04975845410628028 0.04975845410628026 0.06425120772946873 0.18792270531400979 0.05024154589371988 0.049758454106280284 0.048792270531401054 0.047826086956521824 0.047826086956521824 0.07342995169082135 0.10048309178743978
0.05614035087719298 0.0567251461988304 0.05555555555555555 0.05614035087719298 0.06081871345029233 0.06140350877192979 0.09415204678362574 0.11520467836257303 0.056725146198830415 0.05906432748538011 0.09824561403508775 0.06081871345029236 0.05555555555555555 0.05555555555555554 0.05789473684210527
0.06339869281045739 0.07254901960784298 0.06862745098039202 0.0660130718954247 0.06601307189542473 0.062091503267973726 0.06470588235294103 0.06732026143790835 0.06470588235294104 0.06732026143790837 0.07385620915032666 0.0614379084967319 0.06274509803921555 0.07058823529411752 0.06862745098039201
0.05611111111111102 0.0638888888888888 0.05944444444444436 0.07388888888888877 0.05611111111111103 0.05833333333333324 0.05499999999999991 0.06444444444444436 0.07722222222222215 0.062222222222222116 0.05333333333333324 0.053333333333333253 0.15055555555555566 0.05999999999999991 0.05611111111111103
0.06013071895424824 0.0614379084967319 0.06339869281045737 0.07058823529411748 0.06470588235294103 0.061437908496731905 0.06274509803921555 0.06470588235294104 0.06274509803921555 0.06405228758169923 0.06339869281045737 0.06078431372549007 0.11045751633986907 0.062091503267973726 0.06732026143790835
0.06013071895424823 0.06339869281045737 0.1130718954248364 0.061437908496731905 0.06470588235294106 0.060784313725490056 0.059477124183006415 0.0614379084967319 0.06013071895424824 0.07843137254901947 0.060784313725490056 0.06078431372549007 0.06339869281045739 0.06078431372549007 0.07124183006535935
0.05740740740740729 0.05679012345679002 0.17654320987654293 0.05679012345679001 0.05740740740740729 0.05864197530864187 0.058024691358024585 0.06172839506172829 0.062345679012345556 0.05617283950617273 0.05864197530864187 0.05802469135802457 0.06296296296296286 0.05740740740740729 0.061111111111111005
0.05555555555555554 0.056725146198830394 0.1497076023391812 0.06666666666666662 0.0590643274853801 0.06315789473684208 0.05906432748538009 0.06432748538011693 0.06432748538011689 0.060233918128654966 0.06257309941520463 0.06023391812865494 0.06198830409356724 0.056725146198830394 0.059649122807017514
0.05497076023391812 0.05380116959064327 0.06783625730994146 0.05906432748538009 0.11637426900584787 0.05730994152046782 0.061403508771929786 0.06198830409356719 0.058479532163742666 0.0590643274853801 0.060233918128654966 0.055555555555555566 0.11637426900584787 0.05614035087719297 0.061403508771929835
0.04675925925925923 0.0444444444444444 0.045370370370370325 0.048148148148148114 0.045833333333333295 0.05138888888888889 0.05 0.051851851851851836 0.04814814814814809 0.09398148148148143 0.2884259259259261 0.0444444444444444 0.04675925925925923 0.04722222222222218 0.04722222222222218
0.061437908496731884 0.062091503267973726 0.10522875816993445 0.06078431372549007 0.072549019607843 0.06405228758169922 0.06078431372549007 0.0660130718954247 0.06535947712418286 0.0660130718954247 0.06339869281045737 0.0633986928104574 0.06274509803921555 0.06535947712418289 0.060784313725490056
0.05380116959064329 0.053801169590643266 0.05380116959064327 0.0614035087719298 0.05555555555555555 0.05555555555555555 0.05497076023391812 0.06140350877192977 0.0590643274853801 0.21695906432748543 0.054970760233918115 0.05555555555555554 0.05497076023391814 0.05321637426900584 0.05497076023391813
0.050793650793650724 0.04814814814814808 0.10105820105820092 0.05026455026455019 0.05238095238095229 0.05343915343915337 0.04867724867724861 0.06402116402116394 0.05026455026455019 0.10052910052910043 0.06772486772486765 0.04973544973544966 0.06507936507936497 0.14814814814814803 0.04973544973544966
0.053030303030303066 0.05050505050505052 0.10353535353535362 0.06060606060606065 0.08989898989898991 0.05808080808080816 0.04848484848484848 0.05252525252525256 0.06363636363636371 0.053535353535353554 0.09191919191919194 0.08080808080808083 0.09040404040404043 0.05101010101010102 0.052020202020202036
0.0625 0.0625 0.12291666666666666 0.0625 0.06319444444444444 0.0625 0.06319444444444444 0.0625 0.0625 0.06319444444444444 0.0625 0.0625 0.0625 0.0625 0.0625
0.04920634920634913 0.05079365079365073 0.09259259259259252 0.06349206349206339 0.09841269841269831 0.05185185185185177 0.05449735449735441 0.05661375661375653 0.05555555555555547 0.10105820105820096 0.05396825396825389 0.04973544973544967 0.10105820105820096 0.05291005291005283 0.0682539682539682
0.05802469135802457 0.062345679012345556 0.06604938271604925 0.061728395061728274 0.06728395061728383 0.08333333333333319 0.0604938271604937 0.06296296296296283 0.06790123456790112 0.07530864197530854 0.06851851851851841 0.06049382716049372 0.06049382716049372 0.05925925925925916 0.08580246913580236
0.06209150326797373 0.06470588235294104 0.0908496732026142 0.06470588235294103 0.0614379084967319 0.0594771241830064 0.06013071895424823 0.06274509803921555 0.0614379084967319 0.06405228758169922 0.05882352941176457 0.0594771241830064 0.1111111111111109 0.05882352941176457 0.06013071895424823
0.0625 0.06319444444444444 0.06319444444444444 0.06319444444444444 0.06319444444444444 0.0625 0.0625 0.06388888888888888 0.06319444444444444 0.0625 0.11736111111111111 0.0625 0.06319444444444444 0.06458333333333334 0.0625
0.06666666666666667 0.06458333333333334 0.06666666666666667 0.06666666666666667 0.06875 0.06458333333333334 0.06527777777777778 0.06805555555555555 0.06597222222222222 0.06805555555555555 0.06597222222222222 0.06805555555555555 0.06736111111111111 0.06597222222222222 0.06736111111111111
0.0625 0.0625 0.06458333333333334 0.0625 0.0625 0.0625 0.0625 0.11875 0.0625 0.06319444444444444 0.06388888888888888 0.0625 0.06319444444444444 0.06319444444444444 0.06319444444444444
0.05617283950617273 0.0999999999999998 0.05555555555555545 0.05679012345679001 0.05617283950617273 0.05740740740740729 0.05555555555555545 0.05740740740740729 0.05802469135802457 0.05679012345679001 0.05740740740740729 0.05555555555555545 0.05679012345679001 0.05555555555555545 0.1648148148148146
0.04404761904761904 0.14166666666666664 0.05119047619047615 0.04841269841269838 0.09523809523809518 0.05238095238095234 0.06349206349206343 0.05277777777777775 0.04484126984126982 0.04285714285714284 0.061111111111111074 0.04444444444444443 0.04007936507936506 0.04206349206349205 0.17539682539682536
0.05499999999999991 0.08166666666666657 0.05666666666666658 0.12444444444444441 0.058888888888888796 0.052222222222222135 0.05833333333333325 0.06111111111111103 0.05722222222222215 0.055555555555555455 0.05611111111111103 0.05222222222222214 0.11722222222222223 0.05444444444444436 0.05888888888888879
0.05497076023391812 0.14444444444444424 0.056140350877193 0.08479532163742687 0.05497076023391812 0.0771929824561403 0.054970760233918115 0.05321637426900586 0.08479532163742694 0.0567251461988304 0.06549707602339178 0.052631578947368425 0.052631578947368425 0.05321637426900584 0.05380116959064327
0.11345029239766077 0.13567251461988292 0.056725146198830394 0.055555555555555546 0.05906432748538012 0.05672514619883039 0.05789473684210525 0.061403508771929814 0.059064327485380076 0.0619883040935672 0.055555555555555546 0.05789473684210525 0.05789473684210526 0.05497076023391812 0.05614035087719298
0.05882352941176457 0.09281045751633969 0.0594771241830064 0.08300653594771225 0.05882352941176457 0.059477124183006415 0.05882352941176457 0.05882352941176457 0.05882352941176457 0.11633986928104549 0.0594771241830064 0.05882352941176457 0.05882352941176457 0.05882352941176457 0.05882352941176457
0.11286549707602335 0.056725146198830394 0.0543859649122807 0.053801169590643266 0.056140350877193 0.07953216374269004 0.05847953216374269 0.05614035087719295 0.05964912280701754 0.12397660818713442 0.05964912280701754 0.05614035087719297 0.05964912280701748 0.0567251461988304 0.05614035087719297
0.058730158730158646 0.08306878306878299 0.05026455026455019 0.06666666666666657 0.07460317460317452 0.05714285714285706 0.0671957671957671 0.08624338624338612 0.06719576719576711 0.05502645502645495 0.05873015873015869 0.10582010582010576 0.05238095238095232 0.04920634920634913 0.06772486772486767
0.212280701754386 0.05497076023391813 0.056725146198830415 0.0543859649122807 0.05672514619883039 0.058479532163742694 0.06315789473684207 0.05555555555555554 0.05614035087719298 0.05380116959064327 0.055555555555555525 0.055555555555555566 0.05614035087719296 0.054970760233918115 0.05555555555555554
0.3591269841269842 0.07658730158730151 0.03968253968253966 0.046825396825396826 0.04285714285714284 0.05357142857142855 0.04166666666666665 0.04999999999999995 0.054761904761904734 0.03888888888888886 0.03968253968253965 0.03650793650793649 0.03928571428571426 0.038888888888888855 0.04166666666666663
0.16975308641975287 0.05555555555555545 0.06172839506172829 0.05617283950617273 0.05679012345679001 0.06172839506172829 0.0827160493827159 0.05679012345679001 0.05864197530864187 0.05679012345679002 0.05617283950617273 0.0574074074074073 0.05617283950617273 0.05555555555555545 0.05802469135802457
0.0799999999999999 0.05555555555555547 0.07777777777777771 0.05833333333333324 0.06999999999999988 0.06388888888888879 0.06111111111111102 0.06666666666666657 0.06333333333333326 0.0688888888888888 0.06833333333333323 0.07055555555555544 0.07055555555555547 0.06222222222222213 0.0627777777777777
0.056725146198830415 0.05321637426900585 0.09707602339181286 0.05555555555555555 0.06549707602339173 0.07017543859649115 0.09532163742690059 0.05964912280701754 0.08479532163742698 0.05380116959064327 0.05497076023391812 0.055555555555555546 0.05497076023391812 0.08713450292397663 0.05555555555555555
0.05111111111111102 0.05555555555555547 0.11222222222222208 0.05166666666666658 0.053333333333333253 0.07333333333333324 0.05111111111111103 0.05666666666666658 0.076111111111111 0.15666666666666684 0.05444444444444436 0.04999999999999991 0.05444444444444435 0.05111111111111103 0.05222222222222214
0.05497076023391814 0.15087719298245603 0.06374269005847952 0.05964912280701752 0.05672514619883037 0.07368421052631577 0.0543859649122807 0.06140350877192979 0.08830409356725152 0.05789473684210522 0.058479532163742666 0.05321637426900584 0.05672514619883042 0.05438596491228069 0.05555555555555555
0.0567251461988304 0.06491228070175435 0.08888888888888889 0.07309941520467834 0.06491228070175435 0.06666666666666658 0.059649122807017514 0.06491228070175435 0.05906432748538011 0.06081871345029237 0.08187134502923973 0.060233918128654966 0.06842105263157892 0.06257309941520466 0.06725146198830408
0.05333333333333324 0.0527777777777777 0.08666666666666659 0.05111111111111102 0.1561111111111111 0.05444444444444436 0.05277777777777768 0.06944444444444432 0.058888888888888796 0.05611111111111103 0.05444444444444436 0.08666666666666656 0.054999999999999924 0.05555555555555547 0.05666666666666657
0.06527777777777778 0.06388888888888888 0.06597222222222222 0.06319444444444444 0.06388888888888888 0.06597222222222222 0.06388888888888888 0.06736111111111111 0.06458333333333334 0.06388888888888888 0.06458333333333334 0.07777777777777778 0.07777777777777778 0.06527777777777778 0.06666666666666667
0.04999999999999991 0.052222222222222135 0.050555555555555465 0.29500000000000043 0.04999999999999991 0.050555555555555465 0.04999999999999991 0.050555555555555465 0.04999999999999991 0.04999999999999991 0.050555555555555465 0.04999999999999991 0.04999999999999991 0.050555555555555465 0.04999999999999991
0.06319444444444444 0.0625 0.0625 0.06388888888888888 0.0625 0.0625 0.06319444444444444 0.0625 0.0625 0.12152777777777778 0.0625 0.0625 0.0625 0.0625 0.06319444444444444
0.059477124183006415 0.08562091503267959 0.06013071895424824 0.07189542483660116 0.0614379084967319 0.062091503267973726 0.06013071895424824 0.061437908496731905 0.060784313725490056 0.062091503267973726 0.0614379084967319 0.06013071895424824 0.11372549019607821 0.06013071895424823 0.0594771241830064
0.05740740740740729 0.07345679012345667 0.06111111111111099 0.0839506172839505 0.05802469135802457 0.0574074074074073 0.06296296296296286 0.062345679012345556 0.05987654320987644 0.07098765432098753 0.05740740740740729 0.05679012345679001 0.11049382716049365 0.0691358024691357 0.05864197530864187
0.05740740740740729 0.05987654320987642 0.0574074074074073 0.06172839506172829 0.13580246913580235 0.0604938271604937 0.05864197530864187 0.058641975308641875 0.05740740740740729 0.069753086419753 0.05987654320987642 0.058641975308641854 0.06049382716049371 0.06666666666666653 0.07716049382716034
0.04830917874396143 0.07536231884057981 0.049758454106280284 0.2439613526570047 0.07101449275362326 0.05024154589371989 0.04541062801932375 0.045893719806763364 0.04685990338164258 0.05024154589371988 0.04830917874396143 0.04444444444444452 0.07681159420289864 0.056521739130434866 0.046859903381642594
0.05864197530864187 0.0574074074074073 0.05740740740740729 0.1197530864197529 0.05802469135802457 0.08333333333333319 0.05864197530864187 0.05740740740740729 0.058641975308641854 0.06419753086419741 0.05987654320987642 0.06666666666666655 0.05802469135802457 0.06728395061728382 0.07469135802469123
0.0625 0.07152777777777777 0.06319444444444444 0.10416666666666667 0.06458333333333334 0.0625 0.0625 0.0625 0.06319444444444444 0.06388888888888888 0.06388888888888888 0.0625 0.06319444444444444 0.06666666666666667 0.06319444444444444
0.05151515151515152 0.08232323232323238 0.05959595959595964 0.16666666666666669 0.05252525252525254 0.06212121212121221 0.06161616161616169 0.0641414141414142 0.05505050505050508 0.055050505050505086 0.05555555555555559 0.053535353535353554 0.05959595959595966 0.055050505050505086 0.06565656565656569
0.05888888888888879 0.09999999999999996 0.05333333333333324 0.16611111111111107 0.0627777777777777 0.05999999999999991 0.05277777777777769 0.06722222222222213 0.05333333333333324 0.05611111111111104 0.0527777777777777 0.05888888888888879 0.05055555555555547 0.05166666666666657 0.055555555555555476
0.05882352941176457 0.059477124183006415 0.06732026143790834 0.06209150326797373 0.0594771241830064 0.05882352941176457 0.06013071895424824 0.05882352941176457 0.06013071895424824 0.06993464052287565 0.08496732026143777 0.0640522875816992 0.0614379084967319 0.11437908496732004 0.06013071895424824
0.05614035087719297 0.0654970760233918 0.07894736842105267 0.06081871345029237 0.05672514619883039 0.0543859649122807 0.05555555555555554 0.05789473684210523 0.05906432748538011 0.08128654970760232 0.12865497076023383 0.06023391812865494 0.0654970760233918 0.059649122807017514 0.059649122807017535
0.05333333333333324 0.05777777777777768 0.081111111111111 0.09833333333333333 0.057222222222222126 0.05222222222222214 0.05333333333333324 0.058888888888888796 0.05388888888888881 0.05555555555555547 0.057222222222222126 0.05722222222222214 0.05277777777777769 0.1583333333333334 0.0527777777777777
0.06666666666666675 0.04879227053140103 0.057004830917874484 0.0608695652173914 0.057487922705314075 0.05120772946859911 0.05072463768115951 0.06280193236714984 0.05845410628019332 0.05265700483091795 0.053140096618357564 0.046859903381642594 0.23574879227053133 0.0468599033816426 0.05072463768115952
0.06013071895424824 0.0594771241830064 0.05882352941176457 0.1071895424836599 0.0594771241830064 0.06013071895424824 0.05882352941176457 0.059477124183006415 0.061437908496731884 0.11764705882352917 0.06013071895424823 0.05882352941176457 0.05882352941176457 0.06013071895424824 0.059477124183006415
0.06527777777777778 0.0625 0.06666666666666667 0.06319444444444444 0.0625 0.07847222222222222 0.06458333333333334 0.07013888888888889 0.06944444444444445 0.06875 0.06527777777777778 0.06388888888888888 0.06527777777777778 0.0625 0.07152777777777777
0.06209150326797373 0.062091503267973726 0.06339869281045739 0.11437908496732001 0.062091503267973726 0.07908496732026128 0.06013071895424823 0.06405228758169922 0.0594771241830064 0.06732026143790835 0.06862745098039204 0.05882352941176457 0.05882352941176457 0.05882352941176457 0.06078431372549007
0.059477124183006415 0.06013071895424823 0.06274509803921555 0.12549019607843112 0.06405228758169922 0.06013071895424824 0.06013071895424824 0.06470588235294104 0.06274509803921556 0.06274509803921555 0.06732026143790837 0.06078431372549007 0.06470588235294104 0.06339869281045737 0.0614379084967319
0.05714285714285708 0.05714285714285705 0.05714285714285706 0.20052910052910025 0.05449735449735442 0.052380952380952306 0.0777777777777777 0.06984126984126976 0.05238095238095231 0.0555555555555555 0.053439153439153356 0.050793650793650724 0.055555555555555476 0.05343915343915337 0.052380952380952306
0.052380952380952285 0.08465608465608454 0.058201058201058135 0.14656084656084645 0.050793650793650724 0.050793650793650724 0.05185185185185177 0.09999999999999988 0.05185185185185179 0.04920634920634914 0.05291005291005284 0.05026455026455019 0.09576719576719567 0.05185185185185179 0.05291005291005284
0.05617283950617273 0.061111111111111005 0.0716049382716048 0.05617283950617273 0.05679012345679001 0.07839506172839493 0.05740740740740729 0.06975308641975296 0.06604938271604925 0.10061728395061713 0.07037037037037025 0.07098765432098753 0.06728395061728383 0.05925925925925916 0.058024691358024585
0.06234567901234556 0.08086419753086407 0.06790123456790109 0.061111111111111005 0.059876543209876426 0.06728395061728382 0.0648148148148147 0.07037037037037025 0.06975308641975297 0.0728395061728394 0.06296296296296285 0.05925925925925915 0.06543209876543198 0.061728395061728274 0.07345679012345668
0.053888888888888806 0.05611111111111103 0.05555555555555547 0.05166666666666658 0.053888888888888806 0.06444444444444436 0.05722222222222214 0.10333333333333322 0.05166666666666658 0.056666666666666594 0.053333333333333253 0.05499999999999991 0.05944444444444436 0.05555555555555547 0.17222222222222228
0.05882352941176457 0.05882352941176457 0.05882352941176457 0.0594771241830064 0.05882352941176457 0.05882352941176457 0.05882352941176457 0.05882352941176457 0.05882352941176457 0.1751633986928102 0.0594771241830064 0.05882352941176457 0.05882352941176457 0.05882352941176457 0.05882352941176457
0.0625 0.06319444444444444 0.0625 0.0625 0.0625 0.06319444444444444 0.0625 0.0625 0.06388888888888888 0.12083333333333333 0.0625 0.06319444444444444 0.0625 0.06319444444444444 0.0625
0.06597222222222222 0.06597222222222222 0.06458333333333334 0.06597222222222222 0.06736111111111111 0.06805555555555555 0.06666666666666667 0.06875 0.06597222222222222 0.07152777777777777 0.06597222222222222 0.06527777777777778 0.06736111111111111 0.06388888888888888 0.06666666666666667
0.05499999999999991 0.06111111111111101 0.14166666666666658 0.05722222222222214 0.05444444444444436 0.056666666666666594 0.05555555555555548 0.059999999999999894 0.05611111111111103 0.06666666666666655 0.059999999999999894 0.0577777777777777 0.11055555555555543 0.054999999999999924 0.05222222222222214
