0.043478260869565216 0.043478260869565216 0.043478260869565216 0.08695652173913043 0.043478260869565216 0.043478260869565216 0.043478260869565216 0.17391304347826086 0.043478260869565216 0.043478260869565216 0.08695652173913043 0.17391304347826086 0.043478260869565216 0.043478260869565216 0.043478260869565216
0.05555555555555555 0.1111111111111111 0.05555555555555555 0.05555555555555555 0.05555555555555555 0.05555555555555555 0.05555555555555555 0.05555555555555555 0.05555555555555555 0.05555555555555555 0.16666666666666666 0.05555555555555555 0.05555555555555555 0.05555555555555555 0.05555555555555555
0.058823529411764705 0.058823529411764705 0.11764705882352941 0.058823529411764705 0.058823529411764705 0.058823529411764705 0.058823529411764705 0.058823529411764705 0.058823529411764705 0.11764705882352941 0.058823529411764705 0.058823529411764705 0.058823529411764705 0.058823529411764705 0.058823529411764705
0.0625 0.0625 0.0625 0.0625 0.0625 0.0625 0.0625 0.0625 0.0625 0.0625 0.0625 0.0625 0.0625 0.0625 0.125
0.15384615384615385 0.038461538461538464 0.038461538461538464 0.038461538461538464 0.038461538461538464 0.038461538461538464 0.07692307692307693 0.11538461538461539 0.038461538461538464 0.15384615384615385 0.11538461538461539 0.038461538461538464 0.038461538461538464 0.038461538461538464 0.038461538461538464
0.05555555555555555 0.05555555555555555 0.05555555555555555 0.05555555555555555 0.05555555555555555 0.05555555555555555 0.1111111111111111 0.1111111111111111 0.1111111111111111 0.05555555555555555 0.05555555555555555 0.05555555555555555 0.05555555555555555 0.05555555555555555 0.05555555555555555
0.0625 0.0625 0.125 0.0625 0.0625 0.0625 0.0625 0.0625 0.0625 0.0625 0.0625 0.0625 0.0625 0.0625 0.0625
0.17647058823529413 0.058823529411764705 0.058823529411764705 0.058823529411764705 0.058823529411764705 0.058823529411764705 0.058823529411764705 0.058823529411764705 0.058823529411764705 0.058823529411764705 0.058823529411764705 0.058823529411764705 0.058823529411764705 0.058823529411764705 0.058823529411764705
0.0625 0.0625 0.0625 0.125 0.0625 0.0625 0.0625 0.0625 0.0625 0.0625 0.0625 0.0625 0.0625 0.0625 0.0625
0.0625 0.0625 0.0625 0.0625 0.0625 0.0625 0.0625 0.0625 0.0625 0.0625 0.0625 0.125 0.0625 0.0625 0.0625
0.1111111111111111 0.05555555555555555 0.1111111111111111 0.05555555555555555 0.05555555555555555 0.05555555555555555 0.05555555555555555 0.05555555555555555 0.05555555555555555 0.05555555555555555 0.05555555555555555 0.05555555555555555 0.05555555555555555 0.1111111111111111 0.05555555555555555
0.058823529411764705 0.058823529411764705 0.058823529411764705 0.058823529411764705 0.058823529411764705 0.058823529411764705 0.17647058823529413 0.058823529411764705 0.058823529411764705 0.058823529411764705 0.058823529411764705 0.058823529411764705 0.058823529411764705 0.058823529411764705 0.058823529411764705
0.0625 0.0625 0.0625 0.0625 0.0625 0.0625 0.0625 0.0625 0.125 0.0625 0.0625 0.0625 0.0625 0.0625 0.0625
0.05555555555555555 0.05555555555555555 0.05555555555555555 0.05555555555555555 0.05555555555555555 0.05555555555555555 0.05555555555555555 0.05555555555555555 0.05555555555555555 0.2222222222222222 0.05555555555555555 0.05555555555555555 0.05555555555555555 0.05555555555555555 0.05555555555555555
0.05 0.15 0.1 0.05 0.1 0.05 0.1 0.05 0.05 0.05 0.05 0.05 0.05 0.05 0.05
0.0625 0.0625 0.0625 0.0625 0.0625 0.0625 0.0625 0.0625 0.0625 0.0625 0.125 0.0625 0.0625 0.0625 0.0625
0.058823529411764705 0.058823529411764705 0.058823529411764705 0.11764705882352941 0.058823529411764705 0.058823529411764705 0.058823529411764705 0.058823529411764705 0.058823529411764705 0.058823529411764705 0.058823529411764705 0.058823529411764705 0.058823529411764705 0.11764705882352941 0.058823529411764705
0.11764705882352941 0.058823529411764705 0.058823529411764705 0.058823529411764705 0.058823529411764705 0.058823529411764705 0.058823529411764705 0.11764705882352941 0.058823529411764705 0.058823529411764705 0.058823529411764705 0.058823529411764705 0.058823529411764705 0.058823529411764705 0.058823529411764705
0.0625 0.0625 0.0625 0.0625 0.0625 0.0625 0.125 0.0625 0.0625 0.0625 0.0625 0.0625 0.0625 0.0625 0.0625
0.125 0.0625 0.0625 0.0625 0.0625 0.0625 0.0625 0.0625 0.0625 0.0625 0.0625 0.0625 0.0625 0.0625 0.0625
0.0625 0.0625 0.0625 0.0625 0.0625 0.0625 0.0625 0.0625 0.0625 0.0625 0.0625 0.0625 0.125 0.0625 0.0625
0.058823529411764705 0.058823529411764705 0.058823529411764705 0.11764705882352941 0.058823529411764705 0.058823529411764705 0.058823529411764705 0.058823529411764705 0.11764705882352941 0.058823529411764705 0.058823529411764705 0.058823529411764705 0.058823529411764705 0.058823529411764705 0.058823529411764705
0.058823529411764705 0.058823529411764705 0.058823529411764705 0.058823529411764705 0.11764705882352941 0.058823529411764705 0.058823529411764705 0.058823529411764705 0.058823529411764705 0.058823529411764705 0.058823529411764705 0.058823529411764705 0.11764705882352941 0.058823529411764705 0.058823529411764705
0.05555555555555555 0.1111111111111111 0.05555555555555555 0.05555555555555555 0.05555555555555555 0.05555555555555555 0.1111111111111111 0.05555555555555555 0.05555555555555555 0.05555555555555555 0.05555555555555555 0.1111111111111111 0.05555555555555555 0.05555555555555555 0.05555555555555555
0.058823529411764705 0.058823529411764705 0.11764705882352941 0.058823529411764705 0.11764705882352941 0.058823529411764705 0.058823529411764705 0.058823529411764705 0.058823529411764705 0.058823529411764705 0.058823529411764705 0.058823529411764705 0.058823529411764705 0.058823529411764705 0.058823529411764705
0.0625 0.0625 0.125 0.0625 0.0625 0.0625 0.0625 0.0625 0.0625 0.0625 0.0625 0.0625 0.0625 0.0625 0.0625
0.058823529411764705 0.17647058823529413 0.058823529411764705 0.058823529411764705 0.058823529411764705 0.058823529411764705 0.058823529411764705 0.058823529411764705 0.058823529411764705 0.058823529411764705 0.058823529411764705 0.058823529411764705 0.058823529411764705 0.058823529411764705 0.058823529411764705
0.0625 0.0625 0.125 0.0625 0.0625 0.0625 0.0625 0.0625 0.0625 0.0625 0.0625 0.0625 0.0625 0.0625 0.0625
0.058823529411764705 0.058823529411764705 0.058823529411764705 0.058823529411764705 0.11764705882352941 0.058823529411764705 0.058823529411764705 0.058823529411764705 0.11764705882352941 0.058823529411764705 0.058823529411764705 0.058823529411764705 0.058823529411764705 0.058823529411764705 0.058823529411764705
0.058823529411764705 0.058823529411764705 0.058823529411764705 0.058823529411764705 0.058823529411764705 0.058823529411764705 0.058823529411764705 0.058823529411764705 0.058823529411764705 0.058823529411764705 0.058823529411764705 0.058823529411764705 0.058823529411764705 0.058823529411764705 0.17647058823529413
0.058823529411764705 0.058823529411764705 0.058823529411764705 0.058823529411764705 0.17647058823529413 0.058823529411764705 0.058823529411764705 0.058823529411764705 0.058823529411764705 0.058823529411764705 0.058823529411764705 0.058823529411764705 0.058823529411764705 0.058823529411764705 0.058823529411764705
0.043478260869565216 0.043478260869565216 0.043478260869565216 0.08695652173913043 0.21739130434782608 0.043478260869565216 0.043478260869565216 0.043478260869565216 0.08695652173913043 0.043478260869565216 0.043478260869565216 0.043478260869565216 0.043478260869565216 0.043478260869565216 0.13043478260869565
0.0625 0.0625 0.0625 0.0625 0.0625 0.0625 0.125 0.0625 0.0625 0.0625 0.0625 0.0625 0.0625 0.0625 0.0625
0.058823529411764705 0.058823529411764705 0.058823529411764705 0.11764705882352941 0.058823529411764705 0.11764705882352941 0.058823529411764705 0.058823529411764705 0.058823529411764705 0.058823529411764705 0.058823529411764705 0.058823529411764705 0.058823529411764705 0.058823529411764705 0.058823529411764705
0.058823529411764705 0.058823529411764705 0.058823529411764705 0.058823529411764705 0.058823529411764705 0.058823529411764705 0.058823529411764705 0.11764705882352941 0.058823529411764705 0.058823529411764705 0.058823529411764705 0.058823529411764705 0.11764705882352941 0.058823529411764705 0.058823529411764705
0.05263157894736842 0.05263157894736842 0.05263157894736842 0.05263157894736842 0.05263157894736842 0.05263157894736842 0.05263157894736842 0.15789473684210525 0.05263157894736842 0.05263157894736842 0.05263157894736842 0.05263157894736842 0.15789473684210525 0.05263157894736842 0.05263157894736842
0.05263157894736842 0.05263157894736842 0.05263157894736842 0.05263157894736842 0.05263157894736842 0.05263157894736842 0.10526315789473684 0.05263157894736842 0.10526315789473684 0.10526315789473684 0.05263157894736842 0.05263157894736842 0.10526315789473684 0.05263157894736842 0.05263157894736842
0.10526315789473684 0.05263157894736842 0.10526315789473684 0.05263157894736842 0.05263157894736842 0.05263157894736842 0.10526315789473684 0.05263157894736842 0.05263157894736842 0.05263157894736842 0.05263157894736842 0.05263157894736842 0.05263157894736842 0.10526315789473684 0.05263157894736842
0.058823529411764705 0.058823529411764705 0.058823529411764705 0.17647058823529413 0.058823529411764705 0.058823529411764705 0.058823529411764705 0.058823529411764705 0.058823529411764705 0.058823529411764705 0.058823529411764705 0.058823529411764705 0.058823529411764705 0.058823529411764705 0.058823529411764705
0.05555555555555555 0.1111111111111111 0.05555555555555555 0.05555555555555555 0.1111111111111111 0.05555555555555555 0.1111111111111111 0.05555555555555555 0.05555555555555555 0.05555555555555555 0.05555555555555555 0.05555555555555555 0.05555555555555555 0.05555555555555555 0.05555555555555555
0.05263157894736842 0.05263157894736842 0.05263157894736842 0.05263157894736842 0.05263157894736842 0.05263157894736842 0.05263157894736842 0.05263157894736842 0.05263157894736842 0.05263157894736842 0.05263157894736842 0.05263157894736842 0.15789473684210525 0.05263157894736842 0.15789473684210525
0.058823529411764705 0.058823529411764705 0.058823529411764705 0.058823529411764705 0.058823529411764705 0.058823529411764705 0.058823529411764705 0.11764705882352941 0.058823529411764705 0.058823529411764705 0.058823529411764705 0.058823529411764705 0.058823529411764705 0.11764705882352941 0.058823529411764705
0.0625 0.0625 0.0625 0.0625 0.0625 0.0625 0.0625 0.0625 0.0625 0.0625 0.125 0.0625 0.0625 0.0625 0.0625
0.0625 0.0625 0.0625 0.0625 0.0625 0.0625 0.0625 0.125 0.0625 0.0625 0.0625 0.0625 0.0625 0.0625 0.0625
0.05263157894736842 0.05263157894736842 0.05263157894736842 0.05263157894736842 0.05263157894736842 0.05263157894736842 0.05263157894736842 0.21052631578947367 0.05263157894736842 0.05263157894736842 0.05263157894736842 0.05263157894736842 0.05263157894736842 0.10526315789473684 0.05263157894736842
0.05263157894736842 0.05263157894736842 0.05263157894736842 0.05263157894736842 0.05263157894736842 0.05263157894736842 0.05263157894736842 0.10526315789473684 0.05263157894736842 0.05263157894736842 0.05263157894736842 0.05263157894736842 0.05263157894736842 0.21052631578947367 0.05263157894736842
0.058823529411764705 0.058823529411764705 0.058823529411764705 0.17647058823529413 0.058823529411764705 0.058823529411764705 0.058823529411764705 0.058823529411764705 0.058823529411764705 0.058823529411764705 0.058823529411764705 0.058823529411764705 0.058823529411764705 0.058823529411764705 0.058823529411764705
0.05263157894736842 0.10526315789473684 0.10526315789473684 0.05263157894736842 0.05263157894736842 0.05263157894736842 0.10526315789473684 0.05263157894736842 0.10526315789473684 0.05263157894736842 0.05263157894736842 0.05263157894736842 0.05263157894736842 0.05263157894736842 0.05263157894736842
0.0625 0.125 0.0625 0.0625 0.0625 0.0625 0.0625 0.0625 0.0625 0.0625 0.0625 0.0625 0.0625 0.0625 0.0625
0.05555555555555555 0.05555555555555555 0.05555555555555555 0.05555555555555555 0.05555555555555555 0.05555555555555555 0.05555555555555555 0.05555555555555555 0.1111111111111111 0.05555555555555555 0.05555555555555555 0.05555555555555555 0.05555555555555555 0.16666666666666666 0.05555555555555555
0.05 0.05 0.05 0.05 0.05 0.05 0.05 0.05 0.05 0.05 0.1 0.2 0.1 0.05 0.05
0.058823529411764705 0.058823529411764705 0.058823529411764705 0.058823529411764705 0.058823529411764705 0.058823529411764705 0.058823529411764705 0.058823529411764705 0.058823529411764705 0.058823529411764705 0.058823529411764705 0.11764705882352941 0.058823529411764705 0.11764705882352941 0.058823529411764705
0.0625 0.0625 0.0625 0.125 0.0625 0.0625 0.0625 0.0625 0.0625 0.0625 0.0625 0.0625 0.0625 0.0625 0.0625
0.125 0.0625 0.0625 0.0625 0.0625 0.0625 0.0625 0.0625 0.0625 0.0625 0.0625 0.0625 0.0625 0.0625 0.0625
0.047619047619047616 0.047619047619047616 0.047619047619047616 0.047619047619047616 0.23809523809523808 0.047619047619047616 0.047619047619047616 0.047619047619047616 0.14285714285714285 0.047619047619047616 0.047619047619047616 0.047619047619047616 0.047619047619047616 0.047619047619047616 0.047619047619047616
0.05555555555555555 0.05555555555555555 0.05555555555555555 0.1111111111111111 0.05555555555555555 0.05555555555555555 0.05555555555555555 0.1111111111111111 0.05555555555555555 0.05555555555555555 0.05555555555555555 0.05555555555555555 0.05555555555555555 0.1111111111111111 0.05555555555555555
0.0625 0.0625 0.0625 0.0625 0.0625 0.0625 0.0625 0.0625 0.125 0.0625 0.0625 0.0625 0.0625 0.0625 0.0625
0.058823529411764705 0.058823529411764705 0.058823529411764705 0.058823529411764705 0.11764705882352941 0.058823529411764705 0.11764705882352941 0.058823529411764705 0.058823529411764705 0.058823529411764705 0.058823529411764705 0.058823529411764705 0.058823529411764705 0.058823529411764705 0.058823529411764705
0.047619047619047616 0.14285714285714285 0.09523809523809523 0.14285714285714285 0.047619047619047616 0.047619047619047616 0.047619047619047616 0.047619047619047616 0.047619047619047616 0.047619047619047616 0.047619047619047616 0.047619047619047616 0.047619047619047616 0.047619047619047616 0.09523809523809523
0.14285714285714285 0.03571428571428571 0.03571428571428571 0.2857142857142857 0.03571428571428571 0.03571428571428571 0.03571428571428571 0.03571428571428571 0.03571428571428571 0.07142857142857142 0.03571428571428571 0.03571428571428571 0.03571428571428571 0.03571428571428571 0.10714285714285714
0.13793103448275862 0.034482758620689655 0.034482758620689655 0.2413793103448276 0.034482758620689655 0.034482758620689655 0.034482758620689655 0.034482758620689655 0.034482758620689655 0.034482758620689655 0.034482758620689655 0.10344827586206896 0.034482758620689655 0.13793103448275862 0.034482758620689655
0.05555555555555555 0.05555555555555555 0.05555555555555555 0.16666666666666666 0.05555555555555555 0.05555555555555555 0.05555555555555555 0.05555555555555555 0.1111111111111111 0.05555555555555555 0.05555555555555555 0.05555555555555555 0.05555555555555555 0.05555555555555555 0.05555555555555555
0.0625 0.0625 0.0625 0.0625 0.0625 0.0625 0.0625 0.0625 0.125 0.0625 0.0625 0.0625 0.0625 0.0625 0.0625
0.0625 0.125 0.0625 0.0625 0.0625 0.0625 0.0625 0.0625 0.0625 0.0625 0.0625 0.0625 0.0625 0.0625 0.0625
0.0625 0.0625 0.0625 0.125 0.0625 0.0625 0.0625 0.0625 0.0625 0.0625 0.0625 0.0625 0.0625 0.0625 0.0625
0.14285714285714285 0.047619047619047616 0.047619047619047616 0.09523809523809523 0.047619047619047616 0.047619047619047616 0.09523809523809523 0.047619047619047616 0.047619047619047616 0.047619047619047616 0.047619047619047616 0.047619047619047616 0.047619047619047616 0.14285714285714285 0.047619047619047616
0.05263157894736842 0.05263157894736842 0.05263157894736842 0.05263157894736842 0.05263157894736842 0.05263157894736842 0.10526315789473684 0.05263157894736842 0.05263157894736842 0.05263157894736842 0.05263157894736842 0.05263157894736842 0.05263157894736842 0.05263157894736842 0.21052631578947367
0.0625 0.0625 0.0625 0.0625 0.0625 0.0625 0.0625 0.0625 0.0625 0.125 0.0625 0.0625 0.0625 0.0625 0.0625
0.0625 0.0625 0.0625 0.125 0.0625 0.0625 0.0625 0.0625 0.0625 0.0625 0.0625 0.0625 0.0625 0.0625 0.0625
0.0625 0.0625 0.0625 0.0625 0.0625 0.0625 0.0625 0.0625 0.0625 0.0625 0.0625 0.0625 0.0625 0.125 0.0625
0.0625 0.0625 0.0625 0.0625 0.0625 0.0625 0.125 0.0625 0.0625 0.0625 0.0625 0.0625 0.0625 0.0625 0.0625
0.10526315789473684 0.05263157894736842 0.05263157894736842 0.10526315789473684 0.05263157894736842 0.10526315789473684 0.05263157894736842 0.10526315789473684 0.05263157894736842 0.05263157894736842 0.05263157894736842 0.05263157894736842 0.05263157894736842 0.05263157894736842 0.05263157894736842
0.07692307692307693 0.038461538461538464 0.07692307692307693 0.3076923076923077 0.038461538461538464 0.038461538461538464 0.11538461538461539 0.038461538461538464 0.038461538461538464 0.038461538461538464 0.038461538461538464 0.038461538461538464 0.038461538461538464 0.038461538461538464 0.038461538461538464
0.058823529411764705 0.058823529411764705 0.058823529411764705 0.058823529411764705 0.058823529411764705 0.058823529411764705 0.11764705882352941 0.058823529411764705 0.058823529411764705 0.058823529411764705 0.11764705882352941 0.058823529411764705 0.058823529411764705 0.058823529411764705 0.058823529411764705
0.05263157894736842 0.05263157894736842 0.05263157894736842 0.10526315789473684 0.10526315789473684 0.05263157894736842 0.05263157894736842 0.05263157894736842 0.10526315789473684 0.05263157894736842 0.05263157894736842 0.05263157894736842 0.10526315789473684 0.05263157894736842 0.05263157894736842
0.05 0.05 0.05 0.2 0.1 0.05 0.05 0.05 0.05 0.1 0.05 0.05 0.05 0.05 0.05
0.05263157894736842 0.05263157894736842 0.05263157894736842 0.15789473684210525 0.15789473684210525 0.05263157894736842 0.05263157894736842 0.05263157894736842 0.05263157894736842 0.05263157894736842 0.05263157894736842 0.05263157894736842 0.05263157894736842 0.05263157894736842 0.05263157894736842
0.1 0.05 0.05 0.2 0.05 0.05 0.05 0.05 0.05 0.05 0.05 0.05 0.05 0.1 0.05
0.0625 0.0625 0.125 0.0625 0.0625 0.0625 0.0625 0.0625 0.0625 0.0625 0.0625 0.0625 0.0625 0.0625 0.0625
0.058823529411764705 0.058823529411764705 0.058823529411764705 0.058823529411764705 0.058823529411764705 0.11764705882352941 0.058823529411764705 0.058823529411764705 0.11764705882352941 0.058823529411764705 0.058823529411764705 0.058823529411764705 0.058823529411764705 0.058823529411764705 0.058823529411764705
0.0625 0.0625 0.125 0.0625 0.0625 0.0625 0.0625 0.0625 0.0625 0.0625 0.0625 0.0625 0.0625 0.0625 0.0625
0.0625 0.0625 0.0625 0.0625 0.0625 0.0625 0.125 0.0625 0.0625 0.0625 0.0625 0.0625 0.0625 0.0625 0.0625
0.058823529411764705 0.058823529411764705 0.058823529411764705 0.11764705882352941 0.058823529411764705 0.058823529411764705 0.058823529411764705 0.058823529411764705 0.058823529411764705 0.11764705882352941 0.058823529411764705 0.058823529411764705 0.058823529411764705 0.058823529411764705 0.058823529411764705
0.05555555555555555 0.05555555555555555 0.05555555555555555 0.05555555555555555 0.05555555555555555 0.05555555555555555 0.05555555555555555 0.1111111111111111 0.05555555555555555 0.05555555555555555 0.05555555555555555 0.05555555555555555 0.16666666666666666 0.05555555555555555 0.05555555555555555
0.05555555555555555 0.05555555555555555 0.05555555555555555 0.05555555555555555 0.05555555555555555 0.05555555555555555 0.05555555555555555 0.1111111111111111 0.05555555555555555 0.05555555555555555 0.05555555555555555 0.05555555555555555 0.16666666666666666 0.05555555555555555 0.05555555555555555
0.05555555555555555 0.05555555555555555 0.05555555555555555 0.05555555555555555 0.16666666666666666 0.05555555555555555 0.05555555555555555 0.05555555555555555 0.1111111111111111 0.05555555555555555 0.05555555555555555 0.05555555555555555 0.05555555555555555 0.05555555555555555 0.05555555555555555
0.0625 0.0625 0.0625 0.0625 0.0625 0.0625 0.0625 0.0625 0.0625 0.0625 0.125 0.0625 0.0625 0.0625 0.0625
0.047619047619047616 0.047619047619047616 0.047619047619047616 0.14285714285714285 0.047619047619047616 0.047619047619047616 0.047619047619047616 0.09523809523809523 0.047619047619047616 0.09523809523809523 0.047619047619047616 0.047619047619047616 0.047619047619047616 0.047619047619047616 0.14285714285714285
0.05263157894736842 0.05263157894736842 0.05263157894736842 0.05263157894736842 0.10526315789473684 0.05263157894736842 0.05263157894736842 0.05263157894736842 0.05263157894736842 0.05263157894736842 0.10526315789473684 0.05263157894736842 0.05263157894736842 0.15789473684210525 0.05263157894736842
0.043478260869565216 0.043478260869565216 0.043478260869565216 0.21739130434782608 0.043478260869565216 0.043478260869565216 0.043478260869565216 0.13043478260869565 0.043478260869565216 0.043478260869565216 0.08695652173913043 0.08695652173913043 0.043478260869565216 0.043478260869565216 0.043478260869565216
0.05555555555555555 0.05555555555555555 0.16666666666666666 0.05555555555555555 0.05555555555555555 0.05555555555555555 0.05555555555555555 0.05555555555555555 0.1111111111111111 0.05555555555555555 0.05555555555555555 0.05555555555555555 0.05555555555555555 0.05555555555555555 0.05555555555555555
0.058823529411764705 0.058823529411764705 0.058823529411764705 0.11764705882352941 0.11764705882352941 0.058823529411764705 0.058823529411764705 0.058823529411764705 0.058823529411764705 0.058823529411764705 0.058823529411764705 0.058823529411764705 0.058823529411764705 0.058823529411764705 0.058823529411764705
0.058823529411764705 0.058823529411764705 0.058823529411764705 0.058823529411764705 0.058823529411764705 0.058823529411764705 0.058823529411764705 0.058823529411764705 0.058823529411764705 0.058823529411764705 0.058823529411764705 0.058823529411764705 0.17647058823529413 0.058823529411764705 0.058823529411764705
0.11764705882352941 0.058823529411764705 0.058823529411764705 0.058823529411764705 0.058823529411764705 0.058823529411764705 0.058823529411764705 0.058823529411764705 0.058823529411764705 0.058823529411764705 0.11764705882352941 0.058823529411764705 0.058823529411764705 0.058823529411764705 0.058823529411764705
0.0625 0.125 0.0625 0.0625 0.0625 0.0625 0.0625 0.0625 0.0625 0.0625 0.0625 0.0625 0.0625 0.0625 0.0625
0.05 0.05 0.1 0.1 0.15 0.05 0.05 0.05 0.05 0.05 0.05 0.1 0.05 0.05 0.05
0.05555555555555555 0.05555555555555555 0.05555555555555555 0.1111111111111111 0.05555555555555555 0.05555555555555555 0.05555555555555555 0.1111111111111111 0.1111111111111111 0.05555555555555555 0.05555555555555555 0.05555555555555555 0.05555555555555555 0.05555555555555555 0.05555555555555555
0.11764705882352941 0.058823529411764705 0.058823529411764705 0.058823529411764705 0.058823529411764705 0.058823529411764705 0.058823529411764705 0.11764705882352941 0.058823529411764705 0.058823529411764705 0.058823529411764705 0.058823529411764705 0.058823529411764705 0.058823529411764705 0.058823529411764705
0.05 0.05 0.05 0.1 0.05 0.05 0.1 0.15 0.1 0.05 0.05 0.05 0.05 0.05 0.05
0.05555555555555555 0.05555555555555555 0.05555555555555555 0.1111111111111111 0.05555555555555555 0.05555555555555555 0.1111111111111111 0.1111111111111111 0.05555555555555555 0.05555555555555555 0.05555555555555555 0.05555555555555555 0.05555555555555555 0.05555555555555555 0.05555555555555555
0.058823529411764705 0.058823529411764705 0.058823529411764705 0.058823529411764705 0.058823529411764705 0.058823529411764705 0.058823529411764705 0.058823529411764705 0.058823529411764705 0.058823529411764705 0.058823529411764705 0.058823529411764705 0.058823529411764705 0.058823529411764705 0.17647058823529413
0.05555555555555555 0.05555555555555555 0.05555555555555555 0.05555555555555555 0.05555555555555555 0.05555555555555555 0.1111111111111111 0.05555555555555555 0.05555555555555555 0.1111111111111111 0.05555555555555555 0.05555555555555555 0.05555555555555555 0.05555555555555555 0.1111111111111111
0.05263157894736842 0.05263157894736842 0.05263157894736842 0.05263157894736842 0.05263157894736842 0.10526315789473684 0.10526315789473684 0.05263157894736842 0.05263157894736842 0.10526315789473684 0.10526315789473684 0.05263157894736842 0.05263157894736842 0.05263157894736842 0.05263157894736842
0.058823529411764705 0.058823529411764705 0.058823529411764705 0.058823529411764705 0.058823529411764705 0.058823529411764705 0.17647058823529413 0.058823529411764705 0.058823529411764705 0.058823529411764705 0.058823529411764705 0.058823529411764705 0.058823529411764705 0.058823529411764705 0.058823529411764705
0.058823529411764705 0.058823529411764705 0.058823529411764705 0.058823529411764705 0.058823529411764705 0.058823529411764705 0.058823529411764705 0.058823529411764705 0.058823529411764705 0.058823529411764705 0.058823529411764705 0.058823529411764705 0.17647058823529413 0.058823529411764705 0.058823529411764705
0.05555555555555555 0.05555555555555555 0.05555555555555555 0.05555555555555555 0.05555555555555555 0.05555555555555555 0.05555555555555555 0.05555555555555555 0.05555555555555555 0.05555555555555555 0.05555555555555555 0.05555555555555555 0.2222222222222222 0.05555555555555555 0.05555555555555555
0.05 0.05 0.05 0.15 0.05 0.05 0.05 0.05 0.05 0.05 0.05 0.05 0.2 0.05 0.05
0.09090909090909091 0.045454545454545456 0.045454545454545456 0.045454545454545456 0.045454545454545456 0.18181818181818182 0.045454545454545456 0.045454545454545456 0.045454545454545456 0.18181818181818182 0.045454545454545456 0.045454545454545456 0.045454545454545456 0.045454545454545456 0.045454545454545456
0.05263157894736842 0.05263157894736842 0.05263157894736842 0.05263157894736842 0.05263157894736842 0.21052631578947367 0.05263157894736842 0.05263157894736842 0.05263157894736842 0.05263157894736842 0.05263157894736842 0.05263157894736842 0.05263157894736842 0.05263157894736842 0.10526315789473684
0.05263157894736842 0.05263157894736842 0.05263157894736842 0.05263157894736842 0.05263157894736842 0.15789473684210525 0.10526315789473684 0.05263157894736842 0.05263157894736842 0.05263157894736842 0.05263157894736842 0.10526315789473684 0.05263157894736842 0.05263157894736842 0.05263157894736842
0.05 0.05 0.05 0.05 0.05 0.2 0.05 0.05 0.05 0.05 0.1 0.05 0.05 0.1 0.05
0.1 0.05 0.05 0.05 0.05 0.2 0.05 0.05 0.05 0.05 0.05 0.1 0.05 0.05 0.05
0.05555555555555555 0.05555555555555555 0.05555555555555555 0.05555555555555555 0.1111111111111111 0.1111111111111111 0.05555555555555555 0.05555555555555555 0.05555555555555555 0.05555555555555555 0.05555555555555555 0.1111111111111111 0.05555555555555555 0.05555555555555555 0.05555555555555555
0.058823529411764705 0.058823529411764705 0.058823529411764705 0.058823529411764705 0.058823529411764705 0.17647058823529413 0.058823529411764705 0.058823529411764705 0.058823529411764705 0.058823529411764705 0.058823529411764705 0.058823529411764705 0.058823529411764705 0.058823529411764705 0.058823529411764705
0.05 0.05 0.05 0.1 0.05 0.05 0.2 0.05 0.05 0.05 0.1 0.05 0.05 0.05 0.05
0.05555555555555555 0.05555555555555555 0.05555555555555555 0.05555555555555555 0.05555555555555555 0.05555555555555555 0.16666666666666666 0.05555555555555555 0.05555555555555555 0.05555555555555555 0.05555555555555555 0.05555555555555555 0.05555555555555555 0.1111111111111111 0.05555555555555555
0.0625 0.0625 0.0625 0.0625 0.0625 0.0625 0.0625 0.0625 0.0625 0.0625 0.0625 0.0625 0.0625 0.0625 0.125
0.05 0.05 0.05 0.05 0.05 0.05 0.05 0.05 0.05 0.1 0.05 0.05 0.05 0.05 0.25
0.05555555555555555 0.05555555555555555 0.05555555555555555 0.1111111111111111 0.05555555555555555 0.05555555555555555 0.05555555555555555 0.05555555555555555 0.05555555555555555 0.1111111111111111 0.05555555555555555 0.05555555555555555 0.1111111111111111 0.05555555555555555 0.05555555555555555
0.05263157894736842 0.05263157894736842 0.05263157894736842 0.10526315789473684 0.05263157894736842 0.05263157894736842 0.10526315789473684 0.05263157894736842 0.05263157894736842 0.10526315789473684 0.05263157894736842 0.05263157894736842 0.10526315789473684 0.05263157894736842 0.05263157894736842
0.058823529411764705 0.058823529411764705 0.058823529411764705 0.058823529411764705 0.058823529411764705 0.058823529411764705 0.11764705882352941 0.058823529411764705 0.058823529411764705 0.11764705882352941 0.058823529411764705 0.058823529411764705 0.058823529411764705 0.058823529411764705 0.058823529411764705
0.05555555555555555 0.05555555555555555 0.05555555555555555 0.05555555555555555 0.05555555555555555 0.05555555555555555 0.16666666666666666 0.05555555555555555 0.05555555555555555 0.05555555555555555 0.1111111111111111 0.05555555555555555 0.05555555555555555 0.05555555555555555 0.05555555555555555
0.058823529411764705 0.058823529411764705 0.11764705882352941 0.058823529411764705 0.058823529411764705 0.058823529411764705 0.058823529411764705 0.058823529411764705 0.058823529411764705 0.11764705882352941 0.058823529411764705 0.058823529411764705 0.058823529411764705 0.058823529411764705 0.058823529411764705
0.06896551724137931 0.034482758620689655 0.034482758620689655 0.034482758620689655 0.034482758620689655 0.06896551724137931 0.13793103448275862 0.06896551724137931 0.06896551724137931 0.06896551724137931 0.06896551724137931 0.06896551724137931 0.10344827586206896 0.034482758620689655 0.10344827586206896
0.047619047619047616 0.047619047619047616 0.047619047619047616 0.047619047619047616 0.047619047619047616 0.09523809523809523 0.19047619047619047 0.09523809523809523 0.047619047619047616 0.047619047619047616 0.09523809523809523 0.047619047619047616 0.047619047619047616 0.047619047619047616 0.047619047619047616
0.058823529411764705 0.058823529411764705 0.058823529411764705 0.11764705882352941 0.058823529411764705 0.058823529411764705 0.058823529411764705 0.11764705882352941 0.058823529411764705 0.058823529411764705 0.058823529411764705 0.058823529411764705 0.058823529411764705 0.058823529411764705 0.058823529411764705
0.045454545454545456 0.045454545454545456 0.045454545454545456 0.09090909090909091 0.045454545454545456 0.045454545454545456 0.13636363636363635 0.045454545454545456 0.045454545454545456 0.045454545454545456 0.045454545454545456 0.045454545454545456 0.045454545454545456 0.045454545454545456 0.22727272727272727
0.10526315789473684 0.05263157894736842 0.05263157894736842 0.05263157894736842 0.05263157894736842 0.05263157894736842 0.10526315789473684 0.05263157894736842 0.05263157894736842 0.05263157894736842 0.10526315789473684 0.05263157894736842 0.10526315789473684 0.05263157894736842 0.05263157894736842
0.0625 0.0625 0.125 0.0625 0.0625 0.0625 0.0625 0.0625 0.0625 0.0625 0.0625 0.0625 0.0625 0.0625 0.0625
0.05555555555555555 0.05555555555555555 0.05555555555555555 0.05555555555555555 0.05555555555555555 0.05555555555555555 0.05555555555555555 0.05555555555555555 0.05555555555555555 0.1111111111111111 0.1111111111111111 0.05555555555555555 0.05555555555555555 0.1111111111111111 0.05555555555555555
0.05555555555555555 0.05555555555555555 0.05555555555555555 0.1111111111111111 0.05555555555555555 0.05555555555555555 0.1111111111111111 0.05555555555555555 0.05555555555555555 0.1111111111111111 0.05555555555555555 0.05555555555555555 0.05555555555555555 0.05555555555555555 0.05555555555555555
0.047619047619047616 0.14285714285714285 0.047619047619047616 0.047619047619047616 0.047619047619047616 0.047619047619047616 0.09523809523809523 0.047619047619047616 0.047619047619047616 0.14285714285714285 0.047619047619047616 0.047619047619047616 0.09523809523809523 0.047619047619047616 0.047619047619047616
0.0625 0.0625 0.0625 0.0625 0.0625 0.0625 0.0625 0.0625 0.0625 0.0625 0.0625 0.0625 0.125 0.0625 0.0625
0.043478260869565216 0.043478260869565216 0.043478260869565216 0.043478260869565216 0.043478260869565216 0.043478260869565216 0.043478260869565216 0.043478260869565216 0.043478260869565216 0.2608695652173913 0.13043478260869565 0.043478260869565216 0.043478260869565216 0.043478260869565216 0.08695652173913043
0.05555555555555555 0.05555555555555555 0.05555555555555555 0.05555555555555555 0.05555555555555555 0.05555555555555555 0.05555555555555555 0.05555555555555555 0.05555555555555555 0.2222222222222222 0.05555555555555555 0.05555555555555555 0.05555555555555555 0.05555555555555555 0.05555555555555555
0.047619047619047616 0.047619047619047616 0.047619047619047616 0.047619047619047616 0.047619047619047616 0.047619047619047616 0.14285714285714285 0.047619047619047616 0.047619047619047616 0.09523809523809523 0.09523809523809523 0.047619047619047616 0.047619047619047616 0.14285714285714285 0.047619047619047616
0.058823529411764705 0.058823529411764705 0.058823529411764705 0.058823529411764705 0.058823529411764705 0.058823529411764705 0.058823529411764705 0.058823529411764705 0.058823529411764705 0.058823529411764705 0.11764705882352941 0.058823529411764705 0.058823529411764705 0.11764705882352941 0.058823529411764705
0.10526315789473684 0.05263157894736842 0.05263157894736842 0.05263157894736842 0.05263157894736842 0.05263157894736842 0.10526315789473684 0.05263157894736842 0.05263157894736842 0.05263157894736842 0.05263157894736842 0.05263157894736842 0.05263157894736842 0.15789473684210525 0.05263157894736842
0.05555555555555555 0.05555555555555555 0.05555555555555555 0.16666666666666666 0.05555555555555555 0.05555555555555555 0.05555555555555555 0.05555555555555555 0.05555555555555555 0.1111111111111111 0.05555555555555555 0.05555555555555555 0.05555555555555555 0.05555555555555555 0.05555555555555555
0.0625 0.0625 0.0625 0.0625 0.0625 0.0625 0.0625 0.0625 0.0625 0.125 0.0625 0.0625 0.0625 0.0625 0.0625
0.047619047619047616 0.09523809523809523 0.047619047619047616 0.19047619047619047 0.047619047619047616 0.047619047619047616 0.047619047619047616 0.09523809523809523 0.047619047619047616 0.047619047619047616 0.047619047619047616 0.047619047619047616 0.047619047619047616 0.09523809523809523 0.047619047619047616
0.05555555555555555 0.05555555555555555 0.05555555555555555 0.05555555555555555 0.05555555555555555 0.1111111111111111 0.05555555555555555 0.05555555555555555 0.1111111111111111 0.1111111111111111 0.05555555555555555 0.05555555555555555 0.05555555555555555 0.05555555555555555 0.05555555555555555
0.05263157894736842 0.05263157894736842 0.05263157894736842 0.05263157894736842 0.10526315789473684 0.10526315789473684 0.05263157894736842 0.05263157894736842 0.05263157894736842 0.05263157894736842 0.05263157894736842 0.05263157894736842 0.05263157894736842 0.05263157894736842 0.15789473684210525
0.0625 0.0625 0.0625 0.0625 0.0625 0.0625 0.0625 0.0625 0.0625 0.0625 0.0625 0.0625 0.0625 0.0625 0.125
0.047619047619047616 0.09523809523809523 0.047619047619047616 0.047619047619047616 0.047619047619047616 0.047619047619047616 0.09523809523809523 0.09523809523809523 0.09523809523809523 0.047619047619047616 0.09523809523809523 0.047619047619047616 0.047619047619047616 0.047619047619047616 0.09523809523809523
0.05555555555555555 0.05555555555555555 0.05555555555555555 0.05555555555555555 0.05555555555555555 0.05555555555555555 0.05555555555555555 0.1111111111111111 0.1111111111111111 0.05555555555555555 0.1111111111111111 0.05555555555555555 0.05555555555555555 0.05555555555555555 0.05555555555555555
0.05555555555555555 0.05555555555555555 0.05555555555555555 0.05555555555555555 0.05555555555555555 0.05555555555555555 0.1111111111111111 0.1111111111111111 0.05555555555555555 0.05555555555555555 0.05555555555555555 0.05555555555555555 0.05555555555555555 0.1111111111111111 0.05555555555555555
0.045454545454545456 0.045454545454545456 0.045454545454545456 0.045454545454545456 0.045454545454545456 0.045454545454545456 0.09090909090909091 0.22727272727272727 0.045454545454545456 0.045454545454545456 0.045454545454545456 0.045454545454545456 0.045454545454545456 0.13636363636363635 0.045454545454545456
0.0625 0.0625 0.0625 0.0625 0.0625 0.0625 0.0625 0.0625 0.0625 0.0625 0.0625 0.0625 0.0625 0.0625 0.125
0.05555555555555555 0.05555555555555555 0.05555555555555555 0.1111111111111111 0.16666666666666666 0.05555555555555555 0.05555555555555555 0.05555555555555555 0.05555555555555555 0.05555555555555555 0.05555555555555555 0.05555555555555555 0.05555555555555555 0.05555555555555555 0.05555555555555555
0.0625 0.0625 0.0625 0.125 0.0625 0.0625 0.0625 0.0625 0.0625 0.0625 0.0625 0.0625 0.0625 0.0625 0.0625
0.058823529411764705 0.058823529411764705 0.058823529411764705 0.058823529411764705 0.058823529411764705 0.17647058823529413 0.058823529411764705 0.058823529411764705 0.058823529411764705 0.058823529411764705 0.058823529411764705 0.058823529411764705 0.058823529411764705 0.058823529411764705 0.058823529411764705
0.058823529411764705 0.058823529411764705 0.058823529411764705 0.11764705882352941 0.058823529411764705 0.058823529411764705 0.11764705882352941 0.058823529411764705 0.058823529411764705 0.058823529411764705 0.058823529411764705 0.058823529411764705 0.058823529411764705 0.058823529411764705 0.058823529411764705
0.05555555555555555 0.05555555555555555 0.05555555555555555 0.1111111111111111 0.05555555555555555 0.1111111111111111 0.05555555555555555 0.05555555555555555 0.05555555555555555 0.05555555555555555 0.05555555555555555 0.05555555555555555 0.05555555555555555 0.05555555555555555 0.1111111111111111
0.05263157894736842 0.05263157894736842 0.05263157894736842 0.05263157894736842 0.05263157894736842 0.10526315789473684 0.05263157894736842 0.05263157894736842 0.05263157894736842 0.05263157894736842 0.15789473684210525 0.05263157894736842 0.05263157894736842 0.10526315789473684 0.05263157894736842
0.05555555555555555 0.05555555555555555 0.05555555555555555 0.05555555555555555 0.05555555555555555 0.05555555555555555 0.05555555555555555 0.05555555555555555 0.05555555555555555 0.16666666666666666 0.1111111111111111 0.05555555555555555 0.05555555555555555 0.05555555555555555 0.05555555555555555
0.1111111111111111 0.05555555555555555 0.05555555555555555 0.05555555555555555 0.05555555555555555 0.1111111111111111 0.05555555555555555 0.05555555555555555 0.05555555555555555 0.05555555555555555 0.05555555555555555 0.1111111111111111 0.05555555555555555 0.05555555555555555 0.05555555555555555
0.05 0.15 0.05 0.05 0.05 0.05 0.05 0.1 0.05 0.05 0.05 0.05 0.05 0.1 0.1
0.0625 0.0625 0.0625 0.0625 0.0625 0.0625 0.0625 0.0625 0.0625 0.0625 0.0625 0.0625 0.0625 0.0625 0.125
0.0625 0.0625 0.0625 0.125 0.0625 0.0625 0.0625 0.0625 0.0625 0.0625 0.0625 0.0625 0.0625 0.0625 0.0625
0.05 0.05 0.05 0.05 0.05 0.05 0.05 0.05 0.05 0.05 0.15 0.05 0.1 0.05 0.15
0.05555555555555555 0.05555555555555555 0.1111111111111111 0.05555555555555555 0.05555555555555555 0.05555555555555555 0.1111111111111111 0.05555555555555555 0.05555555555555555 0.05555555555555555 0.05555555555555555 0.05555555555555555 0.1111111111111111 0.05555555555555555 0.05555555555555555
0.058823529411764705 0.058823529411764705 0.11764705882352941 0.058823529411764705 0.058823529411764705 0.058823529411764705 0.11764705882352941 0.058823529411764705 0.058823529411764705 0.058823529411764705 0.058823529411764705 0.058823529411764705 0.058823529411764705 0.058823529411764705 0.058823529411764705
0.05555555555555555 0.05555555555555555 0.1111111111111111 0.05555555555555555 0.05555555555555555 0.05555555555555555 0.1111111111111111 0.05555555555555555 0.05555555555555555 0.05555555555555555 0.05555555555555555 0.05555555555555555 0.05555555555555555 0.05555555555555555 0.1111111111111111
0.058823529411764705 0.058823529411764705 0.058823529411764705 0.11764705882352941 0.058823529411764705 0.058823529411764705 0.058823529411764705 0.058823529411764705 0.058823529411764705 0.11764705882352941 0.058823529411764705 0.058823529411764705 0.058823529411764705 0.058823529411764705 0.058823529411764705
0.0625 0.0625 0.0625 0.0625 0.0625 0.0625 0.0625 0.125 0.0625 0.0625 0.0625 0.0625 0.0625 0.0625 0.0625
