0.0753086419753085 0.09444444444444426 0.0574074074074073 0.05555555555555545 0.05802469135802457 0.05617283950617273 0.05555555555555545 0.06049382716049371 0.05617283950617273 0.09629629629629617 0.05740740740740729 0.06234567901234555 0.09382716049382699 0.059876543209876426 0.06111111111111099
0.06913580246913567 0.11728395061728379 0.06049382716049372 0.05925925925925915 0.06296296296296285 0.06111111111111099 0.059876543209876426 0.06913580246913568 0.061728395061728274 0.05802469135802457 0.06913580246913567 0.06481481481481469 0.059876543209876426 0.06604938271604927 0.06111111111111099
0.052631578947368425 0.05380116959064327 0.05438596491228071 0.24678362573099433 0.054970760233918115 0.05380116959064327 0.05321637426900585 0.05321637426900585 0.05321637426900585 0.05438596491228071 0.05380116959064327 0.05497076023391814 0.05380116959064327 0.05380116959064327 0.05321637426900586
0.04920634920634913 0.10052910052910041 0.09576719576719568 0.14867724867724857 0.04814814814814808 0.04814814814814808 0.04814814814814808 0.09100529100529088 0.04867724867724861 0.0555555555555555 0.0539682539682539 0.04814814814814808 0.05661375661375654 0.052380952380952306 0.05502645502645496
0.06319444444444444 0.0625 0.06527777777777778 0.06875 0.06319444444444444 0.09097222222222222 0.0625 0.07013888888888889 0.07569444444444444 0.0625 0.06319444444444444 0.0625 0.0625 0.06458333333333334 0.0625
0.06339869281045739 0.06013071895424824 0.059477124183006415 0.0640522875816992 0.06078431372549007 0.06078431372549007 0.06013071895424824 0.061437908496731884 0.06078431372549007 0.06732026143790835 0.06274509803921555 0.06274509803921556 0.07908496732026128 0.06209150326797373 0.11503267973856192
0.0625 0.0625 0.06319444444444444 0.06319444444444444 0.06527777777777778 0.06388888888888888 0.06319444444444444 0.0625 0.06319444444444444 0.06875 0.0625 0.06805555555555555 0.10347222222222222 0.0625 0.06527777777777778
0.04830917874396144 0.16135265700483103 0.046376811594202975 0.0743961352657006 0.048792270531401054 0.16570048309178761 0.047826086956521824 0.045893719806763364 0.06376811594202915 0.04637681159420297 0.057971014492753686 0.0478260869565218 0.047342995169082205 0.048792270531401054 0.04927536231884066
0.05802469135802457 0.05679012345679001 0.061728395061728274 0.05802469135802457 0.06049382716049371 0.15987654320987635 0.05802469135802457 0.06296296296296285 0.06728395061728382 0.06049382716049371 0.05925925925925915 0.05987654320987644 0.05679012345679001 0.062345679012345556 0.05802469135802457
0.061403508771929814 0.06725146198830408 0.06081871345029237 0.05906432748538009 0.058479532163742666 0.06374269005847953 0.05614035087719296 0.05789473684210525 0.05730994152046779 0.0672514619883041 0.07192982456140348 0.059649122807017535 0.08421052631578942 0.10350877192982454 0.07134502923976603
0.05740740740740729 0.05617283950617273 0.06234567901234556 0.05679012345679001 0.10617283950617266 0.05679012345679001 0.05679012345679001 0.05679012345679001 0.05555555555555545 0.05802469135802457 0.05740740740740729 0.05802469135802457 0.05740740740740729 0.05555555555555545 0.14876543209876522
0.06875 0.07013888888888889 0.06666666666666667 0.06527777777777778 0.06458333333333334 0.0625 0.06666666666666667 0.06736111111111111 0.06458333333333334 0.06944444444444445 0.06875 0.06736111111111111 0.06736111111111111 0.06736111111111111 0.06319444444444444
0.05555555555555545 0.05679012345679001 0.058024691358024585 0.05555555555555545 0.10740740740740724 0.05617283950617273 0.05617283950617273 0.05555555555555545 0.05617283950617273 0.05925925925925915 0.1018518518518517 0.06419753086419741 0.10123456790123439 0.05925925925925914 0.05679012345679001
0.05617283950617273 0.05617283950617273 0.05617283950617273 0.0574074074074073 0.06111111111111099 0.09876543209876526 0.05679012345679001 0.05679012345679001 0.05679012345679001 0.05555555555555545 0.05679012345679001 0.0648148148148147 0.15370370370370354 0.05617283950617273 0.05679012345679001
0.15833333333333352 0.0527777777777777 0.05555555555555547 0.053333333333333253 0.13944444444444445 0.053888888888888806 0.050555555555555465 0.05222222222222214 0.053888888888888806 0.05166666666666658 0.0538888888888888 0.06888888888888879 0.05111111111111103 0.05222222222222214 0.052222222222222135
0.17323232323232327 0.09595959595959601 0.057070707070707126 0.05000000000000001 0.047474747474747475 0.05303030303030306 0.05101010101010102 0.05202020202020203 0.04797979797979796 0.06515151515151518 0.05404040404040408 0.05050505050505052 0.05 0.10101010101010104 0.05151515151515152
0.057222222222222126 0.05722222222222214 0.05777777777777771 0.05277777777777769 0.05444444444444437 0.06555555555555546 0.05333333333333324 0.053888888888888806 0.05166666666666658 0.0549999999999999 0.12722222222222224 0.059999999999999894 0.0888888888888888 0.10999999999999995 0.054999999999999924
0.06458333333333334 0.06666666666666667 0.06805555555555555 0.06805555555555555 0.06388888888888888 0.06388888888888888 0.06319444444444444 0.09166666666666666 0.06458333333333334 0.06319444444444444 0.06527777777777778 0.06458333333333334 0.06319444444444444 0.06388888888888888 0.06527777777777778
0.06666666666666651 0.06013071895424823 0.11633986928104552 0.062091503267973726 0.06274509803921556 0.06209150326797373 0.06078431372549007 0.06209150326797373 0.06535947712418287 0.06013071895424823 0.06339869281045739 0.062091503267973726 0.0594771241830064 0.0771241830065358 0.0594771241830064
0.06777777777777769 0.0966666666666666 0.059999999999999894 0.05499999999999991 0.05722222222222214 0.06999999999999991 0.05499999999999991 0.05999999999999993 0.053888888888888806 0.06722222222222213 0.06333333333333324 0.05722222222222215 0.053333333333333253 0.1255555555555556 0.05777777777777769
0.06319444444444444 0.0625 0.06388888888888888 0.0625 0.06388888888888888 0.06319444444444444 0.0625 0.0625 0.06319444444444444 0.06527777777777778 0.0625 0.07013888888888889 0.10625 0.0625 0.06597222222222222
0.09673202614379066 0.0614379084967319 0.059477124183006415 0.06013071895424824 0.062091503267973726 0.061437908496731905 0.08496732026143775 0.0660130718954247 0.06013071895424823 0.06928104575163385 0.06405228758169922 0.05882352941176457 0.0594771241830064 0.07581699346405217 0.06013071895424823
0.05882352941176457 0.06078431372549007 0.06013071895424824 0.0594771241830064 0.10522875816993442 0.05882352941176457 0.06274509803921555 0.060784313725490056 0.06078431372549007 0.05882352941176457 0.059477124183006415 0.07189542483660118 0.10196078431372528 0.060784313725490056 0.059477124183006415
0.07160493827160481 0.05555555555555545 0.05864197530864187 0.05555555555555545 0.05617283950617273 0.05740740740740729 0.05679012345679001 0.05679012345679001 0.05740740740740729 0.0870370370370369 0.0574074074074073 0.05617283950617273 0.09567901234567883 0.06358024691358011 0.11419753086419732
0.0625 0.0625 0.06736111111111111 0.06388888888888888 0.06319444444444444 0.10277777777777777 0.06388888888888888 0.06319444444444444 0.0625 0.06388888888888888 0.06458333333333334 0.06388888888888888 0.06875 0.06319444444444444 0.06388888888888888
0.06491228070175435 0.05438596491228071 0.05438596491228071 0.05438596491228072 0.0543859649122807 0.055555555555555525 0.2111111111111112 0.061403508771929814 0.05380116959064329 0.05789473684210523 0.05497076023391812 0.05614035087719296 0.056725146198830394 0.05555555555555554 0.0543859649122807
0.06458333333333334 0.0625 0.06597222222222222 0.06319444444444444 0.0625 0.0625 0.06319444444444444 0.06388888888888888 0.08819444444444445 0.06597222222222222 0.06527777777777778 0.06875 0.06527777777777778 0.07569444444444444 0.0625
0.06319444444444444 0.0625 0.0625 0.0625 0.0625 0.0625 0.0625 0.0625 0.0625 0.0625 0.0625 0.12361111111111112 0.0625 0.06319444444444444 0.0625
0.06319444444444444 0.07291666666666667 0.06527777777777778 0.06527777777777778 0.06458333333333334 0.07152777777777777 0.06527777777777778 0.06805555555555555 0.06319444444444444 0.06875 0.06736111111111111 0.06736111111111111 0.06458333333333334 0.06805555555555555 0.06458333333333334
0.06527777777777778 0.0625 0.06736111111111111 0.06319444444444444 0.06319444444444444 0.06388888888888888 0.06388888888888888 0.0625 0.09027777777777778 0.06527777777777778 0.06388888888888888 0.07013888888888889 0.06458333333333334 0.07083333333333333 0.06319444444444444
0.06319444444444444 0.0625 0.0625 0.0625 0.06319444444444444 0.0625 0.0625 0.0625 0.0625 0.0625 0.0625 0.12361111111111112 0.0625 0.0625 0.0625
0.06597222222222222 0.06458333333333334 0.06597222222222222 0.06666666666666667 0.06458333333333334 0.06597222222222222 0.06805555555555555 0.06388888888888888 0.06527777777777778 0.06388888888888888 0.07291666666666667 0.075 0.06597222222222222 0.06527777777777778 0.06597222222222222
0.061728395061728274 0.09938271604938254 0.05679012345679001 0.05802469135802457 0.05555555555555545 0.05555555555555545 0.05555555555555545 0.058024691358024585 0.05555555555555545 0.05617283950617273 0.10679012345678993 0.058024691358024585 0.05617283950617273 0.059876543209876426 0.10679012345678994
0.0760233918128655 0.1298245614035086 0.053801169590643266 0.05380116959064327 0.052631578947368425 0.052631578947368425 0.10350877192982456 0.05555555555555555 0.0543859649122807 0.08596491228070174 0.06081871345029239 0.052631578947368425 0.05321637426900584 0.06023391812865496 0.05497076023391812
0.0625 0.0625 0.0625 0.0625 0.0625 0.0625 0.0625 0.0625 0.0625 0.0625 0.0625 0.12430555555555556 0.0625 0.06319444444444444 0.0625
0.07485380116959066 0.09064327485380123 0.05614035087719298 0.05321637426900584 0.052631578947368425 0.09181286549707611 0.055555555555555546 0.05789473684210527 0.05380116959064327 0.12163742690058468 0.056725146198830394 0.05380116959064327 0.054970760233918115 0.061403508771929745 0.06491228070175431
0.06790123456790109 0.05679012345679001 0.05802469135802457 0.05740740740740729 0.05987654320987644 0.05679012345679001 0.05679012345679001 0.05679012345679001 0.05555555555555545 0.13024691358024676 0.05740740740740729 0.06111111111111099 0.09629629629629613 0.05679012345679001 0.07222222222222209
0.06374269005847952 0.052631578947368425 0.052631578947368425 0.05321637426900585 0.05321637426900585 0.06257309941520466 0.05497076023391813 0.0543859649122807 0.05380116959064327 0.08654970760233918 0.05380116959064327 0.05321637426900585 0.052631578947368425 0.05321637426900585 0.19941520467836263
0.07569444444444444 0.06319444444444444 0.0625 0.0625 0.0625 0.0625 0.06319444444444444 0.0625 0.0625 0.10486111111111111 0.06319444444444444 0.0625 0.0625 0.06319444444444444 0.06666666666666667
0.06851851851851841 0.10617283950617266 0.061728395061728274 0.05925925925925915 0.06296296296296283 0.06481481481481469 0.06234567901234558 0.06604938271604928 0.061728395061728274 0.05925925925925915 0.07469135802469123 0.0648148148148147 0.06481481481481469 0.06481481481481471 0.05802469135802457
0.12804232804232793 0.060846560846560746 0.06349206349206342 0.051851851851851774 0.050264550264550185 0.05343915343915337 0.05079365079365073 0.053439153439153356 0.052910052910052824 0.05767195767195758 0.05238095238095231 0.05343915343915337 0.14761904761904746 0.061375661375661306 0.06243386243386235
0.0506666666666667 0.09244444444444448 0.05955555555555559 0.08844444444444452 0.04933333333333337 0.0506666666666667 0.044888888888888916 0.061333333333333365 0.07866666666666672 0.08844444444444452 0.046222222222222255 0.04266666666666669 0.058222222222222265 0.06800000000000005 0.12044444444444424
0.06666666666666655 0.06234567901234556 0.06049382716049372 0.06049382716049371 0.059876543209876426 0.061728395061728274 0.05925925925925914 0.06111111111111099 0.06358024691358014 0.06234567901234556 0.06234567901234556 0.06296296296296285 0.06666666666666655 0.0722222222222221 0.11790123456790105
0.052380952380952306 0.09999999999999987 0.12804232804232793 0.050793650793650724 0.05079365079365071 0.04973544973544967 0.05132275132275125 0.10476190476190464 0.04920634920634913 0.06931216931216927 0.050264550264550185 0.05079365079365073 0.06402116402116395 0.06296296296296287 0.06560846560846553
0.0660130718954247 0.10784313725490177 0.0614379084967319 0.06535947712418287 0.06274509803921555 0.06274509803921555 0.06013071895424823 0.06862745098039202 0.062091503267973726 0.06274509803921555 0.0614379084967319 0.06535947712418286 0.06209150326797373 0.06666666666666654 0.06470588235294104
0.05740740740740729 0.05802469135802457 0.05555555555555545 0.05555555555555545 0.05555555555555545 0.05555555555555545 0.05555555555555545 0.05555555555555545 0.05555555555555545 0.05617283950617273 0.2148148148148145 0.05555555555555545 0.05617283950617273 0.05617283950617273 0.05679012345679001
0.07839506172839493 0.05679012345679001 0.059876543209876426 0.0648148148148147 0.06049382716049371 0.10370370370370353 0.05679012345679001 0.05679012345679001 0.09197530864197515 0.06111111111111099 0.061728395061728274 0.06111111111111101 0.05925925925925914 0.07098765432098753 0.05617283950617273
0.05882352941176457 0.05882352941176457 0.06013071895424823 0.05882352941176457 0.05882352941176457 0.05882352941176457 0.05882352941176457 0.0594771241830064 0.05882352941176457 0.059477124183006415 0.0594771241830064 0.17189542483660106 0.05882352941176457 0.059477124183006415 0.0594771241830064
0.06049382716049371 0.13827160493827143 0.058024691358024585 0.05617283950617273 0.09814814814814796 0.05555555555555545 0.05617283950617273 0.05925925925925915 0.05802469135802457 0.05679012345679001 0.06296296296296283 0.0679012345679011 0.05555555555555545 0.06111111111111101 0.05555555555555545
0.06049382716049371 0.061111111111111005 0.058641975308641854 0.05864197530864187 0.058641975308641875 0.09691358024691343 0.05679012345679001 0.06296296296296286 0.06604938271604925 0.06728395061728386 0.06481481481481469 0.06234567901234556 0.10246913580246897 0.06111111111111099 0.061728395061728294
0.05617283950617273 0.05679012345679001 0.05679012345679001 0.10987654320987639 0.05925925925925915 0.10987654320987635 0.05617283950617273 0.05679012345679001 0.06604938271604925 0.05679012345679001 0.05617283950617273 0.05555555555555545 0.05555555555555545 0.09197530864197515 0.05617283950617273
0.05444444444444435 0.05277777777777769 0.053333333333333253 0.05499999999999991 0.20499999999999988 0.052222222222222135 0.05333333333333324 0.05111111111111103 0.052222222222222135 0.05722222222222215 0.052222222222222135 0.06722222222222213 0.08722222222222213 0.05333333333333324 0.053333333333333253
0.06604938271604925 0.06790123456790112 0.06728395061728384 0.07716049382716035 0.05925925925925915 0.06296296296296286 0.05617283950617273 0.06728395061728382 0.10555555555555536 0.05740740740740729 0.058024691358024585 0.06296296296296285 0.05925925925925915 0.0722222222222221 0.06049382716049371
0.05882352941176457 0.05882352941176457 0.0594771241830064 0.05882352941176457 0.05882352941176457 0.05882352941176457 0.17450980392156837 0.059477124183006415 0.05882352941176457 0.05882352941176457 0.05882352941176457 0.05882352941176457 0.059477124183006415 0.05882352941176457 0.05882352941176457
0.055555555555555546 0.05847953216374267 0.061988304093567224 0.06374269005847952 0.06549707602339178 0.0567251461988304 0.0567251461988304 0.059649122807017535 0.1333333333333331 0.06198830409356722 0.05614035087719297 0.05614035087719296 0.05730994152046782 0.05789473684210527 0.09883040935672516
0.05502645502645495 0.1349206349206348 0.051851851851851774 0.05449735449735441 0.05132275132275125 0.1539682539682538 0.07354497354497344 0.057142857142857106 0.0640211640211639 0.04973544973544967 0.05449735449735443 0.04920634920634913 0.04920634920634914 0.05343915343915337 0.04761904761904755
0.09122807017543863 0.07894736842105256 0.056725146198830394 0.07894736842105267 0.05614035087719299 0.0701754385964912 0.08362573099415203 0.0771929824561404 0.05789473684210526 0.05847953216374265 0.057309941520467825 0.05497076023391812 0.06081871345029235 0.060233918128654945 0.05730994152046782
0.05555555555555554 0.19356725146198828 0.052631578947368425 0.053801169590643266 0.052631578947368425 0.052631578947368425 0.10292397660818715 0.05321637426900584 0.052631578947368425 0.052631578947368425 0.061403508771929814 0.05380116959064327 0.05321637426900586 0.05555555555555554 0.05380116959064329
0.059064327485380055 0.05614035087719298 0.0567251461988304 0.09064327485380122 0.05555555555555554 0.05438596491228071 0.10233918128654973 0.05555555555555555 0.11345029239766079 0.0596491228070175 0.05847953216374265 0.05497076023391812 0.056725146198830394 0.05438596491228069 0.07192982456140357
0.049537037037037025 0.11898148148148147 0.04444444444444441 0.0444444444444444 0.11574074074074071 0.04351851851851847 0.0828703703703703 0.044907407407407354 0.11064814814814815 0.046759259259259216 0.08703703703703708 0.06111111111111111 0.04490740740740736 0.05972222222222224 0.045370370370370325
0.06604938271604925 0.143827160493827 0.05679012345679002 0.05802469135802457 0.05740740740740729 0.05864197530864187 0.05925925925925915 0.06604938271604925 0.0648148148148147 0.05740740740740729 0.07407407407407397 0.058641975308641854 0.05679012345679001 0.06604938271604927 0.05617283950617273
0.06944444444444445 0.06597222222222222 0.06319444444444444 0.06527777777777778 0.06527777777777778 0.06388888888888888 0.06388888888888888 0.07291666666666667 0.06875 0.06388888888888888 0.07708333333333334 0.06458333333333334 0.06527777777777778 0.06805555555555555 0.0625
0.06319444444444444 0.1125 0.0625 0.0625 0.0625 0.06319444444444444 0.0625 0.06319444444444444 0.0625 0.0625 0.07222222222222222 0.06319444444444444 0.0625 0.0625 0.0625
0.072549019607843 0.06535947712418289 0.06405228758169922 0.06274509803921555 0.06078431372549007 0.06274509803921556 0.06405228758169922 0.06470588235294106 0.06339869281045737 0.0699346405228757 0.07320261437908483 0.07516339869281033 0.061437908496731884 0.0771241830065358 0.06274509803921555
0.05265700483091798 0.12463768115942021 0.05169082125603873 0.07198067632850252 0.04589371980676337 0.04492753623188414 0.2299516908212557 0.04830917874396143 0.047826086956521824 0.047826086956521824 0.047342995169082205 0.046376811594202975 0.0473429951690822 0.04879227053140105 0.04444444444444452
0.06455026455026448 0.18306878306878283 0.04920634920634913 0.04814814814814808 0.0597883597883597 0.05079365079365071 0.04920634920634914 0.11005291005290997 0.052380952380952306 0.0798941798941798 0.05343915343915337 0.050264550264550206 0.04761904761904755 0.053439153439153356 0.04814814814814808
0.05955555555555559 0.131111111111111 0.04355555555555558 0.04755555555555559 0.05822222222222225 0.060000000000000046 0.044888888888888916 0.06400000000000004 0.19111111111111104 0.045777777777777806 0.05288888888888892 0.05155555555555559 0.04355555555555558 0.06266666666666672 0.04355555555555558
0.07055555555555545 0.06888888888888878 0.0527777777777777 0.05777777777777769 0.06722222222222211 0.05499999999999991 0.052222222222222135 0.06555555555555549 0.17944444444444443 0.052222222222222135 0.06444444444444435 0.053333333333333253 0.05111111111111103 0.05777777777777768 0.05166666666666658
0.04696969696969695 0.045454545454545435 0.08535353535353532 0.045454545454545435 0.04797979797979797 0.045454545454545435 0.13585858585858604 0.04646464646464645 0.046464646464646445 0.04646464646464645 0.045454545454545435 0.09191919191919189 0.17727272727272722 0.04646464646464645 0.04696969696969695
0.07581699346405214 0.062091503267973726 0.05882352941176457 0.06078431372549007 0.06013071895424824 0.06013071895424823 0.06078431372549007 0.06078431372549007 0.09869281045751614 0.099346405228758 0.059477124183006415 0.06078431372549007 0.060784313725490056 0.060784313725490056 0.06078431372549007
0.05882352941176457 0.05882352941176457 0.11307189542483638 0.0594771241830064 0.10718954248365993 0.05882352941176457 0.05882352941176457 0.061437908496731884 0.0594771241830064 0.05882352941176457 0.06013071895424823 0.06732026143790835 0.06013071895424824 0.05882352941176457 0.05882352941176457
0.0671717171717173 0.08888888888888893 0.04848484848484849 0.05 0.20454545454545447 0.051010101010101026 0.04797979797979797 0.06010101010101015 0.06464646464646467 0.04949494949494951 0.05151515151515154 0.054040404040404055 0.04949494949494951 0.06161616161616163 0.05101010101010101
0.05802469135802457 0.05925925925925914 0.05679012345679002 0.05617283950617273 0.1820987654320985 0.05864197530864187 0.05555555555555545 0.06851851851851841 0.05740740740740729 0.05802469135802457 0.05679012345679001 0.06049382716049372 0.05617283950617273 0.05925925925925915 0.05679012345679001
0.060784313725490056 0.06013071895424824 0.05882352941176457 0.05882352941176457 0.16470588235294092 0.06013071895424823 0.059477124183006415 0.05882352941176457 0.0594771241830064 0.06013071895424824 0.05882352941176457 0.06013071895424824 0.06078431372549007 0.05882352941176457 0.06013071895424824
0.06222222222222214 0.05444444444444436 0.05444444444444436 0.058888888888888775 0.07833333333333325 0.05166666666666658 0.05277777777777769 0.1416666666666666 0.06222222222222213 0.058888888888888796 0.05444444444444435 0.05555555555555547 0.09888888888888883 0.056666666666666574 0.05888888888888881
0.045333333333333364 0.04355555555555558 0.047111111111111145 0.1377777777777777 0.044888888888888916 0.2337777777777778 0.04311111111111114 0.04844444444444448 0.07333333333333338 0.045777777777777806 0.04755555555555559 0.05688888888888892 0.04266666666666669 0.04755555555555559 0.04222222222222225
0.05222222222222214 0.05444444444444435 0.05166666666666658 0.23666666666666666 0.06277777777777767 0.05444444444444436 0.053888888888888806 0.06388888888888881 0.055555555555555476 0.05277777777777769 0.05444444444444436 0.052222222222222135 0.05055555555555547 0.05333333333333324 0.05111111111111103
0.053888888888888806 0.05055555555555547 0.05222222222222214 0.05444444444444436 0.08055555555555542 0.14222222222222242 0.05055555555555547 0.1483333333333335 0.05944444444444432 0.05111111111111103 0.05111111111111103 0.05111111111111103 0.05111111111111103 0.05166666666666657 0.05166666666666658
0.05679012345679001 0.05740740740740729 0.05555555555555545 0.10987654320987633 0.0574074074074073 0.05617283950617273 0.05555555555555545 0.15987654320987632 0.05555555555555545 0.05555555555555545 0.05679012345679002 0.05555555555555545 0.05679012345679001 0.05555555555555545 0.05555555555555545
0.08128654970760237 0.060233918128654945 0.06549707602339179 0.06608187134502927 0.07076023391812863 0.05964912280701752 0.0549707602339181 0.06725146198830402 0.06725146198830408 0.10116959064327478 0.06257309941520467 0.05789473684210526 0.05672514619883039 0.06608187134502917 0.06257309941520466
0.059876543209876426 0.06296296296296285 0.05740740740740729 0.06049382716049372 0.06358024691358012 0.059876543209876426 0.06049382716049371 0.06172839506172829 0.14320987654320969 0.06543209876543196 0.06358024691358014 0.06172839506172829 0.06111111111111099 0.05925925925925915 0.05925925925925915
0.05925925925925914 0.06419753086419742 0.05740740740740729 0.07407407407407393 0.06543209876543199 0.05864197530864187 0.058641975308641875 0.06234567901234556 0.13641975308641957 0.05987654320987642 0.06666666666666655 0.059876543209876426 0.059876543209876426 0.05864197530864187 0.058641975308641854
0.06358024691358014 0.06172839506172829 0.05987654320987644 0.059876543209876426 0.07283950617283938 0.058641975308641854 0.05925925925925915 0.0734567901234567 0.12469135802469121 0.06111111111111099 0.0604938271604937 0.06172839506172829 0.05925925925925915 0.06358024691358014 0.059876543209876426
0.07142857142857133 0.05820105820105812 0.05396825396825389 0.06349206349206339 0.06560846560846552 0.055555555555555476 0.05502645502645496 0.06772486772486765 0.16084656084656074 0.05714285714285706 0.0708994708994708 0.056084656084655994 0.05449735449735442 0.05925925925925916 0.05026455026455019
0.05079365079365071 0.04973544973544967 0.049735449735449674 0.04814814814814808 0.04920634920634913 0.04814814814814808 0.2079365079365076 0.04814814814814808 0.04867724867724859 0.056084656084656015 0.0539682539682539 0.051851851851851774 0.13597883597883587 0.04920634920634913 0.05238095238095232
0.07430555555555556 0.0625 0.0625 0.0625 0.06319444444444444 0.0625 0.06319444444444444 0.0625 0.0625 0.1076388888888889 0.06319444444444444 0.06319444444444444 0.0625 0.0625 0.06527777777777778
0.0716049382716048 0.09938271604938252 0.05555555555555545 0.05617283950617273 0.05555555555555545 0.05679012345679001 0.1111111111111109 0.058024691358024585 0.05617283950617273 0.0907407407407406 0.05679012345679001 0.0574074074074073 0.05555555555555545 0.059876543209876426 0.05925925925925914
0.07407407407407397 0.06234567901234558 0.05987654320987642 0.06913580246913567 0.07345679012345664 0.05925925925925914 0.07098765432098754 0.07777777777777765 0.06543209876543199 0.07654320987654308 0.061111111111111005 0.06111111111111099 0.05987654320987644 0.07098765432098754 0.058024691358024585
0.09649122807017546 0.05321637426900584 0.054970760233918115 0.052631578947368425 0.053801169590643266 0.10467836257309943 0.05321637426900585 0.05321637426900584 0.053801169590643266 0.1532163742690056 0.05380116959064327 0.05321637426900585 0.05438596491228068 0.0549707602339181 0.0543859649122807
0.0594771241830064 0.059477124183006415 0.09607843137254882 0.05882352941176457 0.05882352941176457 0.0594771241830064 0.05882352941176457 0.06078431372549007 0.05882352941176457 0.0594771241830064 0.0594771241830064 0.12352941176470568 0.06535947712418289 0.06013071895424823 0.0614379084967319
0.05380116959064329 0.05321637426900584 0.05438596491228071 0.0543859649122807 0.052631578947368425 0.05438596491228069 0.052631578947368425 0.05321637426900584 0.05380116959064327 0.052631578947368425 0.052631578947368425 0.2105263157894737 0.05380116959064327 0.053801169590643266 0.09415204678362578
0.07516339869281032 0.0640522875816992 0.06013071895424823 0.11764705882352922 0.06078431372549007 0.06013071895424823 0.06013071895424824 0.06339869281045739 0.06993464052287568 0.062091503267973726 0.0614379084967319 0.062091503267973726 0.059477124183006415 0.06339869281045737 0.06013071895424824
0.04920634920634913 0.04920634920634913 0.050264550264550206 0.04920634920634914 0.04973544973544966 0.14656084656084645 0.05026455026455019 0.051851851851851774 0.049735449735449674 0.05079365079365073 0.05291005291005283 0.20052910052910025 0.04973544973544966 0.04920634920634912 0.05079365079365071
0.061111111111111005 0.05679012345679001 0.10925925925925904 0.05679012345679001 0.09444444444444429 0.05679012345679001 0.05740740740740729 0.05679012345679001 0.05617283950617273 0.06419753086419741 0.05679012345679001 0.07222222222222209 0.07283950617283938 0.05925925925925915 0.06913580246913567
0.07342995169082132 0.04830917874396143 0.07681159420289863 0.10917874396135263 0.05410628019323679 0.05893719806763292 0.051207729468599125 0.07342995169082135 0.05265700483091796 0.09903381642512077 0.05845410628019331 0.07294685990338175 0.05555555555555566 0.05893719806763295 0.057004830917874484
0.0625 0.0625 0.0625 0.06388888888888888 0.0625 0.12083333333333333 0.0625 0.0625 0.0625 0.06388888888888888 0.06319444444444444 0.0625 0.0625 0.06319444444444444 0.0625
0.056666666666666574 0.05555555555555547 0.07722222222222215 0.16722222222222216 0.0549999999999999 0.05999999999999991 0.05555555555555547 0.06555555555555546 0.05611111111111102 0.05777777777777769 0.05666666666666657 0.05833333333333324 0.05499999999999991 0.0677777777777777 0.055555555555555476
0.06339869281045739 0.0640522875816992 0.06274509803921556 0.06274509803921555 0.1111111111111109 0.06274509803921555 0.062091503267973726 0.06274509803921555 0.06470588235294103 0.06274509803921557 0.06339869281045739 0.072549019607843 0.0614379084967319 0.06274509803921555 0.06078431372549007
0.0754385964912281 0.05906432748538011 0.10175438596491224 0.0690058479532163 0.059649122807017514 0.06257309941520468 0.05906432748538012 0.057894736842105284 0.05614035087719298 0.09766081871345027 0.06959064327485376 0.056725146198830394 0.054970760233918115 0.0614035087719298 0.05906432748538009
0.06078431372549007 0.05882352941176457 0.11437908496732004 0.06078431372549008 0.0594771241830064 0.05882352941176457 0.06013071895424824 0.06013071895424824 0.05882352941176457 0.059477124183006415 0.05882352941176457 0.0594771241830064 0.05882352941176457 0.11176470588235272 0.059477124183006415
0.062037037037037036 0.07592592592592591 0.04629629629629625 0.04444444444444439 0.07916666666666662 0.04490740740740736 0.21712962962962964 0.04259259259259254 0.043981481481481434 0.0703703703703704 0.08009259259259255 0.051851851851851836 0.04398148148148142 0.05185185185185186 0.04537037037037032
0.06222222222222214 0.08222222222222211 0.0994444444444443 0.055555555555555455 0.052222222222222135 0.05499999999999991 0.053888888888888806 0.055555555555555476 0.05166666666666658 0.05444444444444435 0.05999999999999991 0.05166666666666658 0.1083333333333333 0.05166666666666658 0.106111111111111
0.06535947712418287 0.062091503267973726 0.062091503267973726 0.06339869281045737 0.062091503267973726 0.06013071895424824 0.13006535947712394 0.06209150326797373 0.06013071895424824 0.06535947712418287 0.0614379084967319 0.0614379084967319 0.06013071895424824 0.06339869281045737 0.06078431372549007
0.0625 0.0625 0.06458333333333334 0.06319444444444444 0.11527777777777778 0.0625 0.06319444444444444 0.0625 0.0625 0.06597222222222222 0.0625 0.0625 0.0625 0.06319444444444444 0.06458333333333334
0.0594771241830064 0.05882352941176457 0.06013071895424824 0.05882352941176457 0.10588235294117625 0.05882352941176457 0.05882352941176457 0.06013071895424824 0.06013071895424823 0.0594771241830064 0.059477124183006415 0.07058823529411752 0.06078431372549007 0.10980392156862721 0.05882352941176457
0.05617283950617273 0.05617283950617273 0.05925925925925916 0.05925925925925915 0.05925925925925916 0.05617283950617273 0.05555555555555545 0.059876543209876426 0.1944444444444442 0.05555555555555545 0.05617283950617273 0.05740740740740729 0.0574074074074073 0.05987654320987644 0.05740740740740729
0.06944444444444445 0.06458333333333334 0.06875 0.06666666666666667 0.06527777777777778 0.06319444444444444 0.07222222222222222 0.06597222222222222 0.06944444444444445 0.06736111111111111 0.06666666666666667 0.06319444444444444 0.06527777777777778 0.06597222222222222 0.06597222222222222
0.0964646464646465 0.05151515151515154 0.05 0.0712121212121213 0.096969696969697 0.05555555555555559 0.05101010101010104 0.0560606060606061 0.057070707070707126 0.06060606060606064 0.05808080808080812 0.10656565656565663 0.06919191919191922 0.05505050505050511 0.06464646464646466
0.0625 0.06319444444444444 0.06319444444444444 0.0625 0.0625 0.11944444444444445 0.06319444444444444 0.0625 0.0625 0.06319444444444444 0.06388888888888888 0.0625 0.06388888888888888 0.0625 0.0625
0.05166666666666657 0.05111111111111103 0.14944444444444452 0.11777777777777769 0.05166666666666658 0.05166666666666659 0.052222222222222135 0.05166666666666658 0.05111111111111102 0.05611111111111102 0.05944444444444435 0.05111111111111103 0.09499999999999985 0.054999999999999924 0.05499999999999993
0.05555555555555545 0.05555555555555545 0.05555555555555545 0.05555555555555545 0.05555555555555545 0.05555555555555545 0.2197530864197527 0.05617283950617273 0.05555555555555545 0.05555555555555545 0.05555555555555545 0.05679012345679001 0.05555555555555545 0.05617283950617273 0.05555555555555545
0.07291666666666667 0.06875 0.06736111111111111 0.06597222222222222 0.06597222222222222 0.06666666666666667 0.06736111111111111 0.06319444444444444 0.06319444444444444 0.06527777777777778 0.06388888888888888 0.06597222222222222 0.06597222222222222 0.07291666666666667 0.06458333333333334
0.06928104575163387 0.0816993464052286 0.08562091503267959 0.06535947712418287 0.06274509803921555 0.0614379084967319 0.06339869281045737 0.06470588235294103 0.06339869281045737 0.0660130718954247 0.06470588235294104 0.061437908496731905 0.0614379084967319 0.06732026143790835 0.0614379084967319
0.05444444444444435 0.14222222222222228 0.05222222222222214 0.05055555555555547 0.050555555555555465 0.05277777777777769 0.05333333333333324 0.05777777777777768 0.05166666666666658 0.052222222222222135 0.1722222222222221 0.05499999999999991 0.04999999999999991 0.053333333333333253 0.05166666666666658
0.08125 0.06875 0.06388888888888888 0.06527777777777778 0.06527777777777778 0.06458333333333334 0.0625 0.06458333333333334 0.07777777777777778 0.06319444444444444 0.06597222222222222 0.06388888888888888 0.06319444444444444 0.06597222222222222 0.06388888888888888
0.06209150326797373 0.060784313725490056 0.061437908496731905 0.0614379084967319 0.06013071895424823 0.059477124183006415 0.14771241830065338 0.06013071895424824 0.05882352941176457 0.0614379084967319 0.06535947712418286 0.06078431372549007 0.06078431372549007 0.0594771241830064 0.06013071895424823
0.06597222222222222 0.11180555555555556 0.0625 0.0625 0.06319444444444444 0.0625 0.06319444444444444 0.06527777777777778 0.0625 0.0625 0.06527777777777778 0.0625 0.0625 0.06527777777777778 0.0625
0.06470588235294104 0.10522875816993442 0.059477124183006415 0.05882352941176457 0.10326797385620894 0.05882352941176457 0.059477124183006415 0.060784313725490056 0.0594771241830064 0.06013071895424823 0.06013071895424823 0.06862745098039202 0.05882352941176457 0.06274509803921556 0.0594771241830064
0.06805555555555555 0.06458333333333334 0.06458333333333334 0.06736111111111111 0.06805555555555555 0.06597222222222222 0.06736111111111111 0.06527777777777778 0.06805555555555555 0.06736111111111111 0.06458333333333334 0.06875 0.06666666666666667 0.06666666666666667 0.06666666666666667
0.05291005291005284 0.04814814814814808 0.06613756613756606 0.05291005291005284 0.22328042328042289 0.04814814814814808 0.050264550264550185 0.050793650793650724 0.04973544973544967 0.06772486772486769 0.06772486772486762 0.05661375661375653 0.04920634920634914 0.05396825396825389 0.06243386243386235
0.06783625730994147 0.12163742690058466 0.06666666666666661 0.056140350877193 0.060233918128654924 0.0543859649122807 0.05555555555555555 0.08304093567251457 0.05497076023391812 0.0608187134502924 0.05964912280701755 0.06198830409356722 0.06549707602339178 0.06081871345029234 0.07076023391812863
0.0614379084967319 0.1111111111111109 0.06013071895424823 0.05882352941176457 0.06013071895424824 0.05882352941176457 0.0594771241830064 0.061437908496731884 0.0594771241830064 0.060784313725490056 0.062091503267973726 0.05882352941176457 0.1071895424836599 0.06078431372549007 0.0594771241830064
0.06666666666666667 0.06736111111111111 0.06527777777777778 0.06736111111111111 0.06458333333333334 0.06458333333333334 0.06597222222222222 0.07222222222222222 0.06597222222222222 0.06666666666666667 0.06875 0.06458333333333334 0.06527777777777778 0.06597222222222222 0.06875
0.07450980392156847 0.06862745098039202 0.06732026143790835 0.06666666666666653 0.0653594771241829 0.062091503267973726 0.06339869281045737 0.07843137254901948 0.061437908496731884 0.06274509803921555 0.06862745098039201 0.06470588235294106 0.061437908496731884 0.06470588235294104 0.06993464052287568
0.04541062801932375 0.045410628019323745 0.045893719806763364 0.051207729468599104 0.048792270531401054 0.05893719806763294 0.13236714975845396 0.06425120772946867 0.13864734299516907 0.045893719806763364 0.04492753623188414 0.14299516908212556 0.04492753623188413 0.046376811594202975 0.04396135265700491
0.044444444444444495 0.06008230452674905 0.1209876543209875 0.04403292181069963 0.04156378600823049 0.0925925925925926 0.07942386831275726 0.1786008230452674 0.04938271604938277 0.04115226337448564 0.041975308641975344 0.04609053497942391 0.040740740740740786 0.07695473251028812 0.04197530864197535
0.04111111111111106 0.08703703703703693 0.035555555555555535 0.03518518518518518 0.0914814814814814 0.3066666666666666 0.06629629629629628 0.0733333333333333 0.039629629629629605 0.0374074074074074 0.03629629629629629 0.041481481481481466 0.03518518518518517 0.03777777777777778 0.03555555555555555
0.06666666666666654 0.09869281045751614 0.0594771241830064 0.05882352941176457 0.10392156862745076 0.05882352941176457 0.05882352941176457 0.06274509803921556 0.059477124183006415 0.05882352941176457 0.061437908496731884 0.07189542483660118 0.05882352941176457 0.06274509803921556 0.05882352941176457
0.06234567901234558 0.061728395061728294 0.061728395061728274 0.06666666666666655 0.06728395061728382 0.06419753086419741 0.06419753086419741 0.06790123456790115 0.06296296296296283 0.059876543209876426 0.0685185185185184 0.0604938271604937 0.11111111111111091 0.05864197530864187 0.06234567901234556
0.06257309941520467 0.053801169590643266 0.05614035087719298 0.057309941520467825 0.07602339181286549 0.058479532163742645 0.06608187134502919 0.10175438596491217 0.05555555555555554 0.05438596491228072 0.08771929824561403 0.05614035087719298 0.09941520467836258 0.058479532163742694 0.05614035087719298
0.05679012345679001 0.05679012345679002 0.05617283950617273 0.0574074074074073 0.05617283950617273 0.05802469135802457 0.05617283950617273 0.0746913580246912 0.07839506172839493 0.05679012345679001 0.05802469135802457 0.11419753086419736 0.05617283950617273 0.05987654320987642 0.1043209876543208
0.05679012345679001 0.05802469135802457 0.10864197530864177 0.06049382716049372 0.05679012345679002 0.05802469135802457 0.05740740740740729 0.0746913580246912 0.06111111111111099 0.058641975308641854 0.058024691358024585 0.1203703703703702 0.05679012345679001 0.05740740740740729 0.05679012345679001
0.08830409356725134 0.0567251461988304 0.061988304093567224 0.05730994152046782 0.06315789473684208 0.05847953216374272 0.058479532163742666 0.06900584795321638 0.05555555555555554 0.05847953216374265 0.1380116959064326 0.0614035087719298 0.057309941520467804 0.05789473684210525 0.05789473684210527
0.05987654320987644 0.05555555555555545 0.0753086419753085 0.05864197530864187 0.05864197530864187 0.05925925925925915 0.11790123456790104 0.06296296296296285 0.058641975308641854 0.07716049382716036 0.061728395061728274 0.05679012345679001 0.05925925925925915 0.058024691358024585 0.08024691358024678
0.06388888888888888 0.06319444444444444 0.0625 0.06319444444444444 0.06388888888888888 0.06319444444444444 0.0625 0.06319444444444444 0.0625 0.06319444444444444 0.0625 0.0625 0.06527777777777778 0.11597222222222223 0.0625
0.1822222222222221 0.08499999999999988 0.0527777777777777 0.05166666666666658 0.05166666666666657 0.053888888888888806 0.05611111111111103 0.05555555555555548 0.05277777777777769 0.076111111111111 0.06333333333333321 0.053888888888888806 0.05111111111111102 0.058333333333333244 0.055555555555555476
0.05555555555555555 0.05497076023391812 0.10877192982456138 0.057309941520467825 0.09941520467836258 0.05847953216374267 0.05555555555555554 0.05497076023391812 0.0549707602339181 0.057309941520467846 0.05614035087719296 0.0654970760233918 0.055555555555555546 0.05497076023391812 0.11052631578947365
0.06049382716049371 0.05864197530864187 0.05802469135802457 0.05925925925925914 0.05864197530864187 0.07407407407407395 0.10925925925925904 0.05679012345679001 0.05617283950617273 0.05802469135802457 0.09320987654320974 0.07777777777777764 0.059876543209876426 0.0574074074074073 0.06234567901234556
0.06358024691358012 0.061728395061728274 0.0648148148148147 0.06543209876543198 0.05987654320987642 0.06049382716049371 0.06111111111111099 0.05925925925925915 0.058024691358024585 0.06604938271604927 0.0691358024691357 0.07283950617283938 0.10864197530864181 0.062345679012345556 0.06666666666666655
