0.06388888888888888 0.06736111111111111 0.07013888888888889 0.06458333333333334 0.07083333333333333 0.06388888888888888 0.06805555555555555 0.06388888888888888 0.06597222222222222 0.06805555555555555 0.06805555555555555 0.06666666666666667 0.06388888888888888 0.06875 0.06597222222222222
0.06728395061728383 0.058024691358024585 0.1043209876543208 0.058024691358024585 0.05679012345679001 0.05617283950617273 0.06913580246913566 0.05740740740740729 0.05679012345679001 0.059876543209876426 0.05679012345679001 0.061728395061728294 0.05864197530864187 0.06049382716049372 0.1185185185185183
0.0614379084967319 0.0699346405228757 0.0660130718954247 0.06993464052287568 0.06732026143790835 0.06274509803921556 0.06339869281045739 0.06274509803921555 0.06732026143790838 0.06535947712418289 0.0679738562091502 0.06274509803921555 0.06209150326797373 0.06535947712418289 0.08562091503267959
0.06172839506172829 0.05802469135802457 0.06358024691358014 0.06851851851851841 0.06296296296296283 0.05617283950617273 0.05740740740740729 0.0604938271604937 0.059876543209876426 0.06111111111111099 0.06419753086419741 0.05987654320987644 0.05740740740740729 0.06358024691358012 0.14506172839506154
0.05679012345679001 0.05555555555555545 0.05555555555555545 0.05555555555555545 0.05617283950617273 0.05679012345679002 0.10679012345678993 0.05679012345679001 0.05617283950617273 0.05679012345679001 0.05679012345679002 0.05555555555555545 0.05617283950617273 0.16111111111111093 0.05740740740740729
0.09259259259259242 0.05679012345679001 0.05617283950617273 0.05679012345679001 0.05617283950617273 0.05555555555555545 0.1648148148148146 0.05617283950617273 0.06481481481481467 0.058024691358024585 0.05740740740740729 0.05555555555555545 0.05679012345679001 0.05555555555555545 0.05679012345679001
0.11790123456790105 0.05864197530864187 0.0574074074074073 0.058024691358024585 0.05679012345679001 0.05617283950617273 0.06543209876543199 0.10308641975308623 0.06111111111111099 0.06049382716049371 0.061111111111111005 0.06358024691358014 0.05740740740740729 0.06111111111111099 0.06172839506172829
0.13838383838383855 0.05505050505050509 0.05555555555555557 0.05050505050505053 0.055050505050505086 0.04848484848484849 0.05555555555555559 0.05959595959595961 0.05505050505050508 0.11818181818181832 0.051010101010101026 0.04898989898989899 0.05252525252525254 0.056565656565656604 0.09949494949494955
0.06388888888888888 0.06597222222222222 0.0763888888888889 0.06944444444444445 0.06805555555555555 0.06458333333333334 0.06597222222222222 0.06736111111111111 0.06458333333333334 0.06527777777777778 0.06388888888888888 0.07222222222222222 0.06458333333333334 0.06458333333333334 0.06319444444444444
0.06137566137566126 0.08253968253968247 0.06613756613756606 0.0687830687830687 0.05978835978835973 0.05238095238095229 0.06243386243386234 0.0597883597883597 0.05873015873015866 0.06084656084656078 0.07142857142857136 0.06666666666666657 0.05714285714285706 0.11111111111111101 0.06084656084656077
0.06458333333333334 0.06388888888888888 0.06388888888888888 0.06597222222222222 0.07013888888888889 0.0625 0.06458333333333334 0.06458333333333334 0.06388888888888888 0.06666666666666667 0.06597222222222222 0.06944444444444445 0.07152777777777777 0.07847222222222222 0.06388888888888888
0.09803921568627431 0.0614379084967319 0.06274509803921556 0.061437908496731884 0.06405228758169922 0.059477124183006415 0.06732026143790834 0.06405228758169922 0.06013071895424824 0.07385620915032665 0.0660130718954247 0.07647058823529398 0.059477124183006415 0.0640522875816992 0.0614379084967319
0.05882352941176457 0.06013071895424824 0.059477124183006415 0.05882352941176457 0.05882352941176457 0.05882352941176457 0.06339869281045739 0.0594771241830064 0.05882352941176457 0.059477124183006415 0.05882352941176457 0.06013071895424823 0.05882352941176457 0.0594771241830064 0.1666666666666664
0.0625 0.0625 0.06319444444444444 0.0625 0.12222222222222222 0.0625 0.0625 0.06319444444444444 0.0625 0.0625 0.0625 0.0625 0.06319444444444444 0.06319444444444444 0.0625
0.05925925925925915 0.062345679012345556 0.07098765432098754 0.07283950617283938 0.06481481481481469 0.05925925925925915 0.1166666666666665 0.05925925925925915 0.0604938271604937 0.06234567901234556 0.058641975308641854 0.07283950617283938 0.05864197530864187 0.062345679012345556 0.05925925925925914
0.058024691358024585 0.06172839506172829 0.05925925925925915 0.05864197530864187 0.06913580246913568 0.05617283950617273 0.06543209876543202 0.058024691358024585 0.05925925925925915 0.05802469135802457 0.05802469135802457 0.07222222222222216 0.05679012345679002 0.15308641975308623 0.05617283950617273
0.060818713450292376 0.05497076023391812 0.05730994152046782 0.06374269005847953 0.05614035087719297 0.05438596491228069 0.060818713450292376 0.05672514619883039 0.05380116959064327 0.10467836257309936 0.07368421052631584 0.05789473684210525 0.12456140350877186 0.0637426900584795 0.05672514619883039
0.045454545454545435 0.045454545454545435 0.04595959595959594 0.046464646464646445 0.045454545454545435 0.045454545454545435 0.045454545454545435 0.045454545454545435 0.045454545454545435 0.045454545454545435 0.1585858585858586 0.04646464646464645 0.045454545454545435 0.045454545454545435 0.2479797979797978
0.05291005291005283 0.05185185185185179 0.04920634920634914 0.050793650793650724 0.04867724867724861 0.04814814814814808 0.056084656084656 0.048677248677248604 0.07989417989417978 0.08730158730158723 0.1105820105820105 0.05238095238095231 0.10952380952380943 0.05132275132275124 0.10264550264550251
0.052222222222222135 0.052222222222222135 0.05166666666666658 0.052222222222222135 0.05611111111111103 0.05166666666666658 0.05499999999999991 0.05166666666666658 0.05166666666666658 0.052222222222222135 0.05166666666666658 0.05611111111111103 0.05333333333333324 0.054999999999999924 0.2572222222222223
0.08039215686274494 0.06274509803921555 0.06078431372549007 0.0614379084967319 0.0653594771241829 0.0594771241830064 0.08954248366013054 0.06666666666666653 0.06339869281045737 0.062091503267973726 0.0594771241830064 0.06078431372549008 0.062091503267973726 0.08496732026143776 0.06078431372549007
0.052631578947368425 0.052631578947368425 0.05321637426900585 0.05380116959064327 0.052631578947368425 0.25906432748538044 0.052631578947368425 0.05321637426900585 0.05321637426900585 0.052631578947368425 0.052631578947368425 0.05321637426900584 0.05321637426900585 0.052631578947368425 0.052631578947368425
0.07847222222222222 0.0625 0.06319444444444444 0.06458333333333334 0.06319444444444444 0.0625 0.07777777777777778 0.06388888888888888 0.0625 0.06527777777777778 0.0625 0.0625 0.06319444444444444 0.08541666666666667 0.0625
0.05679012345679001 0.06728395061728382 0.06172839506172829 0.05740740740740729 0.05679012345679002 0.1561728395061726 0.05679012345679001 0.05925925925925916 0.06111111111111099 0.058641975308641854 0.05555555555555545 0.05679012345679001 0.0691358024691357 0.07037037037037024 0.05617283950617273
0.06666666666666655 0.052222222222222135 0.05499999999999991 0.05777777777777769 0.05666666666666658 0.05277777777777769 0.0688888888888888 0.05666666666666658 0.053888888888888806 0.08333333333333325 0.05722222222222215 0.12555555555555556 0.050555555555555465 0.07555555555555546 0.0872222222222221
0.13921568627450961 0.0594771241830064 0.06013071895424823 0.0594771241830064 0.059477124183006415 0.06013071895424823 0.08104575163398678 0.0614379084967319 0.059477124183006415 0.06339869281045737 0.05882352941176457 0.05882352941176457 0.05882352941176457 0.0614379084967319 0.05882352941176457
0.06013071895424824 0.0594771241830064 0.05882352941176457 0.0594771241830064 0.05882352941176457 0.05882352941176457 0.05882352941176457 0.11633986928104549 0.06013071895424824 0.0594771241830064 0.11045751633986904 0.0594771241830064 0.05882352941176457 0.06078431372549007 0.06013071895424823
0.059477124183006415 0.06078431372549007 0.05882352941176457 0.06013071895424823 0.06013071895424823 0.0594771241830064 0.06013071895424823 0.11633986928104549 0.059477124183006415 0.05882352941176457 0.0594771241830064 0.059477124183006415 0.10784313725490173 0.06078431372549007 0.05882352941176457
0.0625 0.06319444444444444 0.0625 0.06319444444444444 0.06319444444444444 0.0625 0.06388888888888888 0.0625 0.06319444444444444 0.06388888888888888 0.06319444444444444 0.06319444444444444 0.11527777777777778 0.06319444444444444 0.06458333333333334
0.055555555555555476 0.05555555555555547 0.056666666666666594 0.058888888888888796 0.07166666666666655 0.05499999999999991 0.06611111111111102 0.05944444444444436 0.056666666666666574 0.076111111111111 0.07277777777777769 0.06444444444444436 0.05611111111111103 0.06888888888888879 0.12611111111111103
0.059477124183006415 0.059477124183006415 0.10980392156862721 0.059477124183006415 0.05882352941176457 0.05882352941176457 0.05882352941176457 0.059477124183006415 0.059477124183006415 0.05882352941176457 0.05882352941176457 0.12091503267973835 0.0594771241830064 0.059477124183006415 0.05882352941176457
0.05444444444444435 0.0966666666666666 0.07999999999999995 0.07944444444444437 0.06166666666666658 0.05333333333333324 0.058888888888888796 0.05666666666666658 0.06499999999999993 0.06111111111111103 0.05444444444444435 0.06611111111111102 0.05333333333333324 0.1055555555555555 0.053333333333333253
0.08125 0.0625 0.06319444444444444 0.06319444444444444 0.06597222222222222 0.0625 0.07708333333333334 0.06527777777777778 0.06319444444444444 0.06458333333333334 0.06319444444444444 0.06319444444444444 0.0625 0.0798611111111111 0.0625
0.045454545454545435 0.047474747474747475 0.04797979797979797 0.04696969696969696 0.09141414141414142 0.19444444444444448 0.047474747474747475 0.0494949494949495 0.14191919191919206 0.05151515151515154 0.045454545454545435 0.04747474747474746 0.04898989898989898 0.047474747474747475 0.04646464646464645
0.05882352941176457 0.0594771241830064 0.060784313725490056 0.06274509803921555 0.06078431372549007 0.05882352941176457 0.06013071895424823 0.15032679738562071 0.06013071895424824 0.06274509803921555 0.06013071895424824 0.059477124183006415 0.05882352941176457 0.06535947712418286 0.0614379084967319
0.09938271604938254 0.05802469135802457 0.05679012345679001 0.05555555555555545 0.1012345679012344 0.1117283950617282 0.05679012345679001 0.05864197530864187 0.05617283950617273 0.05740740740740729 0.05617283950617273 0.05679012345679001 0.05987654320987644 0.058024691358024585 0.0574074074074073
0.0594771241830064 0.13202614379084945 0.0614379084967319 0.06274509803921555 0.061437908496731905 0.059477124183006415 0.06078431372549007 0.06209150326797373 0.0614379084967319 0.06732026143790835 0.06274509803921555 0.06274509803921555 0.06013071895424823 0.06470588235294104 0.0614379084967319
0.05611111111111101 0.21333333333333318 0.06055555555555547 0.06666666666666658 0.061666666666666564 0.04999999999999991 0.05499999999999991 0.058888888888888796 0.055555555555555476 0.05444444444444435 0.05111111111111102 0.05222222222222214 0.055555555555555476 0.05666666666666658 0.05222222222222214
0.0625 0.11944444444444445 0.0625 0.0625 0.06319444444444444 0.0625 0.0625 0.06388888888888888 0.0625 0.0625 0.0625 0.0625 0.06458333333333334 0.06388888888888888 0.0625
0.05166666666666657 0.05277777777777769 0.054999999999999896 0.05611111111111104 0.05222222222222213 0.052222222222222135 0.05388888888888881 0.05722222222222215 0.24555555555555558 0.05333333333333324 0.05333333333333324 0.054999999999999924 0.05444444444444436 0.05611111111111102 0.05111111111111103
0.04595959595959594 0.055555555555555615 0.05000000000000001 0.04898989898989899 0.09393939393939395 0.04646464646464645 0.09444444444444443 0.05404040404040407 0.1964646464646464 0.047474747474747475 0.04848484848484849 0.0494949494949495 0.048989898989899 0.07070707070707077 0.04898989898989899
0.048677248677248604 0.05026455026455019 0.05185185185185177 0.0539682539682539 0.050793650793650724 0.04814814814814808 0.10582010582010572 0.14285714285714277 0.04814814814814808 0.056084656084656 0.051851851851851774 0.050264550264550185 0.050264550264550206 0.04814814814814808 0.14285714285714277
0.05777777777777769 0.05555555555555547 0.05444444444444436 0.05833333333333325 0.09944444444444442 0.05333333333333324 0.05611111111111103 0.054999999999999924 0.05499999999999993 0.06055555555555547 0.05499999999999991 0.055555555555555455 0.05277777777777769 0.06666666666666657 0.1644444444444445
0.05380116959064327 0.05497076023391812 0.05614035087719298 0.05380116959064327 0.05380116959064327 0.052631578947368425 0.0543859649122807 0.11111111111111108 0.05497076023391812 0.05380116959064327 0.10760233918128653 0.05321637426900584 0.06257309941520464 0.12397660818713438 0.05321637426900584
0.0625 0.1111111111111111 0.06458333333333334 0.06597222222222222 0.06319444444444444 0.0625 0.06319444444444444 0.06319444444444444 0.06388888888888888 0.06319444444444444 0.06458333333333334 0.06319444444444444 0.0625 0.06388888888888888 0.0625
0.05438596491228069 0.09824561403508773 0.06432748538011696 0.058479532163742666 0.059649122807017535 0.15614035087719272 0.05555555555555555 0.05614035087719296 0.0590643274853801 0.057894736842105284 0.0567251461988304 0.056725146198830394 0.0543859649122807 0.05555555555555554 0.056725146198830394
0.059876543209876426 0.06296296296296283 0.06172839506172829 0.058641975308641854 0.06358024691358014 0.058024691358024585 0.0604938271604937 0.06049382716049371 0.05925925925925915 0.1271604938271603 0.0604938271604937 0.06604938271604927 0.06604938271604928 0.07777777777777764 0.05740740740740729
0.07283950617283938 0.10802469135802449 0.05925925925925914 0.05555555555555545 0.05740740740740729 0.05617283950617273 0.06358024691358014 0.05555555555555545 0.058024691358024585 0.09506172839506156 0.05679012345679001 0.08395061728395048 0.05925925925925915 0.06296296296296285 0.05555555555555545
0.059477124183006415 0.06078431372549007 0.06666666666666653 0.12875816993464034 0.060784313725490056 0.0614379084967319 0.06209150326797373 0.059477124183006415 0.05882352941176457 0.06209150326797373 0.0614379084967319 0.06078431372549007 0.06013071895424824 0.07647058823529394 0.06078431372549007
0.06597222222222222 0.06527777777777778 0.07361111111111111 0.06666666666666667 0.0625 0.0625 0.06458333333333334 0.0625 0.06597222222222222 0.07083333333333333 0.06527777777777778 0.07361111111111111 0.06805555555555555 0.06458333333333334 0.06805555555555555
0.06388888888888888 0.11319444444444444 0.06597222222222222 0.06875 0.0625 0.0625 0.0625 0.0625 0.06319444444444444 0.0625 0.0625 0.0625 0.0625 0.0625 0.0625
0.06319444444444444 0.0625 0.06666666666666667 0.06388888888888888 0.0625 0.06319444444444444 0.06666666666666667 0.0625 0.0625 0.07430555555555556 0.0625 0.09583333333333334 0.0625 0.06875 0.0625
0.06277777777777768 0.054999999999999924 0.14555555555555544 0.05277777777777769 0.0527777777777777 0.053888888888888806 0.05277777777777768 0.09222222222222229 0.05444444444444435 0.05999999999999991 0.05277777777777769 0.08499999999999988 0.07499999999999989 0.0527777777777777 0.052222222222222135
0.05864197530864187 0.061728395061728274 0.06604938271604925 0.06049382716049371 0.09259259259259243 0.05802469135802457 0.059876543209876426 0.09074074074074065 0.06296296296296286 0.07160493827160483 0.06172839506172829 0.07469135802469122 0.059876543209876426 0.06296296296296285 0.058024691358024585
0.0594771241830064 0.06078431372549007 0.12156862745098015 0.06274509803921555 0.060784313725490056 0.05882352941176457 0.06666666666666654 0.06339869281045737 0.06405228758169922 0.062091503267973726 0.06013071895424824 0.06928104575163385 0.05882352941176457 0.07189542483660118 0.059477124183006415
0.059477124183006415 0.05882352941176457 0.05882352941176457 0.05882352941176457 0.05882352941176457 0.05882352941176457 0.05882352941176457 0.05882352941176457 0.05882352941176457 0.059477124183006415 0.05882352941176457 0.05882352941176457 0.1738562091503265 0.0594771241830064 0.059477124183006415
0.06319444444444444 0.0625 0.11736111111111111 0.0625 0.0625 0.0625 0.0625 0.06319444444444444 0.0625 0.0625 0.06319444444444444 0.06805555555555555 0.0625 0.0625 0.0625
0.0625 0.0625 0.06875 0.06458333333333334 0.06319444444444444 0.06458333333333334 0.06597222222222222 0.06388888888888888 0.06319444444444444 0.06527777777777778 0.07569444444444444 0.075 0.0625 0.06388888888888888 0.07847222222222222
0.05026455026455019 0.048677248677248604 0.05343915343915337 0.056613756613756554 0.05079365079365073 0.04814814814814808 0.05343915343915339 0.048677248677248604 0.04920634920634914 0.05291005291005284 0.23809523809523772 0.06349206349206342 0.04867724867724861 0.06825396825396816 0.06931216931216923
0.048717948717948684 0.04145299145299142 0.042735042735042694 0.045299145299145256 0.042735042735042694 0.042735042735042694 0.10341880341880333 0.04145299145299142 0.046153846153846136 0.15512820512820494 0.09188034188034178 0.13333333333333316 0.040170940170940125 0.05897435897435893 0.06581196581196576
0.0625 0.0625 0.06319444444444444 0.0625 0.06736111111111111 0.11805555555555555 0.0625 0.06319444444444444 0.06319444444444444 0.0625 0.0625 0.0625 0.0625 0.0625 0.0625
0.048677248677248604 0.04867724867724861 0.05238095238095229 0.051851851851851774 0.1296296296296295 0.17195767195767175 0.05132275132275125 0.04973544973544967 0.06984126984126975 0.04973544973544966 0.058201058201058115 0.061375661375661306 0.04814814814814808 0.048677248677248604 0.05978835978835972
0.0625 0.06388888888888888 0.06736111111111111 0.06805555555555555 0.06388888888888888 0.10486111111111111 0.0625 0.06388888888888888 0.0625 0.06805555555555555 0.0625 0.0625 0.0625 0.0625 0.0625
0.07222222222222209 0.05679012345679002 0.05617283950617273 0.10740740740740723 0.05802469135802459 0.05617283950617273 0.0722222222222221 0.05617283950617273 0.1111111111111109 0.05679012345679001 0.05555555555555545 0.05617283950617273 0.05617283950617273 0.07222222222222209 0.05679012345679001
0.05882352941176457 0.059477124183006415 0.05882352941176457 0.0594771241830064 0.12026143790849653 0.11045751633986904 0.06078431372549007 0.05882352941176457 0.0594771241830064 0.05882352941176457 0.0594771241830064 0.05882352941176457 0.05882352941176457 0.05882352941176457 0.05882352941176457
0.0625 0.0625 0.0625 0.06319444444444444 0.06458333333333334 0.12083333333333333 0.0625 0.0625 0.06388888888888888 0.0625 0.0625 0.0625 0.0625 0.0625 0.0625
0.05380116959064327 0.05380116959064327 0.0543859649122807 0.05497076023391812 0.058479532163742715 0.12573099415204664 0.05380116959064327 0.054970760233918115 0.06725146198830403 0.10175438596491229 0.05321637426900585 0.052631578947368425 0.10584795321637427 0.05672514619883039 0.052631578947368425
0.0434782608695653 0.04975845410628026 0.04975845410628028 0.18357487922705332 0.09468599033816441 0.1729468599033819 0.04444444444444452 0.045410628019323745 0.04541062801932373 0.046859903381642594 0.04444444444444452 0.04396135265700491 0.04444444444444452 0.04685990338164258 0.04396135265700491
0.0543859649122807 0.0719298245614035 0.07134502923976603 0.12456140350877186 0.06257309941520464 0.08421052631578949 0.05438596491228071 0.06608187134502921 0.05497076023391812 0.06081871345029241 0.055555555555555566 0.060818713450292376 0.05672514619883037 0.06198830409356724 0.059649122807017514
0.06597222222222222 0.06666666666666667 0.07222222222222222 0.07152777777777777 0.06527777777777778 0.06319444444444444 0.06319444444444444 0.06736111111111111 0.06597222222222222 0.06527777777777778 0.07083333333333333 0.06666666666666667 0.06527777777777778 0.06666666666666667 0.06388888888888888
0.0625 0.0625 0.0625 0.0625 0.06527777777777778 0.12222222222222222 0.0625 0.0625 0.0625 0.0625 0.0625 0.0625 0.0625 0.0625 0.0625
0.05679012345679001 0.05555555555555545 0.05555555555555545 0.11049382716049361 0.05555555555555545 0.05555555555555545 0.05555555555555545 0.05555555555555545 0.05555555555555545 0.05555555555555545 0.1648148148148146 0.05555555555555545 0.05555555555555545 0.05679012345679001 0.05555555555555545
0.0594771241830064 0.06013071895424823 0.06013071895424824 0.062091503267973726 0.06013071895424823 0.06013071895424823 0.08888888888888873 0.06339869281045737 0.06274509803921555 0.11699346405228742 0.0594771241830064 0.06078431372549008 0.06013071895424824 0.06535947712418289 0.06013071895424823
0.06601307189542469 0.06209150326797373 0.06666666666666653 0.06274509803921556 0.06339869281045737 0.0614379084967319 0.0614379084967319 0.06078431372549007 0.0614379084967319 0.0660130718954247 0.11764705882352915 0.06535947712418289 0.0614379084967319 0.06339869281045739 0.06013071895424824
0.11728395061728375 0.05987654320987644 0.07222222222222209 0.06049382716049371 0.059876543209876426 0.058641975308641875 0.05925925925925914 0.07469135802469123 0.06172839506172829 0.05925925925925914 0.06049382716049371 0.07098765432098754 0.06358024691358014 0.06049382716049372 0.061111111111111005
0.05882352941176457 0.05882352941176457 0.06797385620915018 0.12352941176470567 0.0594771241830064 0.06078431372549007 0.05882352941176457 0.062091503267973726 0.05882352941176457 0.059477124183006415 0.05882352941176457 0.09084967320261421 0.06078431372549007 0.06209150326797375 0.05882352941176457
0.0625 0.0625 0.0625 0.12222222222222222 0.0625 0.06319444444444444 0.0625 0.06319444444444444 0.0625 0.0625 0.06319444444444444 0.0625 0.0625 0.06319444444444444 0.0625
0.06013071895424824 0.05882352941176457 0.06078431372549007 0.0594771241830064 0.05882352941176457 0.05882352941176457 0.10392156862745079 0.06862745098039201 0.062091503267973726 0.061437908496731884 0.06339869281045739 0.06078431372549007 0.05882352941176457 0.060784313725490056 0.10326797385620894
0.05555555555555545 0.05555555555555545 0.05925925925925914 0.05740740740740729 0.05555555555555545 0.05740740740740729 0.058641975308641875 0.05740740740740729 0.05617283950617273 0.05679012345679001 0.13024691358024673 0.06728395061728383 0.0574074074074073 0.05679012345679001 0.11851851851851837
0.05722222222222214 0.11055555555555546 0.05722222222222214 0.05666666666666658 0.05999999999999991 0.07777777777777765 0.05777777777777768 0.05333333333333323 0.0627777777777777 0.05777777777777768 0.056666666666666574 0.058333333333333244 0.11999999999999991 0.061666666666666564 0.052222222222222135
0.06013071895424823 0.06535947712418287 0.0660130718954247 0.0705882352941175 0.09869281045751618 0.06078431372549007 0.06274509803921556 0.06339869281045737 0.062091503267973726 0.06274509803921555 0.062091503267973726 0.06535947712418286 0.07189542483660116 0.06797385620915021 0.06013071895424824
0.055555555555555455 0.05888888888888881 0.05944444444444435 0.06499999999999989 0.06333333333333324 0.07833333333333323 0.06722222222222216 0.0577777777777777 0.0627777777777777 0.06111111111111102 0.05999999999999991 0.06111111111111101 0.12888888888888886 0.06666666666666658 0.0538888888888888
0.06172839506172829 0.05679012345679001 0.06543209876543198 0.06975308641975297 0.0679012345679011 0.05617283950617273 0.07037037037037024 0.05802469135802457 0.05925925925925915 0.0734567901234567 0.06049382716049371 0.06481481481481469 0.11728395061728375 0.06172839506172829 0.05679012345679001
0.05882352941176457 0.05882352941176457 0.11372549019607818 0.05882352941176457 0.05882352941176457 0.05882352941176457 0.11568627450980366 0.06013071895424824 0.05882352941176457 0.05882352941176457 0.06013071895424824 0.06209150326797373 0.05882352941176457 0.05882352941176457 0.05882352941176457
0.05055555555555547 0.05111111111111103 0.04999999999999991 0.04999999999999991 0.05055555555555547 0.05111111111111103 0.05333333333333326 0.05055555555555547 0.04999999999999991 0.05055555555555547 0.05166666666666658 0.05111111111111103 0.050555555555555465 0.09388888888888876 0.24499999999999997
0.05964912280701754 0.054970760233918115 0.10643274853801166 0.0549707602339181 0.056140350877193 0.05497076023391812 0.054970760233918115 0.05380116959064327 0.053801169590643266 0.055555555555555566 0.058479532163742666 0.0614035087719298 0.05321637426900585 0.1567251461988301 0.06491228070175432
0.05679012345679001 0.05679012345679001 0.05679012345679001 0.05555555555555545 0.05617283950617273 0.05617283950617273 0.0574074074074073 0.05679012345679001 0.05740740740740729 0.05555555555555545 0.20864197530864162 0.05617283950617273 0.05617283950617273 0.05802469135802457 0.05555555555555545
0.09567901234567885 0.05617283950617273 0.05740740740740729 0.05740740740740729 0.05617283950617273 0.05555555555555545 0.0641975308641974 0.058024691358024585 0.058024691358024585 0.05925925925925914 0.1506172839506171 0.05740740740740729 0.058641975308641854 0.059876543209876426 0.05555555555555545
0.10987654320987635 0.05740740740740729 0.05617283950617273 0.05555555555555545 0.06296296296296286 0.05555555555555545 0.06172839506172829 0.12654320987654297 0.05740740740740729 0.0574074074074073 0.05617283950617273 0.0574074074074073 0.05740740740740729 0.07283950617283938 0.05555555555555545
0.11527777777777778 0.0625 0.0625 0.0625 0.0625 0.0625 0.06319444444444444 0.0625 0.0625 0.07083333333333333 0.0625 0.0625 0.0625 0.06319444444444444 0.0625
0.045370370370370325 0.045370370370370325 0.09120370370370368 0.10416666666666673 0.11435185185185184 0.04444444444444439 0.04907407407407407 0.04861111111111107 0.04351851851851848 0.049074074074074055 0.04398148148148141 0.053240740740740776 0.04351851851851847 0.054166666666666675 0.16990740740740728
0.05277777777777769 0.05055555555555547 0.07388888888888882 0.058333333333333244 0.15722222222222235 0.10277777777777762 0.05111111111111103 0.0527777777777777 0.05222222222222213 0.06222222222222215 0.05111111111111103 0.06999999999999987 0.05166666666666658 0.059999999999999915 0.05333333333333324
0.054970760233918115 0.06783625730994149 0.07192982456140351 0.060233918128654945 0.060233918128654945 0.12748538011695892 0.05964912280701754 0.06432748538011696 0.08771929824561406 0.056140350877193 0.0543859649122807 0.0660818713450292 0.0543859649122807 0.05964912280701752 0.0549707602339181
0.0625 0.0625 0.0625 0.0625 0.12430555555555556 0.0625 0.06319444444444444 0.0625 0.0625 0.0625 0.0625 0.0625 0.0625 0.0625 0.0625
0.05679012345679001 0.05617283950617273 0.05679012345679001 0.08518518518518503 0.1716049382716047 0.05555555555555545 0.05679012345679001 0.058024691358024585 0.05555555555555545 0.05802469135802457 0.05740740740740729 0.06172839506172829 0.05679012345679001 0.05802469135802457 0.05555555555555545
0.04999999999999991 0.04999999999999991 0.04999999999999991 0.04999999999999991 0.05111111111111103 0.175 0.04999999999999991 0.04999999999999991 0.07333333333333322 0.04999999999999991 0.050555555555555465 0.04999999999999991 0.04999999999999991 0.04999999999999991 0.15000000000000024
0.062091503267973726 0.06405228758169922 0.07124183006535934 0.0640522875816992 0.09673202614379066 0.06274509803921556 0.06274509803921555 0.06535947712418287 0.06470588235294104 0.06274509803921555 0.06078431372549007 0.07058823529411752 0.06274509803921555 0.06666666666666654 0.06274509803921555
0.05166666666666658 0.05277777777777769 0.08388888888888878 0.06388888888888879 0.07111111111111101 0.05111111111111103 0.09166666666666659 0.056666666666666574 0.0649999999999999 0.10888888888888881 0.052222222222222135 0.06333333333333323 0.05111111111111103 0.08277777777777771 0.0538888888888888
0.06388888888888888 0.06736111111111111 0.06527777777777778 0.06527777777777778 0.06388888888888888 0.0625 0.06388888888888888 0.07361111111111111 0.06388888888888888 0.06319444444444444 0.08680555555555555 0.06319444444444444 0.06597222222222222 0.06666666666666667 0.06458333333333334
0.054999999999999924 0.05611111111111103 0.06166666666666658 0.06222222222222213 0.062222222222222116 0.08555555555555545 0.05611111111111103 0.10666666666666655 0.05611111111111104 0.11999999999999993 0.05555555555555547 0.05555555555555547 0.056666666666666574 0.05611111111111103 0.05444444444444435
0.054970760233918115 0.05380116959064327 0.0912280701754386 0.06842105263157888 0.05789473684210522 0.07660818713450282 0.05964912280701752 0.11111111111111105 0.06140350877192979 0.0695906432748538 0.053801169590643266 0.06374269005847949 0.06257309941520464 0.0614035087719298 0.05380116959064327
0.09377777777777781 0.06488888888888894 0.04933333333333337 0.0466666666666667 0.04977777777777781 0.16133333333333333 0.058222222222222265 0.047111111111111145 0.05511111111111114 0.09911111111111111 0.047111111111111145 0.09244444444444448 0.04355555555555559 0.04844444444444448 0.04311111111111114
0.05277777777777769 0.05555555555555547 0.05611111111111103 0.053333333333333253 0.08555555555555548 0.10499999999999987 0.06111111111111103 0.056666666666666574 0.058888888888888796 0.0927777777777777 0.09333333333333324 0.05444444444444436 0.052222222222222135 0.05611111111111103 0.06611111111111102
0.05925925925925915 0.06666666666666653 0.06296296296296286 0.06172839506172829 0.05987654320987644 0.05925925925925915 0.06666666666666658 0.06172839506172829 0.06975308641975296 0.05925925925925914 0.05925925925925915 0.1166666666666665 0.06234567901234556 0.07469135802469123 0.059876543209876426
0.0527777777777777 0.056666666666666574 0.05722222222222214 0.05444444444444435 0.11222222222222214 0.0527777777777777 0.05499999999999991 0.11055555555555546 0.05333333333333326 0.06611111111111101 0.05111111111111103 0.06888888888888878 0.10222222222222208 0.05444444444444436 0.052222222222222135
0.07566137566137555 0.050264550264550185 0.050793650793650724 0.04920634920634914 0.1555555555555554 0.04973544973544966 0.052380952380952306 0.05343915343915335 0.061375661375661264 0.10105820105820096 0.04973544973544967 0.04973544973544967 0.09999999999999987 0.05238095238095231 0.048677248677248604
0.05925925925925915 0.05555555555555545 0.06296296296296283 0.058641975308641854 0.05555555555555545 0.0574074074074073 0.1364197530864196 0.06419753086419741 0.05864197530864187 0.05987654320987642 0.05555555555555545 0.09320987654320972 0.05679012345679001 0.06851851851851838 0.05740740740740729
0.05000000000000001 0.05202020202020203 0.05202020202020203 0.057070707070707105 0.059090909090909124 0.04848484848484848 0.0863636363636364 0.05757575757575762 0.05656565656565661 0.055555555555555594 0.05151515151515154 0.05202020202020203 0.208080808080808 0.060606060606060615 0.053030303030303046
0.08947368421052639 0.05555555555555555 0.05672514619883039 0.05614035087719297 0.05789473684210523 0.05321637426900585 0.054970760233918115 0.06198830409356726 0.05497076023391813 0.054970760233918115 0.05380116959064327 0.05730994152046782 0.1830409356725145 0.05555555555555555 0.0543859649122807
0.08383838383838384 0.04595959595959594 0.04848484848484848 0.05404040404040408 0.04797979797979797 0.08838383838383836 0.047474747474747475 0.051010101010101026 0.05050505050505052 0.1813131313131312 0.04696969696969696 0.052020202020202036 0.10454545454545462 0.05000000000000001 0.047474747474747475
0.058024691358024585 0.05925925925925915 0.06049382716049372 0.05987654320987642 0.05617283950617273 0.058024691358024585 0.05679012345679001 0.06111111111111099 0.06111111111111099 0.05802469135802457 0.05925925925925916 0.058024691358024585 0.17654320987654293 0.059876543209876426 0.05740740740740729
0.0625 0.0625 0.0625 0.0625 0.0625 0.0625 0.06319444444444444 0.06319444444444444 0.0625 0.0625 0.0625 0.0625 0.12361111111111112 0.0625 0.0625
0.052631578947368425 0.05555555555555554 0.05497076023391813 0.10292397660818714 0.053801169590643266 0.09356725146198838 0.052631578947368425 0.05438596491228071 0.052631578947368425 0.05321637426900584 0.05321637426900584 0.16081871345029206 0.052631578947368425 0.05380116959064327 0.05321637426900586
0.06078431372549007 0.0594771241830064 0.06535947712418287 0.07973856209150311 0.06013071895424823 0.06013071895424823 0.06470588235294104 0.062091503267973726 0.06078431372549007 0.0732026143790848 0.06405228758169922 0.09281045751633972 0.06209150326797371 0.0745098039215685 0.06013071895424823
0.062091503267973726 0.07189542483660116 0.06797385620915017 0.06535947712418289 0.06078431372549007 0.06013071895424824 0.06339869281045739 0.06078431372549007 0.06274509803921555 0.06274509803921555 0.06405228758169922 0.06470588235294106 0.0614379084967319 0.06405228758169922 0.10784313725490173
0.05555555555555545 0.15987654320987632 0.05679012345679001 0.05555555555555545 0.05617283950617273 0.05555555555555545 0.05555555555555545 0.11049382716049361 0.05555555555555545 0.05617283950617273 0.05617283950617273 0.05617283950617273 0.058024691358024585 0.05679012345679002 0.05555555555555545
0.052222222222222135 0.10222222222222209 0.05055555555555547 0.05055555555555547 0.05222222222222213 0.050555555555555465 0.05055555555555547 0.04999999999999991 0.053888888888888806 0.05166666666666659 0.050555555555555465 0.0527777777777777 0.19166666666666662 0.0899999999999999 0.050555555555555465
0.0549999999999999 0.14111111111111127 0.052222222222222135 0.053888888888888806 0.05277777777777769 0.05277777777777769 0.053333333333333253 0.10388888888888875 0.05944444444444436 0.05555555555555547 0.09166666666666655 0.05499999999999991 0.056666666666666574 0.0638888888888888 0.05277777777777769
0.055555555555555525 0.153801169590643 0.053801169590643266 0.056725146198830415 0.05380116959064327 0.054970760233918115 0.0543859649122807 0.05614035087719297 0.05964912280701754 0.06374269005847949 0.05321637426900585 0.053801169590643266 0.12280701754385957 0.05497076023391814 0.052631578947368425
0.06388888888888888 0.06736111111111111 0.06319444444444444 0.06597222222222222 0.06319444444444444 0.06805555555555555 0.06527777777777778 0.06597222222222222 0.06805555555555555 0.0763888888888889 0.06388888888888888 0.06388888888888888 0.0763888888888889 0.06597222222222222 0.0625
0.06319444444444444 0.10416666666666667 0.06527777777777778 0.0625 0.06388888888888888 0.0625 0.06458333333333334 0.06388888888888888 0.06388888888888888 0.06458333333333334 0.06388888888888888 0.06527777777777778 0.06388888888888888 0.06527777777777778 0.06319444444444444
0.11578947368421043 0.06959064327485383 0.05321637426900585 0.0543859649122807 0.054970760233918115 0.05555555555555555 0.06725146198830408 0.05555555555555555 0.08479532163742692 0.09707602339181289 0.05614035087719296 0.0543859649122807 0.05497076023391812 0.07309941520467833 0.05321637426900586
0.05679012345679001 0.05925925925925914 0.061728395061728274 0.0685185185185184 0.09753086419753078 0.0574074074074073 0.06049382716049371 0.06358024691358014 0.058641975308641854 0.059876543209876426 0.10308641975308624 0.061111111111111005 0.05925925925925915 0.06296296296296283 0.06975308641975297
0.15672514619883007 0.1473684210526313 0.052631578947368425 0.05321637426900586 0.05321637426900585 0.052631578947368425 0.05380116959064329 0.05380116959064327 0.05438596491228069 0.05614035087719296 0.052631578947368425 0.05380116959064327 0.05321637426900585 0.05380116959064327 0.052631578947368425
0.18518518518518493 0.05617283950617273 0.05555555555555545 0.05740740740740729 0.05740740740740729 0.05617283950617273 0.06913580246913568 0.05679012345679001 0.05555555555555545 0.05679012345679001 0.05555555555555545 0.05679012345679001 0.05679012345679001 0.06913580246913568 0.05555555555555545
0.06875 0.06944444444444445 0.06597222222222222 0.06458333333333334 0.06458333333333334 0.06388888888888888 0.07222222222222222 0.06736111111111111 0.06319444444444444 0.06527777777777778 0.06666666666666667 0.06666666666666667 0.06527777777777778 0.06597222222222222 0.07013888888888889
0.15730994152046754 0.11812865497076015 0.05321637426900585 0.05497076023391814 0.05380116959064327 0.05321637426900584 0.05380116959064327 0.05321637426900585 0.08245614035087721 0.05380116959064327 0.052631578947368425 0.05321637426900585 0.052631578947368425 0.05380116959064329 0.053801169590643266
0.11919191919191936 0.17323232323232315 0.047474747474747475 0.0914141414141414 0.04898989898989898 0.045454545454545435 0.054040404040404055 0.05959595959595961 0.04797979797979798 0.05656565656565661 0.04595959595959594 0.054040404040404055 0.05858585858585863 0.05050505050505052 0.04696969696969696
0.10333333333333321 0.18944444444444422 0.05055555555555547 0.0538888888888888 0.053888888888888806 0.052222222222222135 0.0549999999999999 0.05277777777777768 0.05333333333333324 0.0527777777777777 0.053888888888888806 0.05555555555555547 0.05888888888888879 0.0627777777777777 0.05166666666666658
0.11172839506172817 0.09629629629629613 0.05864197530864187 0.058024691358024585 0.05679012345679001 0.06666666666666654 0.05555555555555545 0.05925925925925914 0.09938271604938252 0.05679012345679002 0.05555555555555545 0.05555555555555545 0.05617283950617273 0.05740740740740729 0.05617283950617273
0.06084656084656076 0.129100529100529 0.0539682539682539 0.09788359788359774 0.052380952380952285 0.050793650793650724 0.059788359788359696 0.05714285714285706 0.052380952380952306 0.07936507936507928 0.0539682539682539 0.059259259259259185 0.050793650793650724 0.06984126984126975 0.07248677248677238
0.058888888888888796 0.09277777777777768 0.053333333333333253 0.053888888888888806 0.053888888888888806 0.05166666666666658 0.05611111111111103 0.10833333333333324 0.05333333333333324 0.05333333333333324 0.052222222222222135 0.05666666666666658 0.14888888888888901 0.05499999999999991 0.05166666666666658
0.058641975308641854 0.10617283950617266 0.06049382716049371 0.06049382716049371 0.05617283950617273 0.08024691358024676 0.06049382716049371 0.11790123456790104 0.05679012345679001 0.05617283950617273 0.05740740740740729 0.05555555555555545 0.05617283950617273 0.059876543209876426 0.05740740740740729
0.05614035087719298 0.0970760233918129 0.05497076023391812 0.053801169590643266 0.05321637426900585 0.05321637426900585 0.06081871345029239 0.10760233918128653 0.05380116959064327 0.06608187134502917 0.05380116959064327 0.08245614035087721 0.052631578947368425 0.060233918128654945 0.0941520467836258
0.06296296296296283 0.18703703703703675 0.05987654320987642 0.05925925925925916 0.05617283950617273 0.05617283950617273 0.05679012345679001 0.059876543209876426 0.05679012345679001 0.05740740740740729 0.058024691358024585 0.05864197530864187 0.05617283950617273 0.05679012345679002 0.058024691358024585
0.06339869281045739 0.06274509803921555 0.06862745098039202 0.06666666666666653 0.06013071895424824 0.06274509803921555 0.09477124183006522 0.06274509803921555 0.06732026143790835 0.06470588235294103 0.0614379084967319 0.0679738562091502 0.060784313725490056 0.07124183006535934 0.06470588235294103
0.0594771241830064 0.05882352941176457 0.06078431372549007 0.06274509803921555 0.05882352941176457 0.16732026143790826 0.0594771241830064 0.05882352941176457 0.05882352941176457 0.060784313725490056 0.05882352941176457 0.05882352941176457 0.05882352941176457 0.05882352941176457 0.05882352941176457
0.06013071895424824 0.06078431372549007 0.062091503267973726 0.0614379084967319 0.10065359477124163 0.06013071895424824 0.0640522875816992 0.06339869281045737 0.062091503267973726 0.06339869281045739 0.06797385620915018 0.06274509803921555 0.062091503267973726 0.08496732026143775 0.0640522875816992
0.059477124183006415 0.059477124183006415 0.06339869281045737 0.062091503267973726 0.14640522875816972 0.0594771241830064 0.059477124183006415 0.06078431372549007 0.06078431372549007 0.06078431372549007 0.05882352941176457 0.0594771241830064 0.06013071895424824 0.06797385620915018 0.0614379084967319
0.0625 0.0625 0.06805555555555555 0.06319444444444444 0.11041666666666666 0.06319444444444444 0.06388888888888888 0.06388888888888888 0.06388888888888888 0.06388888888888888 0.06319444444444444 0.0625 0.06319444444444444 0.0625 0.06319444444444444
