0.0625 0.0625 0.0625 0.0625 0.06319444444444444 0.0625 0.0625 0.12222222222222222 0.0625 0.06319444444444444 0.0625 0.06319444444444444 0.0625 0.0625 0.06319444444444444
0.05617283950617273 0.059876543209876426 0.05679012345679001 0.0604938271604937 0.05679012345679001 0.058024691358024585 0.0574074074074073 0.061111111111111005 0.05617283950617273 0.05679012345679001 0.05679012345679001 0.19012345679012313 0.061111111111111005 0.05679012345679001 0.05555555555555545
0.05614035087719296 0.057309941520467825 0.06198830409356722 0.05730994152046782 0.05614035087719297 0.05964912280701752 0.06257309941520466 0.11754385964912273 0.057894736842105284 0.05614035087719299 0.060233918128654966 0.11929824561403493 0.0637426900584795 0.06081871345029242 0.05321637426900585
0.05614035087719295 0.06257309941520464 0.07076023391812866 0.061988304093567224 0.05906432748538011 0.07017543859649117 0.07251461988304088 0.12690058479532154 0.05906432748538012 0.05847953216374269 0.06081871345029239 0.06315789473684208 0.06608187134502921 0.055555555555555546 0.056725146198830415
0.05202020202020206 0.05404040404040408 0.06262626262626268 0.056565656565656604 0.05505050505050509 0.11262626262626269 0.06818181818181822 0.1333333333333335 0.05101010101010102 0.05000000000000002 0.06010101010101014 0.09040404040404044 0.05404040404040407 0.0494949494949495 0.05050505050505053
0.053888888888888806 0.05388888888888881 0.05277777777777769 0.052222222222222135 0.05555555555555547 0.06722222222222216 0.05333333333333324 0.15888888888888902 0.052222222222222135 0.05111111111111102 0.07944444444444433 0.09499999999999988 0.0716666666666666 0.05166666666666657 0.05111111111111103
0.06388888888888888 0.0625 0.06319444444444444 0.06319444444444444 0.06388888888888888 0.06458333333333334 0.08541666666666667 0.06319444444444444 0.06319444444444444 0.0625 0.07847222222222222 0.0763888888888889 0.06388888888888888 0.0625 0.06319444444444444
0.06388888888888888 0.06388888888888888 0.06805555555555555 0.06388888888888888 0.06458333333333334 0.06597222222222222 0.0798611111111111 0.0625 0.06458333333333334 0.06319444444444444 0.07013888888888889 0.07083333333333333 0.07152777777777777 0.06388888888888888 0.06319444444444444
0.0614379084967319 0.06535947712418289 0.06928104575163385 0.06405228758169922 0.06797385620915021 0.0640522875816992 0.08496732026143777 0.06078431372549007 0.0633986928104574 0.06078431372549007 0.06732026143790835 0.07581699346405217 0.072549019607843 0.060784313725490056 0.0614379084967319
0.05679012345679001 0.062345679012345556 0.07592592592592583 0.06543209876543198 0.06358024691358014 0.06790123456790112 0.07716049382716039 0.06234567901234556 0.05679012345679001 0.05617283950617273 0.06481481481481469 0.10185185185185176 0.07160493827160481 0.05679012345679001 0.06049382716049372
0.06833333333333322 0.06722222222222213 0.06555555555555549 0.06222222222222214 0.05611111111111103 0.095 0.06888888888888879 0.0638888888888888 0.06111111111111102 0.055555555555555476 0.0688888888888888 0.06222222222222214 0.07611111111111103 0.07222222222222212 0.056666666666666574
0.06319444444444444 0.06666666666666667 0.06875 0.06666666666666667 0.06944444444444445 0.06666666666666667 0.07291666666666667 0.06319444444444444 0.06388888888888888 0.06527777777777778 0.06319444444444444 0.06597222222222222 0.06805555555555555 0.06388888888888888 0.07222222222222222
0.04782608695652181 0.05217391304347834 0.052173913043478355 0.04975845410628026 0.04830917874396144 0.05410628019323681 0.04879227053140103 0.04734299516908222 0.056521739130434866 0.04830917874396143 0.05314009661835758 0.049758454106280284 0.051207729468599125 0.05169082125603873 0.28888888888888903
0.06078431372549007 0.0594771241830064 0.06339869281045737 0.06078431372549007 0.060784313725490056 0.06013071895424823 0.06013071895424823 0.06078431372549007 0.06013071895424824 0.0614379084967319 0.06078431372549007 0.06078431372549007 0.0614379084967319 0.06274509803921556 0.14640522875816972
0.052631578947368425 0.052631578947368425 0.0543859649122807 0.052631578947368425 0.05321637426900584 0.054970760233918115 0.05555555555555555 0.05321637426900584 0.052631578947368425 0.053801169590643266 0.05497076023391814 0.05380116959064327 0.053801169590643266 0.052631578947368425 0.24912280701754408
0.05444444444444437 0.0616666666666666 0.06222222222222213 0.07611111111111103 0.05444444444444436 0.06611111111111102 0.06166666666666656 0.06444444444444433 0.10611111111111098 0.056666666666666594 0.05944444444444437 0.05944444444444437 0.06722222222222213 0.05999999999999991 0.08999999999999987
0.04797979797979798 0.05000000000000002 0.051010101010101026 0.05101010101010101 0.052525252525252565 0.058080808080808136 0.055050505050505086 0.0641414141414142 0.04797979797979798 0.04949494949494951 0.05353535353535355 0.08686868686868689 0.05454545454545458 0.04848484848484849 0.22929292929292922
0.045410628019323745 0.04879227053140103 0.051207729468599104 0.13043478260869565 0.09033816425120784 0.04734299516908222 0.05314009661835758 0.045410628019323745 0.04830917874396143 0.045893719806763364 0.045410628019323745 0.057971014492753735 0.05990338164251217 0.05024154589371988 0.1801932367149761
0.05740740740740729 0.05555555555555545 0.0944444444444443 0.1141975308641973 0.05802469135802457 0.05555555555555545 0.05679012345679001 0.05617283950617273 0.10493827160493807 0.05617283950617273 0.05617283950617273 0.05802469135802457 0.06358024691358011 0.05679012345679001 0.05617283950617273
0.04999999999999991 0.055555555555555476 0.059999999999999915 0.10333333333333328 0.05666666666666658 0.06944444444444439 0.05777777777777769 0.05444444444444435 0.05944444444444437 0.05222222222222214 0.05333333333333324 0.06777777777777767 0.0827777777777777 0.07777777777777765 0.09944444444444432
0.06234567901234556 0.06111111111111099 0.07160493827160483 0.06358024691358014 0.06296296296296285 0.06851851851851841 0.06851851851851841 0.06419753086419742 0.05802469135802457 0.05987654320987642 0.06543209876543196 0.098148148148148 0.07160493827160483 0.06234567901234556 0.061728395061728294
0.05614035087719295 0.05614035087719299 0.06549707602339173 0.05906432748538011 0.05789473684210524 0.05906432748538011 0.061988304093567245 0.057309941520467804 0.115204678362573 0.056140350877193 0.09766081871345027 0.06315789473684205 0.08362573099415194 0.05789473684210525 0.05321637426900585
0.054970760233918115 0.05847953216374265 0.06491228070175435 0.056725146198830415 0.060233918128654945 0.061988304093567224 0.06257309941520466 0.05964912280701754 0.060818713450292376 0.05614035087719298 0.1362573099415203 0.06257309941520466 0.09415204678362554 0.05438596491228071 0.05614035087719298
0.0614035087719298 0.05730994152046784 0.06491228070175435 0.06257309941520468 0.05614035087719298 0.08128654970760237 0.06315789473684208 0.053801169590643266 0.05614035087719297 0.0596491228070175 0.10409356725146196 0.061403508771929766 0.10760233918128644 0.0567251461988304 0.05380116959064327
0.059999999999999915 0.05611111111111103 0.06555555555555546 0.06222222222222214 0.056666666666666574 0.06499999999999992 0.06388888888888881 0.06111111111111103 0.0527777777777777 0.06055555555555546 0.12888888888888891 0.0577777777777777 0.09833333333333327 0.05499999999999991 0.05611111111111103
0.06597222222222222 0.06805555555555555 0.06666666666666667 0.06805555555555555 0.06666666666666667 0.06736111111111111 0.06527777777777778 0.06736111111111111 0.06666666666666667 0.06319444444444444 0.06597222222222222 0.07083333333333333 0.06597222222222222 0.06805555555555555 0.06388888888888888
0.06319444444444444 0.0625 0.0625 0.11736111111111111 0.06319444444444444 0.06388888888888888 0.06388888888888888 0.06319444444444444 0.0625 0.0625 0.0625 0.0625 0.06388888888888888 0.0625 0.06388888888888888
0.04920634920634913 0.051322751322751256 0.057142857142857065 0.06613756613756606 0.056084656084655994 0.05873015873015863 0.05661375661375653 0.0756613756613756 0.09629629629629616 0.050793650793650724 0.10687830687830684 0.05820105820105815 0.0730158730158729 0.051322751322751256 0.0925925925925925
0.05614035087719297 0.059649122807017514 0.06432748538011696 0.06257309941520468 0.061988304093567224 0.060233918128654945 0.07309941520467833 0.056725146198830394 0.0608187134502924 0.05789473684210527 0.1029239766081871 0.08362573099415203 0.07719298245614024 0.06725146198830409 0.05555555555555555
0.06666666666666667 0.06388888888888888 0.07083333333333333 0.06458333333333334 0.06736111111111111 0.06527777777777778 0.06805555555555555 0.06319444444444444 0.06597222222222222 0.06666666666666667 0.06666666666666667 0.06597222222222222 0.06458333333333334 0.07569444444444444 0.06458333333333334
0.05802469135802457 0.058641975308641854 0.05925925925925915 0.05987654320987642 0.05925925925925916 0.08456790123456782 0.06049382716049371 0.05925925925925916 0.0574074074074073 0.058024691358024585 0.09506172839506159 0.059876543209876426 0.11481481481481469 0.05925925925925914 0.05617283950617273
0.06543209876543199 0.07777777777777765 0.07839506172839494 0.06419753086419741 0.07037037037037024 0.06419753086419741 0.06666666666666655 0.062345679012345556 0.06172839506172829 0.05987654320987644 0.0648148148148147 0.06358024691358014 0.06913580246913568 0.06975308641975296 0.06172839506172829
0.06458333333333334 0.06736111111111111 0.06597222222222222 0.06597222222222222 0.07013888888888889 0.06666666666666667 0.07222222222222222 0.06736111111111111 0.06597222222222222 0.06388888888888888 0.06458333333333334 0.06458333333333334 0.06666666666666667 0.06597222222222222 0.06805555555555555
0.05611111111111102 0.05999999999999993 0.06555555555555545 0.05944444444444436 0.058333333333333244 0.05944444444444436 0.06833333333333327 0.09833333333333324 0.05555555555555547 0.05444444444444436 0.12333333333333332 0.05611111111111103 0.081111111111111 0.05166666666666657 0.05222222222222214
0.06597222222222222 0.06458333333333334 0.06944444444444445 0.07013888888888889 0.06736111111111111 0.06736111111111111 0.06597222222222222 0.06875 0.06458333333333334 0.06458333333333334 0.07083333333333333 0.06527777777777778 0.06666666666666667 0.06458333333333334 0.06388888888888888
0.06405228758169922 0.06732026143790837 0.07908496732026131 0.06078431372549007 0.07908496732026131 0.06732026143790835 0.07124183006535932 0.0614379084967319 0.06013071895424824 0.0594771241830064 0.06078431372549007 0.06666666666666653 0.07385620915032666 0.0679738562091502 0.06078431372549008
0.0555555555555555 0.055555555555555455 0.06931216931216924 0.059788359788359724 0.05873015873015866 0.08201058201058188 0.06296296296296289 0.0613756613756613 0.07037037037037033 0.05291005291005283 0.09417989417989414 0.08359788359788353 0.08624338624338612 0.057142857142857065 0.05026455026455019
0.05497076023391813 0.0596491228070175 0.07777777777777779 0.06432748538011694 0.06374269005847953 0.08070175438596493 0.09181286549707594 0.0567251461988304 0.053801169590643266 0.058479532163742694 0.06549707602339178 0.0812865497076023 0.07426900584795315 0.05438596491228069 0.0625730994152047
0.06209150326797373 0.06535947712418289 0.0679738562091502 0.06993464052287565 0.06601307189542471 0.08366013071895412 0.06732026143790834 0.06928104575163384 0.06732026143790837 0.0594771241830064 0.06470588235294106 0.06339869281045737 0.06862745098039204 0.06339869281045737 0.0614379084967319
0.058641975308641854 0.06358024691358015 0.06728395061728382 0.06790123456790109 0.0691358024691357 0.06728395061728384 0.10740740740740728 0.06419753086419741 0.05555555555555545 0.05679012345679001 0.06543209876543199 0.061728395061728274 0.07283950617283938 0.06049382716049371 0.06172839506172827
0.05882352941176457 0.0594771241830064 0.061437908496731905 0.06274509803921556 0.061437908496731905 0.06470588235294106 0.06928104575163385 0.0614379084967319 0.12091503267973833 0.06274509803921556 0.061437908496731884 0.06862745098039201 0.06339869281045739 0.062091503267973726 0.0614379084967319
0.0625 0.0625 0.06388888888888888 0.0625 0.0625 0.0625 0.0625 0.0625 0.12222222222222222 0.0625 0.06319444444444444 0.06319444444444444 0.0625 0.0625 0.0625
0.05050505050505052 0.05454545454545458 0.06666666666666667 0.05555555555555557 0.053030303030303066 0.07020202020202025 0.058080808080808094 0.06767676767676775 0.09595959595959601 0.04646464646464645 0.08282828282828285 0.054545454545454564 0.14141414141414138 0.052020202020202036 0.05050505050505051
0.062345679012345556 0.061111111111111005 0.07592592592592577 0.059876543209876426 0.05987654320987644 0.06234567901234558 0.08765432098765419 0.06358024691358014 0.06049382716049372 0.05617283950617273 0.10555555555555537 0.06543209876543199 0.0648148148148147 0.05802469135802457 0.05679012345679001
0.05132275132275125 0.058730158730158646 0.08148148148148146 0.101058201058201 0.055555555555555476 0.0592592592592592 0.08095238095238089 0.05449735449735442 0.04973544973544967 0.057142857142857065 0.07777777777777767 0.09259259259259256 0.07513227513227502 0.05238095238095231 0.05238095238095229
0.05987654320987642 0.06234567901234556 0.08580246913580235 0.07037037037037022 0.07160493827160481 0.0691358024691357 0.06728395061728383 0.0827160493827159 0.058641975308641854 0.06358024691358014 0.06358024691358014 0.061728395061728274 0.062345679012345556 0.061111111111111005 0.05987654320987644
0.0625 0.0625 0.0625 0.11736111111111111 0.06388888888888888 0.06388888888888888 0.06458333333333334 0.0625 0.06319444444444444 0.0625 0.0625 0.06458333333333334 0.0625 0.0625 0.0625
0.05882352941176457 0.062091503267973726 0.08366013071895413 0.0751633986928103 0.07058823529411748 0.07973856209150311 0.06732026143790835 0.062091503267973726 0.06013071895424824 0.05882352941176457 0.05882352941176457 0.06274509803921556 0.07581699346405217 0.062091503267973726 0.06209150326797371
0.06013071895424824 0.12483660130718933 0.06535947712418289 0.06013071895424823 0.06078431372549007 0.0614379084967319 0.06339869281045739 0.06274509803921556 0.0614379084967319 0.06209150326797371 0.062091503267973726 0.06405228758169922 0.06405228758169922 0.06339869281045739 0.0640522875816992
0.053968253968253894 0.056613756613756554 0.0539682539682539 0.053968253968253894 0.050793650793650724 0.05555555555555547 0.05449735449735442 0.050793650793650724 0.06084656084656076 0.05291005291005284 0.057142857142857065 0.10211640211640204 0.06878306878306874 0.17354497354497334 0.05449735449735442
0.06388888888888888 0.06527777777777778 0.06805555555555555 0.06527777777777778 0.06944444444444445 0.06666666666666667 0.06944444444444445 0.06666666666666667 0.06319444444444444 0.0625 0.06388888888888888 0.06527777777777778 0.08055555555555556 0.06458333333333334 0.06527777777777778
0.05925925925925915 0.0679012345679011 0.07283950617283938 0.07160493827160481 0.06111111111111099 0.06728395061728383 0.07037037037037024 0.07037037037037025 0.062345679012345556 0.05864197530864187 0.0648148148148147 0.07901234567901222 0.06790123456790112 0.06419753086419742 0.06234567901234556
0.058888888888888796 0.12222222222222216 0.07277777777777768 0.06388888888888881 0.05777777777777769 0.0688888888888888 0.07666666666666658 0.05555555555555547 0.056666666666666574 0.05888888888888881 0.05722222222222215 0.0649999999999999 0.06666666666666661 0.05777777777777769 0.061111111111111005
0.047111111111111145 0.11155555555555559 0.05422222222222225 0.05600000000000003 0.05333333333333337 0.07200000000000005 0.06177777777777781 0.051555555555555584 0.0497777777777778 0.048000000000000036 0.05288888888888892 0.12755555555555553 0.08000000000000006 0.050222222222222244 0.08400000000000006
0.05672514619883039 0.06257309941520466 0.061988304093567245 0.06315789473684208 0.06140350877192979 0.06198830409356719 0.07660818713450294 0.058479532163742666 0.05380116959064329 0.05438596491228069 0.060233918128654924 0.12456140350877178 0.07777777777777778 0.0719298245614035 0.05438596491228071
0.056725146198830394 0.06900584795321635 0.06842105263157895 0.07134502923976604 0.06081871345029237 0.0777777777777777 0.07076023391812863 0.06315789473684211 0.06315789473684208 0.057309941520467804 0.07192982456140348 0.07894736842105263 0.07017543859649117 0.06315789473684205 0.05730994152046784
0.057309941520467825 0.057309941520467846 0.06315789473684208 0.05847953216374269 0.10877192982456135 0.061988304093567224 0.06081871345029235 0.05438596491228069 0.05906432748538009 0.06725146198830408 0.06257309941520468 0.07368421052631574 0.07660818713450289 0.07660818713450294 0.06198830409356724
0.06339869281045737 0.07450980392156849 0.06993464052287568 0.0660130718954247 0.06862745098039201 0.06928104575163384 0.07908496732026131 0.06339869281045737 0.0660130718954247 0.0640522875816992 0.06535947712418286 0.06078431372549007 0.06862745098039204 0.0594771241830064 0.0614379084967319
0.056666666666666594 0.06888888888888878 0.07999999999999992 0.05277777777777769 0.07111111111111103 0.06999999999999994 0.08944444444444441 0.05777777777777769 0.05666666666666657 0.05833333333333324 0.06333333333333326 0.06166666666666656 0.0877777777777777 0.06611111111111101 0.05944444444444435
0.06078431372549007 0.12549019607843118 0.06339869281045737 0.06339869281045737 0.06274509803921555 0.06274509803921555 0.06405228758169922 0.060784313725490056 0.0614379084967319 0.061437908496731884 0.0614379084967319 0.06339869281045737 0.06535947712418287 0.06209150326797371 0.0614379084967319
0.06013071895424823 0.06405228758169922 0.0640522875816992 0.07908496732026127 0.06470588235294104 0.07581699346405216 0.06535947712418286 0.06732026143790835 0.060784313725490056 0.06013071895424824 0.0640522875816992 0.060784313725490056 0.06797385620915021 0.08627450980392141 0.059477124183006415
0.0625 0.0625 0.0625 0.06388888888888888 0.0625 0.09652777777777778 0.06319444444444444 0.06458333333333334 0.0625 0.06319444444444444 0.0625 0.0625 0.08541666666666667 0.06319444444444444 0.0625
0.05555555555555547 0.06055555555555547 0.06499999999999993 0.06222222222222216 0.056666666666666574 0.058888888888888796 0.05722222222222215 0.06055555555555546 0.0577777777777777 0.0527777777777777 0.0566666666666666 0.14055555555555557 0.08666666666666664 0.07611111111111102 0.0527777777777777
0.04973544973544967 0.05185185185185177 0.06137566137566128 0.05502645502645495 0.04973544973544966 0.08730158730158721 0.0862433862433862 0.05132275132275125 0.05449735449735443 0.05132275132275125 0.09153439153439152 0.1164021164021163 0.0899470899470898 0.05132275132275125 0.05238095238095231
0.06319444444444444 0.06805555555555555 0.06805555555555555 0.06388888888888888 0.06527777777777778 0.06597222222222222 0.07013888888888889 0.06458333333333334 0.06319444444444444 0.07013888888888889 0.06736111111111111 0.06597222222222222 0.075 0.06319444444444444 0.06597222222222222
0.04747474747474746 0.061111111111111144 0.055555555555555546 0.10505050505050507 0.04848484848484848 0.0656565656565657 0.0712121212121213 0.05151515151515152 0.09444444444444444 0.04797979797979798 0.08939393939393944 0.053030303030303066 0.11060606060606071 0.048989898989899 0.04949494949494951
0.05438596491228069 0.05614035087719297 0.06257309941520468 0.05672514619883039 0.05614035087719298 0.05906432748538009 0.09766081871345027 0.05321637426900586 0.0543859649122807 0.11345029239766079 0.07192982456140343 0.08596491228070181 0.061403508771929786 0.05789473684210526 0.05906432748538012
0.06296296296296286 0.06666666666666655 0.07098765432098754 0.06296296296296283 0.0722222222222221 0.06419753086419742 0.07037037037037025 0.061111111111111005 0.06049382716049371 0.05802469135802457 0.06296296296296285 0.06728395061728382 0.06790123456790112 0.09135802469135786 0.06049382716049371
0.05151515151515154 0.05151515151515154 0.0641414141414142 0.05959595959595964 0.05454545454545456 0.058585858585858644 0.0777777777777779 0.05454545454545456 0.09040404040404043 0.04848484848484848 0.07121212121212131 0.15050505050505053 0.06666666666666675 0.052020202020202036 0.04848484848484849
0.05987654320987642 0.06604938271604927 0.06604938271604925 0.061728395061728274 0.06296296296296286 0.06358024691358014 0.06543209876543198 0.06111111111111099 0.05925925925925914 0.06172839506172829 0.0679012345679011 0.10925925925925913 0.06358024691358014 0.06913580246913567 0.06234567901234556
0.061111111111111005 0.06358024691358012 0.07037037037037024 0.06419753086419741 0.06851851851851841 0.06975308641975296 0.06913580246913568 0.06481481481481469 0.06049382716049371 0.061728395061728294 0.06543209876543196 0.0722222222222221 0.07037037037037025 0.07777777777777763 0.06049382716049371
0.04848484848484848 0.052525252525252544 0.06010101010101016 0.09141414141414146 0.05050505050505053 0.053535353535353575 0.09797979797979806 0.05000000000000002 0.04797979797979798 0.05101010101010104 0.10757575757575769 0.1055555555555556 0.06313131313131325 0.052020202020202036 0.06818181818181822
0.05722222222222214 0.06222222222222213 0.06333333333333321 0.06611111111111101 0.0549999999999999 0.06222222222222215 0.08944444444444437 0.05722222222222212 0.05333333333333324 0.05499999999999991 0.11777777777777772 0.06555555555555549 0.0683333333333332 0.05555555555555547 0.07166666666666657
0.05987654320987644 0.059876543209876426 0.07160493827160481 0.06604938271604927 0.05925925925925915 0.06604938271604928 0.06481481481481469 0.10925925925925907 0.058024691358024585 0.0827160493827159 0.06543209876543198 0.05802469135802457 0.06604938271604925 0.05679012345679001 0.05617283950617273
0.052525252525252565 0.05404040404040407 0.06717171717171729 0.05505050505050509 0.05505050505050511 0.06262626262626265 0.10757575757575763 0.05303030303030306 0.05151515151515154 0.08636363636363638 0.06313131313131322 0.12121212121212126 0.05959595959595963 0.05101010101010101 0.06010101010101015
0.0625 0.0625 0.0625 0.0625 0.06319444444444444 0.0625 0.0625 0.12430555555555556 0.0625 0.0625 0.0625 0.0625 0.0625 0.0625 0.0625
0.06319444444444444 0.0625 0.0625 0.0625 0.06319444444444444 0.06319444444444444 0.06458333333333334 0.11875 0.0625 0.06388888888888888 0.0625 0.06319444444444444 0.0625 0.0625 0.0625
0.0625 0.0625 0.0625 0.0625 0.0625 0.0625 0.0625 0.12430555555555556 0.0625 0.0625 0.0625 0.0625 0.0625 0.06319444444444444 0.0625
0.06078431372549007 0.06666666666666654 0.0660130718954247 0.06535947712418286 0.062091503267973726 0.0640522875816992 0.06013071895424824 0.06274509803921556 0.06274509803921555 0.06274509803921555 0.07385620915032665 0.10261437908496714 0.06339869281045737 0.06274509803921555 0.0640522875816992
0.06319444444444444 0.0625 0.0625 0.0625 0.0625 0.0625 0.0625 0.12361111111111112 0.0625 0.0625 0.0625 0.06319444444444444 0.0625 0.0625 0.0625
0.06013071895424824 0.10915032679738541 0.06013071895424824 0.06209150326797371 0.10980392156862721 0.060784313725490056 0.0614379084967319 0.0594771241830064 0.06013071895424824 0.05882352941176457 0.0594771241830064 0.060784313725490056 0.05882352941176457 0.06013071895424823 0.05882352941176457
0.06111111111111099 0.12037037037037018 0.06728395061728383 0.06419753086419741 0.05925925925925916 0.06296296296296283 0.06419753086419741 0.06481481481481469 0.05925925925925915 0.0574074074074073 0.061111111111111005 0.06604938271604925 0.0679012345679011 0.062345679012345556 0.061728395061728294
0.0549999999999999 0.11333333333333323 0.06333333333333323 0.06166666666666658 0.05722222222222214 0.05944444444444437 0.06111111111111102 0.053333333333333253 0.05833333333333325 0.05166666666666658 0.06222222222222211 0.10444444444444431 0.07499999999999993 0.07055555555555545 0.053333333333333253
0.05679012345679001 0.06234567901234558 0.05925925925925916 0.058024691358024585 0.05802469135802457 0.05925925925925915 0.05679012345679001 0.05617283950617273 0.05555555555555545 0.05679012345679001 0.061728395061728294 0.08703703703703693 0.08024691358024684 0.13641975308641957 0.05555555555555545
0.06234567901234556 0.06234567901234556 0.0685185185185184 0.06358024691358014 0.06234567901234556 0.061728395061728274 0.058641975308641854 0.06666666666666655 0.058641975308641875 0.058641975308641854 0.06481481481481471 0.11296296296296279 0.0728395061728394 0.06419753086419741 0.06172839506172829
0.05502645502645494 0.10582010582010572 0.07142857142857137 0.05978835978835973 0.0597883597883597 0.06613756613756604 0.06560846560846555 0.06243386243386235 0.06507936507936501 0.05873015873015866 0.06613756613756604 0.08042328042328034 0.06507936507936504 0.06666666666666658 0.051851851851851774
0.05238095238095229 0.0613756613756613 0.059259259259259164 0.06031746031746023 0.051322751322751256 0.09047619047619038 0.06455026455026448 0.10211640211640204 0.05343915343915337 0.05132275132275125 0.057671957671957604 0.058730158730158646 0.08465608465608457 0.10105820105820096 0.05132275132275125
0.06319444444444444 0.06527777777777778 0.06458333333333334 0.075 0.06527777777777778 0.0798611111111111 0.06736111111111111 0.06944444444444445 0.06388888888888888 0.06319444444444444 0.06458333333333334 0.0625 0.06875 0.06388888888888888 0.06319444444444444
0.06604938271604929 0.059876543209876426 0.061111111111111005 0.07283950617283938 0.06049382716049371 0.07716049382716038 0.07345679012345664 0.06913580246913568 0.05617283950617273 0.07283950617283938 0.0648148148148147 0.06358024691358014 0.07777777777777765 0.06234567901234558 0.06234567901234556
0.05987654320987644 0.05987654320987642 0.06111111111111099 0.059876543209876426 0.058641975308641854 0.059876543209876426 0.06049382716049371 0.05864197530864187 0.05925925925925915 0.05802469135802457 0.06481481481481469 0.07345679012345668 0.08086419753086407 0.0753086419753085 0.10987654320987635
0.0574074074074073 0.06049382716049372 0.05555555555555545 0.061728395061728274 0.058024691358024585 0.05802469135802457 0.05802469135802457 0.05617283950617273 0.05679012345679002 0.05679012345679002 0.059876543209876426 0.10617283950617268 0.061111111111111005 0.08580246913580229 0.10802469135802452
0.06319444444444444 0.06319444444444444 0.0625 0.06388888888888888 0.11597222222222223 0.06388888888888888 0.06319444444444444 0.0625 0.0625 0.0625 0.06319444444444444 0.06388888888888888 0.0625 0.06388888888888888 0.06319444444444444
0.05614035087719298 0.06315789473684208 0.0736842105263158 0.0625730994152047 0.06549707602339178 0.07836257309941518 0.0637426900584795 0.05789473684210523 0.06666666666666668 0.08362573099415203 0.0660818713450292 0.06491228070175431 0.07719298245614027 0.061988304093567224 0.058479532163742666
0.06319444444444444 0.0625 0.0625 0.06319444444444444 0.0625 0.06319444444444444 0.0625 0.0625 0.06319444444444444 0.0625 0.0625 0.06319444444444444 0.0625 0.12152777777777778 0.0625
0.06388888888888888 0.06666666666666667 0.06875 0.06736111111111111 0.06875 0.06666666666666667 0.06527777777777778 0.06805555555555555 0.06527777777777778 0.06319444444444444 0.06527777777777778 0.06666666666666667 0.07083333333333333 0.06666666666666667 0.06666666666666667
0.05864197530864187 0.06728395061728383 0.06975308641975296 0.06604938271604928 0.0679012345679011 0.06790123456790112 0.07037037037037026 0.06728395061728384 0.06296296296296283 0.06728395061728382 0.06728395061728382 0.06604938271604927 0.07098765432098753 0.059876543209876426 0.07037037037037026
0.06013071895424824 0.06666666666666654 0.062091503267973726 0.06274509803921555 0.06339869281045737 0.09542483660130703 0.06666666666666653 0.06274509803921556 0.0594771241830064 0.062091503267973726 0.06732026143790838 0.0660130718954247 0.08235294117647045 0.06209150326797373 0.06078431372549007
0.06527777777777778 0.06805555555555555 0.06944444444444445 0.06527777777777778 0.06875 0.06388888888888888 0.06597222222222222 0.06805555555555555 0.06458333333333334 0.06805555555555555 0.06527777777777778 0.06597222222222222 0.06805555555555555 0.06736111111111111 0.06597222222222222
0.06527777777777778 0.06736111111111111 0.06875 0.06388888888888888 0.06458333333333334 0.06597222222222222 0.075 0.06805555555555555 0.06458333333333334 0.06666666666666667 0.06736111111111111 0.06666666666666667 0.06875 0.06319444444444444 0.06388888888888888
0.06257309941520463 0.06374269005847952 0.07076023391812865 0.06491228070175432 0.0637426900584795 0.07602339181286547 0.0690058479532163 0.06549707602339178 0.060233918128654966 0.0637426900584795 0.07192982456140348 0.06725146198830408 0.06549707602339178 0.06666666666666668 0.0684210526315789
0.0594771241830064 0.06339869281045737 0.06732026143790835 0.06274509803921556 0.06732026143790838 0.06405228758169922 0.06339869281045737 0.06601307189542469 0.061437908496731884 0.059477124183006415 0.062091503267973726 0.06339869281045739 0.06928104575163387 0.11045751633986912 0.06013071895424823
0.059876543209876426 0.06296296296296285 0.07160493827160481 0.06543209876543198 0.06851851851851841 0.05925925925925914 0.06975308641975295 0.06728395061728383 0.058024691358024585 0.061728395061728274 0.05925925925925915 0.06543209876543198 0.07037037037037026 0.09320987654320974 0.06728395061728384
0.06527777777777778 0.06666666666666667 0.06805555555555555 0.06458333333333334 0.07013888888888889 0.06458333333333334 0.06666666666666667 0.06597222222222222 0.06458333333333334 0.06597222222222222 0.06597222222222222 0.06736111111111111 0.06875 0.06597222222222222 0.06944444444444445
0.06274509803921555 0.06470588235294106 0.06797385620915018 0.06732026143790835 0.0660130718954247 0.06470588235294106 0.06470588235294103 0.0679738562091502 0.0614379084967319 0.06013071895424824 0.062091503267973726 0.06862745098039201 0.06732026143790834 0.09411764705882335 0.06013071895424824
0.053535353535353554 0.05303030303030306 0.056565656565656604 0.06060606060606064 0.051010101010101026 0.0545454545454546 0.07575757575757586 0.06616161616161624 0.058080808080808115 0.05050505050505052 0.06767676767676778 0.16060606060606064 0.06262626262626265 0.07979797979797984 0.0494949494949495
0.0625 0.0625 0.06319444444444444 0.06458333333333334 0.0625 0.06458333333333334 0.07569444444444444 0.0625 0.0625 0.06319444444444444 0.07430555555555556 0.09305555555555556 0.06388888888888888 0.0625 0.0625
0.05679012345679001 0.05740740740740729 0.05679012345679001 0.05925925925925916 0.058641975308641854 0.061728395061728274 0.11234567901234563 0.05679012345679001 0.05740740740740729 0.05740740740740729 0.09197530864197516 0.09506172839506166 0.06111111111111101 0.05864197530864187 0.058641975308641854
0.0594771241830064 0.0594771241830064 0.05882352941176457 0.06013071895424823 0.06013071895424824 0.06013071895424823 0.10196078431372545 0.06078431372549007 0.05882352941176457 0.06078431372549007 0.09019607843137238 0.08823529411764701 0.0614379084967319 0.0594771241830064 0.06013071895424824
0.0625 0.06319444444444444 0.06458333333333334 0.06388888888888888 0.06319444444444444 0.0625 0.08333333333333333 0.06319444444444444 0.0625 0.06458333333333334 0.07708333333333334 0.0798611111111111 0.0625 0.06388888888888888 0.06319444444444444
0.06013071895424823 0.06470588235294103 0.06601307189542469 0.062091503267973726 0.06339869281045739 0.06732026143790835 0.09477124183006524 0.06405228758169922 0.06339869281045737 0.06078431372549007 0.07581699346405214 0.07385620915032662 0.0614379084967319 0.06274509803921556 0.0594771241830064
0.09356725146198838 0.058479532163742666 0.05906432748538011 0.05555555555555554 0.058479532163742666 0.05964912280701754 0.08245614035087714 0.05847953216374267 0.05380116959064327 0.057309941520467825 0.0807017543859648 0.11228070175438593 0.05672514619883039 0.058479532163742666 0.05497076023391813
0.0625 0.06319444444444444 0.06319444444444444 0.0625 0.06319444444444444 0.0625 0.08541666666666667 0.0625 0.06319444444444444 0.0625 0.07916666666666666 0.08055555555555556 0.06458333333333334 0.0625 0.0625
0.07839506172839493 0.06419753086419741 0.06543209876543199 0.06851851851851841 0.06419753086419742 0.07098765432098753 0.06419753086419741 0.061728395061728294 0.05864197530864187 0.06543209876543196 0.0648148148148147 0.06543209876543199 0.07098765432098754 0.07222222222222209 0.06481481481481469
0.0637426900584795 0.0584795321637427 0.07192982456140345 0.07894736842105264 0.0684210526315789 0.0672514619883041 0.071345029239766 0.06491228070175438 0.05380116959064327 0.057309941520467804 0.06140350877192979 0.05789473684210525 0.06608187134502923 0.09649122807017542 0.06198830409356726
0.05789473684210523 0.06140350877192984 0.06783625730994149 0.06432748538011689 0.06374269005847949 0.0713450292397661 0.09181286549707594 0.0614035087719298 0.05730994152046782 0.05789473684210522 0.07602339181286544 0.08362573099415213 0.06432748538011698 0.0637426900584795 0.05730994152046782
0.05987654320987644 0.06049382716049371 0.06543209876543199 0.06358024691358014 0.0685185185185184 0.0685185185185184 0.07160493827160483 0.11358024691358008 0.05617283950617273 0.06049382716049373 0.0641975308641974 0.0604938271604937 0.06481481481481469 0.062345679012345556 0.059876543209876426
0.05555555555555547 0.06333333333333326 0.07222222222222212 0.06333333333333326 0.06499999999999989 0.07888888888888884 0.08166666666666657 0.0766666666666666 0.05833333333333325 0.05444444444444437 0.07333333333333321 0.07277777777777766 0.06444444444444435 0.05999999999999991 0.05999999999999991
0.0576719576719576 0.06402116402116396 0.06772486772486765 0.06666666666666658 0.058201058201058115 0.06719576719576713 0.09999999999999992 0.10952380952380943 0.05396825396825389 0.051322751322751256 0.07195767195767185 0.06772486772486765 0.058730158730158646 0.055555555555555476 0.04973544973544967
0.06527777777777778 0.06736111111111111 0.06666666666666667 0.06666666666666667 0.06944444444444445 0.06875 0.06527777777777778 0.06597222222222222 0.06666666666666667 0.06458333333333334 0.06597222222222222 0.06597222222222222 0.06944444444444445 0.06527777777777778 0.06666666666666667
0.06666666666666667 0.07013888888888889 0.06736111111111111 0.06527777777777778 0.06805555555555555 0.06597222222222222 0.06736111111111111 0.06527777777777778 0.06597222222222222 0.06736111111111111 0.06597222222222222 0.07013888888888889 0.06805555555555555 0.06388888888888888 0.0625
0.06736111111111111 0.06458333333333334 0.06944444444444445 0.06527777777777778 0.06944444444444445 0.06805555555555555 0.06736111111111111 0.06944444444444445 0.06388888888888888 0.06527777777777778 0.06597222222222222 0.06527777777777778 0.06527777777777778 0.06666666666666667 0.06666666666666667
0.06319444444444444 0.07222222222222222 0.06527777777777778 0.06319444444444444 0.06458333333333334 0.07083333333333333 0.06736111111111111 0.06458333333333334 0.06388888888888888 0.06388888888888888 0.06597222222222222 0.06388888888888888 0.08055555555555556 0.06458333333333334 0.06597222222222222
0.06535947712418289 0.06666666666666653 0.07516339869281033 0.06470588235294104 0.06405228758169922 0.06666666666666653 0.07385620915032665 0.06405228758169922 0.06535947712418286 0.06274509803921555 0.06339869281045739 0.07124183006535935 0.06928104575163382 0.06470588235294103 0.06274509803921555
0.06013071895424824 0.06666666666666654 0.06601307189542469 0.0614379084967319 0.061437908496731905 0.06535947712418287 0.06993464052287568 0.06274509803921555 0.11633986928104549 0.0594771241830064 0.062091503267973726 0.06405228758169922 0.0614379084967319 0.06078431372549007 0.062091503267973726
0.06013071895424823 0.062091503267973726 0.07189542483660118 0.0614379084967319 0.06013071895424823 0.06405228758169923 0.06928104575163385 0.06274509803921555 0.12026143790849649 0.06013071895424824 0.06013071895424824 0.06013071895424824 0.06601307189542469 0.0614379084967319 0.06013071895424823
0.06013071895424824 0.061437908496731884 0.07058823529411752 0.06274509803921555 0.0614379084967319 0.06209150326797375 0.06666666666666653 0.062091503267973726 0.12091503267973833 0.06013071895424824 0.06078431372549007 0.06535947712418287 0.06535947712418286 0.059477124183006415 0.06078431372549007
0.0625 0.0625 0.06319444444444444 0.06319444444444444 0.0625 0.08541666666666667 0.06527777777777778 0.06319444444444444 0.06319444444444444 0.0625 0.06527777777777778 0.06388888888888888 0.09027777777777778 0.06388888888888888 0.06319444444444444
0.06319444444444444 0.0625 0.0625 0.06458333333333334 0.11666666666666667 0.06458333333333334 0.06319444444444444 0.0625 0.0625 0.0625 0.0625 0.0625 0.06458333333333334 0.0625 0.06319444444444444
0.06319444444444444 0.06875 0.06805555555555555 0.06736111111111111 0.06527777777777778 0.06736111111111111 0.06805555555555555 0.06458333333333334 0.06319444444444444 0.06388888888888888 0.075 0.06388888888888888 0.07430555555555556 0.06319444444444444 0.06388888888888888
0.055555555555555636 0.06280193236714986 0.07342995169082132 0.0797101449275363 0.06280193236714987 0.06859903381642524 0.0671497584541064 0.07294685990338175 0.06328502415458946 0.04927536231884066 0.07922705314009668 0.057487922705314075 0.07729468599033824 0.05458937198067641 0.07584541062801943
0.06458333333333334 0.06458333333333334 0.07152777777777777 0.06458333333333334 0.06458333333333334 0.06875 0.06388888888888888 0.06458333333333334 0.06666666666666667 0.06527777777777778 0.06875 0.06597222222222222 0.07013888888888889 0.06736111111111111 0.06875
0.06458333333333334 0.06388888888888888 0.06458333333333334 0.06458333333333334 0.06875 0.07152777777777777 0.06458333333333334 0.0625 0.06388888888888888 0.0625 0.06319444444444444 0.06527777777777778 0.06388888888888888 0.09236111111111112 0.06388888888888888
0.06319444444444444 0.06805555555555555 0.06875 0.06527777777777778 0.06597222222222222 0.07013888888888889 0.07152777777777777 0.0625 0.06319444444444444 0.07013888888888889 0.06319444444444444 0.06597222222222222 0.07083333333333333 0.06388888888888888 0.06736111111111111
0.06274509803921556 0.06274509803921555 0.06274509803921555 0.062091503267973726 0.06470588235294106 0.0614379084967319 0.06601307189542471 0.06274509803921556 0.06339869281045739 0.06013071895424823 0.12156862745098014 0.0640522875816992 0.06405228758169922 0.0614379084967319 0.06013071895424824
0.06319444444444444 0.0625 0.0625 0.06319444444444444 0.06319444444444444 0.0625 0.0625 0.0625 0.12152777777777778 0.06319444444444444 0.0625 0.06319444444444444 0.0625 0.0625 0.0625
0.06078431372549007 0.06209150326797373 0.06862745098039201 0.06601307189542469 0.07712418300653583 0.08366013071895409 0.06405228758169922 0.06535947712418289 0.06274509803921555 0.0614379084967319 0.06339869281045737 0.06666666666666651 0.06862745098039201 0.0679738562091502 0.061437908496731884
0.0614035087719298 0.05789473684210527 0.06725146198830408 0.06374269005847946 0.0637426900584795 0.07017543859649117 0.06900584795321635 0.06842105263157888 0.05906432748538009 0.05614035087719297 0.104093567251462 0.05789473684210523 0.0789473684210526 0.06666666666666665 0.05555555555555554
0.06458333333333334 0.06597222222222222 0.06805555555555555 0.06736111111111111 0.06805555555555555 0.06666666666666667 0.06875 0.06736111111111111 0.06458333333333334 0.06597222222222222 0.06527777777777778 0.06736111111111111 0.07152777777777777 0.06458333333333334 0.06388888888888888
0.053888888888888806 0.05611111111111102 0.07444444444444437 0.09944444444444442 0.07055555555555544 0.06722222222222213 0.0627777777777777 0.05666666666666658 0.0627777777777777 0.058888888888888796 0.059999999999999915 0.10222222222222216 0.06166666666666658 0.05444444444444437 0.05888888888888879
0.1686274509803919 0.05882352941176457 0.0594771241830064 0.05882352941176457 0.06209150326797373 0.06013071895424824 0.06013071895424824 0.05882352941176457 0.05882352941176457 0.05882352941176457 0.05882352941176457 0.0594771241830064 0.059477124183006415 0.05882352941176457 0.05882352941176457
