0.06339869281045737 0.06666666666666654 0.062091503267973726 0.06862745098039202 0.06993464052287567 0.06339869281045739 0.06339869281045737 0.0745098039215685 0.06405228758169922 0.06339869281045737 0.0679738562091502 0.06535947712418286 0.06666666666666651 0.07320261437908483 0.06732026143790835
0.06736111111111111 0.09166666666666666 0.06319444444444444 0.06944444444444445 0.06736111111111111 0.06319444444444444 0.06319444444444444 0.0625 0.06736111111111111 0.0625 0.06527777777777778 0.06527777777777778 0.06319444444444444 0.06319444444444444 0.06527777777777778
0.06388888888888888 0.10208333333333333 0.0625 0.06875 0.06388888888888888 0.06319444444444444 0.06319444444444444 0.06319444444444444 0.06944444444444445 0.0625 0.06527777777777778 0.06388888888888888 0.0625 0.0625 0.06319444444444444
0.06388888888888888 0.06319444444444444 0.0625 0.08402777777777778 0.0625 0.06319444444444444 0.0625 0.06319444444444444 0.06319444444444444 0.0625 0.075 0.06736111111111111 0.0625 0.08055555555555556 0.06388888888888888
0.06388888888888888 0.0625 0.06388888888888888 0.0625 0.0625 0.0625 0.06319444444444444 0.0625 0.0625 0.0625 0.0625 0.12152777777777778 0.0625 0.0625 0.0625
0.05882352941176457 0.05882352941176457 0.05882352941176457 0.05882352941176457 0.0594771241830064 0.17385620915032654 0.05882352941176457 0.05882352941176457 0.0594771241830064 0.05882352941176457 0.05882352941176457 0.0594771241830064 0.05882352941176457 0.0594771241830064 0.05882352941176457
0.06388888888888888 0.06597222222222222 0.06666666666666667 0.06736111111111111 0.06527777777777778 0.07569444444444444 0.06388888888888888 0.06666666666666667 0.06805555555555555 0.06875 0.06736111111111111 0.06458333333333334 0.06527777777777778 0.06388888888888888 0.06666666666666667
0.0625 0.0625 0.06319444444444444 0.0625 0.06388888888888888 0.0625 0.08680555555555555 0.0625 0.0625 0.0625 0.0625 0.06666666666666667 0.0625 0.09444444444444444 0.0625
0.07361111111111111 0.07708333333333334 0.06944444444444445 0.06875 0.06597222222222222 0.06319444444444444 0.06388888888888888 0.06458333333333334 0.06875 0.06319444444444444 0.06458333333333334 0.06388888888888888 0.06388888888888888 0.06527777777777778 0.06388888888888888
0.0549999999999999 0.05555555555555547 0.0527777777777777 0.08499999999999988 0.05277777777777769 0.05166666666666658 0.2061111111111109 0.05166666666666658 0.05444444444444436 0.052222222222222135 0.0527777777777777 0.05444444444444435 0.06166666666666658 0.05722222222222214 0.05666666666666658
0.05964912280701749 0.059064327485380076 0.0660818713450292 0.05614035087719299 0.18479532163742682 0.05555555555555555 0.05438596491228072 0.053801169590643266 0.06783625730994153 0.0543859649122807 0.06081871345029237 0.055555555555555546 0.05380116959064327 0.0543859649122807 0.0637426900584795
0.05789473684210524 0.05438596491228071 0.053801169590643266 0.05730994152046784 0.2233918128654972 0.05438596491228069 0.0543859649122807 0.052631578947368425 0.055555555555555525 0.05380116959064327 0.055555555555555546 0.061403508771929745 0.05380116959064327 0.05497076023391812 0.056725146198830415
0.05222222222222213 0.05666666666666658 0.05444444444444435 0.05444444444444436 0.21166666666666645 0.05333333333333324 0.08777777777777765 0.05444444444444436 0.056666666666666574 0.05166666666666658 0.053888888888888806 0.05277777777777769 0.0527777777777777 0.05444444444444436 0.05277777777777769
0.05882352941176457 0.0594771241830064 0.0594771241830064 0.05882352941176457 0.1732026143790847 0.05882352941176457 0.05882352941176457 0.05882352941176457 0.05882352941176457 0.05882352941176457 0.05882352941176457 0.06013071895424824 0.05882352941176457 0.05882352941176457 0.0594771241830064
0.06666666666666667 0.06666666666666667 0.06319444444444444 0.06458333333333334 0.06666666666666667 0.0625 0.0625 0.06597222222222222 0.1 0.06319444444444444 0.0625 0.06458333333333334 0.06319444444444444 0.06458333333333334 0.06319444444444444
0.06732026143790835 0.06405228758169922 0.12287581699346387 0.062091503267973726 0.06339869281045739 0.06274509803921555 0.060784313725490056 0.0614379084967319 0.06601307189542469 0.0614379084967319 0.061437908496731905 0.06339869281045737 0.06013071895424823 0.06013071895424823 0.06274509803921556
0.06078431372549007 0.11764705882352929 0.06013071895424823 0.06078431372549007 0.05882352941176457 0.059477124183006415 0.09738562091503261 0.0614379084967319 0.06274509803921556 0.06274509803921556 0.05882352941176457 0.0594771241830064 0.05882352941176457 0.060784313725490056 0.06013071895424823
0.06666666666666662 0.09239766081871345 0.06725146198830406 0.08187134502923972 0.06257309941520466 0.055555555555555546 0.05380116959064327 0.06257309941520466 0.06491228070175434 0.0567251461988304 0.06432748538011696 0.05964912280701752 0.061988304093567224 0.08421052631578944 0.0654970760233918
0.05847953216374267 0.11871345029239756 0.055555555555555546 0.07192982456140348 0.05847953216374264 0.056725146198830394 0.07719298245614038 0.0883040935672515 0.07309941520467832 0.059649122807017535 0.05730994152046782 0.05614035087719297 0.053801169590643266 0.0590643274853801 0.055555555555555566
0.05438596491228071 0.19707602339181263 0.05847953216374267 0.05497076023391812 0.05789473684210523 0.05497076023391812 0.07309941520467837 0.05555555555555554 0.05847953216374269 0.05321637426900585 0.06081871345029236 0.05614035087719297 0.05614035087719298 0.05380116959064327 0.054970760233918115
0.05449735449735442 0.12063492063492057 0.04920634920634913 0.06243386243386236 0.04920634920634914 0.04973544973544966 0.13756613756613742 0.08095238095238086 0.09153439153439151 0.05026455026455019 0.05132275132275124 0.05291005291005283 0.04973544973544966 0.05185185185185179 0.04814814814814808
0.09097222222222222 0.06319444444444444 0.06319444444444444 0.06319444444444444 0.0625 0.06527777777777778 0.06319444444444444 0.06458333333333334 0.08472222222222223 0.06319444444444444 0.06458333333333334 0.06319444444444444 0.0625 0.0625 0.06319444444444444
0.06597222222222222 0.06527777777777778 0.08125 0.06527777777777778 0.06527777777777778 0.06805555555555555 0.0625 0.06666666666666667 0.06736111111111111 0.0625 0.07083333333333333 0.06458333333333334 0.06666666666666667 0.06319444444444444 0.06458333333333334
0.04973544973544966 0.051322751322751256 0.06031746031746023 0.06613756613756604 0.050264550264550185 0.048677248677248604 0.04867724867724861 0.05238095238095231 0.05132275132275125 0.05132275132275125 0.2518518518518516 0.051322751322751256 0.04973544973544966 0.06243386243386235 0.05449735449735443
0.06257309941520467 0.05497076023391812 0.06666666666666661 0.10643274853801166 0.058479532163742645 0.05614035087719296 0.056725146198830415 0.05672514619883039 0.07076023391812858 0.056725146198830394 0.09590643274853801 0.05614035087719297 0.055555555555555546 0.0660818713450292 0.08011695906432752
0.06172839506172829 0.06234567901234556 0.0691358024691357 0.062345679012345556 0.05987654320987644 0.05864197530864187 0.05679012345679001 0.062345679012345556 0.0691358024691357 0.10432098765432084 0.06975308641975296 0.07160493827160483 0.05617283950617273 0.05987654320987644 0.0759259259259258
0.06388888888888888 0.06319444444444444 0.0625 0.0625 0.0625 0.0625 0.0625 0.0625 0.06458333333333334 0.0625 0.0625 0.0625 0.12083333333333333 0.0625 0.0625
0.0722222222222221 0.06666666666666657 0.0685185185185184 0.0691358024691357 0.06419753086419742 0.06049382716049371 0.05987654320987642 0.0641975308641974 0.07839506172839494 0.06728395061728384 0.061728395061728274 0.061111111111111005 0.06666666666666654 0.0685185185185184 0.07098765432098754
0.06736111111111111 0.07222222222222222 0.06458333333333334 0.06736111111111111 0.06666666666666667 0.06875 0.06597222222222222 0.06388888888888888 0.06597222222222222 0.06597222222222222 0.06736111111111111 0.06597222222222222 0.06458333333333334 0.06736111111111111 0.06597222222222222
0.059876543209876426 0.061728395061728274 0.06172839506172829 0.06543209876543198 0.08580246913580235 0.05679012345679001 0.05925925925925915 0.06481481481481471 0.06111111111111099 0.11851851851851833 0.06419753086419742 0.06172839506172829 0.058641975308641854 0.05802469135802457 0.06234567901234556
0.1709876543209874 0.0574074074074073 0.05679012345679001 0.06172839506172829 0.059876543209876426 0.05864197530864187 0.05925925925925915 0.05740740740740729 0.06296296296296283 0.05864197530864187 0.06172839506172829 0.058024691358024585 0.05802469135802457 0.05740740740740729 0.061111111111111005
0.07671957671957666 0.08042328042328034 0.061904761904761824 0.058201058201058135 0.06349206349206342 0.05449735449735441 0.053439153439153356 0.0883597883597883 0.09365079365079355 0.06613756613756604 0.06296296296296286 0.05291005291005283 0.0576719576719576 0.05714285714285708 0.07248677248677243
0.0788359788359788 0.0634920634920634 0.06243386243386234 0.06984126984126976 0.06772486772486765 0.06878306878306871 0.061904761904761824 0.0539682539682539 0.0798941798941798 0.05978835978835972 0.0671957671957671 0.0708994708994708 0.05502645502645494 0.05132275132275125 0.08888888888888881
0.05944444444444435 0.053333333333333253 0.05333333333333324 0.05999999999999991 0.053888888888888806 0.05611111111111101 0.0538888888888888 0.053888888888888806 0.05888888888888882 0.053888888888888806 0.10166666666666657 0.052222222222222135 0.09833333333333324 0.1372222222222223 0.053888888888888806
0.08333333333333333 0.06388888888888888 0.06458333333333334 0.06805555555555555 0.06388888888888888 0.06736111111111111 0.06319444444444444 0.06805555555555555 0.07013888888888889 0.06319444444444444 0.06736111111111111 0.06388888888888888 0.06388888888888888 0.06319444444444444 0.06597222222222222
0.05617283950617273 0.05679012345679001 0.07222222222222209 0.05679012345679001 0.05617283950617273 0.05740740740740729 0.05617283950617273 0.05617283950617273 0.058024691358024585 0.05617283950617273 0.05555555555555545 0.05679012345679001 0.191975308641975 0.05679012345679001 0.05679012345679001
0.0679738562091502 0.062091503267973726 0.0640522875816992 0.06013071895424823 0.061437908496731905 0.0614379084967319 0.06274509803921555 0.06274509803921555 0.06862745098039201 0.06209150326797373 0.0614379084967319 0.06013071895424824 0.11503267973856188 0.06339869281045737 0.06666666666666654
0.09236111111111112 0.06388888888888888 0.06388888888888888 0.0625 0.06388888888888888 0.06388888888888888 0.0625 0.06319444444444444 0.08263888888888889 0.0625 0.06319444444444444 0.06319444444444444 0.06458333333333334 0.06388888888888888 0.06388888888888888
0.06319444444444444 0.06319444444444444 0.06388888888888888 0.06458333333333334 0.06527777777777778 0.0625 0.06458333333333334 0.07013888888888889 0.06527777777777778 0.075 0.0625 0.08680555555555555 0.06388888888888888 0.06388888888888888 0.06527777777777778
0.06470588235294104 0.06732026143790835 0.06470588235294104 0.06993464052287568 0.06274509803921556 0.0640522875816992 0.06339869281045739 0.06078431372549007 0.07450980392156849 0.06666666666666651 0.07843137254901947 0.06862745098039202 0.06993464052287567 0.059477124183006415 0.06470588235294104
0.06010101010101016 0.0707070707070708 0.05757575757575761 0.06414141414141422 0.07070707070707077 0.056060606060606116 0.0646464646464647 0.06161616161616166 0.07222222222222231 0.058585858585858665 0.07020202020202025 0.05656565656565661 0.12020202020202028 0.055555555555555594 0.06111111111111115
0.058222222222222265 0.05244444444444448 0.04755555555555559 0.06266666666666672 0.05022222222222226 0.04266666666666669 0.0417777777777778 0.056888888888888926 0.06311111111111116 0.04888888888888892 0.0835555555555556 0.04400000000000003 0.08666666666666674 0.21155555555555539 0.04977777777777781
0.06527777777777778 0.06875 0.06666666666666667 0.06666666666666667 0.06944444444444445 0.06597222222222222 0.06597222222222222 0.06597222222222222 0.07083333333333333 0.06736111111111111 0.06805555555555555 0.06458333333333334 0.06527777777777778 0.06458333333333334 0.06458333333333334
0.07385620915032666 0.06601307189542471 0.06666666666666651 0.06732026143790838 0.06993464052287568 0.0640522875816992 0.061437908496731905 0.06470588235294104 0.07189542483660116 0.06732026143790837 0.06535947712418287 0.06274509803921555 0.06797385620915018 0.0640522875816992 0.06666666666666654
0.0625 0.0625 0.06319444444444444 0.06319444444444444 0.06388888888888888 0.06319444444444444 0.0625 0.0625 0.06319444444444444 0.06319444444444444 0.0625 0.11944444444444445 0.0625 0.06319444444444444 0.0625
0.07037037037037026 0.061728395061728274 0.06049382716049372 0.05987654320987642 0.06790123456790113 0.06172839506172829 0.05679012345679001 0.06049382716049371 0.06543209876543198 0.0648148148148147 0.05925925925925915 0.07839506172839493 0.11049382716049364 0.05740740740740729 0.06481481481481469
0.05925925925925914 0.05740740740740729 0.05864197530864187 0.059876543209876426 0.05679012345679001 0.058641975308641854 0.13765432098765412 0.05802469135802457 0.06234567901234556 0.05925925925925915 0.05802469135802457 0.061111111111111005 0.07222222222222209 0.08086419753086406 0.05987654320987644
0.06388888888888888 0.06319444444444444 0.06388888888888888 0.0625 0.06388888888888888 0.06319444444444444 0.06319444444444444 0.11388888888888889 0.0625 0.06319444444444444 0.06388888888888888 0.0625 0.0625 0.0625 0.06527777777777778
0.09841269841269834 0.056084656084656 0.05502645502645495 0.06031746031746024 0.058201058201058115 0.05238095238095229 0.05132275132275125 0.16931216931216914 0.07777777777777772 0.05555555555555548 0.05661375661375653 0.05291005291005284 0.05238095238095231 0.051322751322751256 0.05238095238095231
0.05882352941176457 0.0614379084967319 0.060784313725490056 0.09738562091503247 0.059477124183006415 0.05882352941176457 0.05882352941176457 0.11699346405228735 0.06013071895424824 0.0594771241830064 0.06732026143790838 0.06013071895424823 0.059477124183006415 0.062091503267973726 0.05882352941176457
0.05308641975308647 0.044855967078189354 0.04279835390946507 0.049382716049382755 0.051851851851851906 0.04074074074074078 0.04279835390946507 0.17325102880658438 0.05637860082304531 0.08312757201646095 0.04279835390946506 0.07242798353909469 0.042798353909465056 0.03991769547325108 0.16378600823045258
0.06535947712418286 0.0614379084967319 0.062091503267973726 0.07516339869281032 0.062091503267973726 0.06339869281045739 0.0594771241830064 0.09803921568627431 0.0679738562091502 0.06862745098039204 0.0614379084967319 0.06274509803921555 0.06601307189542471 0.06339869281045739 0.06274509803921555
0.045555555555555564 0.04148148148148146 0.052962962962962934 0.03962962962962961 0.037777777777777764 0.03999999999999998 0.037037037037037035 0.42851851851851824 0.042592592592592605 0.03888888888888888 0.04111111111111109 0.03814814814814815 0.03703703703703703 0.03629629629629628 0.04296296296296296
0.05380116959064327 0.05321637426900586 0.05321637426900584 0.05380116959064327 0.052631578947368425 0.05380116959064329 0.052631578947368425 0.2543859649122809 0.05380116959064327 0.052631578947368425 0.052631578947368425 0.053801169590643266 0.05380116959064327 0.052631578947368425 0.05321637426900585
0.05555555555555547 0.059999999999999915 0.05499999999999991 0.058333333333333265 0.05444444444444437 0.052222222222222135 0.05277777777777771 0.21999999999999986 0.058888888888888796 0.058333333333333244 0.052222222222222135 0.055555555555555455 0.053888888888888806 0.05166666666666658 0.06111111111111103
0.05026455026455019 0.05238095238095231 0.04920634920634914 0.05238095238095231 0.10899470899470888 0.051322751322751256 0.04973544973544966 0.19259259259259234 0.04814814814814808 0.0899470899470898 0.05079365079365071 0.05714285714285706 0.050264550264550185 0.04761904761904755 0.04920634920634914
0.059999999999999915 0.06277777777777767 0.06555555555555546 0.056666666666666574 0.06333333333333326 0.054999999999999924 0.05611111111111103 0.12111111111111106 0.06944444444444435 0.06388888888888881 0.06277777777777768 0.06944444444444435 0.05444444444444436 0.0549999999999999 0.08444444444444434
0.04814814814814808 0.048677248677248604 0.04814814814814808 0.04814814814814808 0.04814814814814808 0.04761904761904755 0.04761904761904755 0.32910052910052867 0.048677248677248604 0.04761904761904755 0.04761904761904755 0.04761904761904755 0.04761904761904755 0.04761904761904755 0.04761904761904755
0.06388888888888888 0.06527777777777778 0.0625 0.06319444444444444 0.06527777777777778 0.06319444444444444 0.06319444444444444 0.10347222222222222 0.06527777777777778 0.06527777777777778 0.06527777777777778 0.06319444444444444 0.06388888888888888 0.06388888888888888 0.06319444444444444
0.06527777777777778 0.06597222222222222 0.06875 0.06597222222222222 0.06527777777777778 0.06527777777777778 0.06319444444444444 0.06666666666666667 0.06666666666666667 0.06527777777777778 0.06805555555555555 0.07013888888888889 0.06527777777777778 0.06736111111111111 0.07083333333333333
0.06535947712418286 0.06209150326797373 0.062091503267973726 0.06339869281045739 0.06078431372549007 0.06209150326797373 0.06732026143790837 0.06862745098039202 0.06470588235294104 0.06470588235294104 0.07189542483660116 0.06078431372549007 0.061437908496731884 0.09869281045751617 0.06601307189542471
0.05882352941176457 0.06013071895424824 0.05882352941176457 0.05882352941176457 0.0594771241830064 0.0594771241830064 0.1686274509803919 0.05882352941176457 0.059477124183006415 0.0594771241830064 0.05882352941176457 0.06078431372549007 0.05882352941176457 0.0594771241830064 0.06013071895424823
0.032098765432098705 0.034259259259259205 0.028395061728395007 0.0395061728395061 0.03302469135802463 0.029629629629629575 0.06265432098765422 0.044753086419753035 0.03333333333333328 0.0320987654320987 0.03333333333333327 0.03148148148148143 0.05493827160493819 0.47839506172839485 0.032098765432098705
0.06209150326797371 0.06078431372549007 0.05882352941176457 0.06013071895424824 0.06078431372549007 0.059477124183006415 0.0594771241830064 0.11960784313725466 0.06209150326797371 0.061437908496731905 0.0614379084967319 0.09019607843137238 0.0594771241830064 0.06013071895424824 0.0640522875816992
0.060784313725490056 0.06078431372549007 0.062091503267973726 0.0614379084967319 0.08235294117647045 0.06013071895424824 0.060784313725490056 0.12483660130718933 0.0614379084967319 0.06078431372549007 0.0614379084967319 0.06339869281045737 0.0594771241830064 0.06013071895424823 0.06013071895424823
0.0538888888888888 0.05277777777777769 0.052222222222222135 0.05611111111111103 0.05333333333333324 0.052222222222222135 0.05111111111111103 0.2555555555555556 0.053333333333333253 0.05722222222222214 0.05055555555555547 0.05222222222222214 0.052222222222222135 0.0527777777777777 0.05444444444444436
0.06470588235294103 0.06274509803921555 0.062091503267973726 0.06405228758169923 0.062091503267973726 0.06078431372549007 0.06013071895424824 0.06732026143790835 0.06797385620915018 0.11633986928104552 0.06405228758169923 0.0614379084967319 0.060784313725490056 0.0614379084967319 0.06405228758169923
0.06388888888888888 0.06319444444444444 0.06319444444444444 0.06458333333333334 0.06319444444444444 0.06388888888888888 0.0625 0.1125 0.06388888888888888 0.0625 0.06388888888888888 0.06319444444444444 0.06319444444444444 0.0625 0.06388888888888888
0.050793650793650724 0.05873015873015866 0.05502645502645495 0.05978835978835972 0.050793650793650724 0.04867724867724861 0.05449735449735441 0.22751322751322717 0.05714285714285706 0.056084656084655994 0.06666666666666657 0.053439153439153356 0.05132275132275125 0.05132275132275125 0.058201058201058115
0.05925925925925915 0.06296296296296283 0.06111111111111101 0.06975308641975296 0.0759259259259258 0.058641975308641854 0.059876543209876426 0.12098765432098744 0.059876543209876426 0.05617283950617273 0.06049382716049372 0.06666666666666655 0.06296296296296285 0.061111111111111005 0.06419753086419742
0.06296296296296285 0.0691358024691357 0.06419753086419742 0.06296296296296285 0.0679012345679011 0.059876543209876426 0.05925925925925915 0.06111111111111099 0.07098765432098753 0.06049382716049372 0.0753086419753085 0.06049382716049372 0.05925925925925916 0.10370370370370353 0.062345679012345556
0.06013071895424824 0.062091503267973726 0.07516339869281032 0.06470588235294103 0.06013071895424823 0.06013071895424824 0.11437908496732004 0.06535947712418287 0.0660130718954247 0.06078431372549007 0.06274509803921555 0.06405228758169922 0.06274509803921556 0.06078431372549007 0.060784313725490056
0.0625 0.0625 0.0625 0.0625 0.06388888888888888 0.0625 0.0625 0.0625 0.06319444444444444 0.06319444444444444 0.0625 0.0625 0.06319444444444444 0.0625 0.12152777777777778
0.06339869281045739 0.061437908496731884 0.06862745098039202 0.06535947712418286 0.061437908496731884 0.11830065359477102 0.062091503267973726 0.0614379084967319 0.06405228758169923 0.06470588235294104 0.06274509803921556 0.06470588235294103 0.06274509803921555 0.05882352941176457 0.06013071895424823
0.07222222222222222 0.06944444444444445 0.06597222222222222 0.06666666666666667 0.07222222222222222 0.06527777777777778 0.06388888888888888 0.06944444444444445 0.06527777777777778 0.06527777777777778 0.06388888888888888 0.06666666666666667 0.06319444444444444 0.06666666666666667 0.06388888888888888
0.05864197530864187 0.05925925925925914 0.058641975308641854 0.09629629629629619 0.05987654320987644 0.05679012345679001 0.05617283950617273 0.062345679012345556 0.06296296296296287 0.10925925925925904 0.06913580246913567 0.06296296296296285 0.05802469135802457 0.06851851851851837 0.061111111111110984
0.06013071895424824 0.06013071895424823 0.1686274509803919 0.06013071895424823 0.0594771241830064 0.05882352941176457 0.06013071895424823 0.05882352941176457 0.06013071895424824 0.059477124183006415 0.05882352941176457 0.05882352941176457 0.05882352941176457 0.05882352941176457 0.05882352941176457
0.11111111111111109 0.09005847953216374 0.05906432748538014 0.05964912280701752 0.05672514619883039 0.05672514619883037 0.058479532163742694 0.057309941520467825 0.0906432748538011 0.05789473684210523 0.07894736842105267 0.0549707602339181 0.054970760233918115 0.054970760233918115 0.058479532163742666
0.06274509803921556 0.06405228758169923 0.062091503267973726 0.06470588235294103 0.06274509803921555 0.06209150326797371 0.06732026143790835 0.0594771241830064 0.1130718954248364 0.061437908496731884 0.06405228758169922 0.06732026143790835 0.06274509803921557 0.06013071895424824 0.0660130718954247
0.06666666666666667 0.06388888888888888 0.06388888888888888 0.06458333333333334 0.06527777777777778 0.06388888888888888 0.06319444444444444 0.06597222222222222 0.06597222222222222 0.06388888888888888 0.06388888888888888 0.09444444444444444 0.06458333333333334 0.06388888888888888 0.06597222222222222
0.06666666666666664 0.08245614035087716 0.06432748538011696 0.06725146198830405 0.06315789473684208 0.056725146198830415 0.05847953216374267 0.06549707602339178 0.05906432748538012 0.05497076023391812 0.05847953216374267 0.11988304093567241 0.05614035087719297 0.05555555555555555 0.07134502923976603
0.0641975308641974 0.05740740740740729 0.05802469135802457 0.05740740740740729 0.11111111111111095 0.058024691358024585 0.06296296296296286 0.05925925925925915 0.06358024691358014 0.05987654320987642 0.06358024691358014 0.05925925925925915 0.11049382716049365 0.0574074074074073 0.0574074074074073
0.08263888888888889 0.06805555555555555 0.0625 0.06666666666666667 0.06944444444444445 0.06458333333333334 0.06388888888888888 0.06666666666666667 0.06944444444444445 0.06527777777777778 0.06388888888888888 0.06319444444444444 0.06319444444444444 0.06319444444444444 0.06736111111111111
0.06736111111111111 0.07430555555555556 0.06875 0.075 0.06458333333333334 0.0625 0.06458333333333334 0.06527777777777778 0.06736111111111111 0.06319444444444444 0.06805555555555555 0.06458333333333334 0.06388888888888888 0.06458333333333334 0.06597222222222222
0.05151515151515153 0.053030303030303046 0.05101010101010102 0.05101010101010102 0.0494949494949495 0.04848484848484849 0.047474747474747475 0.048989898989899 0.08131313131313139 0.04797979797979798 0.05151515151515154 0.04898989898989899 0.27070707070707084 0.04696969696969696 0.05151515151515154
0.06274509803921556 0.06078431372549007 0.11895424836601284 0.06339869281045739 0.0640522875816992 0.059477124183006415 0.06013071895424823 0.06209150326797373 0.06666666666666653 0.06339869281045737 0.06470588235294106 0.06013071895424824 0.062091503267973726 0.062091503267973726 0.06928104575163384
0.0672514619883041 0.06432748538011693 0.11812865497076014 0.06374269005847949 0.06783625730994149 0.07368421052631581 0.06081871345029239 0.06140350877192979 0.07192982456140352 0.05730994152046782 0.058479532163742645 0.06666666666666662 0.05555555555555554 0.05614035087719299 0.056725146198830394
0.06608187134502923 0.0590643274853801 0.07076023391812865 0.06315789473684207 0.06432748538011691 0.06608187134502923 0.05847953216374269 0.058479532163742666 0.06491228070175437 0.06608187134502919 0.06549707602339178 0.12163742690058468 0.05730994152046786 0.05614035087719296 0.06198830409356722
0.0660130718954247 0.0640522875816992 0.06339869281045737 0.11045751633986911 0.0660130718954247 0.06274509803921555 0.061437908496731905 0.05882352941176457 0.0614379084967319 0.0594771241830064 0.07124183006535935 0.06339869281045739 0.06013071895424823 0.06862745098039201 0.06274509803921556
0.07291666666666667 0.06666666666666667 0.06736111111111111 0.06666666666666667 0.06666666666666667 0.06944444444444445 0.06388888888888888 0.06597222222222222 0.06597222222222222 0.06527777777777778 0.06388888888888888 0.06736111111111111 0.06388888888888888 0.06527777777777778 0.06875
0.0745098039215685 0.06470588235294106 0.0614379084967319 0.06928104575163385 0.06928104575163387 0.07189542483660118 0.060784313725490056 0.06535947712418287 0.06535947712418286 0.06405228758169922 0.06013071895424824 0.08300653594771226 0.0640522875816992 0.06274509803921556 0.06339869281045737
0.0763888888888889 0.07152777777777777 0.06666666666666667 0.06666666666666667 0.07013888888888889 0.06388888888888888 0.0625 0.06666666666666667 0.06597222222222222 0.06597222222222222 0.06527777777777778 0.06666666666666667 0.06319444444444444 0.06458333333333334 0.06388888888888888
0.06535947712418287 0.06535947712418287 0.06535947712418289 0.07058823529411751 0.0614379084967319 0.0614379084967319 0.059477124183006415 0.09803921568627436 0.06339869281045739 0.06470588235294104 0.06274509803921555 0.061437908496731905 0.06013071895424823 0.07843137254901944 0.062091503267973726
0.05882352941176457 0.05882352941176457 0.05882352941176457 0.05882352941176457 0.05882352941176457 0.05882352941176457 0.17385620915032654 0.0594771241830064 0.05882352941176457 0.05882352941176457 0.05882352941176457 0.06013071895424824 0.05882352941176457 0.05882352941176457 0.0594771241830064
0.08680555555555555 0.06597222222222222 0.06319444444444444 0.06527777777777778 0.07013888888888889 0.06458333333333334 0.0625 0.06388888888888888 0.07083333333333333 0.06527777777777778 0.06388888888888888 0.06458333333333334 0.06319444444444444 0.06388888888888888 0.06597222222222222
0.05864197530864187 0.07592592592592577 0.05987654320987642 0.061728395061728274 0.058641975308641854 0.05679012345679002 0.059876543209876426 0.05925925925925915 0.059876543209876426 0.06049382716049372 0.15679012345678991 0.058641975308641854 0.05679012345679001 0.05740740740740729 0.05925925925925915
0.059876543209876426 0.06666666666666655 0.05987654320987642 0.061728395061728274 0.0648148148148147 0.06172839506172829 0.05987654320987642 0.06419753086419742 0.07037037037037024 0.061111111111111005 0.12098765432098746 0.0604938271604937 0.05987654320987642 0.0648148148148147 0.06358024691358014
0.06222222222222214 0.076111111111111 0.06222222222222214 0.05888888888888881 0.0627777777777777 0.06055555555555547 0.05166666666666657 0.05611111111111102 0.0549999999999999 0.057222222222222126 0.153888888888889 0.07333333333333324 0.05444444444444436 0.05499999999999991 0.06055555555555547
0.05925925925925916 0.059876543209876426 0.0604938271604937 0.09999999999999983 0.05740740740740729 0.058024691358024585 0.06234567901234556 0.05925925925925915 0.05925925925925915 0.05740740740740729 0.13333333333333316 0.05740740740740729 0.05679012345679002 0.059876543209876426 0.05925925925925914
0.06049382716049372 0.06666666666666655 0.10308641975308624 0.06975308641975296 0.07037037037037025 0.061111111111111005 0.05925925925925915 0.06666666666666655 0.07098765432098754 0.06172839506172829 0.06296296296296286 0.06296296296296285 0.059876543209876426 0.05925925925925915 0.0648148148148147
0.06209150326797373 0.06339869281045737 0.0614379084967319 0.08496732026143777 0.06993464052287568 0.06601307189542469 0.06339869281045737 0.06405228758169922 0.0633986928104574 0.06470588235294104 0.07647058823529397 0.07450980392156846 0.06013071895424823 0.061437908496731905 0.0640522875816992
0.06405228758169922 0.0614379084967319 0.06209150326797373 0.06078431372549007 0.07124183006535935 0.05882352941176457 0.06274509803921555 0.06013071895424824 0.06601307189542471 0.0614379084967319 0.06013071895424823 0.07254901960784298 0.0614379084967319 0.11437908496732004 0.06274509803921556
0.05847953216374267 0.05555555555555554 0.05555555555555555 0.05847953216374267 0.056140350877193 0.1438596491228068 0.05614035087719297 0.07953216374269008 0.0614035087719298 0.09883040935672517 0.053801169590643266 0.05614035087719295 0.0543859649122807 0.05497076023391812 0.0567251461988304
0.07189542483660118 0.06797385620915018 0.06666666666666653 0.06732026143790838 0.06862745098039204 0.06339869281045739 0.06601307189542471 0.062091503267973726 0.06993464052287568 0.06339869281045737 0.06601307189542469 0.06274509803921555 0.06339869281045739 0.07450980392156849 0.0660130718954247
0.06078431372549007 0.0633986928104574 0.0614379084967319 0.061437908496731884 0.11437908496732004 0.059477124183006415 0.059477124183006415 0.0640522875816992 0.06535947712418289 0.05882352941176457 0.08627450980392139 0.062091503267973726 0.05882352941176457 0.062091503267973726 0.06209150326797373
0.06725146198830403 0.06081871345029236 0.06023391812865494 0.059649122807017535 0.16081871345029225 0.05614035087719295 0.054970760233918115 0.05789473684210523 0.07192982456140348 0.06315789473684205 0.058479532163742666 0.059649122807017514 0.0543859649122807 0.05789473684210526 0.05672514619883039
0.06944444444444445 0.06736111111111111 0.06805555555555555 0.06666666666666667 0.06527777777777778 0.06666666666666667 0.06458333333333334 0.06805555555555555 0.07430555555555556 0.06666666666666667 0.06458333333333334 0.06388888888888888 0.06458333333333334 0.06388888888888888 0.06597222222222222
0.07222222222222222 0.06527777777777778 0.06597222222222222 0.06666666666666667 0.07013888888888889 0.06736111111111111 0.06597222222222222 0.06597222222222222 0.06805555555555555 0.06805555555555555 0.06597222222222222 0.06527777777777778 0.06388888888888888 0.06388888888888888 0.06527777777777778
0.06078431372549007 0.062091503267973726 0.06013071895424824 0.06209150326797373 0.06013071895424824 0.06013071895424823 0.0594771241830064 0.0594771241830064 0.06078431372549008 0.10326797385620892 0.06078431372549007 0.1071895424836599 0.059477124183006415 0.06013071895424824 0.06405228758169922
0.05925925925925915 0.05617283950617273 0.05740740740740729 0.059876543209876426 0.05679012345679001 0.05679012345679001 0.05679012345679001 0.05802469135802457 0.05925925925925915 0.1006172839506171 0.10370370370370353 0.10246913580246896 0.05802469135802457 0.05679012345679001 0.05802469135802457
0.06728395061728384 0.05802469135802457 0.06234567901234555 0.06111111111111099 0.06234567901234558 0.05617283950617273 0.05987654320987644 0.05802469135802457 0.05802469135802457 0.05864197530864187 0.15802469135802447 0.06419753086419741 0.058024691358024585 0.05617283950617273 0.06172839506172829
0.05802469135802457 0.06111111111111099 0.062345679012345556 0.06790123456790112 0.06049382716049371 0.05925925925925914 0.0604938271604937 0.06172839506172829 0.06419753086419741 0.10679012345678997 0.06481481481481469 0.098148148148148 0.05740740740740729 0.05679012345679001 0.06049382716049372
0.06666666666666651 0.06405228758169923 0.0640522875816992 0.06405228758169922 0.06339869281045739 0.059477124183006415 0.059477124183006415 0.06274509803921555 0.06535947712418289 0.06535947712418289 0.11830065359477102 0.06209150326797371 0.062091503267973726 0.062091503267973726 0.06078431372549007
0.03888888888888886 0.038095238095238064 0.05515873015873012 0.040079365079365034 0.038095238095238064 0.03650793650793648 0.03611111111111109 0.03888888888888886 0.03849206349206347 0.03928571428571428 0.4440476190476192 0.03690476190476188 0.04484126984126983 0.036904761904761885 0.03769841269841267
0.06666666666666667 0.06666666666666667 0.06736111111111111 0.06805555555555555 0.06527777777777778 0.06597222222222222 0.06458333333333334 0.06875 0.06597222222222222 0.07013888888888889 0.06666666666666667 0.06527777777777778 0.06805555555555555 0.0625 0.06805555555555555
0.06875 0.06458333333333334 0.06597222222222222 0.06527777777777778 0.07847222222222222 0.06597222222222222 0.06458333333333334 0.06527777777777778 0.06736111111111111 0.06527777777777778 0.06666666666666667 0.06597222222222222 0.06388888888888888 0.06527777777777778 0.06666666666666667
0.06277777777777768 0.06722222222222213 0.07111111111111104 0.06999999999999992 0.06833333333333323 0.06055555555555548 0.06055555555555546 0.06222222222222214 0.0916666666666666 0.0627777777777777 0.07055555555555547 0.06111111111111101 0.06277777777777768 0.059999999999999915 0.06833333333333327
0.06458333333333334 0.07013888888888889 0.06805555555555555 0.06736111111111111 0.06875 0.06527777777777778 0.06527777777777778 0.06736111111111111 0.07291666666666667 0.06388888888888888 0.06736111111111111 0.06875 0.06319444444444444 0.06319444444444444 0.06388888888888888
0.0549999999999999 0.05666666666666657 0.06722222222222213 0.05611111111111102 0.05555555555555547 0.1099999999999999 0.05777777777777769 0.0649999999999999 0.05666666666666658 0.07111111111111101 0.056666666666666574 0.07499999999999991 0.08444444444444434 0.054999999999999924 0.07777777777777767
0.06805555555555555 0.06666666666666667 0.06597222222222222 0.06736111111111111 0.06805555555555555 0.06736111111111111 0.06388888888888888 0.06736111111111111 0.07013888888888889 0.06527777777777778 0.06805555555555555 0.06597222222222222 0.06458333333333334 0.06388888888888888 0.06736111111111111
0.06319444444444444 0.06458333333333334 0.06388888888888888 0.06527777777777778 0.10277777777777777 0.06458333333333334 0.0625 0.0625 0.06527777777777778 0.06388888888888888 0.06319444444444444 0.07013888888888889 0.0625 0.06319444444444444 0.0625
0.06805555555555555 0.0625 0.06319444444444444 0.06875 0.06458333333333334 0.06388888888888888 0.06319444444444444 0.06319444444444444 0.07222222222222222 0.06319444444444444 0.06527777777777778 0.06388888888888888 0.06388888888888888 0.0625 0.09166666666666666
0.09722222222222222 0.06388888888888888 0.06388888888888888 0.0625 0.06666666666666667 0.0625 0.0625 0.06319444444444444 0.07916666666666666 0.06388888888888888 0.06319444444444444 0.06319444444444444 0.0625 0.0625 0.06319444444444444
0.06319444444444444 0.06597222222222222 0.06319444444444444 0.07569444444444444 0.06388888888888888 0.06458333333333334 0.06388888888888888 0.06597222222222222 0.06597222222222222 0.06319444444444444 0.06527777777777778 0.06319444444444444 0.06388888888888888 0.0875 0.06458333333333334
0.06805555555555555 0.06736111111111111 0.06666666666666667 0.0763888888888889 0.06736111111111111 0.06388888888888888 0.06458333333333334 0.06944444444444445 0.06736111111111111 0.06388888888888888 0.06597222222222222 0.06319444444444444 0.0625 0.06944444444444445 0.06388888888888888
0.07152777777777777 0.06666666666666667 0.06666666666666667 0.06597222222222222 0.06736111111111111 0.06458333333333334 0.06527777777777778 0.06388888888888888 0.06736111111111111 0.06388888888888888 0.07083333333333333 0.06527777777777778 0.06597222222222222 0.06666666666666667 0.06805555555555555
0.09027777777777778 0.06319444444444444 0.06388888888888888 0.0625 0.06458333333333334 0.06388888888888888 0.0625 0.06527777777777778 0.08263888888888889 0.06319444444444444 0.06458333333333334 0.06319444444444444 0.06388888888888888 0.06388888888888888 0.0625
0.06805555555555555 0.07291666666666667 0.06388888888888888 0.07152777777777777 0.06597222222222222 0.06388888888888888 0.0625 0.06388888888888888 0.0763888888888889 0.06527777777777778 0.06875 0.06458333333333334 0.0625 0.06388888888888888 0.06597222222222222
0.06975308641975296 0.05925925925925915 0.09938271604938256 0.09629629629629616 0.05987654320987644 0.059876543209876426 0.058641975308641854 0.05864197530864187 0.06234567901234556 0.05925925925925915 0.06913580246913568 0.05740740740740729 0.06604938271604927 0.05925925925925914 0.06481481481481469
0.09019607843137238 0.062091503267973726 0.06666666666666655 0.062091503267973726 0.06405228758169922 0.06339869281045737 0.0594771241830064 0.07320261437908483 0.08235294117647045 0.06535947712418286 0.06470588235294104 0.06209150326797373 0.06405228758169922 0.06078431372549007 0.0594771241830064
0.06339869281045737 0.10261437908496714 0.06339869281045739 0.0640522875816992 0.07189542483660116 0.06078431372549007 0.06078431372549007 0.06405228758169922 0.06993464052287568 0.059477124183006415 0.06862745098039202 0.06601307189542473 0.06274509803921555 0.06078431372549007 0.0614379084967319
0.060784313725490056 0.095424836601307 0.06274509803921556 0.06274509803921556 0.0594771241830064 0.06078431372549007 0.06013071895424823 0.06013071895424824 0.06274509803921556 0.06013071895424824 0.05882352941176457 0.06013071895424823 0.06013071895424824 0.0594771241830064 0.11633986928104552
0.07894736842105257 0.058479532163742694 0.07192982456140345 0.060233918128654924 0.06432748538011689 0.055555555555555546 0.05555555555555554 0.059064327485380125 0.05964912280701755 0.05789473684210524 0.05497076023391814 0.05614035087719298 0.054970760233918115 0.09883040935672513 0.11345029239766073
0.06172839506172829 0.061111111111111005 0.061728395061728274 0.06296296296296285 0.06296296296296283 0.0604938271604937 0.05925925925925914 0.0685185185185184 0.06481481481481469 0.06049382716049371 0.06234567901234558 0.06419753086419741 0.05925925925925916 0.062345679012345556 0.12777777777777757
0.0625 0.0625 0.0625 0.06388888888888888 0.0625 0.0625 0.0625 0.06388888888888888 0.0625 0.0625 0.06319444444444444 0.0625 0.06319444444444444 0.0625 0.12083333333333333
0.07516339869281032 0.07385620915032666 0.07058823529411752 0.0699346405228757 0.06666666666666653 0.06274509803921555 0.06274509803921556 0.06732026143790837 0.06993464052287568 0.0640522875816992 0.06274509803921555 0.06274509803921555 0.06274509803921555 0.06666666666666653 0.062091503267973726
0.05882352941176457 0.06013071895424824 0.06013071895424824 0.06209150326797373 0.0614379084967319 0.05882352941176457 0.06078431372549007 0.06013071895424824 0.0614379084967319 0.10326797385620896 0.06013071895424823 0.0614379084967319 0.0594771241830064 0.0594771241830064 0.11241830065359455
0.0679738562091502 0.06862745098039202 0.06732026143790835 0.06862745098039202 0.07124183006535935 0.06535947712418286 0.0614379084967319 0.0660130718954247 0.06732026143790837 0.07189542483660118 0.06535947712418287 0.06209150326797373 0.0640522875816992 0.06535947712418289 0.06732026143790837
