0.062091503267973726 0.06928104575163387 0.06535947712418287 0.0614379084967319 0.07516339869281032 0.06405228758169923 0.07320261437908483 0.06013071895424823 0.07450980392156849 0.06928104575163387 0.06797385620915021 0.06470588235294103 0.07058823529411752 0.06339869281045739 0.05882352941176457
0.06928104575163384 0.0660130718954247 0.06535947712418286 0.06339869281045739 0.06601307189542471 0.062091503267973726 0.07124183006535934 0.06535947712418286 0.07189542483660118 0.0660130718954247 0.07450980392156849 0.06535947712418287 0.0653594771241829 0.0660130718954247 0.062091503267973726
0.07160493827160483 0.06666666666666657 0.06358024691358014 0.0641975308641974 0.06666666666666657 0.05987654320987642 0.07345679012345668 0.06975308641975299 0.07345679012345667 0.06358024691358014 0.06851851851851841 0.06604938271604925 0.06666666666666654 0.06358024691358014 0.06234567901234556
0.0625 0.06875 0.06805555555555555 0.06388888888888888 0.06875 0.06319444444444444 0.07152777777777777 0.0625 0.07013888888888889 0.06527777777777778 0.07569444444444444 0.06527777777777778 0.06875 0.0625 0.06319444444444444
0.0679738562091502 0.08888888888888873 0.0614379084967319 0.06274509803921555 0.06078431372549007 0.06405228758169923 0.06666666666666654 0.0614379084967319 0.062091503267973726 0.06535947712418286 0.06732026143790835 0.0614379084967319 0.06274509803921556 0.08431372549019593 0.06274509803921556
0.0614379084967319 0.06732026143790837 0.06601307189542471 0.06274509803921555 0.06993464052287568 0.06274509803921555 0.07450980392156847 0.06470588235294103 0.07450980392156849 0.0640522875816992 0.07450980392156849 0.06405228758169922 0.06993464052287568 0.059477124183006415 0.0640522875816992
0.06862745098039201 0.06928104575163385 0.06666666666666654 0.07320261437908483 0.06274509803921555 0.06339869281045737 0.06797385620915018 0.062091503267973726 0.06732026143790838 0.06405228758169922 0.06601307189542471 0.06732026143790838 0.0679738562091502 0.06732026143790835 0.0660130718954247
0.09861111111111111 0.07430555555555556 0.06458333333333334 0.06527777777777778 0.06458333333333334 0.06319444444444444 0.06388888888888888 0.0625 0.06319444444444444 0.06319444444444444 0.06319444444444444 0.06388888888888888 0.06388888888888888 0.06319444444444444 0.0625
0.06458333333333334 0.07361111111111111 0.06388888888888888 0.06388888888888888 0.07152777777777777 0.0625 0.07222222222222222 0.06319444444444444 0.06319444444444444 0.06944444444444445 0.07013888888888889 0.06388888888888888 0.06875 0.06597222222222222 0.06319444444444444
0.0625 0.06666666666666667 0.06666666666666667 0.06319444444444444 0.07361111111111111 0.0625 0.07291666666666667 0.06388888888888888 0.07083333333333333 0.06527777777777778 0.07083333333333333 0.06388888888888888 0.07083333333333333 0.06319444444444444 0.06319444444444444
0.0625 0.06875 0.06666666666666667 0.06319444444444444 0.07013888888888889 0.0625 0.07152777777777777 0.06319444444444444 0.07152777777777777 0.06597222222222222 0.07291666666666667 0.06458333333333334 0.07152777777777777 0.0625 0.0625
0.05740740740740729 0.05555555555555545 0.05679012345679001 0.05617283950617273 0.05617283950617273 0.05617283950617273 0.058641975308641875 0.05740740740740729 0.05802469135802457 0.05617283950617273 0.05555555555555545 0.07160493827160483 0.05679012345679001 0.05617283950617273 0.19135802469135782
0.0633986928104574 0.06535947712418286 0.06535947712418286 0.06535947712418286 0.07058823529411752 0.06209150326797373 0.0679738562091502 0.06209150326797373 0.07320261437908483 0.0679738562091502 0.0771241830065358 0.06601307189542473 0.07124183006535934 0.06274509803921555 0.0594771241830064
0.062091503267973726 0.062091503267973726 0.062091503267973726 0.06535947712418289 0.062091503267973726 0.10326797385620898 0.06535947712418286 0.06274509803921555 0.06666666666666653 0.068627450980392 0.06797385620915018 0.0594771241830064 0.07254901960784302 0.0594771241830064 0.06013071895424823
0.06319444444444444 0.07291666666666667 0.06458333333333334 0.06597222222222222 0.06805555555555555 0.06319444444444444 0.06805555555555555 0.0625 0.07152777777777777 0.06666666666666667 0.06875 0.06944444444444445 0.07013888888888889 0.0625 0.0625
0.06084656084656076 0.06560846560846553 0.06455026455026448 0.10211640211640201 0.06772486772486763 0.05873015873015864 0.06931216931216928 0.056084656084656015 0.0703703703703703 0.06719576719576711 0.07566137566137557 0.065079365079365 0.06666666666666658 0.053439153439153356 0.05661375661375654
0.11176470588235278 0.06339869281045737 0.0594771241830064 0.062091503267973726 0.0660130718954247 0.06535947712418287 0.06405228758169922 0.06732026143790835 0.06470588235294106 0.06078431372549007 0.0614379084967319 0.060784313725490056 0.06535947712418287 0.06535947712418289 0.06209150326797373
0.095424836601307 0.07647058823529397 0.06339869281045737 0.06274509803921555 0.06732026143790837 0.0594771241830064 0.07124183006535932 0.05882352941176457 0.06862745098039202 0.06470588235294104 0.06797385620915018 0.06274509803921556 0.06339869281045739 0.05882352941176457 0.05882352941176457
0.06604938271604925 0.06975308641975297 0.061728395061728274 0.05925925925925916 0.07469135802469123 0.06049382716049372 0.07283950617283938 0.06913580246913568 0.07407407407407397 0.06049382716049371 0.07283950617283938 0.07345679012345668 0.06666666666666654 0.06049382716049371 0.058024691358024585
0.06388888888888888 0.07083333333333333 0.07013888888888889 0.06388888888888888 0.07152777777777777 0.0625 0.07083333333333333 0.0625 0.07013888888888889 0.06527777777777778 0.06805555555555555 0.06388888888888888 0.07152777777777777 0.0625 0.0625
0.08496732026143776 0.062091503267973726 0.06078431372549007 0.062091503267973726 0.061437908496731905 0.06013071895424824 0.06339869281045739 0.11960784313725467 0.06013071895424824 0.059477124183006415 0.062091503267973726 0.0594771241830064 0.06274509803921555 0.06209150326797373 0.0594771241830064
0.0812865497076023 0.0701754385964912 0.0654970760233918 0.05789473684210524 0.06491228070175438 0.059064327485380076 0.06432748538011693 0.06374269005847952 0.06725146198830406 0.061403508771929835 0.06491228070175434 0.07368421052631585 0.06432748538011694 0.05672514619883037 0.08479532163742687
0.06319444444444444 0.06527777777777778 0.06319444444444444 0.06319444444444444 0.06388888888888888 0.1 0.06805555555555555 0.06458333333333334 0.06597222222222222 0.06527777777777778 0.06527777777777778 0.06319444444444444 0.06319444444444444 0.0625 0.06319444444444444
0.06527777777777778 0.06527777777777778 0.06805555555555555 0.06388888888888888 0.07013888888888889 0.0625 0.07083333333333333 0.06527777777777778 0.07222222222222222 0.06388888888888888 0.07361111111111111 0.06527777777777778 0.06875 0.0625 0.0625
0.06805555555555555 0.06458333333333334 0.06736111111111111 0.06527777777777778 0.06805555555555555 0.06666666666666667 0.06597222222222222 0.06736111111111111 0.06666666666666667 0.06875 0.06805555555555555 0.06875 0.06458333333333334 0.06319444444444444 0.06666666666666667
0.06944444444444445 0.0625 0.07152777777777777 0.08611111111111111 0.06527777777777778 0.06458333333333334 0.06319444444444444 0.06597222222222222 0.06319444444444444 0.06527777777777778 0.06458333333333334 0.06527777777777778 0.06597222222222222 0.06388888888888888 0.06319444444444444
0.05166666666666658 0.05611111111111103 0.06055555555555549 0.058333333333333244 0.06055555555555546 0.05333333333333324 0.06611111111111104 0.10444444444444445 0.06666666666666657 0.05611111111111101 0.06666666666666658 0.05333333333333324 0.05888888888888881 0.13555555555555546 0.05166666666666658
0.0594771241830064 0.06732026143790838 0.06470588235294104 0.061437908496731884 0.06666666666666653 0.05882352941176457 0.06535947712418286 0.06013071895424824 0.07124183006535934 0.08431372549019595 0.06862745098039202 0.06013071895424823 0.09215686274509789 0.0594771241830064 0.06013071895424823
0.06319444444444444 0.06388888888888888 0.06527777777777778 0.06527777777777778 0.07013888888888889 0.06597222222222222 0.06875 0.06458333333333334 0.07013888888888889 0.06458333333333334 0.06944444444444445 0.06388888888888888 0.075 0.06527777777777778 0.06458333333333334
0.06736111111111111 0.06597222222222222 0.06666666666666667 0.06875 0.06666666666666667 0.06666666666666667 0.06805555555555555 0.06805555555555555 0.06944444444444445 0.06666666666666667 0.06805555555555555 0.06458333333333334 0.06527777777777778 0.06458333333333334 0.06319444444444444
0.060784313725490056 0.06274509803921556 0.0640522875816992 0.061437908496731884 0.06339869281045737 0.05882352941176457 0.0640522875816992 0.06013071895424824 0.07254901960784299 0.06339869281045737 0.07320261437908483 0.06405228758169922 0.06078431372549007 0.05882352941176457 0.1117647058823527
0.06274509803921555 0.06535947712418287 0.06601307189542471 0.0614379084967319 0.0640522875816992 0.08431372549019592 0.06797385620915017 0.06013071895424823 0.06993464052287568 0.07058823529411754 0.06928104575163384 0.06535947712418286 0.06601307189542471 0.06470588235294104 0.062091503267973726
0.06805555555555555 0.06388888888888888 0.06458333333333334 0.06597222222222222 0.06458333333333334 0.06527777777777778 0.06597222222222222 0.07083333333333333 0.06736111111111111 0.07361111111111111 0.06597222222222222 0.06458333333333334 0.06666666666666667 0.06666666666666667 0.06597222222222222
0.058479532163742645 0.07134502923976609 0.06842105263157892 0.06725146198830403 0.07309941520467839 0.05906432748538007 0.07134502923976606 0.0584795321637427 0.07192982456140345 0.06725146198830406 0.07543859649122801 0.060233918128654924 0.08362573099415205 0.05789473684210522 0.05614035087719298
0.06527777777777778 0.06388888888888888 0.06388888888888888 0.06458333333333334 0.06319444444444444 0.10555555555555556 0.06458333333333334 0.06458333333333334 0.06388888888888888 0.06388888888888888 0.06458333333333334 0.06319444444444444 0.06388888888888888 0.0625 0.0625
0.11812865497076018 0.08362573099415199 0.059649122807017514 0.05964912280701754 0.06140350877192977 0.06140350877192979 0.06725146198830403 0.0590643274853801 0.06783625730994149 0.06198830409356722 0.06432748538011696 0.06198830409356721 0.06666666666666665 0.05321637426900584 0.053801169590643266
0.0594771241830064 0.05882352941176457 0.05882352941176457 0.06078431372549007 0.16274509803921544 0.0594771241830064 0.060784313725490056 0.059477124183006415 0.06013071895424824 0.059477124183006415 0.05882352941176457 0.05882352941176457 0.06013071895424824 0.06078431372549007 0.0614379084967319
0.06928104575163385 0.06274509803921555 0.06274509803921556 0.062091503267973726 0.06274509803921556 0.06405228758169923 0.062091503267973726 0.06470588235294103 0.06470588235294106 0.06862745098039201 0.06339869281045737 0.09934640522875797 0.06274509803921555 0.06993464052287568 0.060784313725490056
0.0678362573099415 0.06315789473684212 0.061988304093567224 0.061403508771929835 0.07368421052631575 0.06198830409356724 0.061403508771929814 0.060233918128654924 0.06257309941520464 0.12046783625730981 0.05906432748538009 0.0678362573099415 0.06432748538011696 0.05789473684210524 0.05614035087719297
0.0625 0.07222222222222222 0.06597222222222222 0.06388888888888888 0.06944444444444445 0.06319444444444444 0.06736111111111111 0.0625 0.06944444444444445 0.06666666666666667 0.075 0.06805555555555555 0.06875 0.0625 0.0625
0.06527777777777778 0.06736111111111111 0.06666666666666667 0.06388888888888888 0.06666666666666667 0.06597222222222222 0.06875 0.07083333333333333 0.06666666666666667 0.06875 0.06527777777777778 0.06944444444444445 0.06597222222222222 0.06527777777777778 0.06319444444444444
0.1074074074074073 0.0709876543209875 0.061111111111111005 0.07592592592592579 0.06543209876543199 0.05925925925925915 0.05925925925925914 0.06419753086419741 0.06543209876543199 0.06049382716049371 0.06172839506172829 0.06296296296296286 0.0648148148148147 0.06296296296296286 0.058024691358024585
0.06666666666666651 0.06666666666666653 0.06470588235294104 0.06274509803921555 0.06274509803921557 0.0699346405228757 0.06732026143790837 0.06535947712418287 0.07124183006535935 0.07516339869281032 0.06862745098039204 0.062091503267973726 0.07254901960784299 0.06339869281045739 0.060784313725490056
0.0614379084967319 0.06405228758169922 0.06339869281045739 0.0640522875816992 0.062091503267973726 0.08235294117647042 0.06470588235294103 0.062091503267973726 0.06470588235294104 0.0594771241830064 0.0614379084967319 0.07647058823529397 0.06339869281045739 0.0594771241830064 0.09084967320261424
0.0625 0.06666666666666667 0.06944444444444445 0.0625 0.07222222222222222 0.0625 0.07222222222222222 0.06319444444444444 0.07291666666666667 0.06458333333333334 0.07152777777777777 0.06319444444444444 0.07152777777777777 0.0625 0.0625
0.06319444444444444 0.0625 0.06388888888888888 0.06388888888888888 0.0625 0.06319444444444444 0.0625 0.0625 0.0625 0.0625 0.0625 0.0625 0.0625 0.12083333333333333 0.0625
0.062091503267973726 0.0633986928104574 0.05882352941176457 0.06078431372549007 0.06274509803921555 0.0614379084967319 0.06405228758169923 0.13267973856209128 0.06078431372549007 0.060784313725490056 0.06339869281045737 0.06274509803921555 0.061437908496731884 0.06405228758169922 0.06078431372549007
0.06470588235294103 0.06405228758169923 0.06209150326797373 0.08758169934640507 0.06470588235294104 0.06732026143790838 0.06405228758169922 0.06928104575163384 0.06666666666666654 0.06405228758169923 0.06666666666666651 0.06470588235294106 0.0633986928104574 0.06470588235294104 0.0660130718954247
0.06319444444444444 0.06805555555555555 0.06597222222222222 0.06527777777777778 0.07013888888888889 0.0625 0.07013888888888889 0.0625 0.07152777777777777 0.06736111111111111 0.07361111111111111 0.06458333333333334 0.06805555555555555 0.06319444444444444 0.06388888888888888
0.06732026143790837 0.06405228758169923 0.07843137254901945 0.08758169934640508 0.062091503267973726 0.0614379084967319 0.06274509803921555 0.06862745098039201 0.06470588235294104 0.06339869281045737 0.06339869281045737 0.06535947712418287 0.06666666666666653 0.06405228758169922 0.06013071895424824
0.059876543209876426 0.062345679012345556 0.06419753086419741 0.059876543209876426 0.06419753086419741 0.06419753086419742 0.06728395061728384 0.06666666666666655 0.06543209876543198 0.0641975308641974 0.06728395061728382 0.07777777777777765 0.061728395061728274 0.05925925925925914 0.09567901234567887
0.06732026143790834 0.06797385620915021 0.06405228758169922 0.06339869281045737 0.06339869281045739 0.07124183006535934 0.0660130718954247 0.06666666666666654 0.06732026143790835 0.07124183006535934 0.06862745098039202 0.06732026143790838 0.07320261437908483 0.06078431372549007 0.0614379084967319
0.0625 0.06736111111111111 0.06736111111111111 0.0625 0.06666666666666667 0.0625 0.075 0.0625 0.07013888888888889 0.06805555555555555 0.07291666666666667 0.06458333333333334 0.07291666666666667 0.0625 0.0625
0.061437908496731884 0.06274509803921555 0.06797385620915021 0.06209150326797373 0.062091503267973726 0.06535947712418286 0.06274509803921556 0.0614379084967319 0.0640522875816992 0.059477124183006415 0.06405228758169922 0.060784313725490056 0.06470588235294106 0.06274509803921555 0.118300653594771
0.06234567901234556 0.05925925925925915 0.05864197530864187 0.058641975308641854 0.05617283950617273 0.13641975308641957 0.05925925925925915 0.09382716049382699 0.05864197530864187 0.05925925925925916 0.06419753086419741 0.05679012345679001 0.059876543209876426 0.058641975308641854 0.05802469135802457
0.07166666666666657 0.07277777777777768 0.05277777777777769 0.10833333333333327 0.053333333333333253 0.054999999999999924 0.0538888888888888 0.0849999999999999 0.053888888888888806 0.053888888888888785 0.052222222222222135 0.07388888888888881 0.05833333333333324 0.07277777777777766 0.08222222222222211
0.06535947712418287 0.06339869281045737 0.06928104575163385 0.06078431372549007 0.06339869281045737 0.06339869281045739 0.06274509803921555 0.059477124183006415 0.06470588235294104 0.09999999999999984 0.06470588235294103 0.06862745098039202 0.06666666666666654 0.06274509803921555 0.06470588235294104
0.06470588235294104 0.07124183006535935 0.062091503267973726 0.06797385620915021 0.06274509803921556 0.06209150326797373 0.06274509803921555 0.0614379084967319 0.06274509803921555 0.06470588235294104 0.06339869281045737 0.06535947712418287 0.0640522875816992 0.06274509803921555 0.10196078431372532
0.0625 0.07013888888888889 0.06805555555555555 0.06319444444444444 0.06666666666666667 0.0625 0.07291666666666667 0.06319444444444444 0.07569444444444444 0.06458333333333334 0.07291666666666667 0.06388888888888888 0.06875 0.0625 0.0625
0.06805555555555555 0.06597222222222222 0.06527777777777778 0.06388888888888888 0.06805555555555555 0.06458333333333334 0.06805555555555555 0.06458333333333334 0.06875 0.06527777777777778 0.07430555555555556 0.06458333333333334 0.07222222222222222 0.06319444444444444 0.06319444444444444
0.06339869281045737 0.06732026143790838 0.06862745098039204 0.061437908496731884 0.06993464052287568 0.0594771241830064 0.06797385620915018 0.06209150326797373 0.07647058823529397 0.0660130718954247 0.07777777777777763 0.06601307189542473 0.07450980392156852 0.0594771241830064 0.0594771241830064
0.09415204678362572 0.075438596491228 0.06140350877192977 0.057309941520467825 0.06257309941520466 0.06491228070175434 0.07309941520467833 0.0654970760233918 0.06666666666666665 0.061988304093567224 0.06666666666666662 0.06257309941520464 0.06666666666666665 0.05964912280701754 0.061403508771929814
0.0638888888888888 0.06499999999999992 0.061666666666666585 0.06833333333333323 0.08111111111111104 0.05611111111111101 0.07166666666666657 0.05666666666666658 0.06499999999999989 0.06944444444444435 0.07833333333333323 0.06555555555555548 0.08277777777777771 0.058333333333333244 0.05611111111111101
0.06274509803921555 0.07254901960784299 0.06405228758169922 0.06013071895424824 0.0732026143790848 0.06078431372549007 0.07647058823529397 0.06274509803921556 0.06601307189542471 0.06405228758169922 0.07581699346405214 0.06339869281045737 0.07320261437908483 0.06535947712418286 0.0594771241830064
0.0625 0.06875 0.06875 0.06388888888888888 0.07083333333333333 0.0625 0.07361111111111111 0.06319444444444444 0.07083333333333333 0.06736111111111111 0.06805555555555555 0.06597222222222222 0.06875 0.0625 0.0625
0.059876543209876426 0.06913580246913567 0.07592592592592581 0.06111111111111099 0.0716049382716048 0.059876543209876426 0.07098765432098754 0.06234567901234556 0.07345679012345666 0.0679012345679011 0.07777777777777767 0.06172839506172829 0.07222222222222212 0.059876543209876426 0.05617283950617273
0.05987654320987644 0.0648148148148147 0.06481481481481469 0.058641975308641854 0.07037037037037025 0.05802469135802457 0.07962962962962951 0.06172839506172829 0.07654320987654309 0.06234567901234556 0.08456790123456781 0.06234567901234556 0.08024691358024683 0.05925925925925915 0.05679012345679001
0.06944444444444445 0.08611111111111111 0.0625 0.0625 0.0625 0.06319444444444444 0.06388888888888888 0.06319444444444444 0.06527777777777778 0.06458333333333334 0.06527777777777778 0.06319444444444444 0.06319444444444444 0.08194444444444444 0.06319444444444444
0.0660130718954247 0.06339869281045737 0.06732026143790835 0.062091503267973726 0.08235294117647043 0.062091503267973726 0.06928104575163387 0.06797385620915021 0.06993464052287568 0.06470588235294103 0.07124183006535935 0.06339869281045737 0.06666666666666653 0.06274509803921555 0.06078431372549007
0.06527777777777778 0.06597222222222222 0.06805555555555555 0.06319444444444444 0.06458333333333334 0.06666666666666667 0.07083333333333333 0.06458333333333334 0.06805555555555555 0.06527777777777778 0.07013888888888889 0.06736111111111111 0.06666666666666667 0.06944444444444445 0.06388888888888888
0.05555555555555548 0.06507936507936501 0.05714285714285706 0.055555555555555476 0.06984126984126975 0.05132275132275125 0.08148148148148136 0.058201058201058115 0.08783068783068776 0.06349206349206342 0.09841269841269831 0.05449735449735441 0.09735449735449726 0.05502645502645494 0.04920634920634913
0.0625 0.06597222222222222 0.06527777777777778 0.06527777777777778 0.07083333333333333 0.0625 0.07430555555555556 0.06319444444444444 0.07222222222222222 0.06736111111111111 0.06805555555555555 0.06666666666666667 0.07013888888888889 0.06319444444444444 0.0625
0.05611111111111102 0.0677777777777777 0.0627777777777777 0.05666666666666658 0.07944444444444435 0.05166666666666658 0.08555555555555548 0.05444444444444436 0.086111111111111 0.0622222222222221 0.09277777777777774 0.057222222222222126 0.08499999999999992 0.05222222222222213 0.04999999999999991
0.058888888888888796 0.06222222222222214 0.06611111111111101 0.06055555555555547 0.06999999999999991 0.060555555555555446 0.07499999999999993 0.06333333333333324 0.07055555555555545 0.05944444444444434 0.08555555555555548 0.06111111111111102 0.06499999999999992 0.05444444444444436 0.0872222222222221
0.052314814814814814 0.05324074074074076 0.07777777777777779 0.049074074074074055 0.048148148148148114 0.055555555555555525 0.05416666666666667 0.21064814814814817 0.056944444444444436 0.055555555555555594 0.05370370370370371 0.05648148148148149 0.05601851851851851 0.05648148148148149 0.06388888888888888
0.061111111111111005 0.06419753086419741 0.062345679012345556 0.05864197530864187 0.06481481481481473 0.05679012345679001 0.06975308641975296 0.058024691358024585 0.06481481481481469 0.06481481481481469 0.06604938271604925 0.07222222222222209 0.059876543209876426 0.0574074074074073 0.11913580246913566
0.0614379084967319 0.0614379084967319 0.06470588235294104 0.0614379084967319 0.0614379084967319 0.06862745098039201 0.062091503267973726 0.06470588235294104 0.06535947712418289 0.0614379084967319 0.0614379084967319 0.06470588235294106 0.0614379084967319 0.05882352941176457 0.12091503267973833
0.0594771241830064 0.0660130718954247 0.06339869281045739 0.061437908496731884 0.07516339869281032 0.08235294117647043 0.07647058823529397 0.061437908496731905 0.07124183006535934 0.06666666666666654 0.06797385620915021 0.0594771241830064 0.07124183006535935 0.05882352941176457 0.05882352941176457
0.06339869281045737 0.06339869281045737 0.06274509803921555 0.06274509803921556 0.0594771241830064 0.14183006535947693 0.061437908496731905 0.06013071895424824 0.062091503267973726 0.06013071895424823 0.06013071895424823 0.06078431372549007 0.06078431372549007 0.060784313725490056 0.06013071895424823
0.06013071895424823 0.0594771241830064 0.06013071895424824 0.06013071895424824 0.062091503267973726 0.14444444444444424 0.06732026143790834 0.0594771241830064 0.06274509803921555 0.06339869281045737 0.06013071895424823 0.06013071895424823 0.061437908496731884 0.05882352941176457 0.06013071895424824
0.0614379084967319 0.06732026143790835 0.06535947712418287 0.06013071895424823 0.07189542483660118 0.07843137254901945 0.06993464052287568 0.06013071895424824 0.07124183006535935 0.07254901960784303 0.06928104575163385 0.06405228758169922 0.0705882352941175 0.05882352941176457 0.05882352941176457
0.060233918128654945 0.06081871345029239 0.06081871345029237 0.0590643274853801 0.07017543859649117 0.06023391812865494 0.07017543859649122 0.061403508771929786 0.06783625730994147 0.06081871345029236 0.06608187134502924 0.0637426900584795 0.06725146198830412 0.061403508771929786 0.10994152046783623
0.05987654320987642 0.07530864197530852 0.07160493827160483 0.058641975308641854 0.0679012345679011 0.06851851851851841 0.07716049382716039 0.06049382716049372 0.0716049382716048 0.06604938271604927 0.06728395061728384 0.06111111111111099 0.0648148148148147 0.05925925925925914 0.07037037037037025
0.0614379084967319 0.06274509803921555 0.06013071895424823 0.06013071895424823 0.0640522875816992 0.05882352941176457 0.06209150326797373 0.13006535947712397 0.06209150326797373 0.06013071895424824 0.06274509803921555 0.06405228758169922 0.0640522875816992 0.0640522875816992 0.0633986928104574
0.06405228758169922 0.06274509803921557 0.06732026143790837 0.08823529411764691 0.06405228758169922 0.06339869281045737 0.06535947712418287 0.06993464052287568 0.06666666666666653 0.06339869281045739 0.06666666666666653 0.06470588235294106 0.06470588235294103 0.06535947712418287 0.06339869281045739
0.0625 0.07083333333333333 0.07083333333333333 0.06388888888888888 0.07152777777777777 0.0625 0.06736111111111111 0.06319444444444444 0.06875 0.06736111111111111 0.07430555555555556 0.06388888888888888 0.06805555555555555 0.0625 0.0625
0.0660130718954247 0.06209150326797373 0.0836601307189541 0.08888888888888874 0.060784313725490056 0.06535947712418286 0.06405228758169922 0.068627450980392 0.06405228758169923 0.0614379084967319 0.06339869281045737 0.0640522875816992 0.06339869281045737 0.06339869281045737 0.06078431372549008
0.05730994152046782 0.06549707602339178 0.06725146198830408 0.0608187134502924 0.06549707602339178 0.06257309941520466 0.06842105263157891 0.06374269005847952 0.0701754385964912 0.059649122807017535 0.06900584795321635 0.07251461988304102 0.06900584795321636 0.05497076023391812 0.09356725146198829
0.06666666666666651 0.0679738562091502 0.06274509803921556 0.06666666666666653 0.06797385620915021 0.06732026143790837 0.06470588235294106 0.06078431372549007 0.0679738562091502 0.07189542483660118 0.06993464052287567 0.06666666666666655 0.07254901960784298 0.06274509803921555 0.06339869281045737
0.0625 0.06435185185185191 0.04953703703703701 0.1879629629629629 0.05555555555555557 0.04537037037037032 0.056944444444444464 0.05046296296296294 0.05833333333333334 0.056018518518518544 0.06851851851851855 0.04907407407407407 0.058333333333333355 0.0921296296296296 0.04490740740740736
0.12870370370370376 0.07962962962962966 0.06574074074074078 0.0578703703703704 0.05972222222222224 0.045370370370370325 0.07175925925925929 0.06342592592592594 0.07592592592592594 0.05879629629629631 0.06712962962962966 0.05138888888888889 0.05833333333333332 0.0708333333333333 0.04537037037037032
0.13611111111111104 0.07500000000000004 0.05601851851851852 0.14814814814814822 0.05648148148148149 0.045370370370370325 0.0657407407407408 0.04907407407407407 0.06620370370370371 0.04814814814814811 0.0625 0.045370370370370325 0.05879629629629629 0.04398148148148142 0.04305555555555551
0.06319444444444444 0.06875 0.06805555555555555 0.06388888888888888 0.07291666666666667 0.0625 0.07152777777777777 0.06319444444444444 0.07013888888888889 0.06666666666666667 0.07083333333333333 0.06666666666666667 0.06666666666666667 0.0625 0.0625
0.07058823529411752 0.06797385620915018 0.06601307189542469 0.06274509803921555 0.06274509803921556 0.07189542483660118 0.06862745098039204 0.0660130718954247 0.06666666666666651 0.07124183006535935 0.06470588235294104 0.06993464052287568 0.06535947712418287 0.06274509803921556 0.06274509803921556
0.07777777777777763 0.06797385620915021 0.06666666666666653 0.06535947712418286 0.06535947712418287 0.06013071895424824 0.07777777777777763 0.062091503267973726 0.0679738562091502 0.06078431372549007 0.06797385620915021 0.06732026143790838 0.06339869281045737 0.06928104575163387 0.06013071895424824
0.06013071895424824 0.07581699346405214 0.06732026143790837 0.06078431372549007 0.07189542483660118 0.059477124183006415 0.07581699346405217 0.06013071895424824 0.06666666666666653 0.06666666666666653 0.08104575163398678 0.0614379084967319 0.07189542483660118 0.062091503267973726 0.05882352941176457
0.06319444444444444 0.0625 0.06319444444444444 0.0625 0.0625 0.06319444444444444 0.0625 0.0625 0.06458333333333334 0.11805555555555555 0.0625 0.06319444444444444 0.0625 0.06319444444444444 0.06388888888888888
0.06078431372549007 0.06601307189542471 0.06732026143790837 0.0614379084967319 0.0705882352941175 0.07450980392156849 0.0790849673202613 0.06013071895424824 0.0705882352941175 0.07058823529411752 0.07058823529411751 0.062091503267973726 0.06666666666666654 0.059477124183006415 0.06013071895424824
0.10718954248366003 0.09607843137254883 0.06078431372549008 0.0614379084967319 0.059477124183006415 0.0594771241830064 0.059477124183006415 0.0594771241830064 0.0594771241830064 0.062091503267973726 0.06013071895424823 0.059477124183006415 0.06078431372549007 0.07385620915032666 0.060784313725490056
0.06875 0.06805555555555555 0.06666666666666667 0.06388888888888888 0.06527777777777778 0.06388888888888888 0.06944444444444445 0.06875 0.07291666666666667 0.06458333333333334 0.06527777777777778 0.06736111111111111 0.06527777777777778 0.06319444444444444 0.06666666666666667
0.06875 0.06875 0.06597222222222222 0.06666666666666667 0.06875 0.06597222222222222 0.06736111111111111 0.06666666666666667 0.06666666666666667 0.06388888888888888 0.06666666666666667 0.06944444444444445 0.06458333333333334 0.06597222222222222 0.06388888888888888
0.06319444444444444 0.06736111111111111 0.06458333333333334 0.06458333333333334 0.07152777777777777 0.06388888888888888 0.07013888888888889 0.06319444444444444 0.07222222222222222 0.06666666666666667 0.07152777777777777 0.06597222222222222 0.07013888888888889 0.0625 0.0625
0.06888888888888878 0.06833333333333326 0.06277777777777768 0.06555555555555546 0.06499999999999989 0.05222222222222214 0.06555555555555548 0.056666666666666574 0.06944444444444435 0.06222222222222215 0.06555555555555548 0.06055555555555547 0.06444444444444436 0.11222222222222224 0.06055555555555546
0.06388888888888888 0.07222222222222222 0.06597222222222222 0.06458333333333334 0.07291666666666667 0.06458333333333334 0.07152777777777777 0.0625 0.0625 0.06736111111111111 0.06736111111111111 0.06388888888888888 0.07222222222222222 0.06527777777777778 0.06319444444444444
0.08086419753086407 0.06481481481481469 0.05987654320987644 0.06481481481481473 0.061111111111111005 0.05617283950617273 0.061111111111111005 0.06111111111111101 0.06111111111111101 0.059876543209876426 0.05925925925925915 0.11419753086419739 0.05987654320987644 0.07407407407407396 0.061728395061728294
0.05499999999999991 0.06944444444444436 0.07388888888888878 0.061666666666666585 0.06722222222222213 0.05277777777777769 0.07833333333333324 0.05833333333333324 0.0738888888888888 0.06055555555555547 0.0777777777777777 0.07388888888888877 0.06388888888888879 0.05277777777777769 0.08055555555555544
0.062345679012345556 0.06666666666666654 0.0679012345679011 0.05925925925925916 0.0722222222222221 0.05864197530864187 0.07901234567901222 0.058024691358024585 0.07407407407407397 0.06543209876543199 0.0759259259259258 0.06296296296296283 0.07839506172839497 0.06049382716049371 0.05864197530864187
0.06458333333333334 0.06666666666666667 0.06875 0.06805555555555555 0.06597222222222222 0.06805555555555555 0.06805555555555555 0.06597222222222222 0.06736111111111111 0.06388888888888888 0.06527777777777778 0.06527777777777778 0.06944444444444445 0.06597222222222222 0.06666666666666667
0.06319444444444444 0.07083333333333333 0.06597222222222222 0.06388888888888888 0.06875 0.06319444444444444 0.07291666666666667 0.0625 0.07222222222222222 0.06458333333333334 0.07013888888888889 0.06388888888888888 0.07291666666666667 0.0625 0.0625
0.06339869281045737 0.06470588235294104 0.08496732026143775 0.06666666666666653 0.0660130718954247 0.0614379084967319 0.06470588235294104 0.0640522875816992 0.0640522875816992 0.062091503267973726 0.0594771241830064 0.08039215686274497 0.06274509803921555 0.06405228758169922 0.07124183006535935
0.06666666666666667 0.06875 0.06805555555555555 0.07013888888888889 0.06944444444444445 0.06458333333333334 0.06875 0.06388888888888888 0.06805555555555555 0.06736111111111111 0.06666666666666667 0.06527777777777778 0.06388888888888888 0.06458333333333334 0.06388888888888888
0.0614379084967319 0.0679738562091502 0.06470588235294103 0.06732026143790834 0.072549019607843 0.06732026143790835 0.06535947712418286 0.06470588235294104 0.07124183006535934 0.06732026143790835 0.07058823529411751 0.06732026143790837 0.06928104575163384 0.0614379084967319 0.061437908496731905
0.06481481481481469 0.06419753086419741 0.06728395061728384 0.11481481481481462 0.06358024691358014 0.05925925925925915 0.06666666666666655 0.058641975308641854 0.06543209876543198 0.06358024691358014 0.06419753086419741 0.061728395061728274 0.06543209876543198 0.059876543209876426 0.06049382716049371
0.056666666666666574 0.0649999999999999 0.08333333333333323 0.057222222222222126 0.0627777777777777 0.053888888888888806 0.06111111111111101 0.057222222222222126 0.053888888888888806 0.16500000000000004 0.05444444444444436 0.05499999999999991 0.058333333333333265 0.06222222222222213 0.053888888888888806
0.061437908496731884 0.0614379084967319 0.06274509803921556 0.11307189542483635 0.06339869281045739 0.06274509803921555 0.06209150326797373 0.0640522875816992 0.06666666666666654 0.06732026143790837 0.06601307189542471 0.0614379084967319 0.061437908496731884 0.06732026143790834 0.05882352941176457
0.06388888888888888 0.06319444444444444 0.06875 0.06458333333333334 0.06527777777777778 0.0798611111111111 0.06666666666666667 0.06388888888888888 0.06458333333333334 0.06458333333333334 0.06597222222222222 0.06319444444444444 0.06736111111111111 0.06388888888888888 0.07430555555555556
0.09876543209876526 0.06666666666666657 0.06358024691358014 0.06111111111111099 0.06851851851851841 0.058024691358024585 0.06543209876543199 0.0802469135802468 0.06296296296296283 0.06234567901234555 0.06851851851851841 0.059876543209876426 0.06728395061728384 0.06049382716049372 0.05617283950617273
0.06315789473684208 0.05497076023391813 0.055555555555555546 0.05614035087719295 0.05497076023391813 0.05321637426900585 0.05497076023391813 0.058479532163742645 0.05438596491228069 0.05614035087719297 0.05555555555555555 0.054970760233918115 0.05438596491228071 0.2198830409356726 0.05321637426900586
0.06527777777777778 0.06666666666666667 0.07430555555555556 0.06597222222222222 0.06527777777777778 0.06666666666666667 0.06319444444444444 0.07083333333333333 0.06666666666666667 0.06597222222222222 0.06666666666666667 0.06597222222222222 0.06666666666666667 0.06527777777777778 0.06458333333333334
0.061728395061728274 0.06913580246913568 0.07345679012345668 0.05740740740740729 0.07469135802469123 0.05740740740740729 0.0685185185185184 0.058024691358024585 0.08086419753086409 0.06790123456790112 0.07222222222222212 0.06172839506172829 0.08333333333333322 0.05617283950617273 0.05740740740740729
0.06319444444444444 0.0763888888888889 0.06597222222222222 0.0625 0.06944444444444445 0.06388888888888888 0.07291666666666667 0.0625 0.06319444444444444 0.06875 0.06944444444444445 0.06319444444444444 0.07152777777777777 0.06458333333333334 0.0625
0.06049382716049371 0.0691358024691357 0.06234567901234556 0.06296296296296285 0.06604938271604928 0.06296296296296286 0.07222222222222209 0.05925925925925914 0.06975308641975296 0.06049382716049371 0.07037037037037025 0.0746913580246912 0.0648148148148147 0.05864197530864187 0.08580246913580235
0.06419753086419741 0.06543209876543199 0.06419753086419742 0.06172839506172827 0.06543209876543198 0.058024691358024585 0.06419753086419742 0.06172839506172829 0.0765432098765431 0.08333333333333325 0.06728395061728382 0.062345679012345556 0.08518518518518504 0.06234567901234555 0.058024691358024585
0.0625 0.06805555555555555 0.06805555555555555 0.06319444444444444 0.06527777777777778 0.0625 0.07152777777777777 0.0625 0.07361111111111111 0.06597222222222222 0.07847222222222222 0.06597222222222222 0.06666666666666667 0.0625 0.06319444444444444
0.06458333333333334 0.06666666666666667 0.06944444444444445 0.06319444444444444 0.06805555555555555 0.06805555555555555 0.06875 0.06527777777777778 0.06875 0.06666666666666667 0.06736111111111111 0.06944444444444445 0.06527777777777778 0.06527777777777778 0.06319444444444444
0.06470588235294104 0.06470588235294106 0.06274509803921556 0.06470588235294104 0.06601307189542471 0.11633986928104552 0.06013071895424824 0.06405228758169923 0.0614379084967319 0.0640522875816992 0.06405228758169923 0.062091503267973726 0.06209150326797373 0.0614379084967319 0.0614379084967319
0.06666666666666654 0.06928104575163387 0.0640522875816992 0.062091503267973726 0.0640522875816992 0.06013071895424824 0.06862745098039202 0.09477124183006516 0.06862745098039202 0.06535947712418286 0.0679738562091502 0.061437908496731884 0.06797385620915018 0.06013071895424823 0.05882352941176457
0.06319444444444444 0.06805555555555555 0.06527777777777778 0.06458333333333334 0.07083333333333333 0.0625 0.07152777777777777 0.06319444444444444 0.07222222222222222 0.06388888888888888 0.07569444444444444 0.06319444444444444 0.07013888888888889 0.0625 0.06319444444444444
0.1777777777777779 0.1017543859649121 0.05789473684210524 0.057309941520467825 0.056725146198830415 0.054970760233918115 0.05380116959064327 0.0543859649122807 0.05321637426900585 0.05614035087719295 0.06023391812865499 0.05321637426900585 0.054970760233918115 0.05438596491228071 0.05321637426900585
0.061988304093567245 0.053801169590643266 0.05380116959064327 0.054970760233918115 0.05789473684210527 0.05321637426900584 0.05380116959064327 0.05380116959064327 0.05380116959064329 0.054970760233918115 0.05497076023391813 0.07485380116959071 0.05438596491228071 0.08771929824561409 0.1760233918128654
0.04949494949494951 0.057070707070707126 0.05202020202020203 0.05050505050505051 0.06161616161616169 0.04797979797979797 0.0560606060606061 0.05050505050505052 0.056060606060606075 0.08585858585858588 0.05555555555555559 0.06313131313131311 0.09090909090909105 0.04949494949494951 0.1737373737373737
0.06527777777777778 0.06527777777777778 0.06736111111111111 0.06527777777777778 0.06458333333333334 0.07222222222222222 0.06458333333333334 0.06944444444444445 0.06736111111111111 0.06597222222222222 0.06527777777777778 0.06527777777777778 0.06944444444444445 0.06597222222222222 0.06666666666666667
0.06818181818181829 0.05909090909090913 0.06010101010101016 0.09646464646464649 0.055555555555555594 0.05202020202020205 0.056060606060606095 0.11666666666666678 0.05656565656565658 0.0560606060606061 0.06111111111111115 0.06818181818181826 0.06161616161616168 0.08131313131313136 0.05101010101010101
0.0625 0.06875 0.06805555555555555 0.06597222222222222 0.06944444444444445 0.06388888888888888 0.07291666666666667 0.06458333333333334 0.07152777777777777 0.06319444444444444 0.06736111111111111 0.06388888888888888 0.07291666666666667 0.0625 0.0625
0.06013071895424824 0.06339869281045739 0.06339869281045739 0.0594771241830064 0.0660130718954247 0.12614379084967298 0.06405228758169922 0.06470588235294103 0.06013071895424823 0.06535947712418289 0.0614379084967319 0.06078431372549007 0.06274509803921556 0.0614379084967319 0.06078431372549007
0.08209876543209872 0.10864197530864186 0.05925925925925915 0.05864197530864187 0.058024691358024585 0.05925925925925914 0.061728395061728294 0.06358024691358015 0.06049382716049371 0.06111111111111099 0.06790123456790109 0.06049382716049371 0.05864197530864187 0.0814814814814814 0.058641975308641854
0.07345679012345667 0.06234567901234556 0.06728395061728382 0.07283950617283938 0.06604938271604928 0.06604938271604928 0.06604938271604928 0.06604938271604928 0.07098765432098754 0.06419753086419742 0.06790123456790113 0.0691358024691357 0.06481481481481471 0.06234567901234555 0.06049382716049371
0.08055555555555546 0.06055555555555548 0.0549999999999999 0.06444444444444436 0.06777777777777766 0.05888888888888881 0.061666666666666585 0.05611111111111101 0.0627777777777777 0.06388888888888881 0.0627777777777777 0.05944444444444436 0.06444444444444436 0.125 0.056666666666666574
0.0614379084967319 0.06535947712418289 0.07189542483660118 0.06209150326797373 0.06928104575163384 0.08562091503267957 0.06535947712418287 0.060784313725490056 0.06928104575163385 0.06797385620915021 0.06470588235294106 0.0614379084967319 0.06535947712418289 0.059477124183006415 0.06993464052287567
