0.0543859649122807 0.05321637426900586 0.19122807017543866 0.07543859649122803 0.052631578947368425 0.052631578947368425 0.07309941520467843 0.052631578947368425 0.05321637426900585 0.055555555555555546 0.05380116959064327 0.0690058479532163 0.05497076023391812 0.05555555555555555 0.052631578947368425
0.07013888888888889 0.06458333333333334 0.06388888888888888 0.06458333333333334 0.06666666666666667 0.0625 0.07708333333333334 0.06458333333333334 0.06597222222222222 0.07291666666666667 0.06388888888888888 0.06597222222222222 0.06805555555555555 0.06319444444444444 0.06597222222222222
0.0577777777777777 0.06166666666666658 0.0688888888888888 0.19055555555555545 0.056666666666666574 0.05111111111111103 0.05722222222222214 0.05666666666666657 0.0549999999999999 0.0577777777777777 0.05555555555555547 0.06111111111111101 0.058333333333333244 0.05666666666666658 0.05499999999999993
0.05555555555555545 0.05555555555555545 0.08456790123456782 0.18518518518518487 0.05617283950617273 0.05555555555555545 0.05617283950617273 0.05617283950617273 0.05617283950617273 0.0574074074074073 0.05679012345679001 0.05617283950617273 0.05617283950617273 0.05679012345679001 0.05555555555555545
0.0908496732026142 0.06013071895424824 0.06013071895424824 0.06470588235294103 0.11111111111111087 0.05882352941176457 0.06339869281045739 0.0594771241830064 0.06078431372549008 0.06274509803921555 0.06078431372549007 0.06013071895424823 0.06535947712418289 0.060784313725490056 0.06078431372549007
0.0625 0.06319444444444444 0.0875 0.09861111111111111 0.0625 0.0625 0.0625 0.0625 0.0625 0.0625 0.0625 0.06319444444444444 0.0625 0.0625 0.0625
0.06319444444444444 0.06319444444444444 0.0625 0.11805555555555555 0.0625 0.0625 0.06319444444444444 0.0625 0.06319444444444444 0.06319444444444444 0.0625 0.06319444444444444 0.06388888888888888 0.0625 0.06388888888888888
0.06419753086419742 0.06049382716049371 0.05617283950617273 0.1641975308641973 0.05987654320987642 0.05555555555555545 0.061728395061728274 0.06049382716049372 0.05802469135802457 0.05617283950617273 0.05864197530864187 0.06913580246913568 0.058024691358024585 0.05987654320987644 0.05740740740740729
0.06666666666666653 0.07058823529411751 0.0614379084967319 0.09999999999999987 0.06274509803921557 0.060784313725490056 0.068627450980392 0.06209150326797371 0.06209150326797371 0.06274509803921555 0.06274509803921556 0.06535947712418289 0.06601307189542469 0.06339869281045737 0.06470588235294103
0.06319444444444444 0.06319444444444444 0.06458333333333334 0.11388888888888889 0.0625 0.0625 0.06388888888888888 0.0625 0.0625 0.0625 0.06388888888888888 0.06319444444444444 0.06388888888888888 0.06319444444444444 0.06458333333333334
0.05000000000000001 0.04898989898989899 0.04949494949494951 0.04898989898989899 0.06313131313131319 0.05101010101010102 0.0545454545454546 0.14343434343434358 0.11666666666666677 0.048989898989899 0.04797979797979796 0.04797979797979798 0.05151515151515154 0.057070707070707105 0.12020202020202023
0.058641975308641854 0.06604938271604927 0.05802469135802457 0.08888888888888871 0.05617283950617273 0.11296296296296274 0.05617283950617273 0.05617283950617273 0.05555555555555545 0.05679012345679001 0.05617283950617273 0.06851851851851837 0.058024691358024585 0.09629629629629613 0.05555555555555545
0.06975308641975296 0.07345679012345666 0.06975308641975297 0.06913580246913566 0.059876543209876426 0.058641975308641854 0.06419753086419742 0.05679012345679001 0.061728395061728274 0.07654320987654308 0.058024691358024585 0.05925925925925915 0.10308641975308627 0.061728395061728274 0.05802469135802457
0.053968253968253894 0.05343915343915337 0.15449735449735436 0.053439153439153356 0.051322751322751256 0.04920634920634913 0.05502645502645495 0.15026455026455016 0.05132275132275125 0.053968253968253894 0.0539682539682539 0.06031746031746026 0.05714285714285708 0.051322751322751256 0.05079365079365071
0.06339869281045739 0.06470588235294103 0.07843137254901948 0.06470588235294104 0.06862745098039202 0.06339869281045739 0.06339869281045739 0.06013071895424824 0.06732026143790835 0.06339869281045739 0.06339869281045737 0.06013071895424824 0.06535947712418289 0.06732026143790834 0.08627450980392141
0.062091503267973726 0.0614379084967319 0.06013071895424824 0.06209150326797371 0.0660130718954247 0.0594771241830064 0.062091503267973726 0.06078431372549007 0.062091503267973726 0.09281045751633972 0.08496732026143773 0.06339869281045737 0.0633986928104574 0.07189542483660118 0.06732026143790835
0.09494949494949495 0.11919191919191921 0.06313131313131316 0.059090909090909145 0.048989898989899 0.045454545454545435 0.04797979797979798 0.04595959595959594 0.04696969696969695 0.11262626262626271 0.06818181818181823 0.06565656565656579 0.04797979797979798 0.08535353535353538 0.04848484848484849
0.05333333333333324 0.05277777777777769 0.053333333333333253 0.06166666666666658 0.058333333333333244 0.05111111111111103 0.0549999999999999 0.05055555555555547 0.0577777777777777 0.07277777777777768 0.07666666666666656 0.05222222222222213 0.05722222222222215 0.1622222222222223 0.08499999999999988
0.05617283950617273 0.05617283950617273 0.0672839506172838 0.05617283950617273 0.061111111111111005 0.05555555555555545 0.05740740740740729 0.05555555555555545 0.05802469135802457 0.05617283950617273 0.05617283950617273 0.05679012345679001 0.191975308641975 0.05617283950617273 0.05925925925925915
0.05438596491228071 0.053801169590643266 0.05497076023391812 0.054970760233918115 0.05497076023391813 0.05321637426900585 0.053801169590643266 0.05321637426900586 0.05438596491228071 0.07953216374269005 0.17894736842105255 0.053801169590643266 0.08771929824561406 0.05555555555555554 0.05672514619883039
0.05882352941176457 0.0594771241830064 0.0594771241830064 0.06078431372549007 0.06013071895424824 0.05882352941176457 0.05882352941176457 0.05882352941176457 0.05882352941176457 0.072549019607843 0.15620915032679716 0.05882352941176457 0.05882352941176457 0.06078431372549007 0.05882352941176457
0.05555555555555554 0.05497076023391812 0.056725146198830394 0.05789473684210526 0.0994152046783626 0.05614035087719297 0.07602339181286549 0.054970760233918115 0.07719298245614034 0.056725146198830415 0.10760233918128653 0.06140350877192977 0.055555555555555546 0.06900584795321638 0.0608187134502924
0.06527777777777778 0.06319444444444444 0.06388888888888888 0.06597222222222222 0.0625 0.0625 0.08958333333333333 0.0625 0.0625 0.06736111111111111 0.0625 0.08194444444444444 0.06458333333333334 0.06319444444444444 0.0625
0.0625 0.0625 0.0625 0.0625 0.0625 0.0625 0.06319444444444444 0.0625 0.0625 0.0625 0.0625 0.0625 0.12430555555555556 0.0625 0.0625
0.06013071895424824 0.06013071895424823 0.06078431372549007 0.061437908496731884 0.06274509803921555 0.06013071895424824 0.0705882352941175 0.05882352941176457 0.07973856209150311 0.060784313725490056 0.11568627450980369 0.06405228758169922 0.0594771241830064 0.0633986928104574 0.062091503267973726
0.06597222222222222 0.06458333333333334 0.07708333333333334 0.06875 0.06666666666666667 0.06458333333333334 0.06458333333333334 0.06388888888888888 0.06597222222222222 0.06597222222222222 0.06527777777777778 0.06597222222222222 0.06388888888888888 0.06666666666666667 0.07013888888888889
0.05079365079365071 0.052910052910052824 0.04973544973544967 0.051851851851851774 0.060846560846560746 0.04761904761904755 0.07566137566137555 0.04973544973544967 0.12592592592592583 0.04920634920634914 0.05132275132275124 0.051851851851851774 0.05026455026455019 0.05502645502645495 0.17724867724867696
0.0625 0.0625 0.0625 0.0625 0.0625 0.0625 0.0625 0.12430555555555556 0.0625 0.0625 0.06319444444444444 0.0625 0.0625 0.0625 0.0625
0.04999999999999991 0.05111111111111102 0.05166666666666658 0.05166666666666658 0.052222222222222135 0.050555555555555465 0.05055555555555547 0.2505555555555556 0.0894444444444443 0.05055555555555547 0.050555555555555465 0.050555555555555465 0.05055555555555547 0.04999999999999991 0.04999999999999991
0.12055555555555557 0.05666666666666658 0.061666666666666585 0.0716666666666666 0.05722222222222215 0.05444444444444436 0.058888888888888796 0.053333333333333253 0.05611111111111102 0.10555555555555547 0.06222222222222214 0.05888888888888879 0.0722222222222221 0.05555555555555547 0.0549999999999999
0.06388888888888888 0.0625 0.06319444444444444 0.06319444444444444 0.0625 0.0625 0.09097222222222222 0.0625 0.06319444444444444 0.06319444444444444 0.075 0.0625 0.07847222222222222 0.06319444444444444 0.06319444444444444
0.06319444444444444 0.06319444444444444 0.06388888888888888 0.06319444444444444 0.06736111111111111 0.0625 0.06319444444444444 0.0625 0.0625 0.06388888888888888 0.06319444444444444 0.0625 0.11388888888888889 0.0625 0.0625
0.05864197530864187 0.05617283950617273 0.05864197530864187 0.05555555555555545 0.05617283950617273 0.05555555555555545 0.11049382716049364 0.05555555555555545 0.05617283950617273 0.05617283950617273 0.05679012345679001 0.05555555555555545 0.15308641975308618 0.059876543209876426 0.05555555555555545
0.04722222222222218 0.05324074074074074 0.04907407407407407 0.24861111111111103 0.04861111111111111 0.049537037037037025 0.051388888888888866 0.04398148148148143 0.047685185185185136 0.0444444444444444 0.04722222222222218 0.05138888888888889 0.059722222222222295 0.10555555555555557 0.05231481481481479
0.053439153439153356 0.06507936507936499 0.051322751322751256 0.04973544973544967 0.05132275132275125 0.09100529100529088 0.050793650793650724 0.04920634920634913 0.050264550264550185 0.048677248677248604 0.051322751322751256 0.1296296296296295 0.07883597883597875 0.12751322751322744 0.05185185185185177
0.11616161616161627 0.05151515151515154 0.04949494949494951 0.052525252525252544 0.1964646464646464 0.04696969696969696 0.07525252525252529 0.04797979797979798 0.05050505050505051 0.05000000000000002 0.04797979797979798 0.06717171717171726 0.05 0.04848484848484848 0.04949494949494949
0.04133333333333336 0.04133333333333337 0.04133333333333337 0.04266666666666669 0.04133333333333336 0.045333333333333364 0.07866666666666672 0.04088888888888891 0.0417777777777778 0.24355555555555533 0.0626666666666667 0.08266666666666674 0.04222222222222225 0.11333333333333333 0.04088888888888891
0.05611111111111102 0.05444444444444435 0.05111111111111103 0.05111111111111103 0.06333333333333324 0.05222222222222214 0.09444444444444439 0.05111111111111103 0.05944444444444436 0.05166666666666658 0.05277777777777769 0.05722222222222216 0.06611111111111101 0.15333333333333335 0.08555555555555545
0.059649122807017514 0.061403508771929835 0.05730994152046782 0.05847953216374267 0.06315789473684208 0.0543859649122807 0.06257309941520466 0.05614035087719296 0.05847953216374267 0.08011695906432749 0.08304093567251461 0.05789473684210526 0.06374269005847946 0.12222222222222211 0.06140350877192979
0.12361111111111112 0.0625 0.0625 0.0625 0.0625 0.0625 0.0625 0.0625 0.0625 0.0625 0.0625 0.06319444444444444 0.0625 0.0625 0.06319444444444444
0.06535947712418289 0.061437908496731884 0.062091503267973726 0.0594771241830064 0.0614379084967319 0.05882352941176457 0.07450980392156849 0.06013071895424824 0.06078431372549007 0.09803921568627434 0.08758169934640503 0.0633986928104574 0.06405228758169923 0.06405228758169922 0.05882352941176457
0.06049382716049371 0.05740740740740729 0.05864197530864187 0.06913580246913567 0.058641975308641854 0.05864197530864187 0.059876543209876426 0.05987654320987642 0.05679012345679002 0.058641975308641854 0.16358024691358003 0.05864197530864187 0.06049382716049372 0.058641975308641854 0.06049382716049371
0.05617283950617273 0.05617283950617273 0.05679012345679001 0.05740740740740729 0.05617283950617273 0.05617283950617273 0.08518518518518504 0.05555555555555545 0.05740740740740729 0.08024691358024678 0.08580246913580232 0.05802469135802457 0.12345679012345658 0.05925925925925915 0.05617283950617273
0.06736111111111111 0.06319444444444444 0.06458333333333334 0.06458333333333334 0.06458333333333334 0.06388888888888888 0.06597222222222222 0.0625 0.06388888888888888 0.06319444444444444 0.0625 0.06388888888888888 0.09861111111111111 0.06805555555555555 0.06319444444444444
0.14021164021164004 0.07407407407407399 0.05343915343915337 0.05291005291005284 0.053439153439153356 0.051322751322751256 0.06243386243386234 0.056084656084656015 0.08042328042328037 0.05449735449735442 0.053968253968253894 0.05873015873015866 0.09365079365079355 0.05502645502645494 0.059788359788359724
0.06358024691358012 0.06666666666666655 0.0950617283950616 0.06049382716049372 0.06296296296296286 0.05925925925925915 0.05925925925925915 0.07283950617283938 0.06851851851851841 0.06666666666666655 0.07407407407407393 0.06296296296296285 0.06543209876543198 0.05925925925925914 0.06296296296296283
0.052525252525252565 0.06717171717171724 0.06464646464646472 0.05202020202020206 0.055555555555555594 0.04848484848484847 0.053030303030303066 0.04949494949494951 0.12424242424242433 0.0494949494949495 0.05050505050505052 0.052525252525252544 0.054040404040404055 0.05252525252525256 0.1737373737373737
0.0625 0.06388888888888888 0.0625 0.0625 0.06458333333333334 0.0625 0.09375 0.08125 0.06319444444444444 0.06388888888888888 0.06319444444444444 0.06736111111111111 0.06319444444444444 0.0625 0.06319444444444444
0.05555555555555545 0.05864197530864187 0.06666666666666654 0.058641975308641854 0.10617283950617264 0.05679012345679001 0.059876543209876426 0.05555555555555545 0.05679012345679001 0.05740740740740729 0.05679012345679002 0.05740740740740729 0.139506172839506 0.05802469135802457 0.05617283950617273
0.06319444444444444 0.0625 0.06388888888888888 0.0625 0.10972222222222222 0.06388888888888888 0.06319444444444444 0.0625 0.0625 0.06319444444444444 0.0625 0.0625 0.07222222222222222 0.0625 0.06319444444444444
0.05438596491228068 0.05614035087719299 0.1064327485380117 0.052631578947368425 0.0590643274853801 0.052631578947368425 0.05497076023391812 0.052631578947368425 0.11754385964912276 0.054970760233918115 0.05321637426900586 0.05438596491228069 0.05321637426900586 0.09356725146198835 0.08421052631578951
0.05666666666666658 0.07944444444444436 0.054999999999999924 0.05333333333333324 0.06555555555555545 0.05999999999999991 0.052222222222222135 0.05111111111111103 0.17555555555555555 0.0527777777777777 0.05555555555555547 0.05444444444444434 0.053888888888888806 0.05444444444444436 0.07999999999999989
0.06597222222222222 0.06805555555555555 0.06597222222222222 0.06458333333333334 0.06736111111111111 0.06458333333333334 0.06597222222222222 0.06666666666666667 0.07083333333333333 0.06527777777777778 0.06597222222222222 0.06527777777777778 0.06944444444444445 0.06666666666666667 0.06736111111111111
0.04230769230769227 0.05598290598290593 0.058974358974358945 0.042307692307692275 0.17820512820512796 0.1038461538461537 0.043589743589743546 0.04786324786324783 0.04572649572649571 0.05042735042735037 0.143162393162393 0.04188034188034185 0.042735042735042694 0.04145299145299142 0.06153846153846148
0.08787878787878788 0.04848484848484849 0.05050505050505053 0.04797979797979798 0.047474747474747475 0.045454545454545435 0.08838383838383837 0.04696969696969696 0.04696969696969696 0.06616161616161617 0.07171717171717178 0.09898989898989906 0.15454545454545457 0.05101010101010104 0.04747474747474746
0.05888888888888881 0.07388888888888884 0.055555555555555476 0.05777777777777768 0.13388888888888892 0.05166666666666658 0.058333333333333244 0.0549999999999999 0.07277777777777768 0.05611111111111102 0.05611111111111102 0.05777777777777769 0.06777777777777766 0.0577777777777777 0.08666666666666657
0.05555555555555566 0.06859903381642521 0.22318840579710136 0.06666666666666675 0.06183574879227063 0.044444444444444516 0.05942028985507255 0.04637681159420297 0.048792270531401054 0.0468599033816426 0.046376811594202975 0.061352657004831 0.05362318840579718 0.061352657004831015 0.05555555555555564
0.045454545454545435 0.057575757575757634 0.05202020202020205 0.047474747474747475 0.09242424242424241 0.07575757575757577 0.04696969696969695 0.0919191919191919 0.1939393939393939 0.04797979797979797 0.04696969696969696 0.052020202020202036 0.05000000000000001 0.0494949494949495 0.05000000000000001
0.035416666666666666 0.03229166666666667 0.042708333333333334 0.03263888888888889 0.035069444444444445 0.040625 0.035069444444444445 0.03229166666666667 0.2170138888888889 0.04652777777777778 0.06736111111111111 0.034027777777777775 0.1753472222222222 0.13993055555555556 0.033680555555555554
0.054273504273504226 0.06282051282051276 0.1867521367521365 0.05085470085470082 0.05470085470085465 0.04102564102564099 0.07350427350427347 0.043589743589743546 0.056837606837606795 0.04871794871794867 0.05085470085470082 0.07008547008547006 0.11282051282051267 0.04700854700854696 0.046153846153846115
0.06013071895424824 0.05882352941176457 0.06013071895424823 0.05882352941176457 0.06732026143790835 0.05882352941176457 0.06013071895424823 0.05882352941176457 0.06535947712418287 0.0594771241830064 0.05882352941176457 0.05882352941176457 0.06013071895424824 0.05882352941176457 0.15555555555555534
0.053801169590643266 0.05321637426900585 0.052631578947368425 0.052631578947368425 0.06315789473684208 0.052631578947368425 0.05672514619883039 0.052631578947368425 0.057309941520467804 0.12807017543859633 0.0812865497076023 0.053801169590643266 0.052631578947368425 0.05497076023391812 0.134502923976608
0.06388888888888888 0.0625 0.0625 0.06458333333333334 0.06388888888888888 0.0625 0.11527777777777778 0.06458333333333334 0.0625 0.06319444444444444 0.0625 0.0625 0.0625 0.0625 0.06458333333333334
0.05679012345679001 0.05740740740740729 0.05679012345679001 0.20802469135802437 0.058024691358024585 0.05617283950617273 0.05555555555555545 0.05617283950617273 0.05617283950617273 0.05555555555555545 0.05555555555555545 0.05740740740740729 0.0574074074074073 0.05555555555555545 0.05740740740740729
0.054629629629629646 0.044907407407407354 0.04351851851851846 0.044444444444444384 0.055555555555555566 0.04212962962962957 0.06620370370370374 0.04305555555555549 0.05879629629629631 0.044444444444444384 0.04305555555555549 0.10648148148148145 0.0444444444444444 0.10787037037037035 0.200462962962963
0.06013071895424824 0.06013071895424823 0.06013071895424824 0.06013071895424824 0.06078431372549007 0.05882352941176457 0.11633986928104553 0.059477124183006415 0.059477124183006415 0.0594771241830064 0.05882352941176457 0.06013071895424823 0.06013071895424824 0.10457516339869262 0.0614379084967319
0.06805555555555555 0.06319444444444444 0.06319444444444444 0.07847222222222222 0.0625 0.0625 0.07708333333333334 0.06319444444444444 0.06388888888888888 0.06944444444444445 0.06319444444444444 0.06388888888888888 0.07152777777777777 0.06527777777777778 0.06458333333333334
0.06666666666666667 0.06666666666666667 0.06388888888888888 0.07152777777777777 0.07708333333333334 0.0625 0.06666666666666667 0.06527777777777778 0.06458333333333334 0.06527777777777778 0.0625 0.06458333333333334 0.07083333333333333 0.06319444444444444 0.06875
0.06732026143790837 0.059477124183006415 0.061437908496731884 0.06013071895424824 0.0679738562091502 0.05882352941176457 0.06405228758169922 0.05882352941176457 0.07189542483660118 0.0614379084967319 0.062091503267973726 0.0640522875816992 0.06601307189542469 0.0594771241830064 0.11699346405228739
0.052222222222222135 0.05333333333333324 0.05277777777777769 0.05166666666666658 0.1055555555555554 0.052222222222222135 0.05611111111111103 0.052222222222222135 0.15611111111111123 0.05166666666666658 0.10222222222222209 0.053333333333333253 0.05444444444444435 0.05222222222222214 0.0538888888888888
0.0625 0.0625 0.06319444444444444 0.0625 0.0625 0.0625 0.0625 0.0625 0.06319444444444444 0.0625 0.0625 0.0625 0.12222222222222222 0.06319444444444444 0.06319444444444444
0.06081871345029239 0.08654970760233917 0.054970760233918115 0.0760233918128655 0.054970760233918115 0.1099415204678362 0.07894736842105257 0.058479532163742666 0.0567251461988304 0.056725146198830415 0.05614035087719298 0.0777777777777778 0.057309941520467825 0.056725146198830415 0.05789473684210526
0.09356725146198826 0.05497076023391813 0.05789473684210526 0.05964912280701754 0.060233918128654945 0.05497076023391814 0.06198830409356721 0.05614035087719297 0.0584795321637427 0.060233918128654924 0.057309941520467804 0.059649122807017514 0.14736842105263143 0.05847953216374265 0.0590643274853801
0.05666666666666658 0.11222222222222224 0.05444444444444436 0.054999999999999924 0.0538888888888888 0.14388888888888887 0.07111111111111104 0.05611111111111102 0.055555555555555476 0.056666666666666594 0.05166666666666658 0.06444444444444432 0.0527777777777777 0.059999999999999894 0.05555555555555547
0.054970760233918115 0.18421052631578955 0.05438596491228071 0.06257309941520463 0.052631578947368425 0.05321637426900585 0.05497076023391812 0.05321637426900585 0.05321637426900584 0.052631578947368425 0.053801169590643266 0.07543859649122796 0.052631578947368425 0.0888888888888889 0.05321637426900585
0.0660130718954247 0.0614379084967319 0.06274509803921556 0.06274509803921556 0.060784313725490056 0.0594771241830064 0.08758169934640506 0.07843137254901945 0.06535947712418286 0.06078431372549007 0.06078431372549007 0.08758169934640511 0.06470588235294106 0.062091503267973726 0.0594771241830064
0.05987654320987642 0.08271604938271593 0.06296296296296285 0.14567901234567876 0.05987654320987642 0.05740740740740729 0.0574074074074073 0.05864197530864187 0.05925925925925915 0.05679012345679001 0.05617283950617273 0.06481481481481469 0.061728395061728274 0.05864197530864187 0.058024691358024585
0.0660130718954247 0.06274509803921555 0.10980392156862726 0.06405228758169923 0.061437908496731905 0.060784313725490056 0.06993464052287568 0.06013071895424823 0.06470588235294103 0.06013071895424824 0.06078431372549008 0.06470588235294103 0.06274509803921555 0.0699346405228757 0.06209150326797373
0.06319444444444444 0.06388888888888888 0.0625 0.0625 0.07430555555555556 0.0625 0.06527777777777778 0.0625 0.06736111111111111 0.0625 0.0625 0.0625 0.0625 0.06388888888888888 0.10208333333333333
0.06805555555555555 0.06597222222222222 0.06597222222222222 0.06388888888888888 0.06597222222222222 0.06458333333333334 0.07222222222222222 0.06319444444444444 0.07152777777777777 0.06527777777777778 0.06666666666666667 0.06597222222222222 0.06597222222222222 0.06458333333333334 0.07013888888888889
0.0625 0.06388888888888888 0.06666666666666667 0.06319444444444444 0.06319444444444444 0.0625 0.06458333333333334 0.0625 0.0625 0.06319444444444444 0.06319444444444444 0.06388888888888888 0.11180555555555556 0.06319444444444444 0.06319444444444444
0.0543859649122807 0.0584795321637427 0.05321637426900584 0.052631578947368425 0.052631578947368425 0.15730994152046754 0.09064327485380123 0.0543859649122807 0.05380116959064329 0.052631578947368425 0.05321637426900584 0.05614035087719296 0.06374269005847946 0.09239766081871346 0.05438596491228069
0.046759259259259216 0.06435185185185185 0.045833333333333275 0.050925925925925916 0.04722222222222218 0.2027777777777778 0.048148148148148155 0.04351851851851848 0.14768518518518517 0.048148148148148114 0.0458333333333333 0.054629629629629674 0.04629629629629626 0.0513888888888889 0.056481481481481466
0.04797979797979797 0.04646464646464645 0.04696969696969696 0.047474747474747475 0.05505050505050508 0.06919191919191921 0.048989898989899 0.09191919191919189 0.18030303030303024 0.04595959595959594 0.04696969696969696 0.04797979797979798 0.04747474747474746 0.10505050505050512 0.07222222222222226
0.05111111111111103 0.05111111111111103 0.15555555555555572 0.05444444444444436 0.09944444444444434 0.04999999999999991 0.053333333333333253 0.05111111111111103 0.05111111111111103 0.07555555555555546 0.07555555555555545 0.05111111111111103 0.07666666666666656 0.0527777777777777 0.05111111111111102
0.06172839506172829 0.05679012345679002 0.06358024691358014 0.06234567901234555 0.15987654320987632 0.05802469135802459 0.06543209876543198 0.05617283950617273 0.05802469135802457 0.05925925925925915 0.05740740740740729 0.05987654320987644 0.06543209876543198 0.05925925925925915 0.05679012345679001
0.05722222222222214 0.05444444444444436 0.07444444444444434 0.0538888888888888 0.20111111111111085 0.07666666666666655 0.05222222222222213 0.06222222222222214 0.05222222222222214 0.0527777777777777 0.05166666666666657 0.05111111111111103 0.053888888888888806 0.05333333333333324 0.05277777777777769
0.05555555555555559 0.05202020202020205 0.05959595959595966 0.055555555555555594 0.06060606060606066 0.08787878787878788 0.05959595959595964 0.05101010101010102 0.06161616161616165 0.07070707070707077 0.061111111111111144 0.06666666666666672 0.15404040404040414 0.04898989898989899 0.055050505050505086
0.04696969696969696 0.04595959595959594 0.04646464646464645 0.04696969696969696 0.15050505050505059 0.045454545454545435 0.04797979797979797 0.045454545454545435 0.05151515151515153 0.12878787878787887 0.10353535353535363 0.046464646464646445 0.04848484848484848 0.07424242424242428 0.07121212121212127
0.08444444444444432 0.05166666666666658 0.05055555555555547 0.05111111111111102 0.10888888888888876 0.04999999999999991 0.058333333333333244 0.052222222222222135 0.05166666666666658 0.05111111111111103 0.052222222222222135 0.16277777777777788 0.05277777777777769 0.062222222222222116 0.05999999999999991
0.06608187134502923 0.05614035087719297 0.15614035087719286 0.07836257309941518 0.05555555555555557 0.05380116959064329 0.05906432748538007 0.055555555555555546 0.06198830409356724 0.0631578947368421 0.058479532163742666 0.0567251461988304 0.06666666666666661 0.05906432748538009 0.05321637426900585
0.04949494949494948 0.048989898989899 0.07525252525252528 0.04696969696969695 0.04696969696969696 0.04646464646464645 0.04595959595959594 0.18131313131313118 0.04595959595959594 0.06818181818181826 0.12727272727272737 0.04646464646464645 0.04696969696969696 0.07727272727272731 0.04646464646464645
0.06543209876543198 0.05925925925925914 0.10246913580246896 0.0604938271604937 0.07530864197530851 0.061111111111111005 0.06419753086419742 0.05925925925925915 0.05987654320987644 0.06049382716049371 0.07283950617283938 0.06234567901234556 0.06543209876543198 0.06975308641975297 0.06172839506172829
0.06405228758169922 0.062091503267973726 0.06078431372549007 0.06078431372549007 0.061437908496731884 0.0614379084967319 0.062091503267973726 0.062091503267973726 0.0594771241830064 0.0614379084967319 0.07385620915032666 0.1248366013071893 0.06078431372549007 0.0633986928104574 0.0614379084967319
0.17385620915032654 0.059477124183006415 0.05882352941176457 0.05882352941176457 0.05882352941176457 0.05882352941176457 0.05882352941176457 0.05882352941176457 0.05882352941176457 0.05882352941176457 0.059477124183006415 0.0594771241830064 0.059477124183006415 0.05882352941176457 0.05882352941176457
0.07037037037037036 0.053240740740740734 0.050462962962962946 0.055092592592592596 0.08796296296296288 0.04629629629629625 0.06481481481481487 0.050462962962962946 0.1148148148148149 0.049074074074074055 0.06250000000000001 0.07314814814814818 0.05324074074074076 0.11203703703703706 0.056481481481481466
0.050793650793650724 0.05132275132275124 0.0539682539682539 0.05343915343915337 0.05291005291005286 0.051851851851851774 0.05502645502645495 0.05767195767195758 0.20846560846560813 0.055555555555555476 0.05185185185185179 0.05449735449735441 0.055555555555555476 0.05343915343915337 0.09365079365079355
0.06736111111111111 0.07013888888888889 0.06597222222222222 0.06527777777777778 0.06875 0.06875 0.06736111111111111 0.06319444444444444 0.06597222222222222 0.06458333333333334 0.06666666666666667 0.06597222222222222 0.06805555555555555 0.06805555555555555 0.06388888888888888
0.06601307189542471 0.06078431372549007 0.05882352941176457 0.062091503267973726 0.062091503267973726 0.05882352941176457 0.06078431372549007 0.059477124183006415 0.0614379084967319 0.06339869281045737 0.12091503267973833 0.06535947712418287 0.07647058823529396 0.06339869281045739 0.06013071895424824
0.05388888888888881 0.052222222222222135 0.05444444444444436 0.05277777777777769 0.08277777777777769 0.05333333333333324 0.062222222222222116 0.05111111111111102 0.06444444444444436 0.08222222222222215 0.07333333333333321 0.05277777777777769 0.05277777777777769 0.10999999999999986 0.10166666666666661
0.07777777777777765 0.0604938271604937 0.05679012345679001 0.05679012345679001 0.06358024691358012 0.05555555555555545 0.06111111111111099 0.05555555555555545 0.06296296296296286 0.08086419753086407 0.08641975308641961 0.07530864197530854 0.05617283950617273 0.0574074074074073 0.09320987654320972
0.06388888888888888 0.06388888888888888 0.09513888888888888 0.06458333333333334 0.06319444444444444 0.06319444444444444 0.06319444444444444 0.06388888888888888 0.0625 0.06458333333333334 0.06319444444444444 0.0625 0.08125 0.0625 0.0625
0.09824561403508773 0.059064327485380125 0.06315789473684204 0.1187134502923976 0.06257309941520466 0.053801169590643266 0.06315789473684207 0.0543859649122807 0.056725146198830394 0.06725146198830402 0.05497076023391813 0.0596491228070175 0.07309941520467837 0.05730994152046782 0.05789473684210524
0.06319444444444444 0.0625 0.0625 0.10347222222222222 0.0625 0.0625 0.07152777777777777 0.0625 0.0625 0.07152777777777777 0.06388888888888888 0.0625 0.0625 0.06319444444444444 0.06319444444444444
0.06013071895424824 0.06274509803921555 0.06013071895424824 0.06013071895424824 0.06013071895424824 0.11372549019607821 0.06013071895424823 0.06013071895424823 0.06274509803921555 0.0614379084967319 0.08954248366013058 0.062091503267973726 0.06535947712418286 0.061437908496731905 0.06013071895424824
0.06458333333333334 0.0625 0.0625 0.0625 0.07361111111111111 0.0625 0.06736111111111111 0.0625 0.06875 0.06319444444444444 0.0625 0.0625 0.06319444444444444 0.0625 0.09930555555555555
0.12430555555555556 0.0625 0.0625 0.0625 0.0625 0.0625 0.0625 0.06319444444444444 0.0625 0.0625 0.0625 0.0625 0.0625 0.0625 0.0625
0.05888888888888881 0.055555555555555476 0.0799999999999999 0.07833333333333325 0.05611111111111101 0.05444444444444435 0.0705555555555555 0.06555555555555546 0.05611111111111102 0.06666666666666657 0.06444444444444436 0.0649999999999999 0.09777777777777777 0.06722222222222213 0.06333333333333323
0.06013071895424823 0.060784313725490056 0.06535947712418286 0.0614379084967319 0.06405228758169922 0.05882352941176457 0.06013071895424823 0.06078431372549007 0.05882352941176457 0.060784313725490056 0.0594771241830064 0.05882352941176457 0.14967320261437891 0.06078431372549007 0.06013071895424823
0.08128654970760228 0.06432748538011694 0.061988304093567224 0.0912280701754386 0.06257309941520464 0.0549707602339181 0.06783625730994149 0.05555555555555554 0.06081871345029236 0.06666666666666667 0.059649122807017535 0.09649122807017542 0.06315789473684205 0.05906432748538009 0.05438596491228069
0.06458333333333334 0.06388888888888888 0.06319444444444444 0.07013888888888889 0.06736111111111111 0.06388888888888888 0.06666666666666667 0.06458333333333334 0.06319444444444444 0.0625 0.06319444444444444 0.06597222222222222 0.08819444444444445 0.06736111111111111 0.06527777777777778
0.06358024691358015 0.06481481481481469 0.09320987654320972 0.06358024691358012 0.059876543209876426 0.08580246913580233 0.06604938271604929 0.05925925925925915 0.06666666666666655 0.06234567901234555 0.059876543209876426 0.06296296296296285 0.06234567901234556 0.06604938271604927 0.06358024691358014
0.057575757575757606 0.12272727272727287 0.05101010101010104 0.09343434343434347 0.05151515151515153 0.05707070707070709 0.06010101010101017 0.04999999999999998 0.09343434343434348 0.09949494949494953 0.05858585858585865 0.05202020202020205 0.05151515151515154 0.052525252525252544 0.04898989898989899
0.0594771241830064 0.05882352941176457 0.06013071895424823 0.06732026143790837 0.060784313725490056 0.06013071895424824 0.06078431372549007 0.0594771241830064 0.059477124183006415 0.06013071895424823 0.0594771241830064 0.060784313725490056 0.14901960784313703 0.0614379084967319 0.06274509803921556
0.09999999999999998 0.09747474747474756 0.057070707070707126 0.0742424242424243 0.05454545454545456 0.05151515151515153 0.059595959595959654 0.05202020202020205 0.05555555555555557 0.06666666666666674 0.11212121212121227 0.055050505050505086 0.056060606060606116 0.05757575757575762 0.05050505050505053
0.10061728395061714 0.06666666666666653 0.06234567901234556 0.05987654320987642 0.05802469135802457 0.05555555555555545 0.0864197530864196 0.05679012345679001 0.0641975308641974 0.06234567901234556 0.0574074074074073 0.09506172839506166 0.05864197530864187 0.05802469135802457 0.05802469135802457
0.06944444444444445 0.06666666666666667 0.06875 0.06597222222222222 0.06736111111111111 0.06319444444444444 0.06458333333333334 0.06388888888888888 0.06736111111111111 0.07291666666666667 0.06527777777777778 0.06597222222222222 0.06736111111111111 0.06666666666666667 0.06458333333333334
0.08654970760233914 0.06257309941520466 0.0614035087719298 0.0543859649122807 0.05380116959064329 0.05321637426900584 0.0543859649122807 0.05321637426900586 0.060233918128654945 0.15146198830409335 0.0690058479532163 0.07602339181286549 0.053801169590643266 0.05380116959064327 0.05614035087719297
0.0649122807017544 0.05964912280701754 0.10760233918128649 0.06315789473684211 0.06257309941520463 0.07543859649122807 0.06023391812865494 0.05730994152046784 0.06140350877192979 0.07192982456140348 0.06549707602339178 0.06432748538011691 0.07017543859649124 0.057309941520467825 0.058479532163742666
0.06535947712418289 0.06274509803921556 0.061437908496731905 0.059477124183006415 0.0771241830065358 0.06013071895424824 0.06405228758169924 0.062091503267973726 0.062091503267973726 0.06013071895424824 0.06797385620915021 0.10784313725490176 0.06405228758169922 0.062091503267973726 0.06339869281045737
0.06013071895424823 0.08300653594771226 0.0594771241830064 0.1385620915032678 0.05882352941176457 0.059477124183006415 0.05882352941176457 0.0594771241830064 0.0594771241830064 0.0594771241830064 0.059477124183006415 0.06535947712418286 0.05882352941176457 0.06013071895424824 0.0594771241830064
0.06296296296296285 0.05925925925925916 0.06851851851851841 0.1074074074074072 0.06358024691358014 0.05987654320987642 0.06358024691358012 0.05925925925925915 0.06481481481481469 0.06419753086419742 0.061111111111111005 0.06419753086419742 0.07037037037037025 0.06851851851851838 0.062345679012345584
0.0625 0.0625 0.0625 0.12013888888888889 0.0625 0.06319444444444444 0.0625 0.0625 0.06319444444444444 0.0625 0.06319444444444444 0.0625 0.06388888888888888 0.0625 0.06388888888888888
0.06944444444444445 0.06458333333333334 0.06527777777777778 0.0625 0.06458333333333334 0.0625 0.07152777777777777 0.0625 0.06388888888888888 0.06458333333333334 0.06527777777777778 0.07430555555555556 0.06736111111111111 0.07777777777777778 0.06388888888888888
0.06209150326797373 0.08431372549019592 0.061437908496731905 0.08562091503267959 0.06274509803921556 0.06274509803921556 0.06405228758169922 0.06013071895424824 0.06339869281045739 0.06928104575163385 0.06078431372549007 0.06339869281045737 0.0699346405228757 0.06470588235294103 0.06535947712418287
0.0625 0.06319444444444444 0.06388888888888888 0.11944444444444445 0.0625 0.0625 0.0625 0.0625 0.06458333333333334 0.0625 0.06388888888888888 0.0625 0.0625 0.0625 0.0625
0.10972222222222222 0.06458333333333334 0.0625 0.06388888888888888 0.06388888888888888 0.06388888888888888 0.06388888888888888 0.06319444444444444 0.06319444444444444 0.06458333333333334 0.06319444444444444 0.06458333333333334 0.06319444444444444 0.0625 0.06319444444444444
0.0627777777777777 0.057222222222222126 0.05444444444444438 0.05777777777777769 0.05444444444444437 0.05055555555555547 0.0755555555555555 0.11055555555555543 0.056666666666666574 0.05944444444444436 0.059444444444444335 0.13944444444444443 0.05277777777777769 0.05555555555555548 0.05333333333333323
0.06875 0.06388888888888888 0.06458333333333334 0.06666666666666667 0.06388888888888888 0.06319444444444444 0.075 0.06388888888888888 0.06527777777777778 0.06875 0.06736111111111111 0.07430555555555556 0.06527777777777778 0.06527777777777778 0.06388888888888888
0.06944444444444445 0.06805555555555555 0.06805555555555555 0.06597222222222222 0.06527777777777778 0.06388888888888888 0.06458333333333334 0.06319444444444444 0.07083333333333333 0.06944444444444445 0.06527777777777778 0.06666666666666667 0.06805555555555555 0.06458333333333334 0.06666666666666667
0.07307692307692297 0.058974358974358945 0.04017094017094014 0.2931623931623933 0.04358974358974356 0.03846153846153842 0.051282051282051266 0.04102564102564099 0.046581196581196554 0.039316239316239274 0.04316239316239311 0.1055555555555555 0.045299145299145256 0.039316239316239274 0.041025641025640984
0.06597222222222222 0.06388888888888888 0.0625 0.11388888888888889 0.06388888888888888 0.06319444444444444 0.0625 0.0625 0.06319444444444444 0.06319444444444444 0.06458333333333334 0.0625 0.0625 0.06319444444444444 0.0625
0.06666666666666667 0.07152777777777777 0.06388888888888888 0.06527777777777778 0.06944444444444445 0.06597222222222222 0.06666666666666667 0.06319444444444444 0.07291666666666667 0.06319444444444444 0.06388888888888888 0.07013888888888889 0.06458333333333334 0.06666666666666667 0.06597222222222222
0.06419753086419741 0.0716049382716048 0.06913580246913568 0.11975308641975288 0.06543209876543199 0.05864197530864187 0.06172839506172829 0.06049382716049371 0.06296296296296285 0.06358024691358012 0.06172839506172829 0.06049382716049371 0.061728395061728294 0.05864197530864187 0.05987654320987644
0.06234567901234556 0.05864197530864187 0.05864197530864187 0.16666666666666644 0.06049382716049371 0.058024691358024585 0.0574074074074073 0.05740740740740729 0.05740740740740729 0.058641975308641854 0.05802469135802457 0.06728395061728384 0.05802469135802459 0.061728395061728274 0.05925925925925916
0.052631578947368425 0.052631578947368425 0.05321637426900585 0.2543859649122809 0.05321637426900585 0.05321637426900585 0.052631578947368425 0.05438596491228071 0.05380116959064327 0.05438596491228069 0.05321637426900584 0.05321637426900584 0.052631578947368425 0.053801169590643266 0.052631578947368425
0.09346405228758152 0.062091503267973726 0.06470588235294104 0.07058823529411752 0.06405228758169922 0.059477124183006415 0.06928104575163385 0.06013071895424823 0.06862745098039202 0.06666666666666653 0.06405228758169923 0.06078431372549007 0.06666666666666653 0.06274509803921556 0.06666666666666651
0.0567251461988304 0.08011695906432749 0.05380116959064327 0.17777777777777765 0.060233918128654945 0.05438596491228071 0.06374269005847953 0.052631578947368425 0.05321637426900585 0.05380116959064327 0.05614035087719298 0.06725146198830408 0.05847953216374267 0.056725146198830435 0.054970760233918115
0.0625 0.06458333333333334 0.0625 0.06319444444444444 0.06319444444444444 0.11875 0.0625 0.0625 0.0625 0.06319444444444444 0.06458333333333334 0.0625 0.0625 0.0625 0.0625
0.06928104575163385 0.06405228758169922 0.07843137254901945 0.0705882352941175 0.06339869281045739 0.06078431372549007 0.0614379084967319 0.06078431372549007 0.06928104575163384 0.06732026143790834 0.06274509803921556 0.06470588235294104 0.06666666666666654 0.07712418300653583 0.06339869281045737
0.056521739130434866 0.14299516908212562 0.052173913043478355 0.08405797101449282 0.047826086956521824 0.046859903381642594 0.059420289855072576 0.045410628019323745 0.05169082125603873 0.05410628019323683 0.07294685990338173 0.05410628019323681 0.10241545893719817 0.08260869565217398 0.046859903381642594
