9.641342074816823E-5 0.0016497407550242137 0.3037451257659511 3.6422847838196894E-4 9.641342074816823E-5 6.856065475425293E-4 5.249175129622494E-4 2.0353944380168898E-4 2.0353944380168887E-4 9.641342074816823E-5 0.0022924968933453363 1.4997643227492876E-4 3.1066546685520896E-4 0.6858100869863306 3.106654668552089E-4 0.001703303766550972 3.642284783819691E-4 1.499764322749284E-4 2.57102455328449E-4 4.177914899087292E-4 3.106654668552089E-4 2.5710245532844893E-4
3.54515643002747E-4 0.09659074123312325 0.547564182102868 5.760879198794646E-4 1.3294336612603046E-4 5.022304942538915E-4 0.001166947324884043 7.238027711306089E-4 7.238027711306083E-4 9.45375048007326E-4 0.0010192324736328984 6.499453455050358E-4 8.715176223817528E-4 0.1508020916422937 2.8065821737717424E-4 2.8065821737717456E-4 5.760879198794636E-4 0.0010192324736328984 0.0017578067298886291 5.022304942538908E-4 0.1926053945463677 3.545156430027465E-4
1.0285949393129007E-4 2.171478205216114E-4 4.4572447370225515E-4 2.1714782052161143E-4 0.9964684907083584 1.0285949393129007E-4 1.0285949393129007E-4 1.600036572264511E-4 2.742919838167726E-4 1.600036572264512E-4 1.0285949393129007E-4 3.31436147111933E-4 1.0285949393129007E-4 1.0285949393129007E-4 1.0285949393129007E-4 1.0285949393129007E-4 1.600036572264511E-4 1.600036572264512E-4 1.600036572264511E-4 1.0285949393129007E-4 1.6000365722645108E-4 1.6000365722645125E-4
1.0785159620362376E-4 1.0785159620362376E-4 0.0013062026651327766 2.276867030965391E-4 0.995098744128078 1.6776914965008143E-4 1.6776914965008143E-4 1.6776914965008143E-4 1.6776914965008143E-4 1.0785159620362376E-4 1.6776914965008146E-4 7.669446841146589E-4 2.8760425654299676E-4 1.0785159620362376E-4 1.0785159620362376E-4 1.6776914965008143E-4 1.6776914965008143E-4 1.0785159620362376E-4 1.0785159620362376E-4 1.0785159620362376E-4 1.6776914965008143E-4 1.0785159620362376E-4
7.288629737609315E-4 7.288629737609315E-4 7.288629737609315E-4 7.288629737609315E-4 0.9782150955620362 7.288629737609315E-4 7.288629737609315E-4 7.288629737609315E-4 7.288629737609315E-4 0.0015387107223841904 0.0011337868480725609 7.288629737609315E-4 7.288629737609315E-4 0.0031584062196307124 0.0011337868480725609 0.002348558471007449 7.288629737609315E-4 7.288629737609315E-4 7.288629737609315E-4 7.288629737609315E-4 0.001538710722384189 7.288629737609315E-4
6.351998436431152E-4 0.0010423792305938348 0.006172839506172844 0.1062575328186584 4.7232808886282925E-4 6.351998436431152E-4 2.280204566924002E-4 5.537639662529723E-4 0.0012866868627642637 7.980715984234015E-4 4.7232808886282925E-4 0.26220723802078244 2.2802045669240026E-4 0.6131144336949087 2.2802045669240026E-4 7.980715984234014E-4 6.351998436431151E-4 0.0010423792305938337 3.0945633408254326E-4 0.0014495586175445475 4.723280888628293E-4 9.609433532036884E-4
2.279358132749818E-5 2.279358132749818E-5 3.5456682064997154E-5 4.8119782802496094E-5 3.545668206499707E-5 3.5456682064997046E-5 2.279358132749818E-5 2.279358132749818E-5 2.279358132749818E-5 3.5456682064997046E-5 0.9993440513817963 2.279358132749818E-5 2.279358132749818E-5 8.610908501499328E-5 3.545668206499712E-5 2.279358132749818E-5 2.279358132749818E-5 2.279358132749818E-5 2.279358132749818E-5 2.279358132749818E-5 3.545668206499712E-5 3.545668206499705E-5
2.279358132749818E-5 3.5456682064997046E-5 4.8119782802496155E-5 2.279358132749818E-5 3.545668206499717E-5 3.545668206499717E-5 2.279358132749818E-5 2.279358132749818E-5 3.5456682064997154E-5 2.279358132749818E-5 0.9992933989788463 2.279358132749818E-5 3.5456682064997046E-5 1.1143528648999123E-4 2.279358132749818E-5 2.279358132749818E-5 2.279358132749818E-5 2.279358132749818E-5 6.078288353999529E-5 2.279358132749818E-5 2.279358132749818E-5 3.5456682064997046E-5
2.279358132749818E-5 2.279358132749818E-5 1.240983872274901E-4 2.279358132749818E-5 3.5456682064997046E-5 2.279358132749818E-5 2.279358132749818E-5 2.279358132749818E-5 3.5456682064997046E-5 2.279358132749818E-5 0.9992933989788463 2.279358132749818E-5 2.279358132749818E-5 4.811978280249607E-5 2.279358132749818E-5 4.811978280249616E-5 3.545668206499716E-5 6.0782883539995116E-5 2.279358132749818E-5 2.279358132749818E-5 2.279358132749818E-5 2.279358132749818E-5
4.811978280249609E-5 2.279358132749818E-5 3.5456682064997046E-5 2.279358132749818E-5 2.279358132749818E-5 2.279358132749818E-5 3.5456682064997066E-5 2.279358132749818E-5 2.279358132749818E-5 4.811978280249612E-5 0.9993313882810588 7.344598427749404E-5 3.5456682064997046E-5 3.545668206499712E-5 3.545668206499714E-5 2.279358132749818E-5 2.279358132749818E-5 2.279358132749818E-5 2.279358132749818E-5 3.5456682064997046E-5 3.5456682064997046E-5 2.279358132749818E-5
5.5645980273499804E-5 4.405306771652085E-5 0.5631813734355366 5.564598027349995E-5 4.405306771652085E-5 2.0867242602562526E-5 2.0867242602562526E-5 2.0867242602562526E-5 2.0867242602562526E-5 0.4323321694049124 0.003208918195771854 3.9184044442589584E-4 9.042471794443718E-5 9.04247179444374E-5 7.883180538745812E-5 3.2460155159541686E-5 9.042471794443726E-5 3.24601551595417E-5 3.24601551595417E-5 6.723889283047905E-5 4.405306771652085E-5 4.405306771652084E-5
1.3427751628998323E-4 1.6961370478734715E-4 0.0016183974331792678 6.360513929525517E-5 9.894132779261915E-5 2.049498932847107E-4 9.894132779261917E-5 9.894132779261907E-5 6.360513929525517E-5 9.894132779261922E-5 6.360513929525517E-5 0.2398196440939093 9.89413277926193E-5 0.7566467370563545 9.894132779261931E-5 6.360513929525517E-5 6.360513929525517E-5 6.360513929525517E-5 1.3427751628998323E-4 9.894132779261907E-5 9.894132779261927E-5 9.894132779261908E-5
1.2624213240996232E-4 1.7132860827066387E-4 0.023571209579974377 1.2624213240996249E-4 9.82885173763277E-4 2.615015599920655E-4 2.6150155999206517E-4 4.4184746343486653E-4 1.2624213240996268E-4 2.615015599920652E-4 2.1641508413136436E-4 0.0012534040289274822 8.115565654926144E-5 0.9699814243719452 1.7132860827066325E-4 0.0010279716496239776 1.2624213240996227E-4 2.6150155999206544E-4 1.2624213240996268E-4 8.115565654926144E-5 2.164150841313643E-4 1.2624213240996268E-4
5.524480353566733E-4 2.9348801878323333E-4 0.6727694910572481 1.2084800773427257E-4 4.661280298321932E-4 0.001458808093363721 2.9348801878323333E-4 3.3664802154547357E-4 5.524480353566723E-4 1.2084800773427266E-4 2.934880187832334E-4 0.26732442510876353 1.6400801049651283E-4 0.050877011256128854 0.0014588080933637235 4.66128029832192E-4 5.092880325944333E-4 7.768800497203238E-5 2.071680132587531E-4 2.503280160209931E-4 1.2084800773427257E-4 0.0012861680823147567
5.98086124401915E-4 0.02352472089314196 0.0554226475279107 0.002259436469962778 0.014553429027113252 0.0019271664008506087 0.001262626262626265 0.002259436469962786 9.303561935140894E-4 0.006578947368421064 0.017211589580010647 0.5126262626262625 0.0045853269537480135 0.06904572036150981 9.303561935140894E-4 0.0012626262626262638 0.004253056884635831 0.13616427432216907 0.004253056884635842 0.00392078681552367 0.13383838383838387 0.002591706539074952
0.0011337868480725602 7.288629737609315E-4 0.0011337868480725594 7.288629737609315E-4 0.9778101716877247 0.0011337868480725609 7.288629737609315E-4 7.288629737609315E-4 7.288629737609315E-4 0.00113378684807256 0.001943634596695819 7.288629737609315E-4 7.288629737609315E-4 0.0019436345966958187 7.288629737609315E-4 0.002348558471007448 7.288629737609315E-4 0.0011337868480725604 7.288629737609315E-4 0.0011337868480725609 0.00113378684807256 7.288629737609315E-4
1.7435054422277002E-4 1.120824927146378E-4 0.6120824927146379 3.6115469874716764E-4 1.7435054422277002E-4 1.120824927146378E-4 1.120824927146378E-4 2.366185957309032E-4 2.366185957309025E-4 1.7435054422277002E-4 2.988866472390349E-4 0.0058407432314628045 5.479588532715647E-4 2.3661859573090307E-4 1.120824927146378E-4 1.120824927146378E-4 0.3758997733442924 0.0016065157289098068 3.611546987471667E-4 6.102269047796963E-4 4.234227502553002E-4 1.7435054422277002E-4
8.716395999632981E-4 4.128819157720893E-4 6.422607578676945E-4 4.128819157720893E-4 0.988576933663638 4.128819157720893E-4 4.128819157720893E-4 4.128819157720893E-4 4.128819157720893E-4 0.0011010184420589034 6.422607578676927E-4 4.128819157720893E-4 6.422607578676937E-4 6.422607578676943E-4 4.128819157720893E-4 8.71639599963298E-4 4.128819157720893E-4 4.128819157720893E-4 6.422607578676945E-4 4.128819157720893E-4 4.128819157720893E-4 4.128819157720893E-4
1.5571473061351583E-4 1.5571473061351583E-4 0.006730336689850861 1.5571473061351583E-4 0.9885982213917431 1.5571473061351583E-4 1.5571473061351583E-4 2.4222291428769135E-4 2.4222291428769126E-4 1.5571473061351583E-4 1.5571473061351583E-4 0.0010207965673552715 1.5571473061351583E-4 1.5571473061351583E-4 3.287310979618669E-4 4.1523928163604253E-4 1.5571473061351583E-4 1.5571473061351583E-4 1.5571473061351583E-4 1.5571473061351583E-4 2.4222291428769143E-4 1.5571473061351583E-4
1.9912385503783345E-4 5.309969467675564E-4 4.2037258285764867E-4 4.203725828576492E-4 0.006836585689632292 3.097482189477416E-4 3.0974821894774095E-4 4.203725828576486E-4 5.309969467675569E-4 4.2037258285764926E-4 9.734944024071859E-4 0.9840922164697555 1.9912385503783345E-4 5.309969467675569E-4 6.416213106774643E-4 1.9912385503783345E-4 4.2037258285764867E-4 0.0013053674941369037 3.0974821894774095E-4 1.9912385503783345E-4 4.2037258285764953E-4 3.0974821894774165E-4
1.825340947612716E-4 1.1734334663224609E-4 5.084878354063984E-4 0.0010300138204386025 5.736785835354231E-4 1.1734334663224609E-4 2.4772484289029717E-4 4.4329708727737196E-4 5.084878354063978E-4 1.825340947612716E-4 3.1291559101932276E-4 0.005919319930115528 5.736785835354235E-4 0.9852147383243381 5.084878354063978E-4 4.432970872773725E-4 0.0012907768129547035 1.8253409476127165E-4 0.0010300138204386003 1.8253409476127165E-4 3.1291559101932276E-4 1.1734334663224609E-4
2.0955574182732577E-4 3.2597559839806243E-4 0.31105057278569426 2.0955574182732577E-4 4.423954549687997E-4 3.259755983980625E-4 0.04153860482443885 2.0955574182732577E-4 2.0955574182732577E-4 3.2597559839806243E-4 3.2597559839806243E-4 0.6238707273912638 3.2597559839806243E-4 4.423954549688004E-4 2.0955574182732577E-4 2.0955574182732577E-4 7.916550246810091E-4 0.01802179379715006 2.0955574182732577E-4 3.2597559839806216E-4 2.0955574182732577E-4 2.0955574182732577E-4
2.3850897815939223E-4 1.5332720024532366E-4 0.03993321748611534 2.3850897815939212E-4 0.94950424205254 1.5332720024532366E-4 4.088725339875285E-4 2.385089781593918E-4 2.3850897815939158E-4 2.3850897815939166E-4 4.0887253398752803E-4 0.00356059831680807 2.3850897815939223E-4 0.0015162356468704232 2.3850897815939166E-4 1.5332720024532366E-4 5.792360898156661E-4 8.347814235578745E-4 4.940543119015967E-4 1.5332720024532366E-4 2.3850897815939158E-4 2.385089781593917E-4
3.243330900835157E-4 2.5676369631611655E-4 3.9190248385091606E-4 2.5676369631611655E-4 0.014851752750074412 0.001473012784129298 1.2162490878131833E-4 3.243330900835157E-4 7.973188464553086E-4 4.594718776183151E-4 0.002756831265709881 0.9645395821508689 5.270412713857139E-4 3.9190248385091606E-4 5.946106651531145E-4 7.973188464553087E-4 0.0014054433903619027 0.008770507311008403 2.5676369631611655E-4 1.8919430254871745E-4 3.9190248385091573E-4 1.2162490878131833E-4
2.77142659183815E-4 2.1940460518718688E-4 0.6141481327513336 2.7714265918381487E-4 6.235709831635817E-4 1.616665511905582E-4 0.18671331901429603 2.1940460518718696E-4 1.039284971939305E-4 3.3488071318044305E-4 8.545231991500936E-4 0.017598558858172263 3.3488071318044343E-4 2.77142659183815E-4 2.1940460518718701E-4 1.039284971939305E-4 3.926187671770712E-4 0.17585856486292936 5.080948751703254E-4 1.039284971939305E-4 2.1940460518718674E-4 4.503568211736969E-4
0.007007007007007 0.0045045045045045105 0.46246246246246137 0.009509509509509498 0.02952952952952957 0.0095095095095095 0.0045045045045045105 0.0045045045045045105 0.0045045045045045105 0.0045045045045045105 0.0045045045045045105 0.01701701701701699 0.0045045045045045105 0.0045045045045045105 0.0045045045045045105 0.007007007007007007 0.0045045045045045105 0.3948948948948943 0.0045045045045045105 0.0045045045045045105 0.0045045045045045105 0.0045045045045045105
2.7738659155891255E-4 2.773865915589125E-4 0.13545000640122906 6.401229035974906E-5 3.840737421584942E-4 2.4182420802571853E-4 4.5519850922488364E-4 2.4182420802571853E-4 0.0019843810011522197 9.957467389294285E-5 2.7738659155891244E-4 6.685728104240477E-4 2.7738659155891255E-4 0.857259704974466 3.1294897509210636E-4 1.3513705742613675E-4 2.7738659155891244E-4 2.4182420802571858E-4 9.957467389294299E-5 3.485113586253003E-4 3.8407374215849457E-4 2.418242080257185E-4
5.690871841566133E-5 2.466044464678657E-4 0.5408478134405749 3.41452310493968E-4 2.1498849179249827E-4 8.85246730910287E-5 8.852467309102891E-5 8.85246730910287E-5 2.1498849179249835E-4 0.28709816121607623 0.034613147178592034 0.07112957482864153 3.7306826516933533E-4 0.06341528188785195 2.4660444646786565E-4 1.2014062776639614E-4 5.690871841566133E-5 8.852467309102891E-5 8.852467309102874E-5 2.466044464678657E-4 1.5175658244176373E-4 1.8337253711713108E-4
3.6737692872887504E-4 3.6737692872887504E-4 9.79671809943668E-4 9.796718099436676E-4 0.9896318066780977 3.6737692872887504E-4 3.6737692872887504E-4 3.6737692872887504E-4 5.714752224671393E-4 9.796718099436674E-4 5.714752224671393E-4 5.714752224671391E-4 3.6737692872887504E-4 3.6737692872887504E-4 5.714752224671393E-4 3.6737692872887504E-4 3.6737692872887504E-4 3.6737692872887504E-4 3.6737692872887504E-4 3.6737692872887504E-4 3.6737692872887504E-4 3.6737692872887504E-4
5.379917085983735E-4 3.006424253932083E-4 2.2152599765815344E-4 2.2152599765815355E-4 0.0014873888414190341 2.2152599765815374E-4 1.424095699230991E-4 1.424095699230991E-4 6.171081363334276E-4 1.424095699230991E-4 2.215259976581539E-4 2.2152599765815366E-4 1.424095699230991E-4 0.9935282762112713 2.2152599765815385E-4 2.2152599765815358E-4 3.797588531282635E-4 1.424095699230991E-4 2.2152599765815344E-4 2.2152599765815374E-4 2.2152599765815344E-4 2.215259976581539E-4
7.768800497203238E-5 7.768800497203238E-5 3.79808024307713E-4 2.9348801878323333E-4 4.2296802706995334E-4 7.768800497203238E-5 7.768800497203238E-5 1.6400801049651289E-4 1.6400801049651286E-4 2.071680132587529E-4 1.2084800773427257E-4 0.0011566880740280343 1.6400801049651286E-4 0.9957357917270896 2.07168013258753E-4 7.768800497203238E-5 1.6400801049651275E-4 1.2084800773427257E-4 7.768800497203238E-5 7.768800497203238E-5 7.768800497203238E-5 7.768800497203238E-5
4.8659350984932363E-4 2.3490721165139746E-4 0.41887311654753523 3.188026443840395E-4 8.221752407798917E-4 1.510117789187555E-4 3.188026443840396E-4 4.026980771166816E-4 3.188026443840395E-4 4.026980771166816E-4 0.4795295144132353 1.510117789187555E-4 4.026980771166816E-4 9.060706735125338E-4 1.510117789187555E-4 7.382798080472497E-4 0.08547266686801579 0.0023322930299674513 9.899661062451757E-4 0.006275378368401626 2.3490721165139752E-4 4.8659350984932363E-4
1.0501995379122037E-4 1.0501995379122037E-4 9.801862353847235E-4 1.0501995379122037E-4 0.9967443814324711 1.0501995379122037E-4 1.0501995379122037E-4 1.0501995379122037E-4 1.0501995379122037E-4 1.0501995379122037E-4 1.0501995379122037E-4 1.6336437256412055E-4 1.0501995379122037E-4 1.6336437256412055E-4 1.0501995379122037E-4 1.0501995379122037E-4 1.6336437256412093E-4 1.0501995379122037E-4 1.0501995379122037E-4 1.0501995379122037E-4 1.0501995379122037E-4 1.0501995379122037E-4
1.6336437256412096E-4 1.0501995379122037E-4 0.0013302527480221257 1.0501995379122037E-4 0.9955774930570128 1.0501995379122037E-4 2.2170879133702112E-4 1.0501995379122037E-4 1.6336437256412085E-4 1.0501995379122037E-4 2.2170879133702112E-4 5.717753039744211E-4 1.0501995379122037E-4 1.0501995379122037E-4 1.0501995379122037E-4 1.0501995379122037E-4 1.0501995379122037E-4 1.0501995379122037E-4 2.2170879133702112E-4 1.0501995379122037E-4 1.633643725641209E-4 1.0501995379122037E-4
0.0011090607467054378 0.007632947492031539 0.4841562750470653 1.3047773490652224E-4 3.168744990586956E-4 4.5667207217282895E-4 3.634736900967394E-4 7.362672184010883E-4 0.0012488583198195656 0.0034856194896456627 0.07198643031556985 0.008425133739678285 4.5667207217282775E-4 0.2985050979514996 0.07459598501370025 0.001015862364629346 0.016673190553411973 3.634736900967403E-4 3.634736900967395E-4 0.026552219053477176 8.294656004771741E-4 5.964696452869588E-4
4.145593234391838E-5 1.1054915291711574E-4 0.7464094556375461 1.1054915291711573E-4 4.145593234391838E-5 1.1054915291711574E-4 8.751807939271661E-5 6.448700586831749E-5 6.448700586831749E-5 3.17828814636708E-4 0.007434430533676062 0.24350293415876698 8.751807939271661E-5 6.448700586831749E-5 2.717666675879097E-4 2.2570452053911154E-4 4.099531087343045E-4 6.448700586831748E-5 1.3358022644151485E-4 2.717666675879097E-4 1.1054915291711574E-4 6.448700586831749E-5
8.423180592991905E-5 4.585953878406703E-4 0.0027515723270440267 8.423180592991905E-5 3.182090446241395E-4 1.7782270140760708E-4 6.925726265348893E-4 1.3102725366876303E-4 3.1820904462413925E-4 0.3301325247079963 2.2461814914645164E-4 0.661397499251273 8.423180592991905E-5 8.423180592991905E-5 1.7782270140760697E-4 1.7782270140760694E-4 3.1820904462413974E-4 0.0013477088948787087 8.423180592991905E-5 1.77822701407607E-4 4.5859538784067067E-4 3.182090446241394E-4
1.47403373209825E-4 1.0861301183881844E-4 0.6794442117022764 6.128877096619008E-4 1.0861301183881853E-4 3.8014554143586416E-4 3.8014554143586275E-4 4.1893590280687E-4 0.0029790997532933017 0.028658318980899638 7.680491551459329E-4 0.24382845350587287 2.2498409595183823E-4 0.006004747940231808 0.02997719126751381 1.8619373458083152E-4 0.0037549069807134117 1.4740337320982497E-4 6.982265046781192E-5 8.84420239258949E-4 1.0861301183881863E-4 8.068395165169364E-4
1.4446691707598955E-4 7.865421040803877E-4 0.4956659924877201 8.668015024559385E-4 3.0498571382708937E-4 2.247263154515399E-4 4.655045105781896E-4 3.049857138270895E-4 2.247263154515398E-4 1.4446691707598955E-4 0.01330700825066619 3.852451122026385E-4 4.6550451057818877E-4 0.4837073421297634 3.852451122026392E-4 9.470609008314868E-4 3.0498571382708953E-4 2.247263154515399E-4 1.4446691707598955E-4 3.049857138270897E-4 2.2472631545153993E-4 4.655045105781888E-4
2.660812878334333E-4 1.552140845695028E-4 0.008359387126100369 1.5521408456950294E-4 3.215148894653986E-4 9.97804829375373E-5 2.1064768620146786E-4 9.97804829375373E-5 2.660812878334333E-4 9.97804829375373E-5 0.0013193197188407662 0.4990576287722565 2.6608128783343345E-4 1.5521408456950256E-4 4.878156943612944E-4 9.97804829375373E-5 0.48725027162464785 1.5521408456950294E-4 2.660812878334334E-4 3.215148894653986E-4 2.6608128783343345E-4 3.215148894653986E-4
7.288629737609315E-4 0.0011337868480725594 0.0031584062196307167 0.0011337868480725609 0.9761904761904779 0.0011337868480725609 7.288629737609315E-4 7.288629737609315E-4 7.288629737609315E-4 7.288629737609315E-4 0.0015387107223841898 7.288629737609315E-4 7.288629737609315E-4 0.003968253968253971 7.288629737609315E-4 0.0011337868480725609 0.0011337868480725609 7.288629737609315E-4 7.288629737609315E-4 7.288629737609315E-4 7.288629737609315E-4 7.288629737609315E-4
1.153136531365315E-4 1.7937679376793772E-4 0.40339278392783934 2.4343993439934362E-4 6.918819188191881E-4 1.7937679376793772E-4 1.153136531365315E-4 1.153136531365315E-4 1.153136531365315E-4 3.075030750307494E-4 3.7156621566215576E-4 4.996924969249684E-4 1.153136531365315E-4 0.0015247027470274707 1.153136531365315E-4 1.153136531365315E-4 1.153136531365315E-4 0.5910337228372281 1.153136531365315E-4 3.0750307503074885E-4 1.153136531365315E-4 1.153136531365315E-4
1.3294336612603046E-4 2.8065821737717484E-4 0.4285060119944457 2.068007917516024E-4 7.976601967561806E-4 1.3294336612603046E-4 1.3294336612603046E-4 1.3294336612603046E-4 1.3294336612603046E-4 1.3294336612603046E-4 2.0680079175160244E-4 8.715176223817529E-4 1.3294336612603046E-4 0.004933676031788241 1.3294336612603046E-4 1.3294336612603046E-4 1.3294336612603046E-4 0.5621879523767315 2.8065821737717456E-4 1.3294336612603046E-4 1.3294336612603046E-4 1.3294336612603046E-4
1.2088974854932287E-4 1.2088974854932287E-4 0.43377928218353745 1.2088974854932287E-4 9.268214055448102E-4 1.2088974854932287E-4 1.2088974854932287E-4 1.2088974854932287E-4 1.2088974854932287E-4 1.8805071996561319E-4 1.2088974854932287E-4 0.0011954652912099706 1.2088974854932287E-4 0.0015312701482914214 1.2088974854932287E-4 1.8805071996561316E-4 1.2088974854932287E-4 0.5603105523318291 1.8805071996561338E-4 1.2088974854932287E-4 1.2088974854932287E-4 1.2088974854932287E-4
1.3047773490652216E-4 1.3047773490652232E-4 0.4053104438106957 1.3047773490652216E-4 0.11756043915077644 8.387854386847859E-5 1.7707692594456567E-4 8.387854386847859E-5 1.3047773490652218E-4 1.7707692594456567E-4 4.100728811347834E-4 0.0026468340509608755 8.387854386847859E-5 6.896680273630448E-4 2.236761169826094E-4 8.387854386847859E-5 1.304777349065222E-4 0.47143469589367937 8.387854386847859E-5 8.387854386847859E-5 8.387854386847859E-5 1.304777349065222E-4
2.922267679719461E-4 0.001428664198973957 0.009708422624845742 6.169231768296653E-4 4.5457497240080643E-4 2.922267679719461E-4 7.792713812585235E-4 2.922267679719461E-4 6.169231768296648E-4 4.545749724008064E-4 2.922267679719461E-4 0.4728878498603805 7.792713812585232E-4 9.416195856873801E-4 7.792713812585242E-4 9.416195856873823E-4 0.0025651016299759696 0.502759919475291 0.001266315994545098 7.792713812585227E-4 7.792713812585246E-4 2.922267679719461E-4
1.5055706112616674E-4 1.9017734036989474E-4 0.23763451084803247 1.505570611261666E-4 1.1093678188243839E-4 1.5055706112616674E-4 1.5055706112616674E-4 7.13165026387105E-5 7.13165026387105E-5 1.5055706112616674E-4 3.8827873658853516E-4 3.8827873658853516E-4 1.1093678188243862E-4 0.0025673940949935857 7.13165026387105E-5 2.297976196136228E-4 1.9017734036989463E-4 1.1093678188243862E-4 7.13165026387105E-5 1.9017734036989487E-4 0.7567790297786019 7.13165026387105E-5
7.13165026387105E-5 7.13165026387105E-5 0.24112109542148055 1.5055706112616674E-4 3.8827873658853516E-4 1.1093678188243839E-4 1.5055706112616674E-4 7.13165026387105E-5 1.5055706112616674E-4 1.1093678188243862E-4 1.1093678188243852E-4 3.8827873658853516E-4 1.109367818824385E-4 0.0013787857176817378 7.13165026387105E-5 1.5055706112616674E-4 1.9017734036989468E-4 1.1093678188243862E-4 7.13165026387105E-5 7.13165026387105E-5 0.754877256374903 7.13165026387105E-5
5.057657293141818E-5 1.0677276507743836E-4 0.10510935778991619 1.0677276507743844E-4 8.935194551217229E-4 1.3487086115044833E-4 0.7866005799447031 2.1916514936947835E-4 7.867466900442853E-5 1.629689572234585E-4 0.006766021534380808 0.07302133207453865 1.0677276507743835E-4 1.0677276507743827E-4 2.1916514936947857E-4 1.0677276507743832E-4 0.02573223638366266 1.0677276507743844E-4 7.867466900442827E-5 1.067727650774383E-4 5.057657293141818E-5 1.3487086115044857E-4
4.320587599913593E-4 3.420465183264927E-4 0.0021422913516238183 3.420465183264926E-4 0.9739144523655221 1.6202203499675978E-4 2.5203427666162616E-4 2.520342766616263E-4 8.8211996831569E-4 1.6202203499675978E-4 0.0013321811766400203 0.015374090876359173 4.3205875999135905E-4 9.721322099805555E-4 2.5203427666162616E-4 1.6202203499675978E-4 0.0013321811766400197 3.420465183264926E-4 1.6202203499675978E-4 1.6202203499675978E-4 3.4204651832649277E-4 2.5203427666162616E-4
4.372540445999121E-4 3.5628107337770643E-4 0.002623524267599483 7.28756740999853E-5 0.0012469837568219724 4.7774053021101457E-4 0.0012064972712108686 2.7530810215550014E-4 1.1336215971108851E-4 1.1336215971108846E-4 7.28756740999853E-5 0.7047806442209588 5.991999870443236E-4 0.28444995060648753 1.5384864532219157E-4 1.133621597110885E-4 4.372540445999117E-4 7.206594438776327E-4 1.133621597110884E-4 8.016324150998389E-4 3.1579458776660334E-4 5.182270158221174E-4
4.042725222349893E-4 0.0011489850631941803 7.234350397889287E-4 6.170475339376158E-4 0.009340823013745272 6.170475339376144E-4 1.9149751053236318E-4 1.9149751053236318E-4 1.9149751053236318E-4 1.9149751053236318E-4 1.9149751053236318E-4 0.4663815481509851 4.042725222349886E-4 0.5164900634069537 1.9149751053236318E-4 1.9149751053236318E-4 2.97885016383676E-4 6.170475339376146E-4 4.0427252223498915E-4 2.978850163836756E-4 5.10660028086302E-4 4.042725222349891E-4
9.186187314710436E-4 2.922877781953324E-4 0.008017036201929116 0.0055117123888262605 0.016368115578938594 1.8789928598271342E-4 2.922877781953323E-4 3.96676270407951E-4 2.922877781953328E-4 8.14230239258425E-4 7.098417470458066E-4 0.9275752641028857 2.92287778195332E-4 1.8789928598271342E-4 7.098417470458073E-4 2.922877781953328E-4 7.098417470458066E-4 0.03463610171614674 6.054532548331888E-4 3.9667627040795096E-4 6.054532548331878E-4 1.8789928598271342E-4
2.810889098514514E-4 4.2877969299374024E-5 0.16879150825639122 1.1434125146499692E-4 0.013668543768878208 1.8580453363062038E-4 1.38162345520205E-4 1.1434125146499708E-4 1.8580453363062035E-4 2.3344672174103583E-4 0.14199277744428257 0.521200773709135 1.1434125146499708E-4 0.1305348312037275 1.1434125146499719E-4 3.5255219201707467E-4 4.2877969299374024E-5 1.1434125146499711E-4 0.02138657824276553 1.1434125146499716E-4 2.0962562768582802E-4 6.669906335458156E-5
8.458805616646925E-5 1.7857478524032402E-4 0.003327130209214448 3.19554878851107E-4 8.458805616646925E-5 2.2556814977725174E-4 8.458805616646925E-5 1.3158142070339663E-4 8.458805616646925E-5 1.3158142070339663E-4 7.894885242203814E-4 0.32250606214402533 1.3158142070339652E-4 8.458805616646925E-5 1.7857478524032394E-4 2.2556814977725166E-4 0.0036560837609729445 4.605349724618892E-4 8.458805616646925E-5 8.458805616646925E-5 1.3158142070339652E-4 0.6670144175642398
0.0034673974576707365 7.333642118264624E-4 0.015368483351345798 6.047038237867314E-4 0.0036925531367402835 1.2222736863774382E-4 8.620245998661925E-4 1.865575626576087E-4 0.05547835932273172 2.508877566774737E-4 0.1077466419638719 0.5703129020637129 4.760434357470017E-4 0.23769363388399978 0.0014088312490350462 9.006227162781123E-5 6.690340178065965E-4 1.2222736863774382E-4 2.8305285368740565E-4 1.2222736863774382E-4 2.187226596675411E-4 9.006227162781123E-5
0.0010355865185464107 1.98748927801837E-4 0.04826460804619322 8.786794702818038E-4 0.7401723885436937 3.5565597606644514E-4 6.171677231741248E-4 1.4644657838030055E-4 9.309818197033402E-4 3.5565597606644536E-4 0.003284587543672457 0.19633255925856186 7.217724220171959E-4 1.9874892780183723E-4 4.60260674909517E-4 4.602606749095177E-4 0.0021339358563986664 0.0016632147116048442 1.4644657838030082E-4 6.171677231741261E-4 3.556559760664452E-4 6.694700725956621E-4
7.069635913750448E-4 4.123954283021096E-4 0.1225108990220337 0.002916224814422057 0.019706610109579355 2.6511134676564214E-4 2.6511134676564214E-4 4.123954283021096E-4 0.0010015317544479797 4.123954283021096E-4 2.6511134676564214E-4 0.26066336750324054 0.2248733356898796 0.015877223989631175 8.542476729115122E-4 5.596795098385775E-4 4.123954283021096E-4 2.6511134676564214E-4 0.3456462825497821 0.0011488158359844475 4.123954283021098E-4 4.1239542830210973E-4
2.3795210900711354E-4 5.510469892796307E-4 0.25728884881274416 1.7533313295261057E-4 0.0018034265103697056 3.005710850616166E-4 1.7533313295261057E-4 1.1271415689810657E-4 1.7533313295261057E-4 3.6319006111612106E-4 8.641418695521487E-4 0.0044334235046588595 1.753331329526102E-4 0.7311892595932272 1.1271415689810657E-4 1.1271415689810657E-4 1.1271415689810657E-4 0.00123985572587917 1.7533313295261057E-4 1.1271415689810657E-4 1.7533313295261057E-4 1.1271415689810657E-4
4.956412723403014E-4 1.3119916032537418E-4 0.0018076328755940328 1.3119916032537418E-4 0.34416455290241693 2.040875827283597E-4 0.19372284906265488 1.3119916032537418E-4 4.2275284993731604E-4 4.227528499373174E-4 2.0408758272835975E-4 0.25473045861395377 0.19663838595877425 0.0016618560307880646 4.2275284993731674E-4 0.001078748651564187 5.685296947432885E-4 6.414181171462737E-4 2.76976005131345E-4 9.329718067582158E-4 4.227528499373174E-4 7.871949619522449E-4
1.5218505702934766E-4 1.5218505702934766E-4 0.006039343842112046 7.208765859284887E-5 7.208765859284887E-5 1.5218505702934766E-4 1.1213635781109825E-4 1.1213635781109825E-4 7.208765859284887E-5 1.5218505702934766E-4 0.0056789055491477895 0.3534618095604254 7.208765859284887E-5 7.208765859284887E-5 7.208765859284887E-5 1.5218505702934766E-4 0.004076957580417783 2.7233115468409583E-4 1.5218505702934763E-4 7.208765859284887E-5 7.208765859284887E-5 0.6287565679866718
1.7707692594456567E-4 8.387854386847859E-5 0.4033532777870978 1.7707692594456586E-4 0.12217375906354264 8.387854386847859E-5 1.3047773490652227E-4 8.387854386847859E-5 2.702753080206517E-4 1.3047773490652216E-4 1.7707692594456586E-4 0.0024604372868087016 1.304777349065222E-4 9.692631735913053E-4 2.2367611698260944E-4 1.3047773490652218E-4 3.6347369009673936E-4 0.46831255009413036 2.236761169826085E-4 1.3047773490652232E-4 8.387854386847859E-5 1.3047773490652216E-4
2.695002695002696E-4 5.582505582505576E-4 0.0014245014245014265 3.657503657503662E-4 0.9858704858704858 3.6575036575036606E-4 3.65750365750366E-4 2.6950026950027E-4 2.695002695002702E-4 1.7325017325017303E-4 0.004697004697004692 8.470008470008482E-4 4.620004620004622E-4 1.7325017325017303E-4 9.432509432509451E-4 7.507507507507505E-4 2.6950026950027E-4 2.6950026950026975E-4 2.6950026950027E-4 5.582505582505578E-4 1.7325017325017303E-4 6.545006545006526E-4
2.3137436372049986E-4 2.3137436372049986E-4 2.3137436372049986E-4 2.3137436372049986E-4 0.9915419815928841 2.3137436372049986E-4 2.3137436372049986E-4 2.3137436372049986E-4 2.3137436372049986E-4 2.3137436372049986E-4 2.3137436372049986E-4 3.599156768985551E-4 2.3137436372049986E-4 4.884569900766094E-4 4.884569900766106E-4 0.0030592832536377223 3.5991567689855537E-4 2.3137436372049986E-4 2.3137436372049986E-4 2.3137436372049986E-4 2.3137436372049986E-4 2.3137436372049986E-4
7.829627309740067E-5 4.262797090858477E-4 0.37620489264711005 1.2179420259595663E-4 0.001209242440059852 1.652921320945125E-4 2.0879006159306836E-4 3.39283850088736E-4 2.0879006159306844E-4 7.829627309740067E-5 7.829627309740067E-5 0.015955040540070298 2.957859205901802E-4 0.5986098061732262 3.8278177958729143E-4 4.262797090858477E-4 0.00429759543445733 2.0879006159306825E-4 2.522879910916241E-4 2.0879006159306844E-4 1.6529213209451243E-4 7.829627309740067E-5
6.320313487548972E-5 9.831598758409534E-5 0.45372126013005826 6.320313487548972E-5 9.831598758409527E-5 1.3342884029270084E-4 9.831598758409534E-5 0.5430834702734589 9.831598758409532E-5 6.320313487548972E-5 2.7388025112712317E-4 9.761373052992305E-4 6.320313487548972E-5 6.320313487548972E-5 6.320313487548972E-5 6.320313487548972E-5 3.4410595654433396E-4 9.831598758409528E-5 2.387673984185174E-4 9.831598758409534E-5 9.831598758409534E-5 9.831598758409531E-5
1.4113187765882391E-4 2.4194036170084086E-4 0.765932780902841 3.9315308776386517E-4 0.22786749732857517 3.9315308776386533E-4 1.4113187765882391E-4 2.4194036170084091E-4 2.4194036170084086E-4 9.072763563781541E-5 1.915361196798324E-4 0.0011492167180789927 3.9315308776386565E-4 4.93961571805882E-4 1.915361196798324E-4 1.915361196798324E-4 1.4113187765882391E-4 7.963870239319358E-4 9.072763563781541E-5 1.4113187765882391E-4 2.9234460372184936E-4 2.4194036170084086E-4
2.252572675107891E-4 1.0670081092616307E-4 0.6313012756674734 2.8453549580310163E-4 1.659790392184756E-4 2.25257267510789E-4 1.0670081092616307E-4 2.845354958031026E-4 1.0670081092616307E-4 2.252572675107891E-4 0.3638379096125574 2.2525726751078918E-4 1.0670081092616307E-4 5.216484089723515E-4 2.252572675107891E-4 5.809266372646646E-4 3.438137240954151E-4 2.2525726751078913E-4 2.2525726751078908E-4 1.6597903921847544E-4 2.845354958031018E-4 2.2525726751078883E-4
2.668316171208868E-4 5.4579194411090444E-5 0.772774684956761 1.455445184295746E-4 5.4579194411090444E-5 1.1522274375674655E-4 8.49009690839185E-5 2.668316171208868E-4 8.126235612317962E-4 0.0027532171402927927 2.365098424480588E-4 2.9715339179371485E-4 0.17164550206794502 5.4579194411090444E-5 1.455445184295746E-4 1.1522274375674655E-4 0.04923649771373819 2.3650984244805875E-4 1.455445184295746E-4 1.455445184295746E-4 1.455445184295746E-4 2.668316171208868E-4
5.189999097391471E-4 6.769564040075809E-5 1.8052170773535524E-4 3.309564641814849E-4 0.0721259439780967 7.070433552968072E-4 2.1813039684688755E-4 1.4291301862382274E-4 3.309564641814858E-4 1.8052170773535524E-4 1.0530432951229037E-4 0.8134684237446218 4.437825315160817E-4 5.189999097391473E-4 0.004956825224899969 3.3095646418148544E-4 3.309564641814857E-4 3.685651532930175E-4 2.5573908595842E-4 3.3095646418148517E-4 4.437825315160828E-4 0.10364202545356078
1.633734028100226E-4 2.923524050284615E-4 0.038771088066862726 0.0016681284286918093 0.9500077387401333 2.4935940428898217E-4 5.503104094653393E-4 7.738740133106317E-5 1.2038040207054295E-4 3.353454057679412E-4 2.493594042889819E-4 0.004161722471581627 1.2038040207054307E-4 7.652754131627375E-4 1.2038040207054301E-4 7.222824124232577E-4 5.933034102048189E-4 2.4935940428898206E-4 1.6337340281002294E-4 2.49359404288982E-4 1.2038040207054301E-4 2.4935940428898195E-4
8.87154009936123E-5 2.3657440264963355E-4 0.9956726598848664 1.8728806876429317E-4 2.3657440264963363E-4 1.380017348789528E-4 1.8728806876429295E-4 3.8443340430565433E-4 2.3657440264963374E-4 4.337197381909932E-4 1.3800173487895297E-4 2.858607365349738E-4 8.87154009936123E-5 2.3657440264963323E-4 3.3514707042031405E-4 2.365744026496335E-4 2.8586073653497405E-4 8.87154009936123E-5 8.87154009936123E-5 8.87154009936123E-5 8.87154009936123E-5 2.3657440264963345E-4
6.139991813344247E-4 9.551098376313274E-4 0.301530449811252 0.27697048255787515 0.001353072269977714 4.4344385318597344E-4 5.571474052849409E-4 1.0233319688907066E-4 2.72888525037522E-4 3.297403010870058E-4 0.08628962568790627 0.3266020830490745 5.57147405284941E-4 2.7288852503752197E-4 3.865920771364896E-4 0.0010119616136808113 4.4344385318597333E-4 2.72888525037522E-4 1.5918497293855441E-4 2.72888525037522E-4 2.72888525037522E-4 3.297403010870058E-4
3.8128910379729285E-4 0.0011178703270420625 0.006793878576751807 3.379607965476006E-4 0.43713062618069637 1.646475675488312E-4 3.812891037972918E-4 4.2461741104698423E-4 1.2131926029913886E-4 2.513041820482154E-4 2.946324892979069E-4 0.5464046170644208 2.94632489297907E-4 0.001681138321288063 8.145721762942163E-4 9.445570980432925E-4 8.145721762942159E-4 9.012287907936002E-4 1.21319260299139E-4 1.6464756754883136E-4 2.0797587479852298E-4 2.5130418204821536E-4
8.445282425956481E-4 1.2438788069238184E-4 1.5712153350616687E-4 1.2438788069238192E-4 0.9688441092518395 9.165422787859726E-5 1.5712153350616698E-4 5.892057506481256E-5 5.892057506481256E-5 2.8805614476130594E-4 3.535234503888755E-4 2.2258883913373628E-4 3.862571032026603E-4 1.2438788069238195E-4 5.892057506481256E-5 9.16542278785972E-5 2.8805614476130594E-4 0.027096917799251004 1.898551863199516E-4 1.8985518631995152E-4 1.571215335061668E-4 9.165422787859735E-5
3.1405996892459127E-4 1.4876524843796497E-4 4.7935468941122074E-4 1.4876524843796497E-4 0.07659757347350339 5.620020496545352E-4 1.4876524843796497E-4 1.4876524843796497E-4 2.3141260868127816E-4 2.3141260868127816E-4 3.1405996892459203E-4 0.9171212271480049 1.4876524843796497E-4 1.4876524843796497E-4 3.967073291679065E-4 3.1405996892459165E-4 3.967073291679065E-4 0.001305828291844354 3.140599689245917E-4 2.314126086812782E-4 1.4876524843796497E-4 1.4876524843796497E-4
2.695002695002702E-4 1.7325017325017303E-4 5.582505582505578E-4 1.7325017325017303E-4 0.06427581427581439 2.695002695002699E-4 2.6950026950026986E-4 2.6950026950026937E-4 1.7325017325017303E-4 3.657503657503664E-4 2.695002695002699E-4 0.9282166782166786 1.7325017325017303E-4 2.6950026950027E-4 4.620004620004622E-4 1.7325017325017303E-4 0.001713251713251717 7.507507507507511E-4 3.6575036575036644E-4 3.6575036575036606E-4 1.7325017325017303E-4 2.6950026950026996E-4
0.0011562603237528911 6.056601695848483E-4 3.3036009250082566E-4 4.680101310428385E-4 0.9899653121902877 3.303600925008253E-4 1.9271005395881448E-4 3.991851117718323E-4 5.368351503138426E-4 2.615350732298203E-4 1.9271005395881486E-4 9.497852659398749E-4 3.303600925008255E-4 1.2388503468780947E-4 1.2388503468780947E-4 5.368351503138419E-4 0.0010186102852108808 2.615350732298198E-4 1.2388503468780947E-4 0.0011562603237528916 5.36835150313843E-4 3.9918511177183233E-4
1.9874892780183707E-4 1.9874892780183704E-4 0.2852465532751731 2.510512772233738E-4 3.0335362664490916E-4 1.4644657838030082E-4 3.556559760664454E-4 1.98748927801837E-4 1.9874892780183704E-4 1.4644657838030047E-4 4.079583254879811E-4 1.4644657838030055E-4 1.9874892780183672E-4 0.7104123517228397 1.9874892780183718E-4 3.556559760664454E-4 9.414422895876491E-5 9.414422895876491E-5 9.414422895876491E-5 5.125630243310534E-4 9.414422895876491E-5 1.4644657838030055E-4
1.6859216667554046E-4 2.1295852632699763E-4 0.1311824522174306 2.129585263269977E-4 0.8589682159399459 1.6859216667554025E-4 7.985944737262408E-5 7.985944737262408E-5 1.6859216667554052E-4 7.985944737262408E-5 1.685921666755399E-4 0.004383396333564034 2.129585263269977E-4 0.0023425437895969784 2.573248859784552E-4 1.242258070240822E-4 3.4605760528137134E-4 3.0169124562991315E-4 1.2422580702408203E-4 1.685921666755404E-4 1.6859216667554035E-4 7.985944737262408E-5
3.056234718826411E-4 4.754142895952192E-4 0.19743276283618583 6.452051073077978E-4 0.17705786471067655 4.754142895952192E-4 6.452051073077981E-4 0.0018337408312958418 9.84786742732949E-4 9.847867427329492E-4 4.754142895952192E-4 0.1891130127682685 0.004041021461559352 0.02085031241510458 0.0013243683781581047 3.056234718826411E-4 0.27027302363488165 0.1271393643031785 0.003022276555283875 8.14995925020375E-4 3.056234718826411E-4 0.0014941591958706876
9.641342074816823E-5 9.641342074816823E-5 0.23106011912413765 8.462955821228099E-4 0.20111839568067877 2.571024553284487E-4 2.035394438016888E-4 2.571024553284489E-4 1.4997643227492879E-4 1.4997643227492857E-4 9.641342074816823E-5 6.856065475425295E-4 2.5710245532844893E-4 2.571024553284489E-4 2.035394438016886E-4 2.035394438016888E-4 4.713545014354895E-4 9.641342074816823E-5 0.5631507905900501 9.641342074816823E-5 1.4997643227492835E-4 9.641342074816823E-5
5.230125523012542E-4 2.324500232450025E-4 0.311667054083372 2.8087711142104455E-4 5.714396404772971E-4 1.8402293506896038E-4 8.716875871687592E-5 1.8402293506896027E-4 2.324500232450025E-4 8.716875871687592E-5 8.716875871687592E-5 0.025269254610258793 1.355958468929182E-4 0.0016852626685262633 1.355958468929182E-4 1.8402293506896022E-4 0.6573880365721372 1.840229350689603E-4 2.3245002324500253E-4 2.8087711142104455E-4 1.8402293506896022E-4 1.8402293506896038E-4
7.587920031310163E-5 9.584741092181238E-5 0.3388765085983115 2.356248851827894E-4 1.7572025335665584E-4 5.591098970439072E-5 3.594277909567965E-5 3.594277909567965E-5 3.594277909567965E-5 3.594277909567965E-5 9.58474109218124E-5 3.554341488350554E-4 1.75720253356656E-4 1.357838321392343E-4 1.158156215305233E-4 0.6587472743392516 1.7572025335665622E-4 5.5910989704390604E-5 1.7572025335665622E-4 5.591098970439065E-5 1.1581562153052342E-4 1.3578383213923417E-4
5.821689953426498E-4 3.742514970059879E-4 0.0028692614770459046 7.900864936793089E-4 0.0014138389886892851 3.742514970059879E-4 5.821689953426498E-4 9.980039920159675E-4 9.980039920159665E-4 3.742514970059879E-4 0.001621756487025945 0.007235528942115768 0.0012059214903526287 3.742514970059879E-4 9.98003992015968E-4 0.001413838988689286 0.0014138389886892858 0.9748835662009324 3.742514970059879E-4 3.742514970059879E-4 3.742514970059879E-4 3.742514970059879E-4
