0.0625 0.06319444444444444 0.0625 0.0625 0.06388888888888888 0.0625 0.0625 0.07013888888888889 0.0625 0.0625 0.06319444444444444 0.0625 0.06319444444444444 0.0625 0.11388888888888889
0.05925925925925915 0.058024691358024585 0.1574074074074072 0.059876543209876426 0.05864197530864187 0.05740740740740729 0.061728395061728274 0.05925925925925915 0.06234567901234558 0.06049382716049371 0.06234567901234558 0.059876543209876426 0.062345679012345556 0.058641975308641854 0.06234567901234556
0.06790123456790112 0.06666666666666655 0.06481481481481469 0.05617283950617273 0.06111111111111099 0.05802469135802459 0.06604938271604927 0.05740740740740729 0.05617283950617273 0.05617283950617273 0.05679012345679001 0.05987654320987644 0.06666666666666653 0.14938271604938252 0.05679012345679001
0.06767676767676775 0.06616161616161621 0.06111111111111116 0.057575757575757586 0.05000000000000002 0.051010101010101026 0.07070707070707079 0.11919191919191928 0.0505050505050505 0.048989898989899 0.05 0.0494949494949495 0.053030303030303066 0.15353535353535355 0.05101010101010104
0.05882352941176457 0.05882352941176457 0.0594771241830064 0.05882352941176457 0.05882352941176457 0.05882352941176457 0.06013071895424824 0.059477124183006415 0.05882352941176457 0.11503267973856186 0.05882352941176457 0.11699346405228735 0.05882352941176457 0.05882352941176457 0.0594771241830064
0.0613756613756613 0.05820105820105812 0.056084656084656 0.05449735449735441 0.056084656084656 0.05291005291005283 0.07407407407407397 0.05714285714285705 0.055555555555555476 0.053439153439153377 0.0592592592592592 0.11798941798941788 0.05502645502645495 0.13544973544973532 0.05291005291005283
0.0625 0.0625 0.0625 0.06319444444444444 0.0625 0.0625 0.06388888888888888 0.0625 0.0625 0.06319444444444444 0.0625 0.12083333333333333 0.0625 0.0625 0.06388888888888888
0.06666666666666655 0.06666666666666655 0.05864197530864187 0.05617283950617273 0.06296296296296283 0.05864197530864187 0.07345679012345668 0.06419753086419741 0.05864197530864187 0.05617283950617273 0.05740740740740729 0.05925925925925914 0.05740740740740729 0.14444444444444424 0.05925925925925915
0.05217391304347834 0.05024154589371988 0.05942028985507256 0.06908212560386481 0.06473429951690829 0.05024154589371989 0.05893719806763294 0.09420289855072476 0.04927536231884065 0.1903381642512078 0.04830917874396142 0.05362318840579718 0.04685990338164258 0.051207729468599125 0.06135265700483102
0.058479532163742666 0.05789473684210525 0.07309941520467832 0.05614035087719297 0.057309941520467825 0.058479532163742715 0.05789473684210523 0.05906432748538012 0.057894736842105214 0.1672514619883039 0.0549707602339181 0.06081871345029237 0.06374269005847952 0.0567251461988304 0.06023391812865497
0.05555555555555554 0.05694444444444444 0.045833333333333295 0.08981481481481474 0.049537037037037025 0.04537037037037034 0.06064814814814819 0.059259259259259275 0.04537037037037032 0.04305555555555549 0.043055555555555514 0.07916666666666661 0.04490740740740734 0.22870370370370377 0.05277777777777777
0.07189542483660116 0.07581699346405216 0.0614379084967319 0.06470588235294104 0.062091503267973726 0.059477124183006415 0.07385620915032663 0.06732026143790835 0.06274509803921555 0.06274509803921556 0.062091503267973726 0.06078431372549007 0.06274509803921556 0.09215686274509785 0.06013071895424824
0.06319444444444444 0.0625 0.0625 0.0625 0.0625 0.0625 0.0625 0.0625 0.0625 0.06319444444444444 0.0625 0.12361111111111112 0.0625 0.0625 0.0625
0.06078431372549007 0.06078431372549007 0.061437908496731905 0.061437908496731905 0.060784313725490056 0.06013071895424824 0.0882352941176469 0.06601307189542469 0.059477124183006415 0.1228758169934638 0.05882352941176457 0.05882352941176457 0.06274509803921555 0.05882352941176457 0.05882352941176457
0.05555555555555545 0.05802469135802457 0.061111111111110984 0.06049382716049371 0.061111111111111005 0.1820987654320985 0.058024691358024585 0.05802469135802457 0.05679012345679001 0.05740740740740729 0.05617283950617273 0.05740740740740729 0.05925925925925916 0.06111111111111099 0.0574074074074073
0.05864197530864187 0.05617283950617273 0.16604938271604916 0.05802469135802457 0.05925925925925914 0.05864197530864187 0.06666666666666655 0.05925925925925916 0.058641975308641854 0.05679012345679001 0.059876543209876426 0.05740740740740729 0.058641975308641854 0.05740740740740729 0.06851851851851841
0.062091503267973726 0.06601307189542469 0.0705882352941175 0.06862745098039201 0.06535947712418286 0.06405228758169922 0.08235294117647046 0.06405228758169922 0.06078431372549007 0.062091503267973726 0.06732026143790834 0.062091503267973726 0.06666666666666654 0.06078431372549007 0.0771241830065358
0.0640522875816992 0.06862745098039202 0.0640522875816992 0.06209150326797373 0.09869281045751618 0.060784313725490056 0.06078431372549007 0.06535947712418287 0.06535947712418286 0.06274509803921556 0.06862745098039204 0.06470588235294106 0.06666666666666651 0.06209150326797373 0.06535947712418286
0.06666666666666667 0.06597222222222222 0.06944444444444445 0.06875 0.06805555555555555 0.06458333333333334 0.06666666666666667 0.06805555555555555 0.06805555555555555 0.06388888888888888 0.06944444444444445 0.06458333333333334 0.06597222222222222 0.06736111111111111 0.0625
0.08070175438596484 0.055555555555555566 0.0573099415204678 0.0543859649122807 0.05789473684210525 0.0631578947368421 0.0543859649122807 0.05497076023391812 0.18304093567251462 0.052631578947368425 0.06666666666666668 0.055555555555555546 0.05438596491228069 0.05438596491228071 0.05497076023391812
0.08039215686274492 0.0705882352941175 0.0836601307189541 0.06274509803921555 0.08235294117647045 0.06209150326797373 0.06732026143790835 0.060784313725490056 0.06862745098039201 0.05882352941176457 0.06013071895424824 0.059477124183006415 0.0614379084967319 0.0594771241830064 0.062091503267973726
0.04814814814814808 0.04761904761904755 0.048677248677248604 0.04761904761904755 0.04761904761904755 0.048677248677248604 0.04814814814814808 0.04761904761904755 0.04761904761904755 0.1883597883597881 0.04761904761904755 0.1883597883597881 0.04814814814814808 0.04814814814814808 0.04761904761904755
0.0625 0.06319444444444444 0.0625 0.0625 0.06319444444444444 0.0625 0.06388888888888888 0.06388888888888888 0.06319444444444444 0.0625 0.0625 0.11805555555555555 0.06319444444444444 0.06388888888888888 0.0625
0.06969696969696973 0.07121212121212128 0.055050505050505086 0.05050505050505052 0.05252525252525256 0.05101010101010104 0.0712121212121213 0.052525252525252544 0.052525252525252544 0.052020202020202036 0.05303030303030306 0.10656565656565663 0.055050505050505086 0.13434343434343446 0.07272727272727277
0.055555555555555525 0.055555555555555546 0.0666666666666666 0.10058479532163743 0.05789473684210526 0.05614035087719297 0.05789473684210525 0.05906432748538009 0.05672514619883042 0.15087719298245603 0.055555555555555566 0.05789473684210524 0.05614035087719298 0.05789473684210525 0.055555555555555546
0.058024691358024585 0.05617283950617273 0.05679012345679001 0.20061728395061698 0.05555555555555545 0.05925925925925915 0.05740740740740729 0.05679012345679001 0.05740740740740729 0.05987654320987644 0.05679012345679001 0.05740740740740729 0.05617283950617273 0.05555555555555545 0.05617283950617273
0.05617283950617273 0.058641975308641854 0.05617283950617273 0.05555555555555545 0.05617283950617273 0.05679012345679001 0.05740740740740729 0.05864197530864187 0.05617283950617273 0.16049382716049362 0.05617283950617273 0.10308641975308623 0.05555555555555545 0.05555555555555545 0.0574074074074073
0.06736111111111111 0.06805555555555555 0.06597222222222222 0.06805555555555555 0.07083333333333333 0.06597222222222222 0.06666666666666667 0.06319444444444444 0.06736111111111111 0.06527777777777778 0.06458333333333334 0.06736111111111111 0.06736111111111111 0.06527777777777778 0.06666666666666667
0.07592592592592583 0.05864197530864187 0.06975308641975299 0.05802469135802457 0.06481481481481469 0.09444444444444426 0.059876543209876426 0.06111111111111099 0.06358024691358015 0.05679012345679001 0.06049382716049371 0.061728395061728294 0.09629629629629619 0.05987654320987644 0.058641975308641875
0.05740740740740729 0.05740740740740729 0.058641975308641854 0.05987654320987644 0.0648148148148147 0.05802469135802459 0.0574074074074073 0.06234567901234556 0.05802469135802457 0.05617283950617273 0.058024691358024585 0.06049382716049371 0.05802469135802457 0.05925925925925914 0.1740740740740738
0.06319444444444444 0.0625 0.06319444444444444 0.0625 0.06597222222222222 0.06319444444444444 0.06388888888888888 0.06458333333333334 0.06319444444444444 0.06319444444444444 0.06319444444444444 0.06319444444444444 0.06458333333333334 0.0625 0.1111111111111111
0.04782608695652181 0.07874396135265714 0.24830917874396113 0.046859903381642594 0.046859903381642594 0.04541062801932375 0.04637681159420297 0.045410628019323745 0.067632850241546 0.04492753623188414 0.046376811594202975 0.04396135265700491 0.045410628019323745 0.04396135265700491 0.10193236714975847
0.0625 0.0625 0.0625 0.0625 0.0625 0.0625 0.0625 0.06388888888888888 0.0625 0.06319444444444444 0.0625 0.12222222222222222 0.0625 0.0625 0.06319444444444444
0.06444444444444435 0.05111111111111103 0.07499999999999989 0.053333333333333253 0.05944444444444435 0.05611111111111103 0.05999999999999991 0.05944444444444435 0.05666666666666658 0.0527777777777777 0.05499999999999991 0.05333333333333324 0.05611111111111103 0.05166666666666659 0.19555555555555545
0.06274509803921555 0.062091503267973726 0.06339869281045739 0.06405228758169922 0.06274509803921555 0.06666666666666653 0.06209150326797373 0.06013071895424824 0.06078431372549007 0.06013071895424823 0.06274509803921555 0.06013071895424823 0.12679738562091483 0.0614379084967319 0.06405228758169922
0.06262626262626268 0.0565656565656566 0.05555555555555559 0.05050505050505053 0.0494949494949495 0.1828282828282829 0.05303030303030306 0.04898989898989899 0.12121212121212135 0.05000000000000002 0.06060606060606063 0.04747474747474746 0.05000000000000002 0.059090909090909104 0.05202020202020205
0.060000000000000046 0.09377777777777783 0.07511111111111116 0.048000000000000036 0.04755555555555559 0.07822222222222228 0.044888888888888916 0.04266666666666669 0.19911111111111096 0.04088888888888891 0.07644444444444451 0.04133333333333336 0.05022222222222226 0.04044444444444447 0.06133333333333338
0.04797979797979797 0.05050505050505051 0.04646464646464645 0.04696969696969696 0.07020202020202022 0.12373737373737385 0.04696969696969695 0.04797979797979798 0.096969696969697 0.04595959595959594 0.16616161616161604 0.045454545454545435 0.06868686868686864 0.045454545454545435 0.05050505050505053
0.06432748538011687 0.06549707602339178 0.06081871345029237 0.06725146198830398 0.09532163742690059 0.060233918128654945 0.06315789473684208 0.06432748538011693 0.059649122807017535 0.057309941520467846 0.05614035087719298 0.08596491228070179 0.06257309941520466 0.06491228070175441 0.07251461988304087
0.06549707602339179 0.07134502923976607 0.056725146198830394 0.05380116959064327 0.0877192982456141 0.05614035087719294 0.05730994152046782 0.05438596491228072 0.08421052631578949 0.052631578947368425 0.09649122807017543 0.05321637426900586 0.06432748538011702 0.07836257309941523 0.06783625730994143
0.06805555555555555 0.06458333333333334 0.06597222222222222 0.06388888888888888 0.06319444444444444 0.06597222222222222 0.08680555555555555 0.06527777777777778 0.06458333333333334 0.06319444444444444 0.0625 0.06388888888888888 0.06805555555555555 0.06805555555555555 0.06597222222222222
0.05925925925925915 0.061728395061728274 0.06419753086419741 0.05925925925925914 0.10987654320987639 0.05987654320987644 0.06234567901234556 0.06049382716049371 0.05802469135802457 0.05740740740740729 0.06111111111111099 0.05925925925925915 0.10864197530864181 0.05864197530864187 0.05987654320987642
0.054999999999999924 0.05611111111111104 0.053333333333333253 0.052222222222222135 0.06777777777777766 0.056666666666666574 0.05777777777777769 0.07777777777777768 0.05499999999999991 0.05166666666666658 0.1972222222222221 0.05444444444444435 0.05444444444444437 0.05666666666666658 0.053888888888888806
0.06140350877192979 0.06081871345029242 0.12690058479532146 0.0725146198830409 0.05789473684210525 0.05614035087719299 0.061988304093567224 0.05906432748538009 0.08888888888888884 0.06666666666666661 0.056725146198830415 0.0543859649122807 0.059649122807017535 0.055555555555555525 0.061403508771929814
0.0625 0.12291666666666666 0.06319444444444444 0.0625 0.0625 0.0625 0.0625 0.0625 0.06319444444444444 0.0625 0.0625 0.06319444444444444 0.0625 0.0625 0.0625
0.06732026143790834 0.0679738562091502 0.06470588235294107 0.06339869281045737 0.07516339869281033 0.06470588235294104 0.06862745098039204 0.06862745098039204 0.0660130718954247 0.06339869281045737 0.06797385620915018 0.06862745098039202 0.0640522875816992 0.06405228758169922 0.06535947712418287
0.0625 0.0625 0.0625 0.0625 0.0625 0.0625 0.06319444444444444 0.0625 0.12222222222222222 0.0625 0.0625 0.0625 0.06388888888888888 0.0625 0.06319444444444444
0.05555555555555545 0.05617283950617273 0.05555555555555545 0.1956790123456788 0.05555555555555545 0.05679012345679001 0.05679012345679001 0.05555555555555545 0.05617283950617273 0.05555555555555545 0.05864197530864187 0.05555555555555545 0.05555555555555545 0.05617283950617273 0.07469135802469128
0.0625 0.0625 0.0625 0.11736111111111111 0.06319444444444444 0.06527777777777778 0.06319444444444444 0.0625 0.06319444444444444 0.0625 0.06319444444444444 0.06319444444444444 0.06319444444444444 0.0625 0.06319444444444444
0.05303030303030308 0.05101010101010104 0.06464646464646473 0.08282828282828295 0.04898989898989899 0.04949494949494951 0.05000000000000001 0.05050505050505052 0.06969696969696973 0.0494949494949495 0.05808080808080807 0.0494949494949495 0.048989898989899 0.04696969696969695 0.22676767676767678
0.06084656084656077 0.052380952380952306 0.05555555555555547 0.08571428571428562 0.05132275132275125 0.050793650793650724 0.05079365079365071 0.05502645502645496 0.052910052910052824 0.04973544973544967 0.04920634920634913 0.06402116402116394 0.1216931216931216 0.0507936507936507 0.14920634920634906
0.0625 0.0625 0.0625 0.0625 0.0625 0.06319444444444444 0.0625 0.0625 0.12430555555555556 0.0625 0.0625 0.0625 0.0625 0.0625 0.0625
0.058333333333333334 0.06481481481481481 0.05416666666666665 0.05509259259259259 0.06759259259259263 0.048611111111111084 0.06342592592592593 0.06990740740740747 0.10185185185185189 0.045833333333333295 0.04583333333333328 0.15601851851851847 0.04953703703703701 0.0699074074074074 0.04907407407407405
0.06319444444444444 0.0625 0.0625 0.0625 0.0625 0.0625 0.0625 0.0625 0.12361111111111112 0.0625 0.0625 0.0625 0.0625 0.0625 0.06319444444444444
0.0625 0.0625 0.0625 0.06319444444444444 0.06458333333333334 0.0625 0.06319444444444444 0.0625 0.11944444444444445 0.0625 0.0625 0.0625 0.06319444444444444 0.0625 0.06388888888888888
0.06549707602339182 0.06666666666666667 0.05555555555555555 0.056725146198830394 0.05964912280701752 0.11228070175438588 0.060818713450292376 0.054970760233918115 0.11169590643274847 0.05321637426900585 0.05555555555555554 0.05497076023391813 0.05614035087719296 0.0807017543859649 0.055555555555555546
0.05740740740740729 0.05679012345679001 0.05617283950617273 0.05740740740740729 0.1111111111111109 0.05555555555555545 0.059876543209876426 0.05802469135802457 0.11790123456790101 0.05555555555555545 0.058641975308641854 0.05617283950617273 0.05679012345679002 0.05679012345679002 0.08580246913580232
0.0625 0.0625 0.06319444444444444 0.11527777777777778 0.06319444444444444 0.06666666666666667 0.06388888888888888 0.0625 0.06319444444444444 0.0625 0.06319444444444444 0.0625 0.06319444444444444 0.0625 0.06319444444444444
0.06172839506172827 0.05987654320987644 0.0679012345679011 0.06419753086419742 0.05987654320987644 0.05864197530864187 0.0679012345679011 0.06234567901234558 0.07098765432098753 0.05864197530864187 0.1012345679012344 0.06049382716049371 0.08209876543209862 0.058024691358024585 0.06604938271604928
0.06319444444444444 0.0625 0.06458333333333334 0.0625 0.06458333333333334 0.06319444444444444 0.0625 0.0625 0.06458333333333334 0.0625 0.06319444444444444 0.06319444444444444 0.11388888888888889 0.06388888888888888 0.06319444444444444
0.04897119341563789 0.21440329218107002 0.06008230452674901 0.04279835390946506 0.04362139917695477 0.08395061728395066 0.04279835390946506 0.04238683127572021 0.04650205761316877 0.04032921810699593 0.15061728395061727 0.039094650205761354 0.061728395061728385 0.04156378600823049 0.04115226337448564
0.057309941520467825 0.12631578947368405 0.0567251461988304 0.061988304093567155 0.0730994152046784 0.056725146198830394 0.06081871345029241 0.05614035087719297 0.0543859649122807 0.05321637426900586 0.0543859649122807 0.05321637426900585 0.10643274853801168 0.06842105263157892 0.06081871345029241
0.06203703703703702 0.08287037037037037 0.052314814814814814 0.049537037037037004 0.06435185185185184 0.07361111111111109 0.059722222222222204 0.05 0.05231481481481484 0.04629629629629626 0.17638888888888885 0.053240740740740755 0.05879629629629626 0.0712962962962963 0.04722222222222217
0.06666666666666667 0.06458333333333334 0.06319444444444444 0.06527777777777778 0.06805555555555555 0.06597222222222222 0.06597222222222222 0.06458333333333334 0.06875 0.06458333333333334 0.06319444444444444 0.06388888888888888 0.06458333333333334 0.0625 0.08819444444444445
0.06666666666666653 0.06470588235294104 0.0640522875816992 0.06339869281045737 0.06339869281045737 0.06274509803921555 0.06339869281045739 0.06013071895424824 0.06405228758169922 0.06013071895424824 0.10326797385620896 0.06013071895424824 0.07450980392156847 0.06405228758169922 0.06535947712418287
0.0625 0.0625 0.0625 0.0625 0.11805555555555555 0.06388888888888888 0.06319444444444444 0.0625 0.0625 0.0625 0.06319444444444444 0.0625 0.06527777777777778 0.06319444444444444 0.06319444444444444
0.06875 0.0798611111111111 0.06319444444444444 0.0625 0.06319444444444444 0.06388888888888888 0.07152777777777777 0.0625 0.0625 0.06319444444444444 0.0625 0.0625 0.06319444444444444 0.08819444444444445 0.0625
0.06458333333333334 0.06666666666666667 0.06666666666666667 0.06597222222222222 0.06527777777777778 0.06666666666666667 0.06805555555555555 0.06666666666666667 0.06736111111111111 0.06458333333333334 0.06458333333333334 0.06875 0.06736111111111111 0.06736111111111111 0.06944444444444445
0.06315789473684207 0.05614035087719295 0.06198830409356724 0.05789473684210524 0.059649122807017535 0.05906432748538011 0.05906432748538009 0.05789473684210525 0.14327485380116947 0.05555555555555555 0.09064327485380118 0.056725146198830394 0.06198830409356721 0.058479532163742694 0.058479532163742666
0.06013071895424824 0.05882352941176457 0.06013071895424824 0.0594771241830064 0.06013071895424823 0.0594771241830064 0.05882352941176457 0.060784313725490056 0.059477124183006415 0.05882352941176457 0.11503267973856186 0.11176470588235272 0.05882352941176457 0.0594771241830064 0.05882352941176457
0.0594771241830064 0.06013071895424824 0.0614379084967319 0.05882352941176457 0.059477124183006415 0.10457516339869259 0.05882352941176457 0.06013071895424824 0.11699346405228735 0.05882352941176457 0.0614379084967319 0.059477124183006415 0.060784313725490056 0.05882352941176457 0.06078431372549007
0.05740740740740729 0.05555555555555545 0.05925925925925915 0.05679012345679001 0.05617283950617273 0.058641975308641854 0.05740740740740729 0.05617283950617273 0.05617283950617273 0.05555555555555545 0.0574074074074073 0.05679012345679001 0.20432098765432063 0.05555555555555545 0.05679012345679001
0.061728395061728274 0.06851851851851841 0.05740740740740729 0.05679012345679001 0.05987654320987642 0.058024691358024585 0.06666666666666655 0.058641975308641854 0.09938271604938254 0.05617283950617273 0.05555555555555545 0.05617283950617273 0.058024691358024585 0.08703703703703687 0.0999999999999998
0.06611111111111104 0.06611111111111101 0.06222222222222214 0.06222222222222214 0.05833333333333324 0.0538888888888888 0.0638888888888888 0.10722222222222216 0.05833333333333324 0.05222222222222214 0.05777777777777769 0.10166666666666657 0.05499999999999991 0.08055555555555546 0.05444444444444437
0.06319444444444444 0.06388888888888888 0.06527777777777778 0.06319444444444444 0.07013888888888889 0.09652777777777778 0.06458333333333334 0.06388888888888888 0.0625 0.0625 0.06527777777777778 0.06388888888888888 0.06666666666666667 0.06458333333333334 0.06388888888888888
0.08366013071895409 0.06535947712418286 0.06862745098039202 0.06601307189542471 0.06339869281045737 0.07058823529411751 0.06470588235294103 0.06732026143790834 0.06535947712418286 0.0633986928104574 0.06470588235294104 0.0640522875816992 0.06405228758169922 0.0660130718954247 0.06274509803921556
0.06993464052287568 0.06339869281045739 0.0653594771241829 0.0699346405228757 0.07189542483660116 0.072549019607843 0.07385620915032665 0.0640522875816992 0.06470588235294104 0.06078431372549007 0.0614379084967319 0.06666666666666653 0.06797385620915018 0.06339869281045739 0.06405228758169922
0.0543859649122807 0.05380116959064327 0.0543859649122807 0.056725146198830394 0.05497076023391813 0.052631578947368425 0.053801169590643266 0.05380116959064327 0.052631578947368425 0.2438596491228071 0.05321637426900585 0.05614035087719299 0.05321637426900586 0.05321637426900584 0.05321637426900585
0.0625 0.0625 0.0625 0.0625 0.0625 0.0625 0.06319444444444444 0.0625 0.0625 0.12361111111111112 0.0625 0.06319444444444444 0.0625 0.0625 0.0625
0.06078431372549007 0.06013071895424824 0.06078431372549007 0.0836601307189541 0.06274509803921556 0.059477124183006415 0.06405228758169922 0.06078431372549007 0.0614379084967319 0.0614379084967319 0.06078431372549007 0.11372549019607821 0.06078431372549007 0.0614379084967319 0.06797385620915018
0.06666666666666654 0.06419753086419742 0.08086419753086406 0.06975308641975299 0.05864197530864187 0.06543209876543198 0.07345679012345664 0.06049382716049371 0.06913580246913568 0.058641975308641854 0.05617283950617273 0.05740740740740729 0.06419753086419741 0.0913580246913579 0.06358024691358014
0.06993464052287568 0.07254901960784298 0.062091503267973726 0.09477124183006518 0.06013071895424824 0.06209150326797373 0.06862745098039204 0.060784313725490056 0.06078431372549007 0.05882352941176457 0.060784313725490056 0.0594771241830064 0.06274509803921555 0.08758169934640507 0.05882352941176457
0.09938271604938258 0.06975308641975296 0.05925925925925915 0.05679012345679001 0.05740740740740729 0.10493827160493807 0.07098765432098753 0.058641975308641854 0.058024691358024585 0.05679012345679001 0.05740740740740729 0.05679012345679001 0.058024691358024585 0.0796296296296295 0.05617283950617273
0.07283950617283941 0.07530864197530854 0.05679012345679001 0.05679012345679001 0.07901234567901222 0.05740740740740729 0.07098765432098755 0.05802469135802457 0.06049382716049371 0.058024691358024585 0.05617283950617273 0.05617283950617273 0.05802469135802457 0.11604938271604924 0.0679012345679011
0.06339869281045739 0.0640522875816992 0.06732026143790837 0.07189542483660118 0.07058823529411752 0.0660130718954247 0.06470588235294104 0.06862745098039202 0.06928104575163387 0.0614379084967319 0.06470588235294103 0.06535947712418286 0.06601307189542471 0.0633986928104574 0.07320261437908485
0.08722222222222215 0.06666666666666658 0.07444444444444434 0.05999999999999991 0.07833333333333323 0.08166666666666654 0.06666666666666658 0.058888888888888775 0.06444444444444433 0.05277777777777769 0.05499999999999991 0.05611111111111103 0.055555555555555476 0.07611111111111103 0.06611111111111102
0.06319444444444444 0.06666666666666667 0.06944444444444445 0.06666666666666667 0.06944444444444445 0.06805555555555555 0.06875 0.06597222222222222 0.06527777777777778 0.06388888888888888 0.06666666666666667 0.07013888888888889 0.06319444444444444 0.06388888888888888 0.06875
0.09938271604938262 0.06296296296296285 0.0679012345679011 0.06358024691358014 0.06851851851851841 0.06604938271604928 0.06481481481481469 0.06234567901234556 0.07901234567901222 0.05740740740740729 0.06481481481481469 0.058024691358024585 0.06543209876543199 0.061111111111110984 0.05864197530864187
0.06666666666666653 0.06601307189542469 0.0594771241830064 0.06013071895424823 0.060784313725490056 0.05882352941176457 0.06928104575163384 0.060784313725490056 0.0594771241830064 0.0594771241830064 0.059477124183006415 0.1117647058823527 0.06013071895424824 0.08888888888888873 0.05882352941176457
0.10555555555555564 0.0699999999999999 0.0627777777777777 0.06055555555555547 0.07166666666666657 0.0949999999999999 0.05777777777777768 0.058888888888888796 0.07111111111111104 0.05111111111111103 0.05611111111111104 0.05222222222222214 0.05777777777777769 0.07277777777777769 0.05666666666666658
0.058641975308641854 0.059876543209876426 0.05987654320987644 0.062345679012345556 0.07160493827160483 0.10555555555555536 0.0648148148148147 0.06049382716049371 0.06234567901234556 0.05679012345679001 0.093827160493827 0.06358024691358014 0.06234567901234555 0.05740740740740729 0.06049382716049371
0.06481481481481469 0.06481481481481469 0.06604938271604928 0.0648148148148147 0.07160493827160483 0.06234567901234558 0.07098765432098754 0.05925925925925915 0.07407407407407395 0.06296296296296283 0.07222222222222209 0.06111111111111099 0.0722222222222221 0.06234567901234556 0.07037037037037025
0.04747474747474746 0.046464646464646445 0.04797979797979796 0.04747474747474746 0.04949494949494951 0.045454545454545435 0.04595959595959594 0.04696969696969695 0.04646464646464645 0.045454545454545435 0.045454545454545435 0.0929292929292929 0.04646464646464645 0.04595959595959594 0.2999999999999998
0.06315789473684208 0.15847953216374258 0.05730994152046782 0.053801169590643266 0.05614035087719297 0.052631578947368425 0.07251461988304089 0.05438596491228071 0.05438596491228071 0.05380116959064327 0.05555555555555555 0.05321637426900584 0.05380116959064327 0.10701754385964904 0.053801169590643266
0.06597222222222222 0.06388888888888888 0.06388888888888888 0.06527777777777778 0.06388888888888888 0.06527777777777778 0.07083333333333333 0.06805555555555555 0.06736111111111111 0.06458333333333334 0.07916666666666666 0.06736111111111111 0.06805555555555555 0.06319444444444444 0.06319444444444444
0.053333333333333253 0.053333333333333253 0.052222222222222135 0.05111111111111103 0.06055555555555548 0.05277777777777769 0.05666666666666658 0.053888888888888806 0.053333333333333253 0.05111111111111102 0.1949999999999999 0.05333333333333324 0.10999999999999995 0.05277777777777768 0.050555555555555465
0.05679012345679001 0.06481481481481467 0.05679012345679001 0.05617283950617273 0.05617283950617273 0.1666666666666664 0.05617283950617273 0.05617283950617273 0.08148148148148138 0.05617283950617273 0.06851851851851838 0.05555555555555545 0.05617283950617273 0.05617283950617273 0.05617283950617273
0.061437908496731905 0.060784313725490056 0.06078431372549007 0.1006535947712417 0.06470588235294104 0.060784313725490056 0.062091503267973726 0.062091503267973726 0.06339869281045739 0.05882352941176457 0.062091503267973726 0.06666666666666651 0.06078431372549007 0.0614379084967319 0.09346405228758156
0.0625 0.0625 0.0625 0.0625 0.0625 0.12430555555555556 0.0625 0.0625 0.06319444444444444 0.0625 0.0625 0.0625 0.0625 0.0625 0.0625
0.07513227513227504 0.06455026455026447 0.04973544973544967 0.053968253968253894 0.04973544973544967 0.09047619047619043 0.05555555555555548 0.055555555555555476 0.18730158730158702 0.051322751322751256 0.06190476190476181 0.05079365079365074 0.051851851851851795 0.04973544973544965 0.052380952380952306
0.07283950617283938 0.0753086419753085 0.05740740740740729 0.0574074074074073 0.0574074074074073 0.05617283950617273 0.0679012345679011 0.06975308641975296 0.0574074074074073 0.05679012345679001 0.05925925925925916 0.07839506172839493 0.07654320987654312 0.1012345679012344 0.05617283950617273
0.06725146198830412 0.06432748538011693 0.053801169590643266 0.052631578947368425 0.05380116959064327 0.055555555555555546 0.06549707602339178 0.05730994152046786 0.055555555555555525 0.05438596491228071 0.05321637426900585 0.1502923976608184 0.07192982456140347 0.09064327485380118 0.05380116959064327
0.05324074074074074 0.06064814814814815 0.045833333333333295 0.09027777777777772 0.059722222222222225 0.22685185185185183 0.053240740740740734 0.047685185185185136 0.044907407407407354 0.0430555555555555 0.04490740740740736 0.044444444444444384 0.045370370370370325 0.08796296296296299 0.05185185185185181
0.07152777777777777 0.06458333333333334 0.06666666666666667 0.06597222222222222 0.07152777777777777 0.06527777777777778 0.06666666666666667 0.06805555555555555 0.06736111111111111 0.06388888888888888 0.06597222222222222 0.06527777777777778 0.06736111111111111 0.06458333333333334 0.06527777777777778
0.0549999999999999 0.055555555555555476 0.058333333333333244 0.05499999999999993 0.10055555555555544 0.12277777777777779 0.05499999999999991 0.059999999999999915 0.056666666666666574 0.053333333333333253 0.0538888888888888 0.05222222222222214 0.057222222222222126 0.053333333333333253 0.11111111111111105
0.061111111111111005 0.06790123456790112 0.05802469135802457 0.05740740740740729 0.058024691358024585 0.14629629629629612 0.06481481481481469 0.05802469135802457 0.05617283950617273 0.05679012345679001 0.05679012345679002 0.05617283950617273 0.061111111111111005 0.0858024691358023 0.05555555555555545
0.06862745098039202 0.06993464052287568 0.060784313725490056 0.06013071895424823 0.060784313725490056 0.059477124183006415 0.06862745098039202 0.06470588235294104 0.060784313725490056 0.062091503267973726 0.059477124183006415 0.09150326797385604 0.061437908496731905 0.08954248366013055 0.06209150326797373
0.05617283950617273 0.11172839506172817 0.059876543209876426 0.05740740740740729 0.0574074074074073 0.05617283950617273 0.05555555555555545 0.05740740740740729 0.05679012345679001 0.05617283950617273 0.05555555555555545 0.10802469135802449 0.1006172839506171 0.05555555555555545 0.05555555555555545
0.06470588235294106 0.06470588235294103 0.06993464052287568 0.06405228758169923 0.06666666666666651 0.06274509803921555 0.06339869281045739 0.06797385620915018 0.06732026143790837 0.06993464052287567 0.06339869281045739 0.06274509803921556 0.06274509803921555 0.06339869281045739 0.0862745098039214
0.04658119658119654 0.04743589743589739 0.09188034188034178 0.04615384615384613 0.04401709401709397 0.04145299145299142 0.3123931623931625 0.04572649572649569 0.044017094017094006 0.04829059829059826 0.042735042735042694 0.041025641025640984 0.04615384615384611 0.0602564102564102 0.04188034188034184
0.07037037037037025 0.06604938271604927 0.06296296296296286 0.06172839506172829 0.07283950617283938 0.0648148148148147 0.06851851851851838 0.0759259259259258 0.061111111111111005 0.06728395061728384 0.06049382716049371 0.06975308641975296 0.06913580246913567 0.06728395061728383 0.061728395061728274
0.04920634920634912 0.05185185185185177 0.05026455026455017 0.05026455026455019 0.05449735449735441 0.05132275132275125 0.12592592592592583 0.05343915343915337 0.05079365079365071 0.1994708994708991 0.05343915343915337 0.05502645502645496 0.05291005291005283 0.050793650793650724 0.05079365079365073
0.058333333333333244 0.05722222222222214 0.056666666666666594 0.05999999999999993 0.11277777777777782 0.05722222222222214 0.0627777777777777 0.1305555555555556 0.055555555555555476 0.053888888888888785 0.0616666666666666 0.06555555555555546 0.05611111111111103 0.05777777777777769 0.053888888888888806
0.06209150326797371 0.06666666666666655 0.06274509803921555 0.07777777777777763 0.09084967320261424 0.06405228758169923 0.07058823529411752 0.0614379084967319 0.0660130718954247 0.062091503267973726 0.062091503267973726 0.0660130718954247 0.062091503267973726 0.06274509803921555 0.06274509803921556
0.06402116402116394 0.05343915343915337 0.058201058201058115 0.058201058201058135 0.08624338624338614 0.05502645502645495 0.059259259259259164 0.12433862433862433 0.05502645502645495 0.065079365079365 0.05396825396825389 0.08888888888888882 0.06243386243386237 0.05714285714285706 0.058730158730158646
0.060784313725490056 0.06732026143790835 0.06339869281045737 0.06470588235294104 0.10130718954248345 0.06928104575163385 0.06274509803921555 0.06339869281045737 0.06732026143790837 0.06666666666666654 0.0660130718954247 0.06405228758169922 0.062091503267973726 0.06078431372549007 0.06013071895424823
0.06608187134502923 0.054970760233918115 0.054970760233918115 0.05672514619883037 0.06491228070175434 0.05555555555555555 0.16315789473684186 0.08245614035087721 0.06257309941520463 0.05497076023391813 0.060233918128655015 0.05555555555555555 0.056725146198830415 0.05614035087719297 0.05497076023391812
0.05802469135802457 0.05679012345679001 0.11481481481481462 0.05617283950617273 0.05679012345679001 0.058641975308641854 0.05740740740740729 0.0574074074074073 0.09506172839506155 0.05555555555555545 0.05802469135802457 0.05555555555555545 0.10555555555555533 0.05740740740740729 0.05679012345679001
0.06470588235294104 0.0640522875816992 0.062091503267973726 0.06732026143790837 0.060784313725490056 0.12941176470588214 0.060784313725490056 0.06862745098039201 0.0614379084967319 0.05882352941176457 0.06078431372549007 0.061437908496731884 0.0594771241830064 0.0594771241830064 0.06078431372549007
0.060784313725490056 0.06339869281045737 0.06078431372549007 0.0614379084967319 0.06209150326797373 0.14248366013071875 0.060784313725490056 0.061437908496731884 0.06666666666666654 0.05882352941176457 0.060784313725490056 0.062091503267973726 0.05882352941176457 0.06013071895424824 0.0594771241830064
0.059788359788359724 0.06137566137566131 0.05714285714285708 0.0576719576719576 0.050793650793650724 0.05132275132275125 0.0925925925925925 0.09788359788359775 0.05079365079365073 0.04920634920634914 0.05026455026455019 0.057671957671957604 0.13703703703703687 0.07513227513227506 0.05132275132275125
0.06274509803921555 0.06013071895424824 0.11764705882352917 0.06535947712418287 0.06470588235294104 0.0640522875816992 0.06339869281045739 0.06535947712418287 0.06339869281045737 0.06078431372549007 0.06013071895424824 0.06339869281045737 0.060784313725490056 0.06405228758169922 0.06405228758169922
0.06078431372549007 0.06274509803921555 0.060784313725490056 0.06209150326797373 0.09477124183006518 0.11045751633986907 0.06405228758169922 0.062091503267973726 0.06078431372549007 0.0594771241830064 0.0594771241830064 0.06013071895424823 0.06078431372549007 0.06078431372549007 0.06078431372549007
0.0549999999999999 0.07499999999999989 0.05944444444444436 0.06666666666666658 0.06833333333333325 0.11388888888888885 0.05888888888888881 0.10944444444444439 0.057222222222222126 0.05222222222222214 0.06222222222222215 0.05722222222222215 0.05722222222222214 0.05277777777777769 0.05444444444444435
0.07530864197530854 0.06049382716049372 0.12777777777777763 0.06358024691358012 0.05802469135802457 0.062345679012345556 0.06358024691358012 0.0685185185185184 0.058641975308641854 0.058641975308641854 0.06111111111111099 0.05987654320987644 0.06111111111111099 0.06111111111111099 0.059876543209876426
0.0625 0.12361111111111112 0.0625 0.0625 0.0625 0.0625 0.0625 0.0625 0.0625 0.0625 0.06319444444444444 0.0625 0.0625 0.06319444444444444 0.0625
0.0637426900584795 0.16315789473684184 0.06432748538011698 0.06257309941520464 0.07719298245614037 0.058479532163742694 0.05497076023391812 0.061403508771929786 0.05789473684210523 0.05321637426900585 0.05555555555555555 0.055555555555555566 0.05497076023391812 0.057309941520467825 0.0596491228070175
0.10123456790123439 0.11234567901234546 0.05679012345679001 0.061728395061728294 0.07716049382716036 0.061111111111111005 0.0574074074074073 0.05802469135802457 0.05864197530864187 0.05617283950617273 0.058641975308641854 0.05740740740740729 0.058024691358024585 0.05864197530864187 0.06666666666666655
0.06527777777777778 0.06319444444444444 0.06319444444444444 0.06319444444444444 0.06319444444444444 0.10347222222222222 0.06458333333333334 0.06458333333333334 0.06319444444444444 0.06527777777777778 0.06527777777777778 0.06388888888888888 0.06388888888888888 0.06458333333333334 0.06319444444444444
0.12160493827160476 0.06790123456790112 0.05802469135802457 0.05679012345679001 0.05740740740740729 0.06049382716049371 0.07345679012345664 0.05987654320987642 0.05864197530864187 0.05925925925925916 0.06913580246913568 0.06049382716049371 0.06296296296296286 0.07777777777777763 0.05617283950617273
0.0895424836601306 0.07385620915032665 0.0614379084967319 0.0614379084967319 0.06470588235294104 0.06470588235294106 0.06732026143790837 0.0640522875816992 0.06013071895424823 0.05882352941176457 0.06078431372549007 0.06078431372549007 0.06274509803921556 0.0882352941176469 0.061437908496731884
0.08783068783068777 0.06243386243386233 0.06825396825396816 0.051851851851851774 0.08941798941798935 0.04920634920634914 0.07830687830687827 0.05502645502645495 0.056084656084655994 0.09999999999999987 0.05291005291005283 0.05132275132275125 0.05238095238095231 0.07301587301587292 0.07195767195767185
0.06597222222222222 0.06458333333333334 0.07291666666666667 0.06736111111111111 0.06388888888888888 0.06736111111111111 0.07013888888888889 0.06736111111111111 0.06597222222222222 0.07222222222222222 0.06319444444444444 0.06388888888888888 0.06597222222222222 0.06458333333333334 0.06458333333333334
0.07083333333333333 0.06388888888888888 0.06527777777777778 0.06875 0.06597222222222222 0.06388888888888888 0.07152777777777777 0.06805555555555555 0.06736111111111111 0.06597222222222222 0.06527777777777778 0.06527777777777778 0.06666666666666667 0.06666666666666667 0.06458333333333334
0.0614035087719298 0.0701754385964912 0.0614035087719298 0.061988304093567224 0.07485380116959059 0.11228070175438593 0.06257309941520467 0.06315789473684211 0.06666666666666662 0.057309941520467825 0.07192982456140344 0.0590643274853801 0.06198830409356724 0.05964912280701755 0.055555555555555525
0.06458333333333334 0.06319444444444444 0.06944444444444445 0.06944444444444445 0.06666666666666667 0.07083333333333333 0.06666666666666667 0.06736111111111111 0.06597222222222222 0.06805555555555555 0.06597222222222222 0.06736111111111111 0.06319444444444444 0.06527777777777778 0.06597222222222222
0.11637426900584785 0.06900584795321635 0.05497076023391812 0.05614035087719296 0.05964912280701754 0.09649122807017546 0.06666666666666665 0.05906432748538007 0.060233918128654966 0.057309941520467825 0.05730994152046779 0.05321637426900586 0.05906432748538009 0.07894736842105264 0.05555555555555554
0.061728395061728274 0.06728395061728384 0.06296296296296283 0.06172839506172829 0.06728395061728384 0.1055555555555554 0.05925925925925915 0.06851851851851841 0.06604938271604925 0.05925925925925914 0.06419753086419741 0.06666666666666655 0.06296296296296286 0.06481481481481471 0.06172839506172829
0.060784313725490056 0.06339869281045739 0.062091503267973726 0.06013071895424823 0.09215686274509785 0.11960784313725467 0.06078431372549007 0.06078431372549007 0.06339869281045739 0.05882352941176457 0.060784313725490056 0.0594771241830064 0.06013071895424824 0.05882352941176457 0.05882352941176457
0.06049382716049371 0.06419753086419741 0.061728395061728274 0.06234567901234556 0.07592592592592579 0.06049382716049371 0.06111111111111101 0.07839506172839493 0.11913580246913559 0.05679012345679001 0.06419753086419741 0.058641975308641854 0.058641975308641854 0.06049382716049371 0.05740740740740729
