0.058641975308641854 0.062345679012345556 0.06172839506172829 0.0574074074074073 0.05802469135802457 0.06666666666666655 0.06296296296296285 0.05679012345679001 0.0827160493827159 0.0679012345679011 0.05740740740740729 0.12469135802469117 0.06049382716049372 0.06111111111111099 0.061111111111111005
0.05740740740740729 0.0685185185185184 0.05802469135802457 0.05679012345679001 0.16481481481481458 0.06234567901234558 0.05740740740740729 0.05925925925925914 0.058641975308641854 0.06111111111111099 0.05740740740740729 0.05925925925925915 0.06049382716049372 0.058641975308641854 0.05987654320987644
0.06597222222222222 0.06597222222222222 0.06527777777777778 0.06527777777777778 0.06666666666666667 0.06458333333333334 0.06736111111111111 0.06527777777777778 0.06944444444444445 0.07361111111111111 0.06319444444444444 0.06666666666666667 0.06805555555555555 0.06875 0.06388888888888888
0.06388888888888888 0.0625 0.0625 0.06319444444444444 0.0625 0.06388888888888888 0.06388888888888888 0.06319444444444444 0.06319444444444444 0.11736111111111111 0.0625 0.0625 0.06388888888888888 0.0625 0.0625
0.06319444444444444 0.06666666666666667 0.0625 0.0625 0.0625 0.0625 0.06319444444444444 0.0625 0.0625 0.0625 0.0625 0.06319444444444444 0.06666666666666667 0.11458333333333333 0.0625
0.06419753086419741 0.06728395061728383 0.06049382716049372 0.06296296296296285 0.059876543209876426 0.06419753086419741 0.05987654320987644 0.11296296296296279 0.06111111111111099 0.0679012345679011 0.06172839506172829 0.06172839506172827 0.0679012345679011 0.06543209876543198 0.06234567901234556
0.17632850241545903 0.050724637681159486 0.046376811594202975 0.046859903381642594 0.05024154589371989 0.04685990338164258 0.11111111111111119 0.08743961352657018 0.045893719806763364 0.045893719806763364 0.07246376811594213 0.05120772946859911 0.06231884057971023 0.05072463768115951 0.05555555555555564
0.06405228758169922 0.07843137254901945 0.06405228758169922 0.06732026143790835 0.06339869281045739 0.06339869281045739 0.06274509803921555 0.07189542483660118 0.06535947712418287 0.0660130718954247 0.061437908496731884 0.0614379084967319 0.06666666666666653 0.07777777777777763 0.0660130718954247
0.06078431372549007 0.08888888888888882 0.0614379084967319 0.059477124183006415 0.0594771241830064 0.0614379084967319 0.06209150326797373 0.06013071895424824 0.05882352941176457 0.06013071895424823 0.0594771241830064 0.06013071895424823 0.061437908496731884 0.12483660130718943 0.061437908496731884
0.05617283950617273 0.058641975308641854 0.05802469135802457 0.1259259259259258 0.05987654320987642 0.05925925925925915 0.06172839506172829 0.05555555555555545 0.05617283950617273 0.06419753086419742 0.05617283950617273 0.09691358024691339 0.0685185185185184 0.06604938271604927 0.05679012345679001
0.06736111111111111 0.06388888888888888 0.06527777777777778 0.06597222222222222 0.06666666666666667 0.06597222222222222 0.07013888888888889 0.06527777777777778 0.06527777777777778 0.06666666666666667 0.06388888888888888 0.075 0.06597222222222222 0.06527777777777778 0.06736111111111111
0.0594771241830064 0.06339869281045737 0.0594771241830064 0.06013071895424824 0.06078431372549007 0.0594771241830064 0.06535947712418287 0.06013071895424824 0.05882352941176457 0.06666666666666654 0.05882352941176457 0.09934640522875797 0.06013071895424824 0.1065359477124181 0.0614379084967319
0.06491228070175435 0.06666666666666664 0.05789473684210525 0.08070175438596491 0.05906432748538011 0.05497076023391812 0.056725146198830415 0.12690058479532154 0.05614035087719294 0.05789473684210525 0.05321637426900584 0.055555555555555546 0.09122807017543869 0.0567251461988304 0.061403508771929814
0.05864197530864187 0.06234567901234558 0.05740740740740729 0.06111111111111099 0.06049382716049372 0.05617283950617273 0.12222222222222212 0.058024691358024585 0.07345679012345664 0.095679012345679 0.05617283950617273 0.058641975308641875 0.05925925925925915 0.06234567901234556 0.058024691358024585
0.054999999999999924 0.10444444444444437 0.05944444444444435 0.05999999999999991 0.06111111111111103 0.0577777777777777 0.11388888888888915 0.05888888888888881 0.052222222222222135 0.09277777777777783 0.057222222222222126 0.05611111111111102 0.0577777777777777 0.05555555555555547 0.05777777777777769
0.0771929824561403 0.05906432748538012 0.055555555555555546 0.09532163742690059 0.056725146198830394 0.061988304093567224 0.06081871345029235 0.05964912280701755 0.05555555555555555 0.05614035087719294 0.11169590643274852 0.06198830409356726 0.06549707602339175 0.06315789473684207 0.059649122807017514
0.06732026143790834 0.06078431372549007 0.05882352941176457 0.08039215686274494 0.060784313725490056 0.059477124183006415 0.06274509803921556 0.0594771241830064 0.0594771241830064 0.062091503267973726 0.059477124183006415 0.059477124183006415 0.10915032679738543 0.07450980392156849 0.06601307189542469
0.0625 0.0625 0.0625 0.12083333333333333 0.06319444444444444 0.0625 0.06319444444444444 0.0625 0.06319444444444444 0.06319444444444444 0.0625 0.0625 0.06388888888888888 0.0625 0.0625
0.0625 0.11319444444444444 0.06319444444444444 0.06319444444444444 0.0625 0.06319444444444444 0.06458333333333334 0.06388888888888888 0.06319444444444444 0.0625 0.0625 0.06597222222222222 0.0625 0.06388888888888888 0.06319444444444444
0.0625 0.0625 0.06388888888888888 0.0625 0.0625 0.06319444444444444 0.0625 0.0625 0.0625 0.0625 0.0625 0.06388888888888888 0.0625 0.0625 0.12152777777777778
0.061437908496731905 0.08300653594771228 0.0660130718954247 0.062091503267973726 0.0653594771241829 0.0614379084967319 0.06470588235294106 0.08300653594771228 0.06470588235294106 0.06339869281045737 0.06078431372549007 0.0640522875816992 0.06993464052287567 0.06732026143790835 0.06274509803921556
0.07111111111111099 0.07222222222222213 0.05444444444444436 0.0538888888888888 0.05444444444444437 0.05499999999999991 0.05777777777777768 0.12111111111111106 0.07277777777777769 0.06444444444444437 0.05499999999999991 0.05944444444444436 0.08777777777777772 0.05722222222222214 0.06333333333333323
0.0594771241830064 0.1503267973856207 0.06013071895424823 0.06013071895424823 0.0594771241830064 0.0594771241830064 0.06078431372549007 0.06013071895424824 0.05882352941176457 0.06078431372549007 0.06013071895424824 0.06274509803921555 0.06013071895424823 0.06862745098039202 0.05882352941176457
0.06274509803921555 0.06013071895424824 0.06078431372549007 0.08169934640522859 0.06862745098039202 0.059477124183006415 0.06405228758169923 0.07058823529411752 0.06013071895424824 0.062091503267973726 0.062091503267973726 0.06339869281045737 0.07777777777777763 0.08562091503267959 0.06078431372549007
0.06078431372549007 0.06013071895424823 0.0594771241830064 0.08169934640522859 0.10588235294117625 0.06078431372549007 0.06405228758169924 0.05882352941176457 0.05882352941176457 0.06078431372549007 0.06013071895424823 0.06209150326797373 0.07450980392156849 0.072549019607843 0.0594771241830064
0.07152777777777777 0.06597222222222222 0.06458333333333334 0.0625 0.06319444444444444 0.06319444444444444 0.06388888888888888 0.06319444444444444 0.0625 0.06319444444444444 0.07708333333333334 0.0625 0.06736111111111111 0.06388888888888888 0.08541666666666667
0.05925925925925915 0.0648148148148147 0.05617283950617273 0.06234567901234558 0.15493827160493806 0.0574074074074073 0.058024691358024585 0.06543209876543199 0.05864197530864187 0.05925925925925915 0.05740740740740729 0.0641975308641974 0.062345679012345556 0.058641975308641854 0.061111111111111005
0.08300653594771223 0.061437908496731905 0.0594771241830064 0.05882352941176457 0.06078431372549007 0.06013071895424824 0.0594771241830064 0.061437908496731884 0.05882352941176457 0.05882352941176457 0.06405228758169922 0.06013071895424824 0.10784313725490183 0.06013071895424823 0.08562091503267959
0.06597222222222222 0.06458333333333334 0.0625 0.06319444444444444 0.06458333333333334 0.0625 0.0625 0.06319444444444444 0.0625 0.06388888888888888 0.08125 0.0625 0.08541666666666667 0.06388888888888888 0.07152777777777777
0.06319444444444444 0.06736111111111111 0.0625 0.0625 0.0625 0.0625 0.06319444444444444 0.06319444444444444 0.06319444444444444 0.0625 0.0625 0.0625 0.06319444444444444 0.11458333333333333 0.06458333333333334
0.05380116959064327 0.05672514619883037 0.053801169590643266 0.05380116959064327 0.05321637426900585 0.05321637426900584 0.05380116959064327 0.053801169590643266 0.052631578947368425 0.054970760233918115 0.23859649122807025 0.0543859649122807 0.05964912280701754 0.05321637426900585 0.0543859649122807
0.059477124183006415 0.06013071895424823 0.061437908496731905 0.05882352941176457 0.06209150326797371 0.06928104575163382 0.06666666666666651 0.06078431372549007 0.059477124183006415 0.08692810457516324 0.05882352941176457 0.10522875816993442 0.06078431372549007 0.06013071895424823 0.0699346405228757
0.06597222222222222 0.06666666666666667 0.06597222222222222 0.06597222222222222 0.06458333333333334 0.06458333333333334 0.06597222222222222 0.06527777777777778 0.06458333333333334 0.06805555555555555 0.06944444444444445 0.06666666666666667 0.07222222222222222 0.06597222222222222 0.06805555555555555
0.058024691358024585 0.061111111111110984 0.05987654320987644 0.05802469135802457 0.061111111111110984 0.06481481481481471 0.06419753086419742 0.05740740740740729 0.1506172839506171 0.05925925925925915 0.05864197530864187 0.06358024691358012 0.06049382716049371 0.06296296296296283 0.05987654320987642
0.06319444444444444 0.06458333333333334 0.06319444444444444 0.06319444444444444 0.0625 0.06388888888888888 0.0625 0.06805555555555555 0.06319444444444444 0.06319444444444444 0.06319444444444444 0.0625 0.06527777777777778 0.0625 0.10902777777777778
0.062345679012345556 0.13024691358024676 0.06543209876543196 0.059876543209876426 0.059876543209876426 0.06234567901234556 0.05987654320987644 0.06296296296296285 0.058641975308641875 0.06111111111111099 0.0604938271604937 0.06543209876543196 0.06666666666666654 0.0641975308641974 0.06049382716049371
0.06388888888888888 0.06527777777777778 0.06458333333333334 0.0625 0.06458333333333334 0.06597222222222222 0.06319444444444444 0.0625 0.09930555555555555 0.06597222222222222 0.06458333333333334 0.06458333333333334 0.06319444444444444 0.0625 0.06736111111111111
0.05679012345679001 0.05740740740740729 0.07345679012345667 0.05679012345679001 0.05617283950617273 0.1537037037037035 0.05617283950617273 0.05679012345679001 0.09506172839506156 0.05679012345679001 0.05555555555555545 0.05679012345679002 0.05617283950617273 0.05555555555555545 0.05679012345679001
0.05617283950617273 0.05679012345679001 0.0574074074074073 0.05617283950617273 0.05679012345679001 0.20740740740740715 0.05802469135802457 0.05617283950617273 0.05740740740740729 0.05617283950617273 0.05617283950617273 0.05555555555555545 0.05679012345679001 0.05679012345679001 0.05617283950617273
0.06319444444444444 0.0625 0.10277777777777777 0.0625 0.06319444444444444 0.08125 0.0625 0.06319444444444444 0.0625 0.06319444444444444 0.0625 0.0625 0.0625 0.06319444444444444 0.0625
0.05111111111111103 0.05333333333333323 0.07444444444444433 0.05111111111111103 0.05166666666666658 0.21499999999999975 0.05277777777777768 0.04999999999999991 0.052222222222222135 0.0538888888888888 0.04999999999999991 0.09277777777777765 0.05166666666666658 0.04999999999999991 0.04999999999999991
0.04920634920634914 0.05026455026455019 0.11904761904761899 0.04920634920634914 0.09153439153439143 0.1661375661375659 0.04973544973544966 0.04920634920634913 0.05079365079365071 0.06984126984126977 0.04814814814814808 0.05238095238095229 0.05449735449735444 0.048677248677248604 0.05132275132275125
0.062091503267973726 0.0660130718954247 0.06274509803921555 0.06078431372549007 0.062091503267973726 0.08235294117647042 0.06339869281045739 0.061437908496731884 0.06274509803921556 0.06013071895424823 0.06013071895424823 0.0594771241830064 0.062091503267973726 0.06405228758169923 0.11045751633986907
0.06666666666666667 0.06736111111111111 0.06388888888888888 0.06319444444444444 0.06319444444444444 0.09375 0.06597222222222222 0.0625 0.06319444444444444 0.06319444444444444 0.06388888888888888 0.06458333333333334 0.06388888888888888 0.06875 0.06597222222222222
0.06358024691358014 0.05925925925925915 0.05679012345679001 0.05925925925925914 0.06111111111111099 0.05802469135802457 0.11111111111111097 0.05802469135802457 0.05679012345679001 0.06975308641975297 0.058641975308641875 0.09999999999999983 0.06234567901234556 0.06234567901234556 0.06296296296296283
0.05925925925925914 0.0604938271604937 0.062345679012345556 0.1117283950617283 0.062345679012345556 0.058024691358024585 0.06666666666666655 0.06234567901234556 0.05617283950617273 0.06481481481481469 0.058024691358024585 0.06049382716049371 0.07407407407407393 0.08209876543209868 0.061111111111110984
0.058024691358024585 0.05740740740740729 0.05617283950617273 0.0759259259259258 0.058641975308641854 0.05740740740740729 0.14938271604938255 0.05925925925925914 0.05617283950617273 0.058024691358024585 0.05617283950617273 0.0574074074074073 0.06913580246913567 0.07283950617283937 0.05802469135802457
0.06274509803921555 0.06339869281045737 0.06013071895424824 0.05882352941176457 0.06013071895424824 0.0594771241830064 0.0594771241830064 0.10849673202614359 0.06013071895424823 0.05882352941176457 0.09934640522875797 0.0594771241830064 0.06535947712418286 0.06078431372549007 0.06339869281045737
0.05888888888888881 0.058888888888888775 0.052222222222222135 0.05333333333333324 0.05499999999999991 0.052222222222222135 0.05222222222222213 0.05111111111111102 0.05333333333333324 0.0527777777777777 0.22944444444444442 0.053333333333333253 0.0577777777777777 0.05222222222222214 0.06722222222222213
0.0625 0.0625 0.06319444444444444 0.0625 0.0625 0.06319444444444444 0.0625 0.0625 0.0625 0.0625 0.12361111111111112 0.0625 0.0625 0.0625 0.0625
0.06527777777777778 0.06805555555555555 0.06527777777777778 0.06597222222222222 0.06319444444444444 0.06666666666666667 0.06527777777777778 0.06944444444444445 0.06666666666666667 0.07152777777777777 0.06527777777777778 0.06527777777777778 0.06805555555555555 0.06875 0.06527777777777778
0.06209150326797373 0.06274509803921555 0.08431372549019592 0.06078431372549007 0.06078431372549007 0.06078431372549007 0.0614379084967319 0.05882352941176457 0.10784313725490173 0.0705882352941175 0.06013071895424824 0.060784313725490056 0.06666666666666653 0.06078431372549008 0.0614379084967319
0.062091503267973726 0.06405228758169922 0.06274509803921555 0.06078431372549007 0.06470588235294103 0.06013071895424824 0.07058823529411751 0.06274509803921556 0.05882352941176457 0.06666666666666653 0.05882352941176457 0.10261437908496715 0.07843137254901947 0.062091503267973726 0.06470588235294104
0.06944444444444435 0.06444444444444433 0.05277777777777769 0.05222222222222214 0.10666666666666655 0.0527777777777777 0.06888888888888878 0.05444444444444435 0.0527777777777777 0.10222222222222212 0.053333333333333253 0.08944444444444434 0.05722222222222215 0.0538888888888888 0.06944444444444434
0.06458333333333334 0.09722222222222222 0.06319444444444444 0.0625 0.06388888888888888 0.06388888888888888 0.06388888888888888 0.06458333333333334 0.06388888888888888 0.06736111111111111 0.06388888888888888 0.06388888888888888 0.07083333333333333 0.06388888888888888 0.0625
0.06013071895424823 0.0614379084967319 0.10915032679738541 0.059477124183006415 0.059477124183006415 0.10718954248365993 0.06274509803921556 0.0594771241830064 0.06013071895424824 0.06209150326797373 0.05882352941176457 0.06078431372549007 0.06013071895424824 0.06013071895424824 0.05882352941176457
0.0625 0.07847222222222222 0.06319444444444444 0.06388888888888888 0.0625 0.06388888888888888 0.0625 0.06527777777777778 0.0625 0.06319444444444444 0.0625 0.06388888888888888 0.06388888888888888 0.09722222222222222 0.06458333333333334
0.05925925925925914 0.06481481481481469 0.0796296296296295 0.05925925925925915 0.05925925925925916 0.05987654320987644 0.06172839506172827 0.06049382716049371 0.09506172839506156 0.06049382716049372 0.06358024691358014 0.0716049382716048 0.06111111111111099 0.06358024691358014 0.08024691358024683
0.0594771241830064 0.059477124183006415 0.09738562091503253 0.059477124183006415 0.06209150326797371 0.06666666666666653 0.0594771241830064 0.0594771241830064 0.10065359477124163 0.0705882352941175 0.05882352941176457 0.05882352941176457 0.06666666666666655 0.06013071895424824 0.060784313725490056
0.05022222222222226 0.05288888888888892 0.1582222222222222 0.0982222222222222 0.04755555555555559 0.05022222222222226 0.056888888888888926 0.04933333333333337 0.062222222222222255 0.08311111111111115 0.04266666666666669 0.047111111111111145 0.07155555555555561 0.0844444444444445 0.045333333333333364
0.05679012345679001 0.05555555555555545 0.20617283950617246 0.05617283950617273 0.05555555555555545 0.05555555555555545 0.05740740740740729 0.05555555555555545 0.0641975308641974 0.05679012345679001 0.05679012345679001 0.05555555555555545 0.05555555555555545 0.05617283950617273 0.05617283950617273
0.06198830409356719 0.06257309941520467 0.13333333333333314 0.05321637426900584 0.06608187134502916 0.05847953216374267 0.08011695906432753 0.05614035087719297 0.05730994152046782 0.06959064327485374 0.05614035087719297 0.0590643274853801 0.06257309941520466 0.06081871345029239 0.0625730994152047
0.054040404040404076 0.05404040404040407 0.22323232323232323 0.05050505050505052 0.05000000000000001 0.053030303030303046 0.052525252525252544 0.0505050505050505 0.07828282828282834 0.055555555555555615 0.048989898989899 0.06010101010101016 0.06060606060606065 0.05808080808080812 0.05050505050505052
0.05740740740740729 0.05740740740740729 0.1586419753086418 0.09814814814814797 0.05617283950617273 0.0574074074074073 0.05864197530864187 0.05555555555555545 0.05679012345679001 0.05925925925925914 0.05555555555555545 0.05555555555555545 0.06049382716049371 0.0574074074074073 0.05555555555555545
0.06728395061728384 0.0691358024691357 0.10432098765432084 0.059876543209876426 0.06049382716049371 0.06111111111111099 0.0604938271604937 0.06358024691358014 0.06049382716049371 0.07160493827160481 0.05617283950617273 0.06604938271604928 0.0679012345679011 0.06543209876543196 0.06604938271604929
0.06999999999999992 0.057222222222222126 0.052222222222222135 0.05111111111111103 0.06222222222222213 0.10277777777777772 0.08222222222222214 0.05944444444444436 0.05555555555555547 0.08222222222222211 0.05277777777777769 0.05833333333333325 0.053333333333333253 0.058888888888888775 0.10166666666666657
0.07136752136752131 0.055555555555555525 0.0653846153846153 0.04358974358974355 0.04487179487179483 0.18589743589743568 0.05128205128205126 0.047435897435897406 0.05213675213675209 0.05384615384615382 0.04743589743589739 0.04487179487179484 0.056410256410256356 0.049572649572649556 0.13034188034188024
0.06078431372549007 0.06535947712418289 0.06732026143790835 0.06470588235294104 0.06405228758169922 0.06209150326797371 0.10065359477124171 0.06470588235294104 0.0594771241830064 0.06535947712418289 0.0594771241830064 0.06405228758169923 0.07124183006535934 0.06601307189542469 0.06470588235294106
0.061111111111110984 0.06975308641975299 0.05617283950617273 0.05617283950617273 0.05802469135802457 0.05679012345679001 0.05555555555555545 0.10493827160493807 0.05617283950617273 0.08024691358024677 0.05555555555555545 0.05679012345679001 0.11728395061728389 0.05802469135802457 0.05740740740740729
0.05987654320987642 0.061111111111111005 0.06172839506172829 0.08148148148148135 0.06296296296296283 0.06111111111111099 0.06419753086419742 0.05802469135802457 0.059876543209876426 0.0759259259259258 0.0574074074074073 0.05864197530864187 0.10617283950617266 0.07160493827160483 0.059876543209876426
0.06944444444444445 0.06458333333333334 0.06319444444444444 0.06458333333333334 0.07013888888888889 0.06805555555555555 0.07152777777777777 0.06458333333333334 0.06319444444444444 0.06597222222222222 0.06319444444444444 0.07291666666666667 0.06666666666666667 0.06388888888888888 0.06805555555555555
0.06374269005847953 0.0690058479532163 0.060818713450292376 0.05614035087719299 0.07251461988304088 0.06140350877192982 0.12748538011695892 0.0543859649122807 0.05847953216374267 0.06140350877192982 0.05614035087719297 0.05847953216374265 0.06315789473684205 0.06257309941520466 0.07426900584795323
0.05222222222222214 0.059999999999999915 0.052222222222222135 0.05111111111111102 0.05111111111111102 0.05055555555555547 0.05166666666666658 0.09166666666666655 0.05277777777777769 0.053333333333333253 0.16388888888888878 0.08333333333333322 0.07444444444444442 0.05277777777777771 0.05888888888888882
0.06458333333333334 0.06805555555555555 0.06527777777777778 0.06527777777777778 0.06597222222222222 0.06388888888888888 0.06388888888888888 0.06666666666666667 0.06666666666666667 0.06319444444444444 0.06458333333333334 0.06597222222222222 0.06458333333333334 0.07291666666666667 0.07847222222222222
0.0594771241830064 0.06339869281045737 0.06013071895424824 0.05882352941176457 0.06078431372549007 0.05882352941176457 0.060784313725490056 0.0594771241830064 0.05882352941176457 0.06470588235294104 0.05882352941176457 0.15686274509803902 0.05882352941176457 0.05882352941176457 0.061437908496731884
0.0625 0.06319444444444444 0.0625 0.08194444444444444 0.06527777777777778 0.0625 0.06458333333333334 0.0625 0.0625 0.06458333333333334 0.0625 0.0625 0.07916666666666666 0.08055555555555556 0.06319444444444444
0.06597222222222222 0.06805555555555555 0.06319444444444444 0.06319444444444444 0.0625 0.06597222222222222 0.06388888888888888 0.075 0.06388888888888888 0.06527777777777778 0.06388888888888888 0.06597222222222222 0.07222222222222222 0.06944444444444445 0.07152777777777777
0.0625 0.0625 0.0763888888888889 0.0625 0.0625 0.0625 0.0625 0.0625 0.10902777777777778 0.06319444444444444 0.0625 0.0625 0.0625 0.06319444444444444 0.06319444444444444
0.07189542483660118 0.07124183006535935 0.06470588235294103 0.06470588235294106 0.06928104575163387 0.06601307189542471 0.06993464052287567 0.061437908496731905 0.062091503267973726 0.06732026143790835 0.06274509803921556 0.06928104575163387 0.06732026143790835 0.06274509803921555 0.06928104575163385
0.07777777777777772 0.071345029239766 0.06608187134502921 0.056725146198830415 0.059064327485380076 0.06432748538011689 0.0567251461988304 0.06257309941520467 0.06081871345029237 0.058479532163742666 0.07543859649122807 0.06140350877192979 0.0631578947368421 0.0707602339181286 0.09532163742690057
0.04616858237547893 0.03888888888888885 0.15249042145593875 0.021264367816091933 0.039846743295019145 0.061685823754789294 0.03524904214559385 0.02241379310344825 0.10651340996168582 0.07509578544061307 0.04482758620689654 0.0329501915708812 0.029310344827586175 0.02816091954022985 0.26513409961685824
0.052380952380952306 0.053968253968253874 0.18677248677248653 0.09206349206349196 0.04973544973544967 0.04920634920634913 0.057142857142857065 0.050264550264550206 0.06878306878306864 0.08042328042328034 0.04973544973544966 0.051851851851851774 0.052380952380952306 0.05502645502645496 0.050264550264550185
0.06274509803921555 0.06274509803921555 0.0640522875816992 0.05882352941176457 0.0640522875816992 0.08235294117647042 0.06013071895424823 0.06078431372549007 0.08562091503267957 0.062091503267973726 0.06078431372549007 0.06013071895424823 0.06209150326797373 0.0614379084967319 0.09215686274509786
0.07124183006535934 0.07581699346405214 0.06339869281045737 0.062091503267973726 0.06274509803921556 0.06339869281045739 0.06993464052287568 0.062091503267973726 0.06601307189542471 0.06405228758169922 0.06078431372549007 0.06666666666666654 0.06862745098039201 0.06993464052287565 0.07320261437908483
0.058024691358024585 0.05925925925925914 0.07160493827160483 0.06049382716049372 0.06296296296296285 0.059876543209876426 0.08827160493827148 0.05555555555555545 0.10061728395061713 0.061111111111110984 0.05679012345679001 0.06604938271604927 0.06851851851851838 0.06604938271604927 0.06481481481481469
0.062091503267973726 0.06470588235294103 0.06797385620915017 0.062091503267973726 0.06274509803921556 0.06274509803921555 0.0640522875816992 0.0614379084967319 0.060784313725490056 0.0640522875816992 0.05882352941176457 0.07320261437908483 0.0640522875816992 0.0679738562091502 0.10326797385620896
0.05789473684210524 0.06608187134502916 0.11052631578947363 0.09883040935672513 0.07017543859649122 0.05789473684210522 0.057309941520467804 0.0543859649122807 0.08245614035087721 0.06432748538011696 0.05321637426900584 0.055555555555555546 0.05614035087719299 0.05614035087719295 0.0590643274853801
0.072549019607843 0.06274509803921555 0.06274509803921555 0.06078431372549007 0.06535947712418287 0.06470588235294104 0.06666666666666651 0.06339869281045737 0.06274509803921556 0.06535947712418287 0.06274509803921556 0.07320261437908483 0.06928104575163382 0.06339869281045739 0.08431372549019593
0.0660130718954247 0.0660130718954247 0.06601307189542469 0.06339869281045739 0.06013071895424823 0.06339869281045739 0.06209150326797373 0.06209150326797373 0.06209150326797373 0.06274509803921555 0.11241830065359452 0.062091503267973726 0.06274509803921556 0.06470588235294104 0.06405228758169922
0.05925925925925915 0.06296296296296286 0.09012345679012329 0.061728395061728274 0.059876543209876426 0.12716049382716033 0.06111111111111099 0.05740740740740729 0.05864197530864187 0.062345679012345556 0.059876543209876426 0.058024691358024585 0.05987654320987644 0.05925925925925915 0.06234567901234556
0.0625 0.0625 0.11527777777777778 0.06388888888888888 0.06319444444444444 0.06319444444444444 0.0625 0.06319444444444444 0.06319444444444444 0.06319444444444444 0.0625 0.06388888888888888 0.06319444444444444 0.06388888888888888 0.06388888888888888
0.06013071895424823 0.05882352941176457 0.16666666666666644 0.06078431372549007 0.0594771241830064 0.05882352941176457 0.06013071895424823 0.05882352941176457 0.06078431372549007 0.05882352941176457 0.05882352941176457 0.06013071895424824 0.0594771241830064 0.0594771241830064 0.05882352941176457
0.056060606060606095 0.06262626262626267 0.156060606060606 0.05555555555555557 0.06616161616161624 0.06111111111111117 0.06060606060606063 0.05252525252525256 0.06313131313131322 0.07323232323232336 0.05101010101010104 0.053535353535353554 0.06565656565656576 0.06212121212121218 0.06060606060606067
0.06013071895424824 0.06013071895424824 0.15882352941176445 0.059477124183006415 0.05882352941176457 0.0594771241830064 0.06013071895424824 0.059477124183006415 0.061437908496731905 0.06078431372549007 0.06078431372549007 0.05882352941176457 0.06078431372549007 0.060784313725490056 0.06013071895424824
0.0625 0.07777777777777778 0.06388888888888888 0.06319444444444444 0.06319444444444444 0.0625 0.06319444444444444 0.06319444444444444 0.06319444444444444 0.06319444444444444 0.06319444444444444 0.06458333333333334 0.06319444444444444 0.09930555555555555 0.06388888888888888
0.06608187134502919 0.08187134502923975 0.06491228070175431 0.0614035087719298 0.06959064327485379 0.06315789473684208 0.06549707602339173 0.06023391812865494 0.06783625730994151 0.07660818713450293 0.06198830409356724 0.06374269005847956 0.06900584795321635 0.061988304093567224 0.06608187134502919
0.06388888888888877 0.06333333333333326 0.06888888888888879 0.06222222222222211 0.06444444444444433 0.05944444444444435 0.05166666666666658 0.07111111111111103 0.05055555555555547 0.09222222222222218 0.05111111111111103 0.05111111111111102 0.141111111111111 0.05166666666666658 0.05722222222222212
0.06527777777777778 0.06527777777777778 0.07777777777777778 0.06388888888888888 0.06875 0.06319444444444444 0.06666666666666667 0.06736111111111111 0.07083333333333333 0.06388888888888888 0.06458333333333334 0.06527777777777778 0.06388888888888888 0.06597222222222222 0.06736111111111111
0.06928104575163382 0.06535947712418289 0.05882352941176457 0.05882352941176457 0.05882352941176457 0.0594771241830064 0.059477124183006415 0.06339869281045737 0.05882352941176457 0.05882352941176457 0.06013071895424824 0.05882352941176457 0.09934640522875801 0.0614379084967319 0.10915032679738539
0.0716049382716048 0.06234567901234556 0.05679012345679001 0.05617283950617273 0.05740740740740729 0.05740740740740729 0.058641975308641854 0.16481481481481458 0.05617283950617273 0.0574074074074073 0.05864197530864187 0.06049382716049371 0.06111111111111101 0.06049382716049371 0.06049382716049372
0.06604938271604929 0.065432098765432 0.05987654320987642 0.07716049382716036 0.06049382716049371 0.06604938271604927 0.0679012345679011 0.07037037037037024 0.06111111111111099 0.061728395061728294 0.05925925925925915 0.061111111111111005 0.07777777777777764 0.07654320987654309 0.06913580246913568
0.05833333333333324 0.0549999999999999 0.052222222222222135 0.07555555555555547 0.055555555555555455 0.05166666666666658 0.09888888888888883 0.10388888888888877 0.050555555555555465 0.06111111111111103 0.052222222222222135 0.05555555555555548 0.07055555555555545 0.06444444444444437 0.09444444444444433
0.07469135802469123 0.06481481481481471 0.06296296296296285 0.06419753086419742 0.06049382716049371 0.0574074074074073 0.06604938271604927 0.06481481481481469 0.061111111111111005 0.06481481481481469 0.05802469135802457 0.059876543209876426 0.06419753086419741 0.06358024691358014 0.11296296296296278
0.1 0.06597222222222222 0.06388888888888888 0.06388888888888888 0.06388888888888888 0.06319444444444444 0.06388888888888888 0.06388888888888888 0.06458333333333334 0.06319444444444444 0.06388888888888888 0.06458333333333334 0.06458333333333334 0.06458333333333334 0.06597222222222222
0.05882352941176457 0.06013071895424823 0.0614379084967319 0.12091503267973841 0.06078431372549007 0.0594771241830064 0.06405228758169922 0.06535947712418287 0.059477124183006415 0.0614379084967319 0.059477124183006415 0.06078431372549007 0.06993464052287567 0.07581699346405217 0.062091503267973726
0.06458333333333334 0.09652777777777778 0.06458333333333334 0.06388888888888888 0.06388888888888888 0.0625 0.06319444444444444 0.06388888888888888 0.06388888888888888 0.06388888888888888 0.06527777777777778 0.06458333333333334 0.06458333333333334 0.07152777777777777 0.06319444444444444
0.0625 0.06527777777777778 0.06319444444444444 0.0625 0.0625 0.0625 0.06458333333333334 0.0625 0.0625 0.0625 0.0625 0.0625 0.06319444444444444 0.11736111111111111 0.06388888888888888
0.05864197530864187 0.05617283950617273 0.05740740740740729 0.14012345679012325 0.058024691358024585 0.058024691358024585 0.0574074074074073 0.05555555555555545 0.05617283950617273 0.058024691358024585 0.09135802469135786 0.05740740740740729 0.06728395061728383 0.06913580246913568 0.05925925925925914
0.07124183006535935 0.06535947712418289 0.060784313725490056 0.061437908496731905 0.07124183006535935 0.07124183006535934 0.06797385620915021 0.059477124183006415 0.06078431372549007 0.0745098039215685 0.06274509803921555 0.08235294117647042 0.062091503267973726 0.06274509803921555 0.0660130718954247
0.06274509803921555 0.07843137254901945 0.06470588235294103 0.07124183006535935 0.06274509803921556 0.06535947712418287 0.06274509803921557 0.061437908496731884 0.06209150326797371 0.06339869281045739 0.06274509803921556 0.06274509803921556 0.06470588235294104 0.08888888888888873 0.0660130718954247
0.0614379084967319 0.06209150326797373 0.07908496732026128 0.0614379084967319 0.11176470588235272 0.06862745098039201 0.060784313725490056 0.06013071895424823 0.0594771241830064 0.06797385620915017 0.06013071895424823 0.06013071895424824 0.06601307189542473 0.060784313725490056 0.06013071895424824
0.06732026143790834 0.06732026143790835 0.0633986928104574 0.06405228758169922 0.07058823529411751 0.0660130718954247 0.06928104575163387 0.06535947712418287 0.06601307189542471 0.06535947712418289 0.06666666666666654 0.07058823529411751 0.0660130718954247 0.06601307189542471 0.06601307189542471
0.061666666666666585 0.06611111111111101 0.058333333333333244 0.057222222222222126 0.11500000000000003 0.05888888888888881 0.07777777777777765 0.054999999999999924 0.05611111111111101 0.06666666666666655 0.05555555555555547 0.09666666666666664 0.05888888888888879 0.0566666666666666 0.05944444444444436
0.05050505050505052 0.05606060606060612 0.05151515151515154 0.06818181818181822 0.058080808080808136 0.11464646464646473 0.05656565656565663 0.051010101010101026 0.10353535353535358 0.0631313131313132 0.05050505050505052 0.0914141414141414 0.06818181818181829 0.06414141414141417 0.05252525252525256
0.0587962962962963 0.06759259259259266 0.05925925925925925 0.059259259259259255 0.0921296296296296 0.10648148148148151 0.060648148148148145 0.045370370370370325 0.04675925925925924 0.06712962962962968 0.04490740740740736 0.08703703703703695 0.08287037037037043 0.06666666666666665 0.05509259259259262
0.07883597883597877 0.07301587301587295 0.057142857142857065 0.05449735449735442 0.07407407407407397 0.06296296296296287 0.0693121693121692 0.05502645502645496 0.05555555555555547 0.06772486772486763 0.05714285714285706 0.07407407407407397 0.07037037037037028 0.06825396825396816 0.08201058201058195
0.0625 0.06458333333333334 0.0625 0.06319444444444444 0.06319444444444444 0.0625 0.09375 0.06388888888888888 0.0625 0.08333333333333333 0.06319444444444444 0.06319444444444444 0.06458333333333334 0.06388888888888888 0.06319444444444444
0.0614379084967319 0.06274509803921556 0.06013071895424823 0.08235294117647043 0.0640522875816992 0.06339869281045737 0.07058823529411751 0.06078431372549007 0.07777777777777763 0.062091503267973726 0.0594771241830064 0.0614379084967319 0.07516339869281032 0.07647058823529397 0.062091503267973726
0.06388888888888888 0.07777777777777778 0.06597222222222222 0.06388888888888888 0.06527777777777778 0.06458333333333334 0.06597222222222222 0.06527777777777778 0.06666666666666667 0.06597222222222222 0.06458333333333334 0.06805555555555555 0.06597222222222222 0.06875 0.06736111111111111
0.06209150326797371 0.06470588235294106 0.06013071895424823 0.061437908496731905 0.06209150326797373 0.06078431372549007 0.1006535947712417 0.059477124183006415 0.07581699346405214 0.08431372549019593 0.059477124183006415 0.0614379084967319 0.06405228758169922 0.0614379084967319 0.062091503267973726
0.06944444444444445 0.06458333333333334 0.06319444444444444 0.0625 0.0625 0.06319444444444444 0.06527777777777778 0.06388888888888888 0.0625 0.06319444444444444 0.08194444444444444 0.06319444444444444 0.06527777777777778 0.06388888888888888 0.08541666666666667
0.06666666666666667 0.06736111111111111 0.06527777777777778 0.06388888888888888 0.07222222222222222 0.06736111111111111 0.06805555555555555 0.06319444444444444 0.06527777777777778 0.07013888888888889 0.06597222222222222 0.06666666666666667 0.06666666666666667 0.06527777777777778 0.06597222222222222
0.0678362573099415 0.06959064327485374 0.0660818713450292 0.05380116959064327 0.05380116959064327 0.05438596491228071 0.05438596491228071 0.055555555555555525 0.13391812865497058 0.07192982456140339 0.053801169590643266 0.05497076023391812 0.08187134502923986 0.05672514619883039 0.07134502923976602
0.06666666666666653 0.07843137254901947 0.0594771241830064 0.061437908496731884 0.06339869281045737 0.062091503267973726 0.062091503267973726 0.06470588235294103 0.06013071895424824 0.06470588235294104 0.06405228758169922 0.0614379084967319 0.0705882352941175 0.09869281045751621 0.06209150326797373
0.0625 0.0625 0.0625 0.07916666666666666 0.06875 0.06319444444444444 0.06527777777777778 0.06388888888888888 0.06319444444444444 0.06388888888888888 0.0625 0.0625 0.07916666666666666 0.07777777777777778 0.06319444444444444
0.0625 0.06666666666666667 0.0625 0.0625 0.0625 0.0625 0.07152777777777777 0.0625 0.0625 0.06944444444444445 0.0625 0.10416666666666667 0.06319444444444444 0.0625 0.0625
0.08271604938271591 0.06419753086419742 0.058641975308641854 0.05864197530864187 0.06358024691358012 0.05617283950617273 0.05987654320987644 0.08950617283950603 0.05740740740740729 0.05925925925925915 0.05987654320987644 0.05864197530864187 0.07777777777777767 0.059876543209876426 0.09382716049382699
0.06319444444444444 0.06736111111111111 0.0625 0.06319444444444444 0.0625 0.0625 0.0625 0.06388888888888888 0.0625 0.06319444444444444 0.0625 0.0625 0.06458333333333334 0.1125 0.06458333333333334
0.06111111111111109 0.04722222222222218 0.04351851851851847 0.05787037037037035 0.08888888888888881 0.04351851851851846 0.049537037037037004 0.04583333333333328 0.04444444444444439 0.04722222222222222 0.14722222222222223 0.04490740740740736 0.09074074074074076 0.05416666666666669 0.13379629629629636
0.061437908496731884 0.06732026143790834 0.06274509803921556 0.062091503267973726 0.06535947712418289 0.06078431372549007 0.0614379084967319 0.06078431372549007 0.05882352941176457 0.06405228758169922 0.0594771241830064 0.0640522875816992 0.06405228758169922 0.10522875816993445 0.08235294117647043
0.08888888888888882 0.07089947089947085 0.05185185185185177 0.07301587301587294 0.061375661375661306 0.0576719576719576 0.061375661375661306 0.05502645502645494 0.05238095238095231 0.06084656084656076 0.05714285714285706 0.06190476190476185 0.05820105820105812 0.11481481481481469 0.0746031746031745
0.058024691358024585 0.08271604938271603 0.058024691358024585 0.07160493827160479 0.05740740740740729 0.0574074074074073 0.058024691358024585 0.05679012345679001 0.05617283950617273 0.05679012345679001 0.05555555555555545 0.05740740740740729 0.07283950617283938 0.1432098765432097 0.05802469135802457
0.05707070707070711 0.0641414141414142 0.06262626262626265 0.0565656565656566 0.06616161616161624 0.05959595959595966 0.057575757575757634 0.0621212121212122 0.07171717171717176 0.1484848484848486 0.05050505050505051 0.06010101010101014 0.06262626262626268 0.05454545454545458 0.06616161616161624
0.0947089947089946 0.05820105820105812 0.05185185185185179 0.06402116402116394 0.05396825396825389 0.057142857142857065 0.06560846560846549 0.0507936507936507 0.04973544973544966 0.10899470899470888 0.05132275132275125 0.12433862433862429 0.05925925925925918 0.05132275132275125 0.05873015873015863
0.061437908496731884 0.06470588235294103 0.0594771241830064 0.0614379084967319 0.05882352941176457 0.0594771241830064 0.06405228758169922 0.0594771241830064 0.06078431372549008 0.10522875816993445 0.0594771241830064 0.10392156862745079 0.06013071895424823 0.062091503267973726 0.0594771241830064
0.05444444444444437 0.05333333333333324 0.053333333333333253 0.22555555555555531 0.053333333333333253 0.05222222222222214 0.08111111111111109 0.053333333333333253 0.05055555555555547 0.05444444444444436 0.05111111111111103 0.05611111111111102 0.055555555555555476 0.05277777777777769 0.0527777777777777
0.058585858585858644 0.05656565656565656 0.051010101010101026 0.04797979797979798 0.052525252525252544 0.0585858585858586 0.05050505050505053 0.05909090909090916 0.04949494949494951 0.05202020202020205 0.05050505050505052 0.056565656565656604 0.05353535353535357 0.08131313131313135 0.22171717171717173
0.06535947712418287 0.0614379084967319 0.062091503267973726 0.059477124183006415 0.06405228758169923 0.06928104575163384 0.06405228758169922 0.0614379084967319 0.062091503267973726 0.06535947712418289 0.06078431372549007 0.06993464052287568 0.0660130718954247 0.0614379084967319 0.10718954248365997
0.0574074074074073 0.05802469135802457 0.05617283950617273 0.05802469135802457 0.05987654320987642 0.10185185185185167 0.08333333333333319 0.05679012345679001 0.05617283950617273 0.06049382716049371 0.05617283950617273 0.058024691358024585 0.06666666666666654 0.05987654320987642 0.11111111111111091
0.05555555555555554 0.057309941520467825 0.05321637426900586 0.05497076023391812 0.0549707602339181 0.06315789473684211 0.06432748538011691 0.05847953216374265 0.05321637426900585 0.06374269005847953 0.05321637426900584 0.09590643274853804 0.05614035087719298 0.057309941520467825 0.15847953216374255
