0.05882352941176457 0.05882352941176457 0.05882352941176457 0.060784313725490056 0.060784313725490056 0.059477124183006415 0.060784313725490056 0.06013071895424824 0.06013071895424823 0.15882352941176445 0.06013071895424823 0.06013071895424824 0.06078431372549008 0.06013071895424823 0.0614379084967319
0.06388888888888888 0.0625 0.0625 0.0625 0.06319444444444444 0.06388888888888888 0.0625 0.06388888888888888 0.06319444444444444 0.06319444444444444 0.06319444444444444 0.11597222222222223 0.0625 0.06388888888888888 0.06319444444444444
0.06728395061728384 0.06358024691358014 0.06604938271604925 0.06975308641975295 0.06358024691358012 0.06543209876543198 0.06975308641975299 0.06728395061728383 0.06728395061728384 0.06666666666666657 0.06728395061728382 0.06543209876543199 0.0679012345679011 0.0648148148148147 0.0679012345679011
0.06527777777777778 0.06736111111111111 0.06805555555555555 0.06666666666666667 0.06388888888888888 0.06597222222222222 0.06388888888888888 0.06597222222222222 0.06944444444444445 0.06805555555555555 0.07152777777777777 0.06805555555555555 0.06458333333333334 0.06458333333333334 0.06666666666666667
0.06608187134502916 0.0678362573099415 0.060233918128654904 0.06198830409356727 0.06783625730994149 0.06666666666666665 0.06374269005847949 0.0678362573099415 0.06432748538011691 0.07777777777777772 0.058479532163742666 0.06959064327485373 0.07134502923976606 0.0695906432748538 0.06666666666666665
0.05679012345679001 0.05679012345679001 0.05617283950617273 0.058024691358024585 0.05617283950617273 0.05802469135802457 0.05802469135802457 0.05617283950617273 0.05679012345679001 0.15679012345678991 0.05679012345679001 0.10246913580246896 0.0574074074074073 0.058024691358024585 0.05555555555555545
0.05050505050505051 0.05303030303030306 0.04949494949494949 0.0494949494949495 0.04848484848484849 0.05 0.05000000000000002 0.04848484848484849 0.048989898989899 0.3050505050505049 0.051010101010101026 0.0494949494949495 0.04797979797979797 0.04949494949494951 0.04848484848484848
0.057309941520467825 0.05964912280701752 0.06491228070175435 0.057309941520467804 0.05789473684210526 0.0590643274853801 0.0637426900584795 0.05730994152046782 0.05789473684210524 0.16725146198830404 0.05847953216374269 0.05614035087719299 0.06198830409356721 0.06257309941520466 0.05847953216374269
0.06388888888888888 0.06527777777777778 0.06319444444444444 0.06527777777777778 0.06319444444444444 0.06875 0.06458333333333334 0.06666666666666667 0.07083333333333333 0.0798611111111111 0.06458333333333334 0.06875 0.06388888888888888 0.06388888888888888 0.06736111111111111
0.0614379084967319 0.06732026143790835 0.06078431372549007 0.0614379084967319 0.06274509803921557 0.06078431372549007 0.06274509803921556 0.06209150326797373 0.06797385620915021 0.11960784313725466 0.06274509803921556 0.060784313725490056 0.0614379084967319 0.06274509803921555 0.06535947712418286
0.06604938271604925 0.06604938271604925 0.07222222222222212 0.06543209876543199 0.06481481481481471 0.0679012345679011 0.06234567901234558 0.06604938271604928 0.06481481481481469 0.06913580246913568 0.06790123456790112 0.061728395061728274 0.06543209876543199 0.07037037037037026 0.06975308641975296
0.058888888888888796 0.0577777777777777 0.05777777777777769 0.05666666666666657 0.05611111111111102 0.06222222222222213 0.059999999999999915 0.05944444444444436 0.05944444444444436 0.18055555555555547 0.05888888888888881 0.057222222222222126 0.058333333333333244 0.05722222222222216 0.05944444444444436
0.06432748538011693 0.0654970760233918 0.057309941520467825 0.06140350877192979 0.06374269005847949 0.06725146198830405 0.06725146198830408 0.07134502923976607 0.06315789473684205 0.09883040935672513 0.0608187134502924 0.06257309941520466 0.06257309941520461 0.0707602339181286 0.06315789473684207
0.06358024691358012 0.05987654320987644 0.06111111111111101 0.05802469135802457 0.06049382716049372 0.06172839506172827 0.11049382716049364 0.06172839506172827 0.06234567901234556 0.08518518518518503 0.06049382716049371 0.05864197530864187 0.0685185185185184 0.06172839506172829 0.06604938271604927
0.06728395061728383 0.06543209876543196 0.05925925925925915 0.06234567901234556 0.06481481481481469 0.0685185185185184 0.06481481481481469 0.07345679012345668 0.06419753086419741 0.07345679012345668 0.06666666666666655 0.06419753086419742 0.07345679012345667 0.06296296296296285 0.06913580246913568
0.07037037037037025 0.06358024691358014 0.06419753086419741 0.06728395061728383 0.06172839506172829 0.0648148148148147 0.06913580246913568 0.07654320987654312 0.06234567901234558 0.06666666666666655 0.06296296296296283 0.06604938271604927 0.0679012345679011 0.06728395061728383 0.06913580246913567
0.06358024691358012 0.06049382716049371 0.06172839506172829 0.06296296296296283 0.061111111111111005 0.058641975308641854 0.058641975308641854 0.07777777777777767 0.06728395061728383 0.11543209876543192 0.05987654320987644 0.06481481481481469 0.06111111111111099 0.06851851851851838 0.05802469135802457
0.061988304093567266 0.06140350877192979 0.05789473684210524 0.058479532163742666 0.056725146198830394 0.06140350877192982 0.06198830409356722 0.06549707602339178 0.06023391812865496 0.15380116959064313 0.06081871345029236 0.05614035087719298 0.06257309941520466 0.06081871345029239 0.060233918128654924
0.06458333333333334 0.06458333333333334 0.06388888888888888 0.06527777777777778 0.06527777777777778 0.06388888888888888 0.06666666666666667 0.06527777777777778 0.06319444444444444 0.09236111111111112 0.06458333333333334 0.0625 0.06666666666666667 0.06597222222222222 0.06527777777777778
0.05666666666666658 0.058888888888888775 0.06388888888888881 0.059999999999999915 0.05666666666666658 0.055555555555555476 0.0577777777777777 0.059999999999999915 0.05611111111111103 0.19777777777777775 0.05611111111111103 0.052222222222222135 0.05777777777777767 0.057222222222222126 0.05333333333333324
0.05858585858585863 0.06666666666666674 0.05353535353535357 0.05909090909090916 0.06464646464646474 0.05959595959595962 0.06565656565656575 0.0631313131313132 0.08787878787878793 0.09949494949494955 0.054040404040404076 0.058080808080808115 0.06212121212121217 0.0848484848484849 0.06262626262626268
0.06805555555555555 0.06597222222222222 0.06388888888888888 0.06944444444444445 0.06458333333333334 0.06527777777777778 0.06736111111111111 0.06666666666666667 0.06527777777777778 0.06805555555555555 0.07013888888888889 0.06458333333333334 0.06527777777777778 0.06875 0.06666666666666667
0.06339869281045737 0.06535947712418287 0.06601307189542471 0.06535947712418287 0.06339869281045737 0.0614379084967319 0.06601307189542469 0.062091503267973726 0.06078431372549007 0.09999999999999984 0.059477124183006415 0.06928104575163385 0.06535947712418289 0.06535947712418289 0.06666666666666654
0.06374269005847952 0.06783625730994147 0.060233918128654945 0.05906432748538007 0.061403508771929814 0.060233918128654966 0.07134502923976603 0.06432748538011693 0.10116959064327483 0.08654970760233921 0.06140350877192977 0.0590643274853801 0.05906432748538011 0.06257309941520461 0.06198830409356726
0.06333333333333324 0.059999999999999935 0.06444444444444439 0.058888888888888796 0.056666666666666574 0.06444444444444437 0.06388888888888879 0.06055555555555547 0.05555555555555547 0.08666666666666654 0.06999999999999991 0.09944444444444438 0.06666666666666657 0.06388888888888881 0.06555555555555545
0.07647058823529397 0.06666666666666653 0.06339869281045739 0.06209150326797371 0.06666666666666653 0.0614379084967319 0.06078431372549008 0.06666666666666654 0.06535947712418289 0.072549019607843 0.06339869281045739 0.06666666666666654 0.06666666666666654 0.07124183006535935 0.0699346405228757
0.0567251461988304 0.0590643274853801 0.05964912280701754 0.06783625730994157 0.06608187134502916 0.0567251461988304 0.05847953216374265 0.05380116959064327 0.06198830409356727 0.15497076023391784 0.0567251461988304 0.05555555555555554 0.06198830409356722 0.06959064327485381 0.06081871345029237
0.0625 0.0625 0.0625 0.0625 0.06319444444444444 0.0625 0.11736111111111111 0.06458333333333334 0.06319444444444444 0.06458333333333334 0.0625 0.0625 0.06388888888888888 0.0625 0.06319444444444444
0.06805555555555555 0.06666666666666667 0.06736111111111111 0.06666666666666667 0.06597222222222222 0.06458333333333334 0.06875 0.06458333333333334 0.06458333333333334 0.06527777777777778 0.06666666666666667 0.06458333333333334 0.06527777777777778 0.07013888888888889 0.07083333333333333
0.06234567901234556 0.06481481481481471 0.06604938271604927 0.061111111111111005 0.062345679012345556 0.06728395061728382 0.06234567901234556 0.06851851851851841 0.06728395061728384 0.09320987654320977 0.061728395061728274 0.06111111111111099 0.06172839506172829 0.062345679012345556 0.07777777777777765
0.060784313725490056 0.06078431372549007 0.06209150326797373 0.0856209150326796 0.0967320261437907 0.06078431372549007 0.0679738562091502 0.06535947712418286 0.06666666666666654 0.06013071895424824 0.06274509803921555 0.062091503267973726 0.061437908496731905 0.06405228758169922 0.06274509803921556
0.06458333333333334 0.06666666666666667 0.06666666666666667 0.06388888888888888 0.06597222222222222 0.06736111111111111 0.06527777777777778 0.06736111111111111 0.06527777777777778 0.07847222222222222 0.06597222222222222 0.06944444444444445 0.06458333333333334 0.06388888888888888 0.06458333333333334
0.056888888888888926 0.058222222222222265 0.05955555555555559 0.06622222222222227 0.05288888888888892 0.05288888888888892 0.05777777777777782 0.05955555555555559 0.09866666666666668 0.16088888888888883 0.05422222222222226 0.06577777777777781 0.044888888888888916 0.058222222222222265 0.05333333333333336
0.06388888888888888 0.06388888888888888 0.0625 0.06458333333333334 0.06527777777777778 0.0625 0.06458333333333334 0.06458333333333334 0.06458333333333334 0.09861111111111111 0.06388888888888888 0.06666666666666667 0.06388888888888888 0.06458333333333334 0.06597222222222222
0.05882352941176457 0.06013071895424824 0.0594771241830064 0.06078431372549007 0.05882352941176457 0.0614379084967319 0.0594771241830064 0.06013071895424823 0.059477124183006415 0.16078431372548993 0.0614379084967319 0.060784313725490056 0.0594771241830064 0.06013071895424824 0.05882352941176457
0.07530864197530854 0.06234567901234558 0.06172839506172829 0.06049382716049372 0.05925925925925914 0.0870370370370369 0.05802469135802457 0.06543209876543196 0.09567901234567885 0.05864197530864187 0.065432098765432 0.0722222222222221 0.05925925925925915 0.061111111111111005 0.058024691358024585
0.06458333333333334 0.06597222222222222 0.06597222222222222 0.06875 0.06458333333333334 0.07013888888888889 0.06597222222222222 0.06597222222222222 0.06805555555555555 0.06458333333333334 0.06736111111111111 0.06527777777777778 0.06597222222222222 0.07013888888888889 0.06666666666666667
0.07222222222222222 0.06597222222222222 0.07013888888888889 0.06458333333333334 0.06736111111111111 0.06736111111111111 0.06805555555555555 0.06458333333333334 0.06666666666666667 0.06666666666666667 0.06736111111111111 0.06458333333333334 0.06597222222222222 0.06458333333333334 0.06388888888888888
0.0753086419753085 0.06296296296296285 0.06728395061728382 0.06358024691358014 0.11296296296296278 0.06358024691358012 0.05925925925925914 0.06049382716049372 0.061728395061728294 0.05740740740740729 0.06358024691358012 0.059876543209876426 0.06419753086419742 0.06728395061728384 0.06049382716049371
0.057971014492753735 0.06328502415458946 0.08599033816425125 0.06763285024154594 0.062318840579710225 0.05603864734299525 0.05555555555555562 0.05265700483091794 0.0787439613526571 0.06328502415458949 0.07439613526570056 0.10483091787439622 0.05893719806763292 0.0642512077294687 0.05410628019323681
0.0577777777777777 0.0805555555555555 0.07166666666666661 0.05722222222222212 0.12444444444444441 0.06333333333333323 0.05944444444444436 0.06055555555555546 0.05444444444444437 0.056666666666666574 0.06388888888888879 0.06111111111111102 0.0627777777777777 0.05944444444444435 0.06666666666666661
0.06535947712418286 0.06274509803921555 0.06405228758169922 0.06862745098039202 0.10130718954248345 0.0614379084967319 0.06405228758169922 0.06339869281045739 0.06470588235294104 0.06013071895424824 0.06732026143790835 0.06274509803921556 0.06339869281045739 0.06339869281045737 0.06732026143790837
0.06458333333333334 0.06875 0.06875 0.06597222222222222 0.06666666666666667 0.06527777777777778 0.06875 0.06458333333333334 0.06597222222222222 0.06597222222222222 0.06388888888888888 0.06875 0.06597222222222222 0.06944444444444445 0.06666666666666667
0.059876543209876426 0.06234567901234556 0.06358024691358014 0.059876543209876426 0.06049382716049371 0.06049382716049371 0.0685185185185184 0.06234567901234556 0.11913580246913563 0.05925925925925915 0.0685185185185184 0.06543209876543198 0.06728395061728383 0.05987654320987644 0.06296296296296285
0.06666666666666667 0.06736111111111111 0.06875 0.06597222222222222 0.06388888888888888 0.06597222222222222 0.06388888888888888 0.06388888888888888 0.06736111111111111 0.06666666666666667 0.07013888888888889 0.06597222222222222 0.06527777777777778 0.07083333333333333 0.06736111111111111
0.04400000000000003 0.1742222222222221 0.05377777777777781 0.05511111111111114 0.04888888888888892 0.08533333333333339 0.07422222222222227 0.05066666666666669 0.0764444444444445 0.05200000000000004 0.04933333333333337 0.04933333333333337 0.053777777777777806 0.05777777777777781 0.07511111111111116
0.055555555555555594 0.11481481481481474 0.0637860082304527 0.05843621399176957 0.055967078189300475 0.08436213991769546 0.06213991769547328 0.05720164609053503 0.11275720164609052 0.05473251028806589 0.050205761316872474 0.050617283950617334 0.05843621399176962 0.06748971193415645 0.053497942386831324
0.06274509803921555 0.08039215686274495 0.06862745098039202 0.06274509803921556 0.062091503267973726 0.0660130718954247 0.06666666666666655 0.06339869281045737 0.07908496732026131 0.06666666666666654 0.06470588235294103 0.06405228758169923 0.06339869281045737 0.0699346405228757 0.0594771241830064
0.0626666666666667 0.163111111111111 0.06044444444444449 0.059111111111111156 0.05600000000000004 0.05244444444444448 0.05333333333333337 0.052444444444444474 0.07822222222222228 0.05155555555555559 0.05244444444444448 0.08044444444444451 0.05422222222222226 0.06533333333333337 0.058222222222222265
0.05555555555555559 0.07288888888888893 0.05822222222222225 0.08000000000000006 0.05777777777777781 0.05155555555555559 0.10533333333333326 0.07288888888888893 0.0546666666666667 0.0915555555555556 0.060000000000000046 0.05333333333333337 0.0595555555555556 0.07111111111111115 0.055555555555555594
0.06666666666666654 0.07058823529411748 0.07058823529411751 0.06928104575163387 0.06601307189542471 0.062091503267973726 0.06928104575163385 0.072549019607843 0.0640522875816992 0.06339869281045737 0.06666666666666653 0.06535947712418289 0.06732026143790835 0.06339869281045737 0.06274509803921555
0.0641975308641974 0.08456790123456778 0.06419753086419742 0.06728395061728383 0.06604938271604928 0.07098765432098753 0.061111111111111005 0.07654320987654308 0.0648148148148147 0.05864197530864187 0.06666666666666655 0.06234567901234556 0.06604938271604928 0.06358024691358012 0.06296296296296287
0.06209150326797373 0.0660130718954247 0.07189542483660115 0.06339869281045737 0.068627450980392 0.08692810457516328 0.06862745098039201 0.0705882352941175 0.06666666666666654 0.06078431372549008 0.06013071895424824 0.06339869281045737 0.06013071895424823 0.0679738562091502 0.06274509803921556
0.056084656084656 0.12804232804232793 0.061375661375661285 0.056613756613756554 0.056084656084655994 0.07513227513227505 0.06084656084656078 0.0656084656084655 0.0835978835978835 0.05502645502645496 0.06084656084656076 0.06084656084656079 0.06190476190476185 0.061904761904761824 0.056084656084655994
0.07152777777777777 0.06527777777777778 0.06458333333333334 0.06458333333333334 0.07222222222222222 0.06388888888888888 0.06388888888888888 0.06805555555555555 0.06666666666666667 0.06388888888888888 0.06597222222222222 0.06666666666666667 0.06527777777777778 0.07013888888888889 0.06736111111111111
0.06543209876543214 0.048148148148148204 0.1337448559670781 0.045679012345679074 0.0452674897119342 0.07448559670781896 0.14526748971193412 0.05802469135802475 0.042798353909465056 0.041975308641975344 0.04732510288065849 0.11234567901234567 0.04855967078189305 0.048148148148148204 0.04279835390946504
0.06805555555555555 0.07222222222222222 0.06458333333333334 0.06458333333333334 0.06805555555555555 0.06597222222222222 0.06736111111111111 0.06597222222222222 0.06805555555555555 0.06388888888888888 0.06319444444444444 0.06805555555555555 0.06875 0.06666666666666667 0.06458333333333334
0.058333333333333244 0.06777777777777766 0.05944444444444434 0.06333333333333324 0.061666666666666585 0.057222222222222105 0.07111111111111104 0.06555555555555545 0.06666666666666658 0.0538888888888888 0.058333333333333244 0.09666666666666654 0.06722222222222213 0.06111111111111102 0.09166666666666659
0.06473429951690829 0.05990338164251215 0.06763285024154597 0.06811594202898562 0.057487922705314096 0.06183574879227063 0.07342995169082131 0.0681159420289856 0.06038647342995177 0.05120772946859911 0.06473429951690832 0.06183574879227062 0.10579710144927543 0.07246376811594214 0.06231884057971023
0.054040404040404076 0.07777777777777796 0.06616161616161621 0.06161616161616171 0.05757575757575762 0.055050505050505086 0.13484848484848483 0.05959595959595964 0.0631313131313132 0.06161616161616167 0.057070707070707126 0.05252525252525256 0.0792929292929294 0.056565656565656625 0.0631313131313132
0.06339869281045737 0.06339869281045739 0.0660130718954247 0.09084967320261425 0.07647058823529397 0.06339869281045737 0.0633986928104574 0.0640522875816992 0.07450980392156849 0.0614379084967319 0.06078431372549007 0.06339869281045739 0.062091503267973726 0.062091503267973726 0.06470588235294103
0.0679738562091502 0.07908496732026127 0.05882352941176457 0.0614379084967319 0.05882352941176457 0.08888888888888871 0.0614379084967319 0.06797385620915018 0.06535947712418287 0.05882352941176457 0.061437908496731884 0.07058823529411751 0.06013071895424824 0.059477124183006415 0.07973856209150311
0.05555555555555547 0.06111111111111103 0.08222222222222214 0.055555555555555476 0.1505555555555557 0.05611111111111103 0.05611111111111102 0.052222222222222135 0.05277777777777769 0.0527777777777777 0.052222222222222135 0.09888888888888875 0.05499999999999991 0.06499999999999992 0.05388888888888881
0.06257309941520466 0.06491228070175435 0.10467836257309936 0.06198830409356721 0.06725146198830406 0.060233918128654945 0.05964912280701754 0.06783625730994146 0.07309941520467832 0.06198830409356721 0.06257309941520463 0.061403508771929814 0.06081871345029239 0.06725146198830405 0.0637426900584795
0.07291666666666667 0.06458333333333334 0.0625 0.06319444444444444 0.0625 0.08958333333333333 0.06527777777777778 0.06597222222222222 0.0625 0.06319444444444444 0.06458333333333334 0.07569444444444444 0.0625 0.0625 0.0625
0.06862745098039202 0.06078431372549007 0.06274509803921556 0.06666666666666653 0.06862745098039204 0.0660130718954247 0.06862745098039202 0.06732026143790835 0.06862745098039202 0.06601307189542471 0.0679738562091502 0.06732026143790835 0.0679738562091502 0.0679738562091502 0.06470588235294104
0.07385620915032669 0.06470588235294104 0.0614379084967319 0.0640522875816992 0.0614379084967319 0.08627450980392141 0.06339869281045737 0.07385620915032665 0.06078431372549007 0.06209150326797373 0.06470588235294103 0.07189542483660116 0.06601307189542471 0.06339869281045737 0.062091503267973726
0.06928104575163387 0.06470588235294103 0.08104575163398678 0.06470588235294104 0.06013071895424824 0.09150326797385606 0.06535947712418287 0.06666666666666651 0.059477124183006415 0.060784313725490056 0.062091503267973726 0.06993464052287567 0.0614379084967319 0.06274509803921555 0.06013071895424823
0.06805555555555555 0.06875 0.07083333333333333 0.06597222222222222 0.06388888888888888 0.06805555555555555 0.06666666666666667 0.06805555555555555 0.06458333333333334 0.06458333333333334 0.06805555555555555 0.06388888888888888 0.06805555555555555 0.06597222222222222 0.06458333333333334
0.07777777777777768 0.0576719576719576 0.07830687830687827 0.05978835978835972 0.07142857142857134 0.06296296296296287 0.057671957671957576 0.07671957671957665 0.06296296296296289 0.05238095238095231 0.055555555555555476 0.05449735449735442 0.0714285714285714 0.06666666666666658 0.09417989417989414
0.06432748538011691 0.06432748538011693 0.06608187134502924 0.0631578947368421 0.06549707602339178 0.05964912280701752 0.09122807017543864 0.07953216374268998 0.06491228070175435 0.06023391812865494 0.05789473684210525 0.06257309941520466 0.06666666666666665 0.07134502923976606 0.0625730994152047
0.06898148148148152 0.05370370370370369 0.06851851851851855 0.06574074074074078 0.09259259259259257 0.050925925925925916 0.05648148148148148 0.07268518518518524 0.05694444444444442 0.06157407407407408 0.08333333333333331 0.053703703703703747 0.07870370370370373 0.07592592592592586 0.060185185185185196
0.058937198067632944 0.056521739130434866 0.05410628019323681 0.06038647342995179 0.0681159420289856 0.06038647342995175 0.05410628019323681 0.07294685990338173 0.06425120772946868 0.07487922705314022 0.09903381642512077 0.05845410628019332 0.07584541062801943 0.0584541062801933 0.08357487922705319
0.065432098765432 0.06234567901234558 0.06172839506172829 0.06234567901234556 0.061111111111111005 0.06049382716049372 0.08641975308641961 0.06543209876543196 0.06172839506172829 0.05925925925925915 0.08888888888888875 0.06172839506172829 0.08024691358024677 0.06358024691358012 0.05925925925925915
0.06928104575163382 0.068627450980392 0.060784313725490056 0.06666666666666653 0.06339869281045737 0.060784313725490056 0.06078431372549007 0.07712418300653583 0.06274509803921555 0.06013071895424823 0.062091503267973726 0.06013071895424824 0.06209150326797371 0.1065359477124182 0.05882352941176457
0.059477124183006415 0.0790849673202613 0.07973856209150312 0.06013071895424824 0.062091503267973726 0.10326797385620894 0.06339869281045737 0.06078431372549008 0.060784313725490056 0.06013071895424824 0.06013071895424824 0.06274509803921556 0.06339869281045739 0.06274509803921556 0.062091503267973726
0.06944444444444436 0.071111111111111 0.06388888888888879 0.06388888888888881 0.059999999999999915 0.071111111111111 0.06499999999999989 0.07111111111111103 0.06611111111111101 0.06055555555555549 0.06833333333333325 0.06055555555555548 0.06111111111111101 0.07666666666666654 0.07111111111111103
0.06419753086419741 0.05925925925925915 0.05925925925925915 0.061728395061728274 0.05802469135802457 0.0604938271604937 0.06419753086419742 0.05864197530864187 0.06296296296296285 0.06111111111111099 0.06049382716049371 0.11111111111111091 0.06666666666666655 0.06172839506172829 0.09012345679012333
0.05714285714285705 0.05925925925925916 0.07407407407407397 0.09999999999999994 0.07460317460317453 0.08412698412698405 0.055555555555555476 0.05661375661375654 0.05608465608465602 0.09470899470899459 0.05873015873015864 0.053968253968253894 0.05661375661375654 0.06560846560846552 0.052910052910052824
0.05644444444444448 0.06000000000000003 0.0755555555555556 0.11511111111111111 0.05111111111111115 0.07466666666666671 0.05955555555555559 0.058222222222222265 0.0506666666666667 0.04400000000000003 0.05555555555555559 0.046222222222222255 0.06177777777777782 0.060000000000000046 0.131111111111111
0.0616666666666666 0.06055555555555546 0.052222222222222135 0.058333333333333265 0.0549999999999999 0.06999999999999992 0.08333333333333323 0.055555555555555455 0.05277777777777769 0.05444444444444435 0.05499999999999991 0.1672222222222223 0.061111111111111005 0.055555555555555455 0.05722222222222212
0.07076023391812863 0.0637426900584795 0.07134502923976606 0.09415204678362571 0.0614035087719298 0.06198830409356724 0.06666666666666665 0.06959064327485374 0.06081871345029235 0.05614035087719297 0.059649122807017535 0.054970760233918115 0.05672514619883039 0.07953216374268994 0.07251461988304088
0.06257309941520466 0.07543859649122814 0.06900584795321629 0.0725146198830409 0.0567251461988304 0.05906432748538009 0.06491228070175437 0.06491228070175432 0.06315789473684208 0.053801169590643266 0.05614035087719299 0.054970760233918115 0.05614035087719299 0.10643274853801166 0.08421052631578946
0.06666666666666653 0.07222222222222215 0.05944444444444434 0.06055555555555546 0.06111111111111103 0.06277777777777768 0.06166666666666658 0.06555555555555546 0.07222222222222209 0.08722222222222209 0.05444444444444436 0.06888888888888879 0.06166666666666658 0.0705555555555555 0.07499999999999991
0.05964912280701752 0.0584795321637427 0.0736842105263158 0.0596491228070175 0.06374269005847952 0.0614035087719298 0.06140350877192975 0.05847953216374267 0.05730994152046784 0.10584795321637427 0.05789473684210525 0.057309941520467825 0.06842105263157897 0.06374269005847953 0.09298245614035086
0.06234567901234555 0.07345679012345664 0.0604938271604937 0.07345679012345667 0.061728395061728274 0.059876543209876426 0.06234567901234558 0.06543209876543199 0.06543209876543196 0.05679012345679001 0.059876543209876426 0.06481481481481469 0.05679012345679002 0.1117283950617283 0.06543209876543198
0.05726495726495722 0.08504273504273496 0.056410256410256356 0.06623931623931618 0.058547008547008464 0.048717948717948684 0.056410256410256356 0.06367521367521362 0.04999999999999995 0.045299145299145256 0.07777777777777768 0.06452991452991445 0.08760683760683755 0.05811965811965807 0.1243589743589742
0.06111111111111101 0.10222222222222217 0.0755555555555555 0.06166666666666658 0.05944444444444435 0.06166666666666656 0.059999999999999915 0.06444444444444435 0.0649999999999999 0.052222222222222135 0.06055555555555546 0.053888888888888806 0.055555555555555476 0.0749999999999999 0.09166666666666659
0.06319444444444444 0.06736111111111111 0.06388888888888888 0.06388888888888888 0.0625 0.06458333333333334 0.06319444444444444 0.0625 0.06805555555555555 0.0625 0.06666666666666667 0.06319444444444444 0.06597222222222222 0.06388888888888888 0.09861111111111111
0.057333333333333375 0.0644444444444445 0.06177777777777782 0.10577777777777773 0.05022222222222226 0.04977777777777781 0.11066666666666669 0.05911111111111114 0.06444444444444448 0.048000000000000036 0.0626666666666667 0.051111111111111135 0.07111111111111117 0.08266666666666672 0.06088888888888893
0.07905982905982897 0.06452991452991445 0.05512820512820511 0.08119658119658116 0.061965811965811905 0.054273504273504206 0.0666666666666666 0.08119658119658114 0.0538461538461538 0.06623931623931618 0.05726495726495721 0.05726495726495721 0.06239316239316233 0.07393162393162386 0.08504273504273498
0.07246376811594211 0.06376811594202908 0.062318840579710225 0.05748792270531411 0.05652173913043487 0.06328502415458948 0.05748792270531409 0.05748792270531411 0.06956521739130446 0.09420289855072471 0.05169082125603873 0.09758454106280201 0.05748792270531409 0.06666666666666675 0.0719806763285025
0.06084656084656074 0.10687830687830684 0.05555555555555548 0.05449735449735441 0.05873015873015863 0.053968253968253874 0.05502645502645496 0.05873015873015866 0.05449735449735441 0.05079365079365071 0.08994708994708983 0.053968253968253894 0.08465608465608457 0.05502645502645494 0.10687830687830684
0.055555555555555566 0.061403508771929814 0.0690058479532163 0.11461988304093561 0.07777777777777775 0.05438596491228069 0.10467836257309941 0.05789473684210524 0.06140350877192982 0.05555555555555554 0.056725146198830415 0.05789473684210524 0.05614035087719298 0.06081871345029237 0.05614035087719296
0.07309941520467837 0.06491228070175435 0.06900584795321632 0.08421052631578949 0.060233918128654924 0.059649122807017535 0.06374269005847953 0.0719298245614034 0.05847953216374269 0.05847953216374265 0.06081871345029237 0.05906432748538007 0.060818713450292376 0.08245614035087714 0.07309941520467834
0.05611111111111101 0.06722222222222213 0.053333333333333253 0.05499999999999991 0.056666666666666594 0.06388888888888879 0.052222222222222135 0.05777777777777769 0.05944444444444435 0.056666666666666574 0.05611111111111102 0.06055555555555548 0.06888888888888885 0.05666666666666658 0.17944444444444438
0.0619883040935672 0.0789473684210526 0.056725146198830415 0.06081871345029237 0.058479532163742666 0.057309941520467825 0.0654970760233918 0.06315789473684211 0.06081871345029235 0.12865497076023377 0.059649122807017514 0.06491228070175435 0.06198830409356724 0.05789473684210525 0.06315789473684208
0.07254901960784299 0.06666666666666653 0.0660130718954247 0.06666666666666653 0.06405228758169922 0.0594771241830064 0.0640522875816992 0.0679738562091502 0.07712418300653578 0.06078431372549007 0.060784313725490056 0.062091503267973726 0.0614379084967319 0.07777777777777765 0.072549019607843
0.059876543209876426 0.06666666666666655 0.06419753086419744 0.07222222222222209 0.07345679012345668 0.0604938271604937 0.09506172839506159 0.05987654320987644 0.061728395061728274 0.05864197530864187 0.06111111111111099 0.06481481481481469 0.07654320987654308 0.061728395061728274 0.06358024691358014
0.05879629629629633 0.060185185185185196 0.056944444444444464 0.0708333333333334 0.05138888888888889 0.05138888888888889 0.054166666666666655 0.087037037037037 0.05231481481481478 0.06435185185185191 0.055555555555555546 0.05370370370370372 0.060648148148148125 0.0643518518518519 0.15833333333333338
0.06349206349206339 0.06455026455026448 0.07142857142857134 0.10317460317460317 0.07248677248677242 0.05820105820105812 0.06243386243386234 0.06349206349206342 0.06190476190476181 0.052380952380952306 0.05661375661375653 0.05502645502645496 0.05873015873015868 0.08148148148148136 0.07460317460317456
0.06535947712418287 0.07058823529411751 0.07712418300653581 0.0660130718954247 0.06601307189542471 0.06078431372549007 0.06666666666666654 0.06601307189542469 0.06470588235294104 0.0640522875816992 0.06274509803921555 0.06470588235294104 0.061437908496731905 0.08039215686274495 0.06339869281045737
0.06296296296296285 0.06604938271604927 0.062345679012345556 0.0648148148148147 0.05740740740740729 0.05925925925925915 0.05679012345679001 0.06049382716049371 0.06296296296296285 0.05679012345679001 0.06543209876543198 0.05802469135802457 0.06728395061728382 0.062345679012345556 0.13703703703703687
0.05277777777777773 0.07222222222222216 0.056349206349206316 0.09285714285714285 0.08492063492063485 0.07619047619047617 0.05476190476190473 0.0464285714285714 0.05436507936507931 0.044047619047619016 0.05357142857142854 0.057142857142857106 0.0599206349206349 0.07619047619047614 0.11825396825396821
0.08627450980392147 0.06078431372549007 0.06274509803921557 0.0614379084967319 0.06274509803921555 0.07124183006535932 0.06666666666666653 0.07124183006535935 0.06013071895424824 0.06013071895424823 0.06666666666666653 0.06078431372549007 0.07385620915032665 0.06339869281045739 0.07189542483660118
0.06597222222222222 0.06597222222222222 0.07083333333333333 0.06458333333333334 0.06388888888888888 0.06597222222222222 0.06666666666666667 0.06597222222222222 0.06875 0.06597222222222222 0.06527777777777778 0.06597222222222222 0.06736111111111111 0.06527777777777778 0.07152777777777777
0.061437908496731884 0.05882352941176457 0.05882352941176457 0.06078431372549008 0.0594771241830064 0.05882352941176457 0.060784313725490056 0.05882352941176457 0.05882352941176457 0.059477124183006415 0.062091503267973726 0.16078431372548996 0.060784313725490056 0.06013071895424823 0.06013071895424823
0.062345679012345556 0.06419753086419741 0.06296296296296285 0.11234567901234552 0.06913580246913568 0.06172839506172827 0.06481481481481469 0.06234567901234556 0.062345679012345556 0.062345679012345556 0.062345679012345556 0.06481481481481471 0.06543209876543199 0.06172839506172829 0.06111111111111099
0.06405228758169922 0.0614379084967319 0.0614379084967319 0.06666666666666654 0.060784313725490056 0.0614379084967319 0.068627450980392 0.0594771241830064 0.06274509803921555 0.06339869281045739 0.06274509803921555 0.11503267973856188 0.062091503267973726 0.06339869281045737 0.06666666666666653
0.061111111111110984 0.05864197530864187 0.058641975308641854 0.06790123456790112 0.05925925925925916 0.061728395061728274 0.05802469135802457 0.059876543209876426 0.06049382716049371 0.05679012345679001 0.08827160493827146 0.10740740740740724 0.07962962962962951 0.062345679012345556 0.059876543209876426
0.0648148148148147 0.06666666666666654 0.061111111111111005 0.06419753086419741 0.058024691358024585 0.06358024691358012 0.11790123456790104 0.06419753086419741 0.06419753086419742 0.0679012345679011 0.05925925925925915 0.06296296296296286 0.061111111111110984 0.06358024691358014 0.06049382716049371
0.0614379084967319 0.06013071895424823 0.0640522875816992 0.07385620915032665 0.06928104575163387 0.061437908496731884 0.12222222222222198 0.06013071895424824 0.06078431372549007 0.0614379084967319 0.06013071895424824 0.06013071895424824 0.06274509803921555 0.06274509803921556 0.0594771241830064
0.06339869281045737 0.061437908496731884 0.07385620915032667 0.09281045751633968 0.06405228758169922 0.06274509803921555 0.0640522875816992 0.062091503267973726 0.06274509803921555 0.06405228758169922 0.06405228758169922 0.06732026143790837 0.061437908496731905 0.06993464052287568 0.0660130718954247
0.06111111111111116 0.058080808080808136 0.11666666666666675 0.08383838383838388 0.053030303030303025 0.05555555555555557 0.053030303030303046 0.057070707070707126 0.048989898989899 0.10505050505050516 0.06767676767676778 0.055555555555555594 0.05505050505050509 0.0737373737373739 0.05555555555555557
0.05987654320987644 0.05987654320987642 0.06913580246913567 0.06728395061728384 0.06358024691358012 0.05864197530864187 0.05925925925925914 0.05987654320987644 0.07777777777777764 0.11666666666666649 0.06111111111111099 0.061728395061728274 0.05925925925925915 0.0641975308641974 0.061728395061728294
0.062091503267973726 0.06470588235294104 0.07843137254901947 0.08104575163398679 0.06274509803921556 0.06470588235294104 0.062091503267973726 0.062091503267973726 0.06405228758169922 0.06274509803921557 0.06862745098039204 0.06535947712418287 0.06274509803921555 0.06993464052287567 0.06862745098039201
0.06597222222222222 0.06805555555555555 0.07222222222222222 0.07847222222222222 0.06666666666666667 0.06388888888888888 0.06388888888888888 0.06458333333333334 0.06319444444444444 0.06458333333333334 0.06388888888888888 0.06527777777777778 0.06319444444444444 0.06805555555555555 0.06805555555555555
0.06315789473684207 0.0660818713450292 0.06432748538011694 0.06257309941520466 0.06257309941520467 0.06081871345029235 0.0678362573099415 0.06198830409356722 0.06140350877192977 0.05730994152046784 0.0678362573099415 0.11286549707602335 0.0660818713450292 0.06198830409356722 0.06315789473684211
0.06360153256704977 0.050574712643678174 0.05325670498084283 0.05593869731800763 0.041379310344827544 0.04291187739463596 0.044061302681992286 0.04214559386973177 0.052107279693486525 0.04291187739463598 0.14061302681992344 0.1582375478927203 0.0862068965517241 0.04942528735632182 0.07662835249042145
0.056666666666666574 0.08111111111111106 0.06777777777777771 0.07499999999999993 0.06055555555555547 0.06055555555555547 0.05555555555555547 0.06666666666666655 0.07833333333333323 0.05888888888888881 0.06111111111111101 0.05611111111111102 0.0649999999999999 0.07444444444444434 0.08222222222222214
0.053240740740740755 0.05740740740740739 0.05787037037037038 0.05833333333333332 0.05185185185185184 0.05740740740740736 0.0523148148148148 0.05092592592592593 0.04722222222222219 0.04629629629629625 0.05509259259259259 0.2101851851851852 0.07361111111111113 0.052777777777777785 0.07546296296296301
0.06209150326797373 0.07581699346405217 0.06535947712418286 0.06209150326797371 0.06732026143790835 0.06274509803921555 0.06470588235294104 0.06470588235294104 0.06470588235294104 0.06013071895424824 0.06274509803921556 0.06928104575163387 0.07647058823529396 0.061437908496731905 0.08039215686274494
0.06527777777777778 0.06458333333333334 0.06736111111111111 0.06597222222222222 0.06597222222222222 0.06319444444444444 0.06458333333333334 0.06388888888888888 0.06458333333333334 0.06388888888888888 0.06319444444444444 0.06527777777777778 0.07569444444444444 0.06666666666666667 0.0798611111111111
0.06722222222222211 0.0699999999999999 0.06055555555555547 0.05944444444444436 0.05888888888888882 0.06111111111111101 0.06388888888888879 0.06111111111111102 0.05777777777777769 0.0527777777777777 0.060555555555555446 0.05555555555555547 0.08166666666666662 0.06055555555555549 0.128888888888889
0.06296296296296286 0.06358024691358014 0.06296296296296283 0.06049382716049371 0.06111111111111099 0.06172839506172829 0.09938271604938256 0.059876543209876426 0.05925925925925916 0.05802469135802457 0.08703703703703689 0.06049382716049372 0.08086419753086407 0.06358024691358012 0.058641975308641854
0.06875 0.06666666666666667 0.06527777777777778 0.06458333333333334 0.06388888888888888 0.06527777777777778 0.07222222222222222 0.06736111111111111 0.06319444444444444 0.06388888888888888 0.06944444444444445 0.07291666666666667 0.06666666666666667 0.06527777777777778 0.06458333333333334
0.0574074074074073 0.07716049382716036 0.06666666666666653 0.061111111111110984 0.05679012345679001 0.12160493827160485 0.0604938271604937 0.061728395061728274 0.06234567901234556 0.07037037037037025 0.06296296296296283 0.06419753086419741 0.05802469135802457 0.0574074074074073 0.061728395061728274
0.07729468599033829 0.1014492753623189 0.06038647342995178 0.06570048309178757 0.09613526570048313 0.05362318840579721 0.052173913043478355 0.08212560386473437 0.06908212560386484 0.048792270531401054 0.05603864734299526 0.05362318840579718 0.054106280193236794 0.058454106280193326 0.07101449275362327
0.06728395061728386 0.07098765432098753 0.10432098765432081 0.058024691358024585 0.05679012345679001 0.11851851851851841 0.05740740740740729 0.061111111111110984 0.05617283950617273 0.05617283950617273 0.05679012345679001 0.06604938271604925 0.05679012345679001 0.05740740740740729 0.05617283950617273
0.07712418300653583 0.06405228758169922 0.06470588235294106 0.06339869281045737 0.0614379084967319 0.08627450980392141 0.06666666666666651 0.06535947712418286 0.062091503267973726 0.061437908496731884 0.06535947712418287 0.07581699346405217 0.0614379084967319 0.062091503267973726 0.06274509803921555
0.08479532163742687 0.06491228070175435 0.06432748538011694 0.06842105263157891 0.060233918128654966 0.06257309941520467 0.0596491228070175 0.07660818713450293 0.06666666666666665 0.06959064327485374 0.05789473684210525 0.059064327485380076 0.06900584795321632 0.05964912280701752 0.07660818713450289
0.061988304093567224 0.059064327485380125 0.06140350877192979 0.06374269005847948 0.055555555555555546 0.0590643274853801 0.18011695906432748 0.05789473684210526 0.0567251461988304 0.06140350877192979 0.057309941520467804 0.05321637426900585 0.05847953216374269 0.0567251461988304 0.05730994152046784
0.06666666666666655 0.06111111111111101 0.06055555555555547 0.09722222222222224 0.0827777777777777 0.059999999999999894 0.053333333333333253 0.06222222222222215 0.08999999999999991 0.05277777777777769 0.05999999999999991 0.056666666666666594 0.06277777777777771 0.06666666666666657 0.06722222222222214
0.06666666666666654 0.061728395061728274 0.06419753086419741 0.06296296296296283 0.059876543209876426 0.061111111111111005 0.0648148148148147 0.06666666666666654 0.05925925925925915 0.06851851851851841 0.08271604938271593 0.06419753086419742 0.09135802469135788 0.061728395061728274 0.06419753086419742
