0.062345679012345556 0.05802469135802457 0.0648148148148147 0.06358024691358014 0.061111111111111005 0.06234567901234556 0.06419753086419741 0.06728395061728383 0.11234567901234552 0.06172839506172829 0.06049382716049371 0.06728395061728383 0.06419753086419742 0.06419753086419742 0.06604938271604925
0.05789473684210525 0.056725146198830415 0.060818713450292376 0.06666666666666667 0.10526315789473681 0.0631578947368421 0.06842105263157897 0.05789473684210523 0.06842105263157895 0.05906432748538012 0.0543859649122807 0.06432748538011693 0.08771929824561402 0.06198830409356722 0.06725146198830403
0.061904761904761844 0.053439153439153377 0.05449735449735442 0.05925925925925918 0.06931216931216921 0.06402116402116394 0.08941798941798935 0.05767195767195758 0.11005291005290996 0.06560846560846553 0.05291005291005283 0.06878306878306865 0.06666666666666655 0.07248677248677239 0.053968253968253894
0.06736111111111111 0.06458333333333334 0.06527777777777778 0.06527777777777778 0.06736111111111111 0.06527777777777778 0.06875 0.06805555555555555 0.06736111111111111 0.06458333333333334 0.06666666666666667 0.06458333333333334 0.06805555555555555 0.06944444444444445 0.06736111111111111
0.0584795321637427 0.061988304093567224 0.055555555555555546 0.06315789473684208 0.061988304093567224 0.08596491228070172 0.06081871345029236 0.06491228070175441 0.06549707602339173 0.06140350877192979 0.05964912280701752 0.060233918128654945 0.1187134502923976 0.06198830409356722 0.05964912280701752
0.07836257309941519 0.06198830409356722 0.06491228070175435 0.0631578947368421 0.06959064327485374 0.08128654970760232 0.061403508771929814 0.06842105263157894 0.06374269005847949 0.060233918128654966 0.06432748538011696 0.06608187134502921 0.07076023391812865 0.06608187134502917 0.05964912280701754
0.0590643274853801 0.05438596491228069 0.05789473684210525 0.06081871345029236 0.12690058479532162 0.06257309941520464 0.059649122807017514 0.05906432748538009 0.08654970760233917 0.06081871345029237 0.05789473684210526 0.06842105263157888 0.06081871345029234 0.0672514619883041 0.05789473684210526
0.06481481481481469 0.05740740740740729 0.05987654320987644 0.06358024691358014 0.06172839506172827 0.06851851851851842 0.06481481481481469 0.1111111111111109 0.06913580246913567 0.06604938271604929 0.0574074074074073 0.06728395061728383 0.05987654320987644 0.06604938271604928 0.06234567901234556
0.0679738562091502 0.0614379084967319 0.0614379084967319 0.06274509803921555 0.11111111111111094 0.06732026143790834 0.06339869281045739 0.06209150326797371 0.068627450980392 0.06274509803921556 0.0640522875816992 0.0614379084967319 0.06339869281045739 0.062091503267973726 0.06013071895424823
0.056725146198830394 0.05789473684210524 0.05964912280701752 0.06315789473684208 0.059649122807017535 0.0701754385964912 0.06140350877192982 0.05847953216374267 0.06959064327485377 0.058479532163742666 0.05497076023391812 0.08654970760233921 0.05789473684210525 0.06549707602339175 0.11988304093567237
0.06049382716049372 0.06728395061728382 0.06728395061728383 0.06975308641975296 0.062345679012345556 0.07160493827160479 0.06728395061728384 0.06975308641975296 0.06604938271604927 0.0679012345679011 0.06543209876543199 0.07222222222222212 0.06419753086419741 0.06543209876543198 0.06296296296296286
0.049145299145299096 0.05811965811965805 0.053418803418803396 0.04871794871794867 0.06025641025641022 0.060683760683760635 0.06581196581196577 0.06111111111111106 0.09615384615384605 0.06239316239316235 0.06623931623931617 0.07008547008547004 0.12094017094017083 0.06282051282051278 0.06410256410256408
0.062345679012345556 0.06049382716049371 0.0796296296296295 0.061111111111111005 0.08518518518518509 0.0648148148148147 0.05925925925925915 0.06111111111111099 0.06975308641975296 0.0648148148148147 0.05987654320987644 0.06172839506172829 0.06049382716049371 0.06419753086419741 0.08518518518518504
0.05362318840579719 0.06666666666666675 0.05024154589371988 0.04879227053140105 0.051207729468599125 0.06135265700483102 0.051207729468599146 0.16280193236714985 0.12367149758454121 0.05217391304347834 0.04685990338164258 0.05120772946859913 0.06376811594202911 0.06183574879227059 0.054589371980676406
0.0625 0.06458333333333334 0.06458333333333334 0.06805555555555555 0.06736111111111111 0.06666666666666667 0.06458333333333334 0.0763888888888889 0.06875 0.06458333333333334 0.06666666666666667 0.06527777777777778 0.0625 0.06597222222222222 0.07152777777777777
0.06013071895424824 0.06535947712418289 0.061437908496731905 0.06274509803921556 0.06274509803921555 0.0633986928104574 0.06928104575163385 0.06013071895424824 0.0679738562091502 0.06601307189542471 0.061437908496731905 0.06405228758169922 0.062091503267973726 0.06535947712418286 0.10784313725490177
0.08235294117647042 0.06601307189542471 0.06405228758169923 0.07058823529411752 0.06274509803921555 0.06928104575163384 0.06797385620915018 0.06601307189542471 0.06470588235294104 0.06209150326797371 0.06470588235294104 0.06797385620915021 0.06339869281045737 0.06535947712418289 0.06274509803921555
0.09938271604938258 0.061111111111111005 0.05925925925925916 0.05925925925925916 0.05864197530864187 0.06419753086419741 0.059876543209876426 0.06049382716049371 0.06604938271604928 0.06049382716049371 0.05987654320987642 0.06111111111111099 0.06419753086419741 0.06419753086419741 0.10185185185185167
0.06597222222222222 0.06458333333333334 0.06597222222222222 0.06944444444444445 0.07083333333333333 0.06458333333333334 0.06736111111111111 0.06805555555555555 0.06666666666666667 0.06458333333333334 0.06597222222222222 0.06527777777777778 0.06666666666666667 0.06875 0.06527777777777778
0.06388888888888888 0.06388888888888888 0.06319444444444444 0.06527777777777778 0.0625 0.06597222222222222 0.06458333333333334 0.07569444444444444 0.06527777777777778 0.07361111111111111 0.06597222222222222 0.07569444444444444 0.06527777777777778 0.06597222222222222 0.06319444444444444
0.059876543209876426 0.058641975308641854 0.0574074074074073 0.05987654320987644 0.06111111111111099 0.06728395061728383 0.06049382716049372 0.0679012345679011 0.05802469135802457 0.07777777777777765 0.05617283950617273 0.09876543209876544 0.05555555555555545 0.06172839506172827 0.09938271604938254
0.06666666666666653 0.0660130718954247 0.06339869281045737 0.0679738562091502 0.0660130718954247 0.06666666666666654 0.06862745098039204 0.06666666666666651 0.06732026143790835 0.06862745098039201 0.06535947712418286 0.06666666666666655 0.06405228758169923 0.06862745098039204 0.06732026143790835
0.06296296296296285 0.1117283950617282 0.061728395061728274 0.062345679012345556 0.05864197530864187 0.05864197530864187 0.061111111111111005 0.06543209876543199 0.06111111111111099 0.06728395061728384 0.05864197530864187 0.06172839506172827 0.06666666666666655 0.06543209876543199 0.07654320987654308
0.06388888888888888 0.06319444444444444 0.06319444444444444 0.06875 0.06319444444444444 0.06388888888888888 0.06666666666666667 0.06458333333333334 0.06319444444444444 0.07222222222222222 0.0625 0.06319444444444444 0.07222222222222222 0.06666666666666667 0.08263888888888889
0.05555555555555555 0.13216374269005832 0.05789473684210523 0.06666666666666662 0.05380116959064327 0.059649122807017535 0.060233918128654945 0.058479532163742666 0.056725146198830394 0.059064327485380076 0.061403508771929814 0.06900584795321633 0.08654970760233921 0.06783625730994153 0.054970760233918115
0.04126984126984125 0.26666666666666666 0.041269841269841255 0.049603174603174566 0.043253968253968225 0.0456349206349206 0.04722222222222217 0.08571428571428556 0.045238095238095216 0.04404761904761903 0.04087301587301583 0.08650793650793653 0.046825396825396805 0.0686507936507936 0.04722222222222219
0.053439153439153356 0.19259259259259237 0.051322751322751256 0.052910052910052824 0.05185185185185177 0.06455026455026448 0.07989417989417982 0.06560846560846549 0.051851851851851774 0.05132275132275125 0.06931216931216923 0.055555555555555476 0.05238095238095231 0.05502645502645494 0.05238095238095231
0.05555555555555554 0.11461988304093561 0.06900584795321635 0.061988304093567176 0.06081871345029239 0.05730994152046782 0.061988304093567224 0.060818713450292376 0.06666666666666662 0.08538011695906438 0.05789473684210524 0.061403508771929835 0.0654970760233918 0.06081871345029237 0.060233918128654966
0.053703703703703684 0.1796296296296296 0.049074074074074076 0.055555555555555546 0.04953703703703703 0.059259259259259275 0.09583333333333335 0.06250000000000001 0.05046296296296296 0.06296296296296297 0.054166666666666655 0.0513888888888889 0.06666666666666672 0.05648148148148145 0.05277777777777775
0.05321637426900584 0.21403508771929836 0.05789473684210524 0.05789473684210527 0.0543859649122807 0.055555555555555546 0.05555555555555554 0.0619883040935672 0.05614035087719298 0.05672514619883039 0.05321637426900584 0.05789473684210523 0.05380116959064327 0.05730994152046784 0.0543859649122807
0.04879227053140103 0.2265700483091787 0.04975845410628026 0.05458937198067642 0.052173913043478355 0.0608695652173914 0.06231884057971023 0.05748792270531412 0.0507246376811595 0.05748792270531409 0.04782608695652181 0.05652173913043486 0.07004830917874406 0.05458937198067641 0.05024154589371989
0.06243386243386236 0.15925925925925905 0.06084656084656076 0.058730158730158646 0.05449735449735442 0.06031746031746024 0.056084656084655994 0.0677248677248676 0.056613756613756554 0.06190476190476185 0.056084656084656 0.05820105820105812 0.07142857142857137 0.06031746031746022 0.0555555555555555
0.0539682539682539 0.195238095238095 0.051851851851851774 0.05820105820105812 0.056084656084656015 0.05291005291005284 0.053968253968253894 0.057671957671957555 0.053968253968253894 0.05661375661375654 0.05714285714285706 0.05661375661375653 0.052380952380952285 0.05502645502645494 0.08835978835978826
0.061111111111111005 0.10925925925925911 0.06358024691358012 0.06913580246913568 0.061111111111111005 0.061111111111110984 0.05925925925925916 0.06666666666666655 0.06358024691358015 0.07037037037037022 0.059876543209876426 0.0679012345679011 0.061111111111111005 0.06419753086419742 0.06172839506172829
0.06319444444444444 0.06805555555555555 0.06319444444444444 0.06458333333333334 0.06458333333333334 0.06875 0.06527777777777778 0.06666666666666667 0.06736111111111111 0.06805555555555555 0.06597222222222222 0.07222222222222222 0.07013888888888889 0.06736111111111111 0.06458333333333334
0.05847953216374269 0.11637426900584791 0.0590643274853801 0.06491228070175438 0.06023391812865497 0.0660818713450292 0.06608187134502921 0.06257309941520467 0.06198830409356721 0.0637426900584795 0.05964912280701752 0.06374269005847952 0.06608187134502923 0.06783625730994146 0.0631578947368421
0.05202020202020205 0.19747474747474747 0.05202020202020203 0.057575757575757634 0.05151515151515154 0.06212121212121218 0.055050505050505086 0.08434343434343446 0.052020202020202036 0.0580808080808081 0.053535353535353554 0.057575757575757606 0.05555555555555559 0.05505050505050509 0.0560606060606061
0.06388888888888888 0.06319444444444444 0.06319444444444444 0.06388888888888888 0.08333333333333333 0.0625 0.0625 0.06597222222222222 0.06666666666666667 0.06388888888888888 0.06458333333333334 0.06875 0.06388888888888888 0.06388888888888888 0.0798611111111111
0.05987654320987642 0.07098765432098755 0.0716049382716048 0.06975308641975296 0.06728395061728382 0.06543209876543199 0.0679012345679011 0.06358024691358014 0.06481481481481469 0.06666666666666655 0.06666666666666655 0.0679012345679011 0.0679012345679011 0.06851851851851841 0.061111111111110984
0.058641975308641854 0.09814814814814801 0.07222222222222209 0.06851851851851841 0.06666666666666658 0.06172839506172829 0.059876543209876426 0.06543209876543199 0.06296296296296285 0.061728395061728294 0.05925925925925915 0.06543209876543198 0.07037037037037024 0.06728395061728384 0.06172839506172829
0.06339869281045739 0.07450980392156849 0.06993464052287567 0.06928104575163387 0.06732026143790835 0.06601307189542471 0.06732026143790837 0.06535947712418289 0.06274509803921555 0.07058823529411752 0.06405228758169922 0.06797385620915018 0.06405228758169922 0.06666666666666654 0.06078431372549007
0.053968253968253894 0.10846560846560838 0.06772486772486767 0.05978835978835972 0.056084656084656 0.05767195767195762 0.06772486772486763 0.06455026455026447 0.0634920634920634 0.06613756613756608 0.06190476190476183 0.05714285714285706 0.07830687830687824 0.07777777777777768 0.059259259259259185
0.05343915343915335 0.065079365079365 0.06772486772486765 0.06084656084656076 0.061904761904761824 0.06878306878306868 0.06825396825396814 0.07354497354497345 0.06084656084656078 0.08624338624338619 0.065079365079365 0.06613756613756606 0.06402116402116395 0.07936507936507933 0.058730158730158646
0.0614379084967319 0.09803921568627436 0.0660130718954247 0.06535947712418287 0.06209150326797373 0.06274509803921555 0.07058823529411751 0.06470588235294103 0.06732026143790838 0.06339869281045737 0.0614379084967319 0.06666666666666653 0.0614379084967319 0.06535947712418287 0.06339869281045737
0.06388888888888888 0.08680555555555555 0.06597222222222222 0.06736111111111111 0.06597222222222222 0.06666666666666667 0.06319444444444444 0.06944444444444445 0.06527777777777778 0.06388888888888888 0.06388888888888888 0.06666666666666667 0.06388888888888888 0.06319444444444444 0.06388888888888888
0.062091503267973726 0.11568627450980379 0.059477124183006415 0.06405228758169922 0.0594771241830064 0.0614379084967319 0.06732026143790837 0.06928104575163384 0.061437908496731905 0.0614379084967319 0.06078431372549007 0.0614379084967319 0.07254901960784299 0.06078431372549007 0.06274509803921556
0.06055555555555546 0.17500000000000002 0.05499999999999991 0.059999999999999915 0.052222222222222135 0.05666666666666658 0.05611111111111101 0.07111111111111097 0.055555555555555476 0.06055555555555547 0.05722222222222214 0.05499999999999991 0.07777777777777765 0.05277777777777768 0.05444444444444435
0.07777777777777763 0.0660130718954247 0.06339869281045739 0.06601307189542473 0.06274509803921556 0.06405228758169922 0.06732026143790835 0.0640522875816992 0.07908496732026131 0.06470588235294104 0.06339869281045739 0.07124183006535935 0.06274509803921555 0.06666666666666654 0.06078431372549008
0.06031746031746022 0.12063492063492053 0.06243386243386237 0.0634920634920634 0.06402116402116394 0.06931216931216923 0.06402116402116392 0.06455026455026444 0.06084656084656077 0.06190476190476181 0.06031746031746022 0.06560846560846553 0.06190476190476181 0.06296296296296286 0.05767195767195762
0.05789473684210526 0.17719298245614032 0.05789473684210526 0.055555555555555546 0.0596491228070175 0.05497076023391813 0.05614035087719298 0.06725146198830403 0.06023391812865494 0.05847953216374267 0.05789473684210525 0.05789473684210524 0.06081871345029233 0.0590643274853801 0.05906432748538009
0.05925925925925915 0.1499999999999998 0.059876543209876426 0.061728395061728274 0.05617283950617273 0.0604938271604937 0.058641975308641854 0.0709876543209875 0.05740740740740729 0.061728395061728274 0.05740740740740729 0.06604938271604927 0.061111111111111005 0.05925925925925915 0.05987654320987642
0.07083333333333333 0.06736111111111111 0.06527777777777778 0.06736111111111111 0.06875 0.06597222222222222 0.06527777777777778 0.07222222222222222 0.06388888888888888 0.06805555555555555 0.06388888888888888 0.06666666666666667 0.06527777777777778 0.06458333333333334 0.06458333333333334
0.0590643274853801 0.13040935672514614 0.057309941520467825 0.06257309941520467 0.06081871345029236 0.061403508771929814 0.057309941520467825 0.07543859649122796 0.06491228070175435 0.06783625730994144 0.05614035087719298 0.0695906432748538 0.05730994152046782 0.06081871345029234 0.0590643274853801
0.059649122807017514 0.10292397660818711 0.05906432748538012 0.06549707602339179 0.056725146198830415 0.05847953216374269 0.05906432748538011 0.0847953216374268 0.06549707602339172 0.07192982456140344 0.06023391812865497 0.06842105263157895 0.07309941520467841 0.057309941520467866 0.05730994152046784
0.0584795321637427 0.18362573099415205 0.0567251461988304 0.05730994152046782 0.0543859649122807 0.05730994152046782 0.059064327485380076 0.07076023391812858 0.0543859649122807 0.058479532163742694 0.05789473684210524 0.057309941520467825 0.06315789473684208 0.05614035087719296 0.054970760233918115
0.05202020202020205 0.09141414141414146 0.09090909090909093 0.056565656565656625 0.04797979797979798 0.05202020202020205 0.05353535353535357 0.12121212121212124 0.10303030303030311 0.057070707070707126 0.05303030303030306 0.05858585858585863 0.056565656565656625 0.052525252525252544 0.05353535353535359
0.05730994152046786 0.1701754385964912 0.05438596491228068 0.05672514619883042 0.05438596491228069 0.05614035087719298 0.06140350877192979 0.07251461988304085 0.055555555555555546 0.0760233918128655 0.05614035087719297 0.0567251461988304 0.06432748538011696 0.0543859649122807 0.05380116959064327
0.05777777777777769 0.17722222222222214 0.05277777777777769 0.058333333333333244 0.05111111111111103 0.058888888888888796 0.06222222222222211 0.06888888888888876 0.05888888888888881 0.06444444444444435 0.05444444444444436 0.057222222222222126 0.06499999999999988 0.05722222222222214 0.05555555555555548
0.06535947712418286 0.11960784313725475 0.06078431372549007 0.06535947712418287 0.06013071895424824 0.06339869281045737 0.06470588235294104 0.06797385620915018 0.059477124183006415 0.0614379084967319 0.059477124183006415 0.0614379084967319 0.06928104575163382 0.06209150326797373 0.0594771241830064
0.06666666666666655 0.06296296296296286 0.06604938271604927 0.06234567901234556 0.061111111111110984 0.08395061728395051 0.06728395061728386 0.0679012345679011 0.06296296296296283 0.06543209876543199 0.07098765432098753 0.0641975308641974 0.06604938271604928 0.06913580246913568 0.06296296296296285
0.05614035087719297 0.1608187134502921 0.1076023391812865 0.056725146198830394 0.05497076023391813 0.058479532163742666 0.05380116959064327 0.056725146198830394 0.05906432748538009 0.053801169590643266 0.05964912280701754 0.055555555555555566 0.05555555555555554 0.05789473684210526 0.05321637426900585
0.056084656084656 0.12275132275132263 0.0592592592592592 0.05820105820105812 0.055555555555555476 0.05661375661375654 0.058201058201058135 0.07460317460317452 0.10529100529100523 0.05449735449735442 0.055555555555555476 0.06402116402116394 0.05661375661375654 0.05873015873015866 0.06402116402116394
0.05497076023391812 0.17309941520467825 0.05789473684210525 0.056725146198830415 0.05906432748538009 0.06549707602339179 0.05730994152046782 0.06725146198830403 0.05964912280701752 0.05497076023391813 0.05789473684210524 0.06315789473684208 0.05614035087719299 0.06081871345029237 0.055555555555555546
0.05185185185185179 0.12486772486772477 0.061375661375661285 0.065079365079365 0.052380952380952306 0.05661375661375653 0.05555555555555545 0.07989417989417975 0.05661375661375654 0.05449735449735441 0.05026455026455019 0.08888888888888885 0.053439153439153356 0.08888888888888881 0.0597883597883597
0.05925925925925914 0.11172839506172826 0.06419753086419742 0.07037037037037026 0.05864197530864187 0.06666666666666653 0.05925925925925915 0.06666666666666654 0.06358024691358014 0.06111111111111101 0.06481481481481471 0.06604938271604927 0.05987654320987644 0.06790123456790113 0.059876543209876426
0.061437908496731905 0.11503267973856184 0.060784313725490056 0.0614379084967319 0.060784313725490056 0.06339869281045737 0.0594771241830064 0.06209150326797373 0.08169934640522858 0.0614379084967319 0.05882352941176457 0.06601307189542473 0.06078431372549007 0.06797385620915018 0.05882352941176457
0.05614035087719296 0.15321637426900567 0.06023391812865496 0.05614035087719299 0.06198830409356722 0.06257309941520466 0.05906432748538009 0.05730994152046782 0.0619883040935672 0.05847953216374267 0.05789473684210525 0.06140350877192979 0.06315789473684211 0.06081871345029234 0.06959064327485383
0.06535947712418287 0.11960784313725467 0.06405228758169922 0.06274509803921555 0.06078431372549007 0.06078431372549007 0.060784313725490056 0.06274509803921555 0.062091503267973726 0.06274509803921555 0.07189542483660118 0.06274509803921555 0.0614379084967319 0.0614379084967319 0.06078431372549007
0.06597222222222222 0.06666666666666667 0.06875 0.06388888888888888 0.06805555555555555 0.06805555555555555 0.06527777777777778 0.06597222222222222 0.06666666666666667 0.06736111111111111 0.06527777777777778 0.06875 0.06875 0.06666666666666667 0.06388888888888888
0.05444444444444435 0.24666666666666673 0.050555555555555465 0.050555555555555465 0.05055555555555547 0.0538888888888888 0.05444444444444436 0.0633333333333332 0.055555555555555476 0.05444444444444436 0.053333333333333253 0.0538888888888888 0.053888888888888806 0.05222222222222213 0.052222222222222135
0.06081871345029237 0.07134502923976606 0.07485380116959063 0.059649122807017514 0.05555555555555554 0.06491228070175435 0.07134502923976607 0.06783625730994147 0.060818713450292376 0.09298245614035087 0.06315789473684207 0.06023391812865494 0.06491228070175435 0.06725146198830409 0.06432748538011694
0.06666666666666655 0.07469135802469123 0.06419753086419742 0.06975308641975296 0.0648148148148147 0.0679012345679011 0.06481481481481469 0.0685185185185184 0.06419753086419742 0.0641975308641974 0.06543209876543198 0.06975308641975297 0.06604938271604927 0.06543209876543199 0.06358024691358014
0.05864197530864187 0.12407407407407386 0.061728395061728294 0.06111111111111099 0.06172839506172827 0.06543209876543198 0.05925925925925915 0.06358024691358014 0.06296296296296285 0.06543209876543198 0.06666666666666654 0.06728395061728384 0.0604938271604937 0.061111111111111005 0.06049382716049372
0.05987654320987644 0.07839506172839493 0.06049382716049371 0.06296296296296283 0.062345679012345556 0.07716049382716038 0.07654320987654312 0.05740740740740729 0.07345679012345666 0.06111111111111099 0.059876543209876426 0.08148148148148136 0.061728395061728274 0.06419753086419741 0.06296296296296283
0.06666666666666667 0.06736111111111111 0.06527777777777778 0.06597222222222222 0.06597222222222222 0.06458333333333334 0.06666666666666667 0.075 0.06319444444444444 0.06805555555555555 0.06597222222222222 0.06597222222222222 0.06666666666666667 0.06458333333333334 0.06805555555555555
0.05611111111111103 0.06499999999999989 0.05777777777777769 0.06833333333333323 0.06444444444444436 0.06611111111111101 0.06666666666666655 0.061666666666666585 0.06833333333333323 0.06944444444444438 0.054999999999999924 0.07555555555555545 0.07944444444444433 0.06999999999999992 0.07611111111111103
0.06111111111111104 0.11111111111111105 0.061666666666666585 0.0677777777777777 0.06166666666666658 0.0699999999999999 0.0616666666666666 0.07055555555555544 0.057222222222222126 0.06555555555555546 0.06444444444444436 0.06722222222222214 0.0627777777777777 0.059999999999999915 0.057222222222222126
0.05202020202020205 0.1848484848484849 0.053535353535353575 0.06010101010101014 0.05303030303030306 0.052020202020202036 0.05353535353535357 0.05353535353535357 0.09898989898989906 0.05252525252525253 0.05151515151515153 0.06616161616161624 0.05909090909090911 0.057070707070707105 0.05202020202020205
0.05714285714285708 0.05873015873015866 0.05502645502645496 0.06719576719576713 0.05555555555555547 0.06878306878306871 0.05978835978835973 0.06243386243386234 0.06084656084656076 0.06455026455026446 0.13756613756613742 0.07089947089947082 0.05661375661375652 0.0671957671957671 0.0576719576719576
0.06209150326797373 0.0614379084967319 0.059477124183006415 0.06470588235294103 0.061437908496731884 0.0633986928104574 0.062091503267973726 0.0614379084967319 0.11633986928104559 0.06078431372549007 0.062091503267973726 0.07124183006535931 0.0660130718954247 0.06535947712418286 0.062091503267973726
0.06862745098039204 0.06535947712418287 0.06339869281045737 0.06666666666666653 0.0640522875816992 0.06797385620915021 0.06535947712418286 0.06797385620915018 0.06666666666666653 0.06666666666666653 0.06535947712418287 0.07385620915032666 0.06339869281045737 0.06862745098039202 0.06601307189542471
0.06319444444444444 0.07708333333333334 0.0625 0.06527777777777778 0.06388888888888888 0.06805555555555555 0.06319444444444444 0.08472222222222223 0.06388888888888888 0.06666666666666667 0.06388888888888888 0.06527777777777778 0.06527777777777778 0.06388888888888888 0.06319444444444444
0.06319444444444444 0.06736111111111111 0.06458333333333334 0.06597222222222222 0.07430555555555556 0.0625 0.06666666666666667 0.06875 0.06597222222222222 0.06388888888888888 0.06388888888888888 0.07361111111111111 0.06736111111111111 0.06805555555555555 0.06388888888888888
0.05888888888888881 0.13722222222222222 0.061111111111111005 0.05888888888888879 0.058333333333333244 0.05666666666666658 0.06388888888888881 0.06777777777777771 0.05888888888888881 0.06611111111111101 0.06499999999999992 0.07055555555555547 0.0577777777777777 0.06277777777777768 0.05611111111111102
0.0594771241830064 0.11437908496732004 0.10915032679738541 0.06013071895424824 0.0594771241830064 0.05882352941176457 0.060784313725490056 0.0594771241830064 0.05882352941176457 0.060784313725490056 0.0614379084967319 0.0594771241830064 0.059477124183006415 0.059477124183006415 0.05882352941176457
0.06319444444444444 0.07916666666666666 0.06319444444444444 0.06666666666666667 0.0625 0.06527777777777778 0.06458333333333334 0.08680555555555555 0.06319444444444444 0.06597222222222222 0.06319444444444444 0.06319444444444444 0.06458333333333334 0.06527777777777778 0.06319444444444444
0.0625730994152047 0.0584795321637427 0.075438596491228 0.058479532163742645 0.09649122807017547 0.06315789473684202 0.05847953216374267 0.05906432748538011 0.05906432748538009 0.05847953216374267 0.05847953216374267 0.06023391812865497 0.06081871345029236 0.06842105263157895 0.10233918128654972
0.06388888888888888 0.06319444444444444 0.06388888888888888 0.08680555555555555 0.06388888888888888 0.06597222222222222 0.06319444444444444 0.06319444444444444 0.07152777777777777 0.06736111111111111 0.0625 0.06458333333333334 0.06805555555555555 0.06666666666666667 0.06527777777777778
0.05802469135802457 0.05802469135802457 0.05802469135802457 0.05679012345679001 0.05679012345679001 0.05802469135802457 0.058641975308641854 0.167901234567901 0.0648148148148147 0.05679012345679001 0.05740740740740729 0.05925925925925914 0.0746913580246912 0.05740740740740729 0.05740740740740729
0.06319444444444444 0.06319444444444444 0.06527777777777778 0.07013888888888889 0.06597222222222222 0.08958333333333333 0.06458333333333334 0.06388888888888888 0.06319444444444444 0.06388888888888888 0.06319444444444444 0.06666666666666667 0.06319444444444444 0.06666666666666667 0.06736111111111111
0.06414141414141422 0.05404040404040407 0.0722222222222223 0.07525252525252533 0.06717171717171726 0.09090909090909097 0.0772727272727273 0.055050505050505086 0.06161616161616169 0.05252525252525256 0.054545454545454584 0.06313131313131319 0.07070707070707077 0.07626262626262634 0.0651515151515152
0.05499999999999991 0.05611111111111101 0.06111111111111102 0.06444444444444436 0.0688888888888888 0.059999999999999915 0.08333333333333329 0.05944444444444436 0.10777777777777767 0.06388888888888879 0.05833333333333325 0.05833333333333324 0.0716666666666666 0.07277777777777766 0.05888888888888881
0.061403508771929766 0.05497076023391813 0.059649122807017535 0.05964912280701752 0.15029239766081853 0.06959064327485379 0.055555555555555546 0.08011695906432749 0.06666666666666664 0.05438596491228069 0.0543859649122807 0.058479532163742645 0.0590643274853801 0.05789473684210525 0.05789473684210524
0.07070707070707077 0.053535353535353554 0.05454545454545458 0.05404040404040407 0.06262626262626268 0.07525252525252536 0.0560606060606061 0.12070707070707076 0.08535353535353545 0.0626262626262627 0.05555555555555559 0.06313131313131319 0.058080808080808115 0.06717171717171723 0.06060606060606067
0.09629629629629623 0.05555555555555548 0.1063492063492062 0.06296296296296287 0.05661375661375653 0.0576719576719576 0.07724867724867719 0.06243386243386238 0.05820105820105812 0.05502645502645495 0.05449735449735441 0.06402116402116392 0.06613756613756608 0.07248677248677239 0.05449735449735442
0.059477124183006415 0.06078431372549007 0.06078431372549007 0.07254901960784303 0.06013071895424824 0.0594771241830064 0.0614379084967319 0.060784313725490056 0.09477124183006522 0.06013071895424824 0.0594771241830064 0.08169934640522869 0.0594771241830064 0.08954248366013065 0.059477124183006415
0.0625 0.06736111111111111 0.06666666666666667 0.06527777777777778 0.06875 0.07222222222222222 0.06319444444444444 0.06527777777777778 0.06944444444444445 0.06736111111111111 0.06458333333333334 0.07013888888888889 0.06597222222222222 0.06597222222222222 0.06527777777777778
0.06198830409356722 0.055555555555555525 0.057309941520467866 0.10409356725146199 0.11695906432748528 0.056725146198830394 0.05614035087719296 0.0637426900584795 0.07426900584795317 0.05672514619883039 0.05614035087719297 0.06315789473684211 0.05789473684210526 0.05964912280701752 0.05964912280701754
0.04844444444444448 0.05288888888888892 0.06044444444444449 0.17022222222222214 0.12311111111111102 0.05111111111111115 0.05333333333333337 0.05288888888888892 0.05600000000000003 0.057333333333333375 0.04888888888888892 0.05911111111111114 0.052000000000000025 0.061333333333333365 0.05288888888888892
0.05833333333333325 0.05722222222222214 0.05944444444444436 0.13611111111111107 0.08055555555555541 0.06111111111111103 0.055555555555555476 0.0638888888888888 0.06222222222222214 0.058333333333333244 0.05499999999999991 0.06777777777777767 0.06555555555555546 0.05944444444444437 0.05944444444444434
0.06111111111111099 0.0648148148148147 0.06049382716049371 0.06111111111111101 0.06234567901234556 0.061111111111111005 0.06358024691358012 0.05987654320987644 0.12777777777777757 0.06234567901234556 0.06049382716049372 0.06049382716049372 0.06358024691358014 0.06666666666666654 0.06419753086419741
0.06049382716049371 0.0604938271604937 0.06172839506172829 0.05925925925925915 0.05864197530864187 0.0648148148148147 0.05925925925925914 0.06543209876543199 0.12160493827160475 0.06358024691358014 0.05987654320987642 0.06728395061728382 0.06358024691358014 0.07345679012345666 0.06049382716049372
0.056444444444444485 0.05511111111111115 0.056888888888888926 0.06622222222222227 0.07688888888888894 0.06444444444444448 0.07244444444444449 0.054666666666666704 0.06088888888888892 0.05155555555555559 0.05333333333333337 0.06933333333333337 0.13422222222222216 0.0626666666666667 0.06488888888888894
0.05603864734299525 0.05072463768115951 0.057971014492753714 0.057004830917874484 0.07391304347826097 0.059903381642512174 0.05555555555555564 0.05458937198067642 0.1545893719806764 0.05265700483091796 0.056521739130434866 0.05603864734299525 0.06086956521739137 0.05362318840579719 0.10000000000000006
0.05343915343915337 0.061375661375661285 0.06719576719576713 0.06455026455026448 0.05873015873015864 0.08148148148148139 0.05873015873015864 0.06243386243386239 0.10793650793650784 0.06772486772486766 0.05555555555555547 0.0671957671957671 0.065079365079365 0.06984126984126973 0.05873015873015864
0.05802469135802457 0.05679012345679001 0.059876543209876426 0.07469135802469122 0.06049382716049371 0.05864197530864187 0.061728395061728274 0.05925925925925915 0.05740740740740729 0.06296296296296287 0.06234567901234556 0.06666666666666655 0.07283950617283935 0.0765432098765431 0.11172839506172817
0.05730994152046784 0.057309941520467825 0.07485380116959062 0.1029239766081871 0.07777777777777778 0.06432748538011689 0.061403508771929786 0.06491228070175438 0.07368421052631577 0.06140350877192977 0.06081871345029239 0.06198830409356724 0.05906432748538009 0.06315789473684208 0.05906432748538009
0.06833333333333325 0.053888888888888806 0.0627777777777777 0.06722222222222216 0.11611111111111116 0.05833333333333325 0.06166666666666658 0.07555555555555553 0.07333333333333322 0.05611111111111102 0.05833333333333325 0.06999999999999992 0.06055555555555547 0.06388888888888879 0.05388888888888881
0.14777777777777767 0.05777777777777769 0.05499999999999993 0.06222222222222213 0.0666666666666666 0.07944444444444437 0.05611111111111101 0.05944444444444437 0.06055555555555549 0.05777777777777769 0.05499999999999991 0.05999999999999993 0.0649999999999999 0.059999999999999935 0.057222222222222126
0.06339869281045739 0.06339869281045739 0.06078431372549007 0.072549019607843 0.0699346405228757 0.07124183006535935 0.060784313725490056 0.06470588235294104 0.06339869281045737 0.0660130718954247 0.06274509803921555 0.06078431372549007 0.07058823529411751 0.0660130718954247 0.0836601307189541
0.06339869281045737 0.07581699346405216 0.07189542483660115 0.06339869281045737 0.0614379084967319 0.06274509803921555 0.07647058823529397 0.07189542483660116 0.06078431372549008 0.06928104575163384 0.06274509803921556 0.0640522875816992 0.06535947712418289 0.0679738562091502 0.06274509803921555
0.0640522875816992 0.08431372549019593 0.07124183006535935 0.06732026143790837 0.06078431372549007 0.06666666666666653 0.06928104575163385 0.06862745098039202 0.0633986928104574 0.06535947712418287 0.06405228758169922 0.06274509803921555 0.06535947712418289 0.06535947712418289 0.0614379084967319
0.06388888888888888 0.0625 0.06458333333333334 0.06666666666666667 0.06388888888888888 0.06875 0.06458333333333334 0.06458333333333334 0.06458333333333334 0.06736111111111111 0.06875 0.06527777777777778 0.07569444444444444 0.07152777777777777 0.06736111111111111
0.06666666666666667 0.06597222222222222 0.06388888888888888 0.06805555555555555 0.06736111111111111 0.06944444444444445 0.06666666666666667 0.06805555555555555 0.06805555555555555 0.06458333333333334 0.06458333333333334 0.06597222222222222 0.06805555555555555 0.06736111111111111 0.06527777777777778
0.06458333333333334 0.06458333333333334 0.09305555555555556 0.06597222222222222 0.06388888888888888 0.06319444444444444 0.06597222222222222 0.06527777777777778 0.06458333333333334 0.06388888888888888 0.06388888888888888 0.06527777777777778 0.06597222222222222 0.06458333333333334 0.06527777777777778
0.06969696969696981 0.05454545454545458 0.055050505050505086 0.10000000000000006 0.05757575757575764 0.07121212121212127 0.05202020202020206 0.08080808080808086 0.10454545454545464 0.058585858585858644 0.05151515151515153 0.06666666666666675 0.06010101010101018 0.06464646464646474 0.053030303030303025
0.06111111111111099 0.06049382716049372 0.06296296296296283 0.09012345679012333 0.06419753086419741 0.06543209876543199 0.061728395061728294 0.06296296296296285 0.06234567901234556 0.06419753086419741 0.07839506172839492 0.06975308641975299 0.062345679012345556 0.06543209876543198 0.0685185185185184
0.05789473684210525 0.05789473684210523 0.06491228070175434 0.057309941520467825 0.10584795321637423 0.06491228070175437 0.055555555555555546 0.08421052631578944 0.1023391812865497 0.055555555555555546 0.05789473684210525 0.06023391812865494 0.0596491228070175 0.058479532163742666 0.05730994152046784
0.05987654320987642 0.08765432098765417 0.06543209876543199 0.06790123456790112 0.07037037037037026 0.06604938271604927 0.06419753086419741 0.06543209876543198 0.06358024691358012 0.06111111111111101 0.061111111111111005 0.06851851851851841 0.06419753086419742 0.07160493827160483 0.06296296296296286
0.0594771241830064 0.06013071895424824 0.07320261437908482 0.06993464052287567 0.0614379084967319 0.06078431372549007 0.06274509803921556 0.06339869281045739 0.0614379084967319 0.0699346405228757 0.06013071895424823 0.06339869281045739 0.0679738562091502 0.0640522875816992 0.10196078431372535
0.06736111111111111 0.06388888888888888 0.06458333333333334 0.07152777777777777 0.06666666666666667 0.07013888888888889 0.06666666666666667 0.06736111111111111 0.06666666666666667 0.06666666666666667 0.06388888888888888 0.06805555555555555 0.06805555555555555 0.06388888888888888 0.06458333333333334
0.05906432748538007 0.05789473684210523 0.0543859649122807 0.06315789473684205 0.10233918128654967 0.061403508771929786 0.059649122807017535 0.059649122807017535 0.1029239766081871 0.06140350877192982 0.059649122807017535 0.0730994152046783 0.06140350877192982 0.0637426900584795 0.060233918128654945
0.05944444444444435 0.05444444444444435 0.07333333333333324 0.06222222222222213 0.05333333333333324 0.06222222222222214 0.05666666666666658 0.06166666666666658 0.05944444444444436 0.06444444444444436 0.055555555555555455 0.06999999999999991 0.06333333333333324 0.07333333333333322 0.13055555555555556
0.05555555555555566 0.05314009661835756 0.05410628019323681 0.058454106280193326 0.05748792270531411 0.057487922705314096 0.0995169082125605 0.05748792270531409 0.10193236714975851 0.05458937198067639 0.06473429951690832 0.0579710144927537 0.055555555555555636 0.05652173913043489 0.11545893719806766
0.06811594202898558 0.058937198067632965 0.057971014492753714 0.05942028985507256 0.06473429951690832 0.06570048309178753 0.062318840579710225 0.0647342995169083 0.06231884057971023 0.11207729468599043 0.05990338164251217 0.06280193236714983 0.07681159420289863 0.06521739130434794 0.058937198067632944
0.06234567901234556 0.05987654320987644 0.06172839506172829 0.06851851851851841 0.06604938271604925 0.07469135802469122 0.06728395061728382 0.06049382716049371 0.0691358024691357 0.0648148148148147 0.061111111111111005 0.07345679012345667 0.06296296296296285 0.06666666666666655 0.08086419753086409
0.06499999999999989 0.05388888888888881 0.05777777777777768 0.05555555555555547 0.06055555555555546 0.06166666666666656 0.05444444444444435 0.06333333333333326 0.09777777777777767 0.09722222222222222 0.0538888888888888 0.05944444444444434 0.053333333333333253 0.06055555555555547 0.10555555555555543
0.05321637426900585 0.05497076023391813 0.05321637426900586 0.0590643274853801 0.0543859649122807 0.061403508771929835 0.05906432748538007 0.07251461988304081 0.06374269005847949 0.1561403508771927 0.05730994152046784 0.08070175438596493 0.05497076023391812 0.06374269005847953 0.055555555555555546
0.06111111111111099 0.06604938271604927 0.06481481481481469 0.06358024691358014 0.0617283950617283 0.06604938271604927 0.06358024691358012 0.07716049382716038 0.06543209876543198 0.07345679012345666 0.06419753086419741 0.06728395061728383 0.07407407407407395 0.06666666666666655 0.0648148148148147
0.05864197530864187 0.06728395061728383 0.11049382716049365 0.07098765432098753 0.05864197530864187 0.06604938271604927 0.06234567901234558 0.06234567901234556 0.06111111111111099 0.06728395061728383 0.06543209876543199 0.06358024691358014 0.06296296296296285 0.06296296296296283 0.05987654320987642
0.056084656084656 0.06190476190476183 0.06031746031746023 0.06243386243386233 0.05873015873015864 0.07089947089947082 0.056084656084656 0.10105820105820092 0.05449735449735442 0.061375661375661285 0.059788359788359696 0.07460317460317453 0.08412698412698412 0.0756613756613756 0.06243386243386235
0.06601307189542471 0.06470588235294104 0.06535947712418287 0.06732026143790834 0.06274509803921555 0.06666666666666654 0.06862745098039204 0.06732026143790835 0.0679738562091502 0.06535947712418287 0.06601307189542471 0.06862745098039204 0.06928104575163384 0.07058823529411752 0.06339869281045737
0.06078431372549007 0.06274509803921555 0.0594771241830064 0.09803921568627434 0.06013071895424823 0.06013071895424824 0.07843137254901945 0.06078431372549007 0.05882352941176457 0.07385620915032662 0.07516339869281032 0.0640522875816992 0.06078431372549007 0.0614379084967319 0.06535947712418286
