0.06315789473684207 0.05614035087719298 0.07017543859649117 0.0631578947368421 0.06549707602339178 0.056725146198830394 0.06491228070175438 0.05614035087719297 0.06140350877192982 0.056725146198830394 0.06725146198830409 0.08421052631578942 0.11637426900584791 0.05730994152046782 0.06081871345029234
0.05555555555555545 0.05555555555555545 0.05555555555555545 0.05617283950617273 0.05617283950617273 0.10925925925925904 0.05617283950617273 0.05555555555555545 0.10864197530864178 0.05617283950617273 0.05679012345679001 0.05617283950617273 0.1111111111111109 0.05555555555555545 0.05555555555555545
0.06470588235294103 0.06013071895424824 0.06339869281045739 0.06535947712418287 0.062091503267973726 0.12156862745098018 0.06274509803921555 0.0614379084967319 0.06078431372549007 0.061437908496731905 0.06078431372549007 0.0660130718954247 0.06209150326797373 0.06339869281045739 0.06405228758169922
0.06319444444444444 0.0625 0.06319444444444444 0.0625 0.0625 0.11875 0.0625 0.0625 0.06597222222222222 0.0625 0.0625 0.06319444444444444 0.0625 0.06319444444444444 0.0625
0.06319444444444444 0.0625 0.06458333333333334 0.06319444444444444 0.0625 0.12013888888888889 0.0625 0.0625 0.06319444444444444 0.06319444444444444 0.0625 0.0625 0.0625 0.0625 0.0625
0.10617283950617272 0.065432098765432 0.06049382716049371 0.06913580246913567 0.06358024691358014 0.06296296296296287 0.06049382716049372 0.06419753086419742 0.06604938271604925 0.06358024691358014 0.058641975308641854 0.07407407407407395 0.06234567901234556 0.06419753086419742 0.05864197530864187
0.06319444444444444 0.0625 0.06319444444444444 0.0625 0.0625 0.11805555555555555 0.06319444444444444 0.0625 0.0625 0.06319444444444444 0.06388888888888888 0.06388888888888888 0.0625 0.06319444444444444 0.06319444444444444
0.05679012345679001 0.05617283950617273 0.06481481481481469 0.05740740740740729 0.05740740740740729 0.18395061728395035 0.05925925925925914 0.058641975308641854 0.05679012345679001 0.058024691358024585 0.05740740740740729 0.05925925925925915 0.05925925925925914 0.0574074074074073 0.05740740740740729
0.05740740740740729 0.06975308641975296 0.06049382716049371 0.059876543209876426 0.10864197530864181 0.07716049382716036 0.05987654320987642 0.061111111111110984 0.06543209876543198 0.05864197530864187 0.07037037037037028 0.06419753086419742 0.062345679012345556 0.05925925925925915 0.06543209876543199
0.05882352941176457 0.05882352941176457 0.05882352941176457 0.05882352941176457 0.06013071895424823 0.0594771241830064 0.1732026143790847 0.0594771241830064 0.05882352941176457 0.05882352941176457 0.05882352941176457 0.05882352941176457 0.05882352941176457 0.05882352941176457 0.059477124183006415
0.0594771241830064 0.06078431372549007 0.062091503267973726 0.059477124183006415 0.05882352941176457 0.060784313725490056 0.0614379084967319 0.05882352941176457 0.06013071895424824 0.11764705882352917 0.0594771241830064 0.0594771241830064 0.05882352941176457 0.05882352941176457 0.10392156862745076
0.0543859649122807 0.05614035087719298 0.06491228070175445 0.07426900584795315 0.06842105263157892 0.05847953216374267 0.06374269005847955 0.07485380116959062 0.05789473684210525 0.11286549707602336 0.05847953216374267 0.059064327485380125 0.07543859649122797 0.05847953216374267 0.06257309941520466
0.0654970760233918 0.05672514619883042 0.059649122807017514 0.05380116959064327 0.059649122807017514 0.053801169590643266 0.05438596491228071 0.1210526315789472 0.06959064327485376 0.06842105263157888 0.0543859649122807 0.058479532163742694 0.05672514619883039 0.11111111111111108 0.0567251461988304
0.05882352941176457 0.05882352941176457 0.05882352941176457 0.05882352941176457 0.05882352941176457 0.0594771241830064 0.1732026143790847 0.0594771241830064 0.05882352941176457 0.05882352941176457 0.05882352941176457 0.0594771241830064 0.05882352941176457 0.05882352941176457 0.06013071895424824
0.06959064327485379 0.0684210526315789 0.06666666666666662 0.06257309941520464 0.059649122807017514 0.12573099415204667 0.05964912280701756 0.06081871345029237 0.060818713450292376 0.05614035087719295 0.05906432748538011 0.0672514619883041 0.057894736842105214 0.06432748538011693 0.06140350877192979
0.03849206349206346 0.12063492063492066 0.04246031746031745 0.038492063492063466 0.06071428571428568 0.18253968253968247 0.14682539682539675 0.04206349206349203 0.04166666666666664 0.036904761904761885 0.07380952380952374 0.03888888888888886 0.03730158730158728 0.05793650793650791 0.04126984126984125
0.04920634920634913 0.04761904761904755 0.04920634920634914 0.04920634920634913 0.04973544973544967 0.04814814814814808 0.06507936507936499 0.04920634920634914 0.04761904761904755 0.051322751322751256 0.04973544973544967 0.05449735449735443 0.05026455026455019 0.08730158730158717 0.2518518518518515
0.05499999999999991 0.05277777777777769 0.05944444444444435 0.0638888888888888 0.053333333333333253 0.05166666666666657 0.15833333333333346 0.05666666666666658 0.050555555555555465 0.053888888888888806 0.0638888888888888 0.07333333333333326 0.05555555555555547 0.09777777777777763 0.0538888888888888
0.06277777777777767 0.053888888888888806 0.05444444444444437 0.05333333333333324 0.07666666666666658 0.05777777777777769 0.10388888888888878 0.05499999999999991 0.054999999999999924 0.05333333333333326 0.05277777777777769 0.06222222222222213 0.05555555555555547 0.05333333333333323 0.15000000000000005
0.053888888888888806 0.053888888888888806 0.053888888888888806 0.05444444444444436 0.07388888888888878 0.0538888888888888 0.05166666666666657 0.06944444444444434 0.05444444444444435 0.05444444444444435 0.05444444444444437 0.055555555555555476 0.05499999999999991 0.0527777777777777 0.20833333333333307
0.05321637426900585 0.05438596491228071 0.058479532163742715 0.10409356725146199 0.0543859649122807 0.0543859649122807 0.05614035087719298 0.05789473684210525 0.05789473684210524 0.06491228070175438 0.0672514619883041 0.14912280701754366 0.05555555555555554 0.05438596491228069 0.05789473684210524
0.05555555555555545 0.05679012345679001 0.05555555555555545 0.05679012345679001 0.05617283950617273 0.05555555555555545 0.05617283950617273 0.05617283950617273 0.05555555555555545 0.05679012345679001 0.05617283950617273 0.17592592592592562 0.05555555555555545 0.05802469135802457 0.0932098765432097
0.0625 0.06319444444444444 0.0625 0.06597222222222222 0.06319444444444444 0.0625 0.06388888888888888 0.06319444444444444 0.06319444444444444 0.0625 0.1111111111111111 0.06319444444444444 0.06388888888888888 0.06319444444444444 0.06597222222222222
0.06491228070175438 0.05789473684210525 0.06491228070175434 0.11169590643274852 0.0707602339181286 0.0631578947368421 0.06257309941520463 0.06081871345029239 0.057309941520467804 0.0660818713450292 0.06959064327485377 0.06491228070175435 0.06374269005847946 0.06081871345029237 0.06081871345029237
0.06078431372549007 0.059477124183006415 0.060784313725490056 0.062091503267973726 0.06013071895424824 0.05882352941176457 0.059477124183006415 0.05882352941176457 0.059477124183006415 0.05882352941176457 0.14313725490196055 0.06078431372549007 0.07908496732026128 0.05882352941176457 0.0594771241830064
0.05882352941176457 0.05882352941176457 0.06013071895424824 0.05882352941176457 0.05882352941176457 0.0594771241830064 0.17254901960784286 0.0594771241830064 0.05882352941176457 0.05882352941176457 0.05882352941176457 0.05882352941176457 0.0594771241830064 0.05882352941176457 0.0594771241830064
0.06209150326797373 0.06078431372549007 0.06274509803921555 0.06013071895424824 0.06209150326797373 0.10784313725490173 0.062091503267973726 0.06274509803921555 0.061437908496731884 0.09281045751633968 0.06013071895424824 0.06013071895424824 0.06013071895424824 0.05882352941176457 0.0660130718954247
0.06013071895424823 0.0594771241830064 0.06274509803921555 0.062091503267973726 0.1071895424836599 0.06078431372549007 0.06274509803921556 0.06078431372549007 0.062091503267973726 0.0614379084967319 0.09542483660130699 0.06405228758169923 0.06013071895424823 0.0594771241830064 0.061437908496731884
0.06209150326797373 0.06078431372549007 0.06013071895424824 0.0594771241830064 0.0614379084967319 0.13398692810457494 0.06405228758169922 0.06078431372549007 0.0614379084967319 0.0660130718954247 0.06274509803921556 0.061437908496731884 0.06078431372549007 0.06339869281045739 0.0614379084967319
0.05458937198067642 0.058937198067632944 0.0719806763285025 0.0685990338164252 0.07294685990338173 0.07632850241545902 0.062318840579710245 0.07681159420289868 0.05942028985507254 0.05024154589371989 0.05265700483091796 0.06618357487922712 0.06714975845410637 0.07777777777777786 0.08405797101449285
0.04814814814814808 0.04761904761904755 0.09523809523809512 0.04814814814814808 0.12063492063492057 0.04920634920634913 0.206349206349206 0.04761904761904755 0.04814814814814808 0.04761904761904755 0.04814814814814808 0.048677248677248604 0.04814814814814808 0.04814814814814808 0.04814814814814808
0.048000000000000036 0.05022222222222226 0.05688888888888892 0.05288888888888892 0.07511111111111116 0.06088888888888893 0.08800000000000006 0.06266666666666672 0.04755555555555559 0.1342222222222222 0.04355555555555558 0.0635555555555556 0.05288888888888892 0.06488888888888893 0.09866666666666671
0.06013071895424824 0.06209150326797371 0.072549019607843 0.06274509803921555 0.06732026143790835 0.08823529411764688 0.06928104575163384 0.06339869281045737 0.06013071895424824 0.06078431372549007 0.06078431372549007 0.0614379084967319 0.08627450980392141 0.0640522875816992 0.06078431372549007
0.05679012345679002 0.058641975308641854 0.05617283950617273 0.05925925925925915 0.06111111111111099 0.05987654320987644 0.05617283950617273 0.06358024691358014 0.05617283950617273 0.1790123456790121 0.05617283950617273 0.05617283950617273 0.05864197530864187 0.05802469135802457 0.06419753086419742
0.1 0.0625 0.0625 0.08402777777777778 0.0625 0.0625 0.06319444444444444 0.0625 0.0625 0.0625 0.0625 0.06388888888888888 0.0625 0.06319444444444444 0.06319444444444444
0.09346405228758152 0.06013071895424824 0.0594771241830064 0.07843137254901948 0.05882352941176457 0.0594771241830064 0.061437908496731905 0.05882352941176457 0.05882352941176457 0.11633986928104549 0.05882352941176457 0.05882352941176457 0.05882352941176457 0.05882352941176457 0.059477124183006415
0.0625 0.0625 0.06319444444444444 0.06319444444444444 0.0625 0.0625 0.0625 0.12152777777777778 0.0625 0.0625 0.06319444444444444 0.06319444444444444 0.0625 0.0625 0.06319444444444444
0.0625 0.125 0.0625 0.0625 0.0625 0.0625 0.0625 0.0625 0.0625 0.0625 0.0625 0.0625 0.0625 0.0625 0.0625
0.1183006535947711 0.059477124183006415 0.0614379084967319 0.0836601307189541 0.062091503267973726 0.0614379084967319 0.06274509803921555 0.06078431372549007 0.061437908496731905 0.0614379084967319 0.06078431372549007 0.06274509803921555 0.06209150326797373 0.06078431372549007 0.06078431372549007
0.0625 0.0625 0.06388888888888888 0.06597222222222222 0.0625 0.0625 0.06388888888888888 0.0625 0.0625 0.06319444444444444 0.11527777777777778 0.06458333333333334 0.06319444444444444 0.0625 0.0625
0.058641975308641854 0.05555555555555545 0.061728395061728274 0.061728395061728274 0.06049382716049371 0.05987654320987642 0.06419753086419741 0.05864197530864187 0.05555555555555545 0.0641975308641974 0.1462962962962961 0.06728395061728382 0.06234567901234556 0.06172839506172829 0.06172839506172829
0.06388888888888888 0.06319444444444444 0.06319444444444444 0.06527777777777778 0.06319444444444444 0.06388888888888888 0.06388888888888888 0.0625 0.06319444444444444 0.0625 0.11319444444444444 0.06319444444444444 0.0625 0.06319444444444444 0.06319444444444444
0.07973856209150311 0.0614379084967319 0.06339869281045737 0.06405228758169922 0.0614379084967319 0.06601307189542469 0.0594771241830064 0.06274509803921556 0.06013071895424824 0.06274509803921555 0.06339869281045739 0.06339869281045737 0.06274509803921555 0.06013071895424823 0.10915032679738546
0.0625 0.0625 0.06458333333333334 0.06319444444444444 0.08263888888888889 0.06319444444444444 0.0625 0.06666666666666667 0.06319444444444444 0.0625 0.0625 0.0625 0.06319444444444444 0.09513888888888888 0.06319444444444444
0.050264550264550185 0.05185185185185179 0.058201058201058135 0.05185185185185177 0.05291005291005284 0.04973544973544967 0.06402116402116396 0.05238095238095231 0.05079365079365073 0.04814814814814808 0.05132275132275125 0.05291005291005284 0.06560846560846555 0.24814814814814787 0.051851851851851774
0.0695906432748538 0.16315789473684192 0.055555555555555525 0.0567251461988304 0.0567251461988304 0.052631578947368425 0.05497076023391812 0.06081871345029234 0.0543859649122807 0.0637426900584795 0.05497076023391812 0.0543859649122807 0.057309941520467825 0.0900584795321638 0.05497076023391812
0.060555555555555446 0.05555555555555547 0.06333333333333324 0.05944444444444437 0.13999999999999999 0.05499999999999991 0.05722222222222214 0.06722222222222214 0.06666666666666657 0.05611111111111103 0.057222222222222126 0.05611111111111103 0.05444444444444436 0.08777777777777765 0.06333333333333324
0.05321637426900584 0.052631578947368425 0.0543859649122807 0.05497076023391814 0.09766081871345032 0.052631578947368425 0.1064327485380117 0.053801169590643266 0.053801169590643266 0.052631578947368425 0.14678362573099385 0.05380116959064327 0.05438596491228071 0.05380116959064327 0.05906432748538009
0.0594771241830064 0.0594771241830064 0.0614379084967319 0.06078431372549007 0.06078431372549007 0.0614379084967319 0.06013071895424823 0.0594771241830064 0.0594771241830064 0.11568627450980369 0.09934640522875797 0.0614379084967319 0.06078431372549007 0.05882352941176457 0.0614379084967319
0.0625 0.0625 0.06388888888888888 0.06319444444444444 0.1125 0.06319444444444444 0.06944444444444445 0.06319444444444444 0.0625 0.0625 0.0625 0.06319444444444444 0.0625 0.06319444444444444 0.06319444444444444
0.0625 0.0625 0.06319444444444444 0.06458333333333334 0.08194444444444444 0.0625 0.0625 0.06597222222222222 0.0625 0.0625 0.06319444444444444 0.0625 0.0625 0.09861111111111111 0.0625
0.0625 0.06388888888888888 0.11527777777777778 0.06319444444444444 0.06458333333333334 0.0625 0.06388888888888888 0.06388888888888888 0.0625 0.0625 0.0625 0.06319444444444444 0.06458333333333334 0.0625 0.0625
0.05882352941176457 0.05882352941176457 0.05882352941176457 0.05882352941176457 0.07581699346405213 0.05882352941176457 0.059477124183006415 0.06405228758169922 0.11633986928104549 0.0594771241830064 0.05882352941176457 0.05882352941176457 0.05882352941176457 0.095424836601307 0.05882352941176457
0.05679012345679001 0.05679012345679001 0.06666666666666654 0.05679012345679001 0.05987654320987644 0.05802469135802457 0.16604938271604916 0.05679012345679001 0.05679012345679001 0.05679012345679001 0.05679012345679001 0.05740740740740729 0.07777777777777765 0.05987654320987642 0.05679012345679001
0.05617283950617273 0.058641975308641854 0.05802469135802457 0.05864197530864187 0.058024691358024585 0.062345679012345556 0.05925925925925915 0.05925925925925915 0.0685185185185184 0.11666666666666647 0.05864197530864187 0.06111111111111099 0.058024691358024585 0.05679012345679001 0.10987654320987633
0.04920634920634914 0.06084656084656079 0.053968253968253894 0.0576719576719576 0.051851851851851774 0.053968253968253894 0.07142857142857133 0.05132275132275124 0.06455026455026447 0.14179894179894162 0.058730158730158646 0.07407407407407397 0.05238095238095231 0.05026455026455019 0.10793650793650784
0.05499999999999991 0.052222222222222135 0.04999999999999991 0.059999999999999935 0.0538888888888888 0.08777777777777765 0.09666666666666655 0.05166666666666658 0.05055555555555547 0.05777777777777769 0.05055555555555547 0.0677777777777777 0.05555555555555547 0.04999999999999991 0.16055555555555573
0.05502645502645495 0.056613756613756554 0.05608465608465602 0.05132275132275124 0.05343915343915337 0.05502645502645495 0.05343915343915337 0.05502645502645494 0.05661375661375653 0.05132275132275124 0.050264550264550185 0.06772486772486763 0.05079365079365071 0.2328042328042326 0.05449735449735443
0.04975845410628028 0.052173913043478334 0.05024154589371988 0.046376811594202975 0.05024154589371988 0.047342995169082205 0.054106280193236815 0.04830917874396143 0.05265700483091795 0.04685990338164258 0.05507246376811604 0.06763285024154601 0.0468599033816426 0.28599033816425146 0.04637681159420299
0.05873015873015864 0.05079365079365073 0.05449735449735443 0.07619047619047611 0.051322751322751256 0.053439153439153377 0.05026455026455019 0.05291005291005283 0.21798941798941762 0.052910052910052824 0.05396825396825389 0.061904761904761824 0.05661375661375652 0.057142857142857065 0.05132275132275124
0.06358024691358014 0.06419753086419742 0.06604938271604928 0.06975308641975297 0.06543209876543199 0.07407407407407395 0.07283950617283937 0.06851851851851841 0.07037037037037024 0.061728395061728274 0.06172839506172829 0.07345679012345668 0.06358024691358012 0.059876543209876426 0.0648148148148147
0.06078431372549007 0.08366013071895409 0.0594771241830064 0.06078431372549007 0.06013071895424823 0.06013071895424824 0.060784313725490056 0.06274509803921555 0.06013071895424824 0.11764705882352915 0.0594771241830064 0.06470588235294104 0.06274509803921555 0.06339869281045739 0.06339869281045737
0.0625 0.0625 0.0625 0.06319444444444444 0.0625 0.0625 0.0625 0.0625 0.0625 0.12291666666666666 0.0625 0.06319444444444444 0.0625 0.0625 0.06319444444444444
0.0625 0.0625 0.06458333333333334 0.0625 0.0625 0.0625 0.06319444444444444 0.11944444444444445 0.06319444444444444 0.0625 0.0625 0.06319444444444444 0.06319444444444444 0.06319444444444444 0.0625
0.0648148148148147 0.05802469135802457 0.059876543209876426 0.05925925925925915 0.11172839506172821 0.05740740740740729 0.0679012345679011 0.05925925925925916 0.05925925925925915 0.05740740740740729 0.10740740740740723 0.06049382716049371 0.06111111111111099 0.05617283950617273 0.059876543209876426
0.06805555555555555 0.06319444444444444 0.06875 0.06527777777777778 0.06805555555555555 0.06527777777777778 0.06527777777777778 0.06597222222222222 0.06527777777777778 0.06666666666666667 0.06944444444444445 0.06527777777777778 0.06805555555555555 0.06527777777777778 0.07013888888888889
0.06388888888888888 0.06458333333333334 0.06388888888888888 0.06805555555555555 0.07152777777777777 0.06319444444444444 0.06805555555555555 0.06527777777777778 0.06597222222222222 0.06319444444444444 0.06736111111111111 0.07152777777777777 0.06875 0.06597222222222222 0.06875
0.06388888888888888 0.06319444444444444 0.06388888888888888 0.06319444444444444 0.06388888888888888 0.11180555555555556 0.06388888888888888 0.06388888888888888 0.06388888888888888 0.0625 0.06319444444444444 0.06458333333333334 0.0625 0.06319444444444444 0.0625
0.05906432748538011 0.05672514619883039 0.059649122807017535 0.061403508771929786 0.07719298245614034 0.06725146198830408 0.06081871345029236 0.060233918128654945 0.06023391812865497 0.06725146198830406 0.05438596491228072 0.06432748538011694 0.05789473684210524 0.08830409356725145 0.1052631578947368
0.06604938271604928 0.061111111111111005 0.06296296296296286 0.062345679012345556 0.06296296296296286 0.06172839506172829 0.05925925925925914 0.11234567901234552 0.06172839506172827 0.06913580246913568 0.05987654320987642 0.06728395061728382 0.06358024691358012 0.06481481481481469 0.06481481481481469
0.05555555555555545 0.21851851851851814 0.05617283950617273 0.05555555555555545 0.05617283950617273 0.05555555555555545 0.05679012345679001 0.05555555555555545 0.05555555555555545 0.05555555555555545 0.05555555555555545 0.05555555555555545 0.05617283950617273 0.05617283950617273 0.05555555555555545
0.04747474747474746 0.04646464646464645 0.04696969696969696 0.047474747474747475 0.04898989898989898 0.04595959595959594 0.0656565656565657 0.04646464646464645 0.285858585858586 0.045454545454545435 0.045454545454545435 0.04949494949494949 0.08686868686868685 0.045454545454545435 0.04595959595959594
0.06818181818181825 0.053535353535353554 0.06464646464646472 0.06212121212121218 0.058585858585858644 0.05101010101010102 0.0641414141414142 0.07575757575757588 0.051010101010101026 0.05101010101010101 0.055555555555555594 0.06616161616161619 0.06060606060606068 0.16414141414141417 0.05353535353535357
0.05789473684210526 0.055555555555555546 0.05906432748538009 0.06140350877192975 0.058479532163742666 0.059649122807017514 0.19181286549707602 0.05614035087719296 0.05614035087719298 0.05555555555555555 0.053801169590643266 0.05847953216374274 0.058479532163742715 0.060233918128654945 0.05730994152046782
0.058479532163742694 0.10467836257309943 0.06315789473684208 0.0637426900584795 0.10584795321637426 0.05321637426900585 0.05730994152046784 0.05906432748538014 0.09707602339181282 0.05789473684210524 0.05438596491228068 0.05964912280701752 0.053801169590643266 0.052631578947368425 0.05906432748538011
0.06975308641975297 0.126543209876543 0.06111111111111099 0.06543209876543198 0.0604938271604937 0.06111111111111099 0.05864197530864187 0.06419753086419742 0.06913580246913568 0.059876543209876426 0.05740740740740729 0.06604938271604928 0.05987654320987644 0.06172839506172829 0.05864197530864187
0.0594771241830064 0.0594771241830064 0.06666666666666654 0.07385620915032666 0.0614379084967319 0.06013071895424823 0.06013071895424824 0.06339869281045737 0.08888888888888871 0.06470588235294104 0.072549019607843 0.08888888888888871 0.060784313725490056 0.059477124183006415 0.06013071895424824
0.0625 0.0625 0.06458333333333334 0.0625 0.11388888888888889 0.0625 0.06805555555555555 0.0625 0.0625 0.0625 0.06319444444444444 0.06458333333333334 0.06319444444444444 0.0625 0.0625
0.04637681159420297 0.04396135265700491 0.05410628019323679 0.05362318840579717 0.047826086956521824 0.04492753623188413 0.045893719806763364 0.045410628019323745 0.047342995169082205 0.04685990338164258 0.12898550724637678 0.08067632850241555 0.22173913043478255 0.045893719806763364 0.04637681159420299
0.06875 0.09166666666666666 0.0625 0.06458333333333334 0.06458333333333334 0.06458333333333334 0.06388888888888888 0.06805555555555555 0.06319444444444444 0.06388888888888888 0.0625 0.06736111111111111 0.06597222222222222 0.0625 0.06597222222222222
0.06928104575163385 0.06078431372549007 0.06013071895424823 0.062091503267973726 0.0699346405228757 0.0640522875816992 0.06274509803921555 0.06078431372549007 0.061437908496731884 0.06078431372549007 0.061437908496731884 0.07124183006535935 0.059477124183006415 0.11633986928104552 0.059477124183006415
0.05555555555555545 0.05740740740740729 0.05617283950617273 0.05679012345679001 0.06975308641975296 0.05617283950617273 0.05679012345679001 0.05679012345679001 0.05740740740740729 0.10555555555555536 0.05617283950617273 0.05555555555555545 0.05679012345679002 0.14629629629629612 0.05679012345679001
0.06601307189542473 0.06209150326797373 0.06601307189542469 0.06535947712418287 0.06274509803921555 0.11633986928104557 0.06470588235294104 0.06535947712418287 0.062091503267973726 0.06013071895424823 0.062091503267973726 0.06339869281045739 0.06078431372549007 0.06339869281045737 0.0594771241830064
0.08011695906432748 0.05614035087719296 0.059064327485380076 0.060818713450292376 0.15497076023391798 0.055555555555555566 0.06198830409356722 0.06842105263157892 0.055555555555555546 0.0567251461988304 0.05497076023391812 0.0573099415204678 0.05789473684210525 0.05789473684210525 0.06257309941520464
0.04830917874396143 0.045893719806763364 0.05169082125603875 0.050241545893719874 0.11787439613526567 0.04396135265700491 0.04927536231884066 0.07342995169082132 0.04927536231884066 0.04782608695652181 0.17149758454106293 0.056521739130434866 0.10193236714975851 0.045410628019323745 0.0468599033816426
0.06388888888888888 0.06319444444444444 0.0625 0.06319444444444444 0.0625 0.0625 0.0625 0.0625 0.11944444444444445 0.06319444444444444 0.06319444444444444 0.0625 0.06319444444444444 0.06319444444444444 0.0625
0.062091503267973726 0.06209150326797373 0.06274509803921555 0.06797385620915018 0.06013071895424823 0.06013071895424824 0.0614379084967319 0.06274509803921557 0.06078431372549007 0.06274509803921555 0.12483660130718933 0.0640522875816992 0.0614379084967319 0.06013071895424823 0.06666666666666654
0.07222222222222222 0.06319444444444444 0.07152777777777777 0.06527777777777778 0.06388888888888888 0.0625 0.06388888888888888 0.07222222222222222 0.06388888888888888 0.06319444444444444 0.06388888888888888 0.06875 0.06319444444444444 0.07847222222222222 0.06388888888888888
0.06842105263157892 0.0654970760233918 0.06842105263157888 0.0660818713450292 0.06608187134502921 0.0614035087719298 0.06725146198830408 0.06315789473684208 0.07777777777777775 0.059064327485380076 0.06081871345029241 0.07076023391812863 0.0771929824561403 0.06725146198830405 0.06081871345029239
0.0995169082125605 0.046859903381642594 0.046859903381642594 0.07487922705314021 0.05072463768115948 0.05024154589371988 0.04975845410628028 0.05362318840579716 0.047826086956521824 0.046859903381642594 0.22077294685990326 0.05748792270531407 0.05555555555555564 0.04879227053140105 0.0502415458937199
0.06944444444444445 0.06319444444444444 0.06388888888888888 0.06805555555555555 0.06527777777777778 0.06388888888888888 0.06666666666666667 0.06527777777777778 0.06319444444444444 0.06527777777777778 0.08680555555555555 0.06597222222222222 0.06527777777777778 0.06388888888888888 0.06388888888888888
0.08947368421052633 0.0619883040935672 0.06783625730994151 0.059649122807017514 0.06023391812865496 0.115204678362573 0.06023391812865492 0.060233918128654945 0.061988304093567245 0.05789473684210523 0.06198830409356722 0.0649122807017544 0.061988304093567224 0.05730994152046782 0.0590643274853801
0.06851851851851842 0.0685185185185184 0.06358024691358012 0.08580246913580235 0.06049382716049372 0.05925925925925915 0.058024691358024585 0.06543209876543199 0.05864197530864187 0.06543209876543199 0.06358024691358014 0.10061728395061718 0.058024691358024585 0.05802469135802457 0.06604938271604925
0.0625 0.0625 0.0625 0.11597222222222223 0.0625 0.0625 0.06319444444444444 0.0625 0.0625 0.06458333333333334 0.06805555555555555 0.06319444444444444 0.0625 0.0625 0.0625
0.0625 0.0625 0.0625 0.0625 0.0625 0.0625 0.0625 0.06319444444444444 0.0625 0.12430555555555556 0.0625 0.0625 0.0625 0.0625 0.0625
0.09388888888888876 0.05111111111111103 0.05444444444444436 0.05611111111111102 0.05444444444444437 0.0649999999999999 0.05111111111111102 0.053333333333333253 0.0538888888888888 0.05111111111111103 0.1949999999999998 0.060555555555555446 0.05222222222222214 0.05444444444444437 0.053333333333333253
0.06319444444444444 0.0625 0.06319444444444444 0.06944444444444445 0.06319444444444444 0.0625 0.06319444444444444 0.0625 0.06319444444444444 0.06319444444444444 0.07222222222222222 0.09791666666666667 0.06319444444444444 0.0625 0.06805555555555555
0.111111111111111 0.05802469135802457 0.0648148148148147 0.08395061728395047 0.06172839506172829 0.061728395061728274 0.05925925925925915 0.06666666666666655 0.05864197530864187 0.06049382716049371 0.06419753086419741 0.06604938271604925 0.06111111111111101 0.05925925925925915 0.06296296296296286
0.05380116959064327 0.055555555555555546 0.053801169590643266 0.057309941520467804 0.05438596491228069 0.0543859649122807 0.0543859649122807 0.0567251461988304 0.06842105263157891 0.21812865497076028 0.05321637426900584 0.05672514619883037 0.05380116959064327 0.054970760233918115 0.0543859649122807
0.05555555555555545 0.22098765432098721 0.05555555555555545 0.05555555555555545 0.05555555555555545 0.05555555555555545 0.05555555555555545 0.05555555555555545 0.05555555555555545 0.05617283950617273 0.05555555555555545 0.05555555555555545 0.05555555555555545 0.05555555555555545 0.05617283950617273
0.09333333333333325 0.05944444444444436 0.0577777777777777 0.05944444444444435 0.05944444444444435 0.055555555555555476 0.10611111111111104 0.05888888888888881 0.0538888888888888 0.056666666666666574 0.05888888888888879 0.05555555555555547 0.11166666666666661 0.05444444444444437 0.05888888888888882
0.06666666666666653 0.0614379084967319 0.06535947712418287 0.08104575163398679 0.07124183006535934 0.06405228758169922 0.06470588235294106 0.06339869281045737 0.06732026143790835 0.062091503267973726 0.0640522875816992 0.06732026143790835 0.06797385620915018 0.06274509803921556 0.07058823529411752
0.06198830409356724 0.05906432748538007 0.18421052631578938 0.057309941520467804 0.05789473684210525 0.056725146198830415 0.05789473684210525 0.06140350877192975 0.06081871345029239 0.05614035087719296 0.0543859649122807 0.05730994152046786 0.061403508771929814 0.05614035087719294 0.057309941520467825
0.0625 0.0625 0.0625 0.11597222222222223 0.06319444444444444 0.0625 0.0625 0.06319444444444444 0.0625 0.06388888888888888 0.06805555555555555 0.0625 0.06319444444444444 0.0625 0.0625
0.08444444444444434 0.05277777777777769 0.058333333333333244 0.062222222222222116 0.05444444444444436 0.05444444444444436 0.05277777777777768 0.053333333333333253 0.09333333333333325 0.054999999999999924 0.1411111111111111 0.07166666666666656 0.05444444444444437 0.05166666666666658 0.059999999999999915
0.09532163742690059 0.05614035087719295 0.06198830409356722 0.13157894736842088 0.05906432748538011 0.05964912280701754 0.0590643274853801 0.06491228070175437 0.05555555555555555 0.06023391812865496 0.061988304093567224 0.06374269005847955 0.05789473684210523 0.057309941520467825 0.05555555555555555
0.05679012345679001 0.05679012345679001 0.07962962962962951 0.05740740740740729 0.05679012345679001 0.0574074074074073 0.05802469135802457 0.06975308641975296 0.058024691358024585 0.05555555555555545 0.05555555555555545 0.058641975308641854 0.058024691358024585 0.16604938271604916 0.05555555555555545
0.06666666666666667 0.06388888888888888 0.0625 0.06666666666666667 0.08819444444444445 0.0625 0.06319444444444444 0.08055555555555556 0.06388888888888888 0.0625 0.0625 0.06736111111111111 0.0625 0.06388888888888888 0.06319444444444444
0.09869281045751617 0.0614379084967319 0.06993464052287567 0.06339869281045739 0.060784313725490056 0.07189542483660118 0.06078431372549008 0.06339869281045737 0.06339869281045737 0.0614379084967319 0.06732026143790834 0.06470588235294104 0.061437908496731905 0.060784313725490056 0.07058823529411752
0.06527777777777778 0.06319444444444444 0.06666666666666667 0.06597222222222222 0.06597222222222222 0.08125 0.06597222222222222 0.06597222222222222 0.06527777777777778 0.06805555555555555 0.06458333333333334 0.06458333333333334 0.06666666666666667 0.06527777777777778 0.06527777777777778
0.07430555555555556 0.06388888888888888 0.06388888888888888 0.06666666666666667 0.06597222222222222 0.06527777777777778 0.06736111111111111 0.06458333333333334 0.06875 0.06527777777777778 0.06319444444444444 0.06666666666666667 0.07152777777777777 0.06458333333333334 0.06805555555555555
0.06319444444444444 0.06736111111111111 0.07847222222222222 0.06736111111111111 0.06319444444444444 0.0625 0.06319444444444444 0.06597222222222222 0.06319444444444444 0.06527777777777778 0.06319444444444444 0.06458333333333334 0.08680555555555555 0.06319444444444444 0.0625
0.06805555555555555 0.06319444444444444 0.06875 0.06597222222222222 0.06388888888888888 0.06597222222222222 0.06597222222222222 0.06875 0.06527777777777778 0.06666666666666667 0.07361111111111111 0.06527777777777778 0.06875 0.06736111111111111 0.0625
0.04722222222222218 0.043981481481481434 0.05879629629629637 0.09027777777777773 0.08148148148148143 0.04999999999999999 0.04768518518518516 0.05972222222222226 0.046759259259259216 0.10046296296296293 0.14212962962962963 0.0925925925925926 0.042592592592592536 0.044444444444444384 0.05185185185185184
0.053801169590643266 0.10467836257309943 0.05321637426900585 0.05321637426900584 0.052631578947368425 0.052631578947368425 0.05380116959064327 0.05321637426900585 0.052631578947368425 0.05380116959064327 0.05321637426900584 0.053801169590643266 0.1988304093567252 0.055555555555555546 0.05497076023391812
0.22923976608187138 0.0543859649122807 0.05789473684210527 0.05614035087719298 0.05672514619883037 0.055555555555555525 0.054970760233918115 0.054970760233918115 0.053801169590643266 0.053801169590643294 0.05380116959064327 0.0543859649122807 0.05380116959064327 0.055555555555555546 0.05497076023391812
0.15555555555555536 0.09682539682539672 0.05555555555555547 0.05449735449735442 0.050793650793650724 0.051851851851851774 0.05079365079365073 0.04920634920634913 0.053968253968253894 0.05238095238095232 0.05502645502645495 0.05502645502645495 0.11269841269841258 0.05291005291005283 0.05291005291005283
0.1111111111111111 0.06458333333333334 0.0625 0.0625 0.06388888888888888 0.0625 0.06319444444444444 0.06388888888888888 0.06388888888888888 0.0625 0.06527777777777778 0.0625 0.06527777777777778 0.06388888888888888 0.0625
0.21111111111111067 0.04920634920634913 0.04920634920634913 0.049735449735449674 0.050264550264550185 0.04973544973544967 0.04973544973544967 0.05079365079365073 0.048677248677248604 0.05026455026455019 0.04814814814814808 0.0592592592592592 0.13280423280423267 0.04920634920634914 0.05185185185185179
0.13030303030303045 0.05101010101010102 0.05505050505050509 0.06111111111111115 0.15000000000000008 0.05303030303030304 0.05151515151515152 0.05757575757575761 0.05000000000000001 0.054545454545454584 0.06515151515151525 0.059090909090909124 0.05151515151515153 0.05202020202020205 0.05808080808080812
0.056666666666666574 0.11222222222222215 0.05944444444444436 0.06722222222222216 0.05499999999999991 0.0538888888888888 0.06388888888888879 0.059999999999999915 0.05777777777777769 0.05722222222222215 0.06333333333333324 0.062222222222222116 0.07666666666666654 0.05666666666666658 0.09777777777777769
0.06319444444444444 0.06319444444444444 0.06458333333333334 0.06319444444444444 0.09097222222222222 0.06319444444444444 0.06458333333333334 0.06388888888888888 0.06388888888888888 0.06319444444444444 0.06944444444444445 0.07152777777777777 0.06666666666666667 0.06319444444444444 0.06527777777777778
0.06388888888888888 0.06388888888888888 0.07222222222222222 0.07083333333333333 0.06388888888888888 0.06875 0.06597222222222222 0.06805555555555555 0.06736111111111111 0.06458333333333334 0.06388888888888888 0.06736111111111111 0.06875 0.06527777777777778 0.06527777777777778
0.07777777777777765 0.05679012345679002 0.05925925925925916 0.07037037037037022 0.08641975308641961 0.05617283950617273 0.1037037037037035 0.05617283950617273 0.05617283950617273 0.05740740740740729 0.0574074074074073 0.06296296296296283 0.05617283950617273 0.08086419753086407 0.06234567901234556
0.06597222222222222 0.06666666666666667 0.06458333333333334 0.07083333333333333 0.06666666666666667 0.06875 0.06597222222222222 0.06736111111111111 0.06388888888888888 0.06388888888888888 0.06597222222222222 0.06666666666666667 0.06875 0.06736111111111111 0.06666666666666667
0.06078431372549007 0.0594771241830064 0.06078431372549007 0.06013071895424824 0.062091503267973726 0.060784313725490056 0.0614379084967319 0.06928104575163387 0.06274509803921556 0.06078431372549008 0.0594771241830064 0.06078431372549007 0.06013071895424824 0.1405228758169932 0.06078431372549007
0.058024691358024585 0.05740740740740729 0.06111111111111099 0.05679012345679001 0.07037037037037022 0.058641975308641854 0.06172839506172829 0.0691358024691357 0.05987654320987642 0.05864197530864187 0.05802469135802457 0.06049382716049371 0.058024691358024585 0.15493827160493806 0.05679012345679002
0.05730994152046782 0.05672514619883039 0.064327485380117 0.05906432748538007 0.05614035087719297 0.05555555555555555 0.05380116959064329 0.05789473684210523 0.05380116959064327 0.05380116959064327 0.05497076023391812 0.05614035087719299 0.05906432748538007 0.20175438596491238 0.059649122807017535
0.0625 0.0625 0.06458333333333334 0.0625 0.06319444444444444 0.0625 0.12013888888888889 0.0625 0.0625 0.0625 0.0625 0.0625 0.0625 0.06319444444444444 0.06388888888888888
0.05497076023391813 0.05380116959064327 0.10175438596491229 0.05438596491228069 0.05438596491228071 0.05380116959064327 0.18654970760233916 0.056725146198830394 0.056725146198830394 0.053801169590643266 0.05438596491228069 0.0543859649122807 0.0543859649122807 0.05438596491228071 0.05555555555555554
0.06140350877192982 0.0567251461988304 0.07719298245614033 0.06023391812865492 0.05906432748538007 0.05964912280701752 0.15146198830409346 0.06842105263157892 0.05730994152046782 0.05730994152046782 0.055555555555555566 0.05614035087719296 0.06081871345029237 0.06081871345029237 0.05789473684210524
0.061728395061728274 0.058641975308641854 0.06296296296296285 0.06851851851851841 0.07160493827160479 0.06913580246913568 0.12037037037037018 0.061728395061728274 0.05925925925925915 0.061111111111111005 0.0648148148148147 0.06234567901234556 0.061111111111110984 0.05679012345679002 0.059876543209876426
0.06388888888888888 0.06458333333333334 0.06388888888888888 0.06597222222222222 0.06388888888888888 0.06597222222222222 0.06875 0.06388888888888888 0.08055555555555556 0.06527777777777778 0.06458333333333334 0.06805555555555555 0.07222222222222222 0.06458333333333334 0.06388888888888888
0.054040404040404055 0.05303030303030306 0.06010101010101015 0.05303030303030306 0.09191919191919193 0.04898989898989899 0.20808080808080806 0.05252525252525256 0.04848484848484848 0.057070707070707126 0.05151515151515154 0.06414141414141418 0.055555555555555594 0.05151515151515154 0.05
0.058479532163742694 0.11520467836257303 0.05847953216374264 0.055555555555555525 0.05789473684210524 0.0543859649122807 0.06198830409356721 0.05789473684210524 0.05614035087719297 0.10760233918128653 0.05497076023391812 0.0567251461988304 0.09473684210526315 0.055555555555555546 0.05438596491228069
0.09666666666666655 0.05222222222222214 0.05444444444444437 0.05555555555555547 0.05777777777777769 0.09055555555555544 0.09444444444444433 0.053333333333333253 0.053888888888888806 0.05166666666666658 0.053333333333333253 0.07888888888888883 0.05277777777777769 0.05111111111111103 0.10333333333333322
0.06078431372549007 0.05882352941176457 0.06013071895424824 0.06078431372549008 0.09281045751633969 0.06013071895424823 0.059477124183006415 0.060784313725490056 0.059477124183006415 0.05882352941176457 0.11633986928104553 0.06666666666666653 0.06470588235294103 0.06013071895424824 0.06013071895424824
0.053801169590643266 0.056725146198830394 0.05321637426900584 0.057309941520467804 0.05789473684210525 0.05380116959064329 0.20994152046783635 0.05614035087719295 0.0543859649122807 0.05438596491228069 0.05438596491228068 0.05789473684210525 0.07134502923976611 0.05438596491228071 0.0543859649122807
0.09181286549707603 0.060818713450292376 0.06257309941520466 0.05906432748538012 0.061403508771929814 0.05614035087719297 0.1245614035087718 0.05847953216374269 0.05730994152046784 0.06374269005847946 0.05906432748538009 0.07076023391812863 0.05497076023391812 0.05789473684210525 0.0614035087719298
0.0625 0.0625 0.0625 0.06319444444444444 0.0625 0.0625 0.0625 0.06319444444444444 0.0625 0.12222222222222222 0.0625 0.0625 0.0625 0.0625 0.06388888888888888
0.052910052910052824 0.102116402116402 0.05502645502645494 0.05661375661375653 0.05661375661375654 0.18201058201058185 0.05502645502645495 0.05185185185185179 0.05449735449735442 0.05396825396825389 0.050264550264550185 0.057671957671957604 0.05343915343915337 0.05502645502645495 0.06296296296296287
0.07222222222222222 0.06597222222222222 0.06875 0.06527777777777778 0.06458333333333334 0.07152777777777777 0.06388888888888888 0.06388888888888888 0.06527777777777778 0.06527777777777778 0.06458333333333334 0.06458333333333334 0.06805555555555555 0.06458333333333334 0.07152777777777777
