0.07385620915032665 0.062091503267973726 0.0679738562091502 0.062091503267973726 0.06274509803921555 0.06732026143790835 0.06535947712418287 0.06732026143790837 0.0679738562091502 0.07973856209150314 0.06339869281045739 0.07189542483660118 0.06274509803921555 0.0614379084967319 0.06405228758169922
0.06388888888888888 0.06527777777777778 0.06736111111111111 0.06736111111111111 0.06458333333333334 0.06805555555555555 0.06597222222222222 0.06597222222222222 0.06666666666666667 0.06666666666666667 0.07222222222222222 0.06388888888888888 0.07013888888888889 0.06388888888888888 0.06805555555555555
0.054970760233918115 0.19298245614035078 0.05614035087719295 0.0543859649122807 0.05789473684210526 0.0596491228070175 0.05789473684210525 0.05906432748538009 0.059064327485380076 0.05789473684210523 0.06315789473684208 0.05614035087719301 0.056725146198830394 0.05614035087719296 0.057894736842105284
0.06491228070175434 0.07602339181286544 0.06491228070175437 0.06666666666666661 0.05964912280701752 0.07251461988304092 0.06315789473684208 0.07192982456140348 0.061988304093567224 0.05964912280701752 0.07602339181286545 0.06549707602339182 0.07134502923976604 0.0567251461988304 0.06900584795321635
0.06913580246913567 0.08024691358024681 0.06666666666666654 0.06666666666666654 0.062345679012345556 0.0679012345679011 0.06604938271604928 0.06728395061728384 0.06419753086419742 0.06543209876543198 0.06604938271604927 0.06666666666666655 0.06358024691358014 0.05864197530864187 0.06913580246913567
0.0527777777777777 0.19111111111111106 0.050555555555555465 0.053888888888888806 0.0527777777777777 0.053888888888888806 0.06833333333333323 0.06833333333333326 0.058333333333333265 0.05388888888888881 0.05944444444444435 0.0538888888888888 0.05499999999999991 0.054999999999999924 0.07277777777777766
0.06388888888888888 0.06666666666666667 0.06736111111111111 0.06666666666666667 0.06527777777777778 0.06666666666666667 0.06458333333333334 0.06666666666666667 0.06597222222222222 0.06597222222222222 0.07222222222222222 0.06805555555555555 0.06875 0.0625 0.06875
0.06543209876543199 0.07407407407407395 0.06543209876543199 0.06543209876543199 0.06481481481481471 0.0648148148148147 0.0648148148148147 0.07654320987654306 0.06975308641975296 0.06666666666666654 0.0679012345679011 0.062345679012345556 0.06419753086419741 0.06234567901234558 0.06543209876543199
0.0660130718954247 0.0614379084967319 0.0640522875816992 0.06601307189542471 0.10196078431372531 0.06209150326797371 0.0640522875816992 0.06274509803921556 0.062091503267973726 0.0614379084967319 0.0660130718954247 0.0679738562091502 0.0640522875816992 0.06405228758169922 0.06601307189542471
0.062091503267973726 0.062091503267973726 0.07320261437908485 0.07124183006535932 0.06666666666666655 0.06339869281045739 0.06405228758169922 0.06732026143790837 0.06535947712418287 0.06928104575163387 0.06862745098039202 0.0699346405228757 0.06797385620915021 0.06013071895424823 0.06862745098039201
0.06527777777777778 0.06736111111111111 0.06597222222222222 0.06944444444444445 0.06736111111111111 0.06458333333333334 0.06805555555555555 0.06458333333333334 0.06666666666666667 0.06944444444444445 0.06319444444444444 0.06875 0.06875 0.06458333333333334 0.06597222222222222
0.06666666666666667 0.06666666666666667 0.06666666666666667 0.06527777777777778 0.06736111111111111 0.06666666666666667 0.06875 0.06458333333333334 0.06597222222222222 0.06666666666666667 0.06597222222222222 0.06458333333333334 0.06597222222222222 0.06944444444444445 0.06875
0.0614379084967319 0.11633986928104552 0.062091503267973726 0.06601307189542469 0.06339869281045737 0.062091503267973726 0.06601307189542469 0.06666666666666654 0.059477124183006415 0.06274509803921555 0.06470588235294106 0.06339869281045739 0.06274509803921555 0.06013071895424824 0.06274509803921555
0.06339869281045737 0.07189542483660116 0.06732026143790837 0.07058823529411751 0.06797385620915018 0.06732026143790838 0.06797385620915021 0.06601307189542471 0.06274509803921556 0.0699346405228757 0.06601307189542471 0.0660130718954247 0.06405228758169922 0.0614379084967319 0.06732026143790835
0.06928104575163382 0.06078431372549007 0.06666666666666651 0.0679738562091502 0.06274509803921555 0.08300653594771228 0.06339869281045739 0.07058823529411752 0.06470588235294106 0.07189542483660119 0.06078431372549007 0.07189542483660118 0.06274509803921555 0.06013071895424823 0.06339869281045739
0.0654970760233918 0.06257309941520464 0.06959064327485379 0.06608187134502917 0.06081871345029237 0.06257309941520468 0.06549707602339182 0.06608187134502921 0.06725146198830403 0.10643274853801164 0.05906432748538007 0.06549707602339178 0.06140350877192979 0.054970760233918115 0.06666666666666658
0.0660130718954247 0.06797385620915018 0.07058823529411751 0.0679738562091502 0.06339869281045739 0.06339869281045739 0.06666666666666651 0.06797385620915017 0.06732026143790838 0.06928104575163387 0.072549019607843 0.06274509803921556 0.06470588235294104 0.06535947712418287 0.0640522875816992
0.07124183006535934 0.060784313725490056 0.0699346405228757 0.06601307189542471 0.06274509803921555 0.06209150326797373 0.06666666666666653 0.06928104575163384 0.06797385620915021 0.07516339869281033 0.061437908496731905 0.07450980392156849 0.06732026143790834 0.0594771241830064 0.06535947712418289
0.06013071895424824 0.060784313725490056 0.06470588235294103 0.062091503267973726 0.060784313725490056 0.0594771241830064 0.06732026143790835 0.062091503267973726 0.08104575163398677 0.0882352941176469 0.06013071895424823 0.0849673202614378 0.0633986928104574 0.06013071895424823 0.06470588235294103
0.06296296296296285 0.0691358024691357 0.07222222222222209 0.07654320987654309 0.058641975308641854 0.06728395061728383 0.062345679012345556 0.06728395061728382 0.06481481481481471 0.07592592592592579 0.06296296296296286 0.0679012345679011 0.06296296296296283 0.06049382716049372 0.06851851851851841
0.061728395061728274 0.0648148148148147 0.06790123456790112 0.06296296296296285 0.06666666666666655 0.06234567901234556 0.0648148148148147 0.06666666666666654 0.07037037037037026 0.08333333333333322 0.06296296296296283 0.06358024691358014 0.07469135802469122 0.06049382716049373 0.06666666666666655
0.06805555555555555 0.06736111111111111 0.06597222222222222 0.06597222222222222 0.06805555555555555 0.06666666666666667 0.06597222222222222 0.06944444444444445 0.06944444444444445 0.06458333333333334 0.06388888888888888 0.06458333333333334 0.06458333333333334 0.06597222222222222 0.06944444444444445
0.06875 0.06666666666666667 0.06736111111111111 0.06875 0.06527777777777778 0.06458333333333334 0.06666666666666667 0.06597222222222222 0.06875 0.06875 0.06736111111111111 0.06875 0.06527777777777778 0.06319444444444444 0.06388888888888888
0.08819444444444445 0.06388888888888888 0.06875 0.06527777777777778 0.06458333333333334 0.06388888888888888 0.06388888888888888 0.06458333333333334 0.06736111111111111 0.06458333333333334 0.06458333333333334 0.06597222222222222 0.06527777777777778 0.06388888888888888 0.06527777777777778
0.0614379084967319 0.06339869281045739 0.06732026143790837 0.06470588235294106 0.068627450980392 0.0660130718954247 0.06862745098039202 0.06666666666666654 0.0679738562091502 0.07124183006535934 0.06535947712418286 0.07058823529411752 0.06732026143790837 0.06470588235294104 0.0660130718954247
0.06481481481481471 0.06975308641975297 0.06172839506172829 0.07407407407407396 0.06296296296296285 0.062345679012345556 0.06666666666666655 0.06913580246913567 0.0691358024691357 0.07160493827160483 0.06234567901234556 0.0685185185185184 0.06728395061728384 0.06172839506172829 0.0679012345679011
0.09305555555555556 0.06388888888888888 0.06597222222222222 0.06388888888888888 0.06597222222222222 0.06319444444444444 0.06458333333333334 0.06319444444444444 0.06527777777777778 0.06666666666666667 0.06319444444444444 0.06527777777777778 0.06805555555555555 0.06319444444444444 0.06458333333333334
0.06013071895424824 0.13333333333333314 0.06013071895424823 0.060784313725490056 0.06339869281045737 0.0594771241830064 0.06470588235294106 0.06274509803921555 0.06339869281045737 0.06013071895424824 0.06078431372549007 0.059477124183006415 0.05882352941176457 0.06013071895424823 0.07254901960784299
0.06666666666666651 0.06928104575163387 0.06470588235294103 0.06928104575163384 0.0679738562091502 0.07189542483660118 0.06470588235294106 0.07124183006535935 0.06470588235294104 0.0640522875816992 0.06601307189542471 0.06928104575163385 0.061437908496731884 0.06601307189542471 0.06274509803921556
0.06458333333333334 0.06527777777777778 0.06666666666666667 0.06666666666666667 0.06527777777777778 0.07361111111111111 0.06666666666666667 0.07222222222222222 0.06736111111111111 0.06527777777777778 0.06319444444444444 0.06597222222222222 0.06597222222222222 0.06388888888888888 0.06736111111111111
0.06388888888888888 0.06666666666666667 0.06944444444444445 0.06597222222222222 0.06805555555555555 0.06597222222222222 0.06805555555555555 0.06666666666666667 0.06527777777777778 0.06805555555555555 0.06527777777777778 0.06319444444444444 0.06805555555555555 0.07013888888888889 0.06527777777777778
0.06875 0.07013888888888889 0.06527777777777778 0.06527777777777778 0.07013888888888889 0.06805555555555555 0.06388888888888888 0.06458333333333334 0.06527777777777778 0.06875 0.06597222222222222 0.06805555555555555 0.06666666666666667 0.06319444444444444 0.06597222222222222
0.0625 0.0625 0.0625 0.0625 0.0625 0.06319444444444444 0.0625 0.06388888888888888 0.06319444444444444 0.0625 0.0625 0.0625 0.0625 0.12222222222222222 0.0625
0.059477124183006415 0.06339869281045739 0.07450980392156849 0.07058823529411752 0.062091503267973726 0.06274509803921555 0.06797385620915021 0.06797385620915017 0.06274509803921556 0.06209150326797373 0.0614379084967319 0.06405228758169923 0.09281045751633969 0.06274509803921555 0.06535947712418287
0.06405228758169922 0.059477124183006415 0.06470588235294104 0.0614379084967319 0.0640522875816992 0.0614379084967319 0.06078431372549007 0.060784313725490056 0.06405228758169922 0.06013071895424824 0.06078431372549007 0.062091503267973726 0.062091503267973726 0.13202614379084945 0.062091503267973726
0.06470588235294104 0.06013071895424823 0.06601307189542469 0.07450980392156845 0.0614379084967319 0.059477124183006415 0.07777777777777763 0.06013071895424824 0.06013071895424824 0.06013071895424824 0.06013071895424823 0.06078431372549007 0.06209150326797373 0.11307189542483638 0.059477124183006415
0.06358024691358014 0.06419753086419742 0.06543209876543199 0.07037037037037024 0.0648148148148147 0.06296296296296283 0.06543209876543198 0.06049382716049371 0.0648148148148147 0.0679012345679011 0.06234567901234556 0.06604938271604925 0.06296296296296283 0.09567901234567887 0.06296296296296283
0.06842105263157894 0.055555555555555546 0.0748538011695906 0.060233918128654924 0.05789473684210524 0.057309941520467804 0.060233918128654924 0.06666666666666662 0.06315789473684204 0.08888888888888885 0.05614035087719297 0.07076023391812858 0.06198830409356724 0.09532163742690057 0.06257309941520464
0.06257309941520464 0.06432748538011693 0.07485380116959058 0.07426900584795318 0.060818713450292376 0.06491228070175438 0.060233918128654966 0.06432748538011693 0.06959064327485377 0.06900584795321635 0.0678362573099415 0.06900584795321633 0.06842105263157895 0.06257309941520464 0.06725146198830408
0.06013071895424824 0.06535947712418286 0.06339869281045737 0.06535947712418287 0.0640522875816992 0.06470588235294104 0.0614379084967319 0.06339869281045739 0.06862745098039201 0.06666666666666653 0.10261437908496711 0.06535947712418286 0.06405228758169922 0.062091503267973726 0.06274509803921556
0.06405228758169922 0.06666666666666653 0.07189542483660115 0.07124183006535934 0.06535947712418289 0.06601307189542469 0.06405228758169923 0.06666666666666654 0.07058823529411752 0.06601307189542469 0.06732026143790837 0.06601307189542469 0.06470588235294104 0.06274509803921555 0.06666666666666653
0.062091503267973726 0.06339869281045739 0.06732026143790838 0.06862745098039204 0.06339869281045739 0.062091503267973726 0.06470588235294104 0.0640522875816992 0.06928104575163385 0.06993464052287568 0.0790849673202613 0.06339869281045737 0.06666666666666654 0.06928104575163387 0.06666666666666654
0.0625 0.12222222222222222 0.06458333333333334 0.0625 0.0625 0.0625 0.0625 0.0625 0.0625 0.0625 0.06319444444444444 0.0625 0.0625 0.0625 0.0625
0.06527777777777778 0.06805555555555555 0.06597222222222222 0.06805555555555555 0.06736111111111111 0.06458333333333334 0.06666666666666667 0.06875 0.06875 0.06666666666666667 0.06666666666666667 0.06805555555555555 0.06736111111111111 0.06319444444444444 0.06458333333333334
0.0640522875816992 0.062091503267973726 0.06666666666666653 0.06405228758169922 0.06732026143790835 0.09150326797385602 0.06862745098039204 0.06274509803921555 0.06339869281045739 0.06928104575163385 0.06601307189542471 0.06535947712418286 0.06535947712418289 0.061437908496731905 0.062091503267973726
0.06527777777777778 0.06597222222222222 0.06805555555555555 0.06597222222222222 0.06666666666666667 0.06666666666666667 0.06527777777777778 0.06527777777777778 0.06736111111111111 0.06944444444444445 0.06527777777777778 0.06875 0.06875 0.06597222222222222 0.06527777777777778
0.06319444444444444 0.0625 0.06458333333333334 0.06666666666666667 0.10347222222222222 0.06319444444444444 0.06458333333333334 0.0625 0.06319444444444444 0.0625 0.06944444444444445 0.06527777777777778 0.06388888888888888 0.0625 0.0625
0.07222222222222222 0.06319444444444444 0.06666666666666667 0.0625 0.06458333333333334 0.06319444444444444 0.06597222222222222 0.06736111111111111 0.06736111111111111 0.07569444444444444 0.06388888888888888 0.07222222222222222 0.06666666666666667 0.0625 0.06597222222222222
0.0594771241830064 0.06013071895424824 0.068627450980392 0.06209150326797373 0.09215686274509786 0.06013071895424823 0.06405228758169922 0.06013071895424823 0.06405228758169923 0.0614379084967319 0.0705882352941175 0.09084967320261421 0.06339869281045739 0.06013071895424824 0.06274509803921556
0.06601307189542471 0.06405228758169922 0.06928104575163384 0.06470588235294103 0.0699346405228757 0.06666666666666654 0.0660130718954247 0.06928104575163384 0.06601307189542471 0.06601307189542469 0.06535947712418286 0.0679738562091502 0.07254901960784302 0.062091503267973726 0.06405228758169922
0.06081871345029235 0.06432748538011693 0.06842105263157895 0.0771929824561403 0.0660818713450292 0.06257309941520466 0.06608187134502923 0.07777777777777772 0.06900584795321632 0.07134502923976607 0.06081871345029236 0.06491228070175434 0.06257309941520466 0.06198830409356722 0.06608187134502924
0.055555555555555546 0.05438596491228071 0.07894736842105267 0.0637426900584795 0.05789473684210525 0.05497076023391812 0.07719298245614037 0.07017543859649121 0.07485380116959059 0.06198830409356721 0.05497076023391812 0.10701754385964904 0.06198830409356722 0.05497076023391813 0.07134502923976599
0.0625 0.06388888888888888 0.07013888888888889 0.06736111111111111 0.06736111111111111 0.06319444444444444 0.07569444444444444 0.07222222222222222 0.07152777777777777 0.06597222222222222 0.06388888888888888 0.06458333333333334 0.06319444444444444 0.0625 0.06597222222222222
0.05925925925925914 0.05925925925925914 0.0691358024691357 0.0641975308641974 0.09876543209876527 0.061728395061728294 0.06543209876543199 0.062345679012345556 0.06728395061728384 0.06358024691358014 0.06666666666666654 0.06358024691358012 0.07469135802469123 0.061728395061728274 0.06234567901234556
0.06339869281045739 0.11372549019607821 0.06209150326797373 0.060784313725490056 0.06470588235294104 0.0614379084967319 0.0660130718954247 0.061437908496731884 0.06928104575163382 0.06535947712418287 0.061437908496731884 0.06274509803921555 0.062091503267973726 0.0594771241830064 0.06601307189542471
0.05502645502645496 0.055555555555555476 0.059259259259259164 0.06772486772486767 0.06507936507936501 0.06349206349206342 0.05978835978835973 0.06560846560846548 0.07195767195767187 0.1259259259259258 0.0608465608465608 0.06455026455026448 0.06772486772486762 0.04973544973544967 0.06772486772486766
0.0614379084967319 0.061437908496731884 0.0640522875816992 0.06078431372549007 0.0660130718954247 0.06928104575163384 0.06013071895424824 0.06928104575163385 0.06274509803921556 0.11568627450980376 0.06078431372549007 0.0640522875816992 0.06013071895424824 0.0614379084967319 0.06274509803921555
0.093827160493827 0.061728395061728274 0.065432098765432 0.06728395061728384 0.06358024691358014 0.05802469135802457 0.07222222222222209 0.07407407407407395 0.06666666666666655 0.06481481481481471 0.06296296296296283 0.06234567901234556 0.062345679012345556 0.05925925925925914 0.06543209876543196
0.0594771241830064 0.13660130718954222 0.06274509803921555 0.06601307189542473 0.0594771241830064 0.0594771241830064 0.06209150326797371 0.06209150326797373 0.06078431372549007 0.0614379084967319 0.06078431372549007 0.06470588235294106 0.06078431372549007 0.0594771241830064 0.06405228758169922
0.06013071895424823 0.10457516339869266 0.0660130718954247 0.0699346405228757 0.06470588235294103 0.06078431372549007 0.062091503267973726 0.06732026143790835 0.06274509803921556 0.06209150326797373 0.062091503267973726 0.0660130718954247 0.06470588235294104 0.0594771241830064 0.06732026143790837
0.0594771241830064 0.12156862745098021 0.06666666666666655 0.06274509803921555 0.06274509803921555 0.0594771241830064 0.06274509803921555 0.061437908496731884 0.06405228758169922 0.059477124183006415 0.06078431372549007 0.06339869281045739 0.07516339869281032 0.06013071895424823 0.06013071895424824
0.06013071895424824 0.06405228758169922 0.06274509803921556 0.06405228758169922 0.06535947712418287 0.06274509803921556 0.0640522875816992 0.06209150326797371 0.09999999999999983 0.06274509803921556 0.06339869281045739 0.06274509803921556 0.08235294117647046 0.060784313725490056 0.06274509803921555
0.058024691358024585 0.06358024691358014 0.06851851851851841 0.07160493827160483 0.06111111111111099 0.058024691358024585 0.06234567901234555 0.0604938271604937 0.058641975308641854 0.061111111111111005 0.13580246913580224 0.0617283950617283 0.0648148148148147 0.05555555555555545 0.05864197530864187
0.04743589743589741 0.046153846153846115 0.0726495726495726 0.06623931623931616 0.057692307692307654 0.05213675213675211 0.05769230769230767 0.06239316239316235 0.09615384615384613 0.08034188034188022 0.09102564102564094 0.10854700854700848 0.05470085470085463 0.046153846153846115 0.06068376068376059
0.06388888888888888 0.07013888888888889 0.06944444444444445 0.06736111111111111 0.06388888888888888 0.06805555555555555 0.06736111111111111 0.06666666666666667 0.06597222222222222 0.06458333333333334 0.06597222222222222 0.06388888888888888 0.06458333333333334 0.06875 0.06944444444444445
0.06274509803921555 0.061437908496731905 0.06862745098039202 0.0679738562091502 0.06797385620915018 0.06666666666666651 0.06732026143790835 0.06928104575163385 0.06535947712418289 0.06993464052287568 0.06274509803921556 0.07058823529411751 0.07058823529411752 0.06339869281045739 0.06535947712418289
0.0705882352941175 0.07581699346405213 0.06797385620915018 0.06274509803921555 0.06405228758169923 0.06013071895424824 0.06274509803921555 0.0660130718954247 0.06732026143790837 0.07843137254901945 0.06013071895424823 0.072549019607843 0.06339869281045737 0.061437908496731884 0.06666666666666653
0.0625 0.06388888888888888 0.06805555555555555 0.07222222222222222 0.06388888888888888 0.08680555555555555 0.06666666666666667 0.06875 0.06666666666666667 0.06319444444444444 0.06319444444444444 0.06458333333333334 0.06388888888888888 0.0625 0.06319444444444444
0.06078431372549008 0.06732026143790834 0.07581699346405216 0.07712418300653578 0.06928104575163387 0.0614379084967319 0.06732026143790837 0.06274509803921555 0.06339869281045739 0.06928104575163384 0.06601307189542469 0.06535947712418289 0.06862745098039201 0.06013071895424823 0.06535947712418287
0.06013071895424824 0.062091503267973726 0.06666666666666654 0.06535947712418287 0.06470588235294104 0.06339869281045739 0.06601307189542469 0.06928104575163382 0.06405228758169922 0.10588235294117627 0.06209150326797371 0.0640522875816992 0.0614379084967319 0.0614379084967319 0.0633986928104574
0.0660130718954247 0.06732026143790837 0.06928104575163385 0.06797385620915018 0.06470588235294106 0.06339869281045737 0.06732026143790834 0.06862745098039201 0.06601307189542471 0.06993464052287567 0.06535947712418289 0.0679738562091502 0.06732026143790835 0.06470588235294104 0.06405228758169923
0.06388888888888888 0.06944444444444445 0.06875 0.06666666666666667 0.06666666666666667 0.06527777777777778 0.06527777777777778 0.06597222222222222 0.06597222222222222 0.06597222222222222 0.06944444444444445 0.06805555555555555 0.06527777777777778 0.06736111111111111 0.06597222222222222
0.05101010101010101 0.07070707070707079 0.08787878787878795 0.07929292929292937 0.0671717171717172 0.06161616161616167 0.06313131313131318 0.05959595959595962 0.06111111111111118 0.06060606060606069 0.07272727272727286 0.07323232323232332 0.07777777777777786 0.05555555555555561 0.05858585858585865
0.0614379084967319 0.06862745098039204 0.07124183006535935 0.06928104575163387 0.06862745098039202 0.06274509803921555 0.06405228758169923 0.06339869281045739 0.0653594771241829 0.0660130718954247 0.07320261437908485 0.06928104575163387 0.06535947712418287 0.06470588235294104 0.06666666666666654
0.05614035087719297 0.06315789473684208 0.06374269005847952 0.06081871345029239 0.10058479532163735 0.06315789473684211 0.06198830409356722 0.0654970760233918 0.059064327485380076 0.06900584795321632 0.06900584795321633 0.06198830409356727 0.07836257309941509 0.06081871345029236 0.06666666666666665
0.05333333333333324 0.10555555555555543 0.0627777777777777 0.06444444444444437 0.05611111111111103 0.06166666666666658 0.06444444444444436 0.05777777777777769 0.08166666666666661 0.08333333333333322 0.058333333333333244 0.06888888888888879 0.06333333333333323 0.053888888888888806 0.06444444444444436
0.0625 0.06319444444444444 0.06666666666666667 0.06597222222222222 0.06388888888888888 0.06458333333333334 0.07916666666666666 0.07013888888888889 0.06597222222222222 0.06458333333333334 0.06319444444444444 0.06597222222222222 0.06527777777777778 0.0625 0.0763888888888889
0.06388888888888888 0.06388888888888888 0.06527777777777778 0.06875 0.06666666666666667 0.06875 0.06944444444444445 0.06944444444444445 0.07222222222222222 0.06736111111111111 0.06666666666666667 0.06597222222222222 0.06527777777777778 0.0625 0.06388888888888888
0.061111111111111005 0.06172839506172829 0.06604938271604927 0.07098765432098753 0.06666666666666654 0.0685185185185184 0.06543209876543199 0.07222222222222209 0.07469135802469123 0.06296296296296283 0.06604938271604927 0.07160493827160481 0.061111111111111005 0.06049382716049372 0.07037037037037028
0.06601307189542469 0.07908496732026128 0.06666666666666654 0.06405228758169922 0.06470588235294104 0.06470588235294106 0.06862745098039204 0.0679738562091502 0.0679738562091502 0.06732026143790835 0.06274509803921555 0.06339869281045739 0.06797385620915018 0.0614379084967319 0.06732026143790835
0.0625 0.12222222222222222 0.0625 0.06319444444444444 0.0625 0.0625 0.0625 0.0625 0.06319444444444444 0.0625 0.06319444444444444 0.0625 0.06319444444444444 0.0625 0.0625
0.06274509803921555 0.0660130718954247 0.06862745098039201 0.07189542483660118 0.0679738562091502 0.06993464052287568 0.06339869281045737 0.07320261437908483 0.06666666666666654 0.06470588235294106 0.06666666666666653 0.06862745098039201 0.06078431372549007 0.06470588235294103 0.0640522875816992
0.06274509803921555 0.062091503267973726 0.06862745098039201 0.06862745098039204 0.06470588235294103 0.06666666666666653 0.06470588235294104 0.07189542483660118 0.06862745098039201 0.06862745098039204 0.06274509803921555 0.07189542483660116 0.06535947712418287 0.06078431372549007 0.07189542483660118
0.0625 0.06458333333333334 0.0625 0.06597222222222222 0.0625 0.06527777777777778 0.08472222222222223 0.06597222222222222 0.06875 0.0625 0.0625 0.06388888888888888 0.06388888888888888 0.0625 0.08194444444444444
0.05882352941176457 0.17058823529411737 0.059477124183006415 0.05882352941176457 0.059477124183006415 0.05882352941176457 0.05882352941176457 0.0594771241830064 0.05882352941176457 0.05882352941176457 0.06013071895424824 0.06013071895424824 0.059477124183006415 0.05882352941176457 0.059477124183006415
0.04927536231884066 0.05652173913043487 0.07101449275362329 0.0710144927536233 0.07294685990338173 0.06038647342995177 0.07246376811594209 0.0642512077294687 0.06425120772946867 0.08695652173913053 0.05458937198067642 0.07777777777777785 0.06618357487922714 0.053140096618357564 0.07922705314009665
0.05614035087719296 0.06315789473684211 0.0690058479532163 0.06374269005847948 0.0719298245614035 0.10116959064327478 0.06374269005847949 0.06374269005847952 0.06549707602339179 0.06666666666666662 0.060818713450292376 0.06725146198830409 0.06374269005847955 0.06140350877192977 0.06198830409356722
0.05882352941176457 0.16862745098039186 0.059477124183006415 0.06013071895424824 0.05882352941176457 0.059477124183006415 0.05882352941176457 0.059477124183006415 0.05882352941176457 0.05882352941176457 0.06013071895424824 0.06013071895424824 0.05882352941176457 0.05882352941176457 0.060784313725490056
0.062091503267973726 0.06405228758169922 0.07254901960784302 0.0699346405228757 0.06862745098039201 0.06339869281045739 0.06601307189542471 0.06535947712418287 0.06862745098039202 0.06993464052287567 0.0640522875816992 0.06666666666666653 0.06732026143790835 0.06535947712418287 0.06601307189542471
0.06470588235294104 0.06013071895424823 0.0660130718954247 0.06732026143790835 0.06732026143790838 0.06339869281045737 0.06274509803921556 0.06470588235294103 0.07320261437908482 0.08039215686274497 0.0614379084967319 0.0660130718954247 0.06797385620915021 0.06601307189542471 0.06862745098039204
0.06597222222222222 0.06319444444444444 0.06458333333333334 0.06736111111111111 0.06736111111111111 0.06527777777777778 0.06666666666666667 0.06527777777777778 0.06875 0.06944444444444445 0.06666666666666667 0.06805555555555555 0.06805555555555555 0.06388888888888888 0.06944444444444445
0.05438596491228069 0.05438596491228069 0.05789473684210524 0.05497076023391815 0.09005847953216375 0.0543859649122807 0.05555555555555554 0.059649122807017535 0.05789473684210524 0.056140350877193 0.06081871345029241 0.06023391812865496 0.05906432748538012 0.16725146198830385 0.057309941520467825
0.10123456790123439 0.05740740740740729 0.05740740740740729 0.05864197530864187 0.05864197530864187 0.05617283950617273 0.05555555555555545 0.05864197530864187 0.05925925925925914 0.05740740740740729 0.06111111111111099 0.05925925925925915 0.05617283950617273 0.14382716049382696 0.05925925925925915
0.0566666666666666 0.05722222222222216 0.07999999999999992 0.07333333333333324 0.06722222222222214 0.05722222222222214 0.05499999999999991 0.05777777777777769 0.06277777777777768 0.06666666666666658 0.05944444444444435 0.0649999999999999 0.06722222222222213 0.11499999999999992 0.05944444444444436
0.05444444444444436 0.053333333333333253 0.0755555555555555 0.06777777777777766 0.0627777777777777 0.05444444444444435 0.053888888888888806 0.06277777777777765 0.05611111111111101 0.06499999999999992 0.05777777777777768 0.06944444444444439 0.07055555555555547 0.13611111111111104 0.059999999999999915
0.06296296296296283 0.06358024691358012 0.06358024691358015 0.06913580246913567 0.06172839506172829 0.062345679012345556 0.058641975308641875 0.06604938271604929 0.06049382716049372 0.05925925925925915 0.05864197530864187 0.061728395061728274 0.06728395061728382 0.1166666666666665 0.06790123456790113
0.0660130718954247 0.059477124183006415 0.06797385620915017 0.06274509803921555 0.062091503267973726 0.0614379084967319 0.06862745098039204 0.0640522875816992 0.06470588235294106 0.06078431372549007 0.06013071895424824 0.06209150326797373 0.06274509803921555 0.11503267973856184 0.062091503267973726
0.0625 0.0625 0.06319444444444444 0.0625 0.06319444444444444 0.06319444444444444 0.0625 0.0625 0.0625 0.0625 0.0625 0.06319444444444444 0.06319444444444444 0.12083333333333333 0.06319444444444444
0.06405228758169922 0.06013071895424823 0.06666666666666654 0.061437908496731905 0.06405228758169922 0.059477124183006415 0.07189542483660118 0.07189542483660116 0.0679738562091502 0.06732026143790835 0.06078431372549007 0.06666666666666654 0.08366013071895409 0.06732026143790835 0.06666666666666654
0.06944444444444445 0.06597222222222222 0.07013888888888889 0.06666666666666667 0.06527777777777778 0.06597222222222222 0.06736111111111111 0.06736111111111111 0.06527777777777778 0.06736111111111111 0.06597222222222222 0.06805555555555555 0.06388888888888888 0.06527777777777778 0.06597222222222222
0.06388888888888888 0.07361111111111111 0.06875 0.06944444444444445 0.06666666666666667 0.06597222222222222 0.06736111111111111 0.06527777777777778 0.06458333333333334 0.06736111111111111 0.06527777777777778 0.06666666666666667 0.06666666666666667 0.06319444444444444 0.06527777777777778
0.06078431372549007 0.06535947712418287 0.0679738562091502 0.06928104575163388 0.06666666666666651 0.06928104575163385 0.06470588235294104 0.07124183006535934 0.06928104575163387 0.06601307189542471 0.06797385620915018 0.072549019607843 0.062091503267973726 0.0594771241830064 0.06732026143790837
0.0625 0.06319444444444444 0.07430555555555556 0.06666666666666667 0.06319444444444444 0.06319444444444444 0.06736111111111111 0.06388888888888888 0.06805555555555555 0.06597222222222222 0.06319444444444444 0.08819444444444445 0.0625 0.06388888888888888 0.06388888888888888
0.06013071895424824 0.05882352941176457 0.06470588235294103 0.06732026143790835 0.06339869281045739 0.062091503267973726 0.07908496732026131 0.06405228758169923 0.07843137254901944 0.06209150326797371 0.0614379084967319 0.06274509803921555 0.07647058823529397 0.0614379084967319 0.07777777777777763
0.06597222222222222 0.06319444444444444 0.06597222222222222 0.06597222222222222 0.06458333333333334 0.06875 0.06527777777777778 0.06805555555555555 0.06805555555555555 0.06527777777777778 0.07152777777777777 0.06875 0.06736111111111111 0.06458333333333334 0.06666666666666667
0.06458333333333334 0.06875 0.06597222222222222 0.07013888888888889 0.06666666666666667 0.06666666666666667 0.06875 0.06666666666666667 0.06736111111111111 0.06597222222222222 0.06805555555555555 0.06458333333333334 0.06736111111111111 0.06319444444444444 0.06527777777777778
0.0625 0.0625 0.06319444444444444 0.06388888888888888 0.10625 0.06319444444444444 0.0625 0.0625 0.06388888888888888 0.0625 0.07083333333333333 0.06666666666666667 0.0625 0.06458333333333334 0.0625
0.0699346405228757 0.0614379084967319 0.07124183006535932 0.06405228758169922 0.06470588235294103 0.06339869281045739 0.06797385620915021 0.06862745098039202 0.06862745098039202 0.07647058823529398 0.06274509803921555 0.07320261437908483 0.062091503267973726 0.06013071895424823 0.06535947712418287
0.06862745098039204 0.06535947712418287 0.06732026143790838 0.06928104575163385 0.0660130718954247 0.06470588235294103 0.0679738562091502 0.06666666666666653 0.06339869281045737 0.06797385620915018 0.06405228758169922 0.06732026143790837 0.07124183006535934 0.0640522875816992 0.06601307189542469
0.06161616161616165 0.05353535353535359 0.07424242424242428 0.06767676767676774 0.058080808080808115 0.07828282828282836 0.07070707070707076 0.06717171717171723 0.07070707070707075 0.06666666666666675 0.06666666666666674 0.08434343434343446 0.0651515151515152 0.05202020202020205 0.0631313131313132
0.0643274853801169 0.059064327485380076 0.07076023391812865 0.07894736842105261 0.06374269005847955 0.06549707602339182 0.06900584795321638 0.07017543859649117 0.07426900584795318 0.06140350877192982 0.05789473684210524 0.06725146198830402 0.07309941520467834 0.05555555555555554 0.06900584795321638
0.06736111111111111 0.0625 0.07152777777777777 0.08055555555555556 0.06597222222222222 0.0625 0.0798611111111111 0.06458333333333334 0.06388888888888888 0.0625 0.06319444444444444 0.0625 0.06736111111111111 0.06319444444444444 0.0625
0.061111111111111005 0.0574074074074073 0.0753086419753085 0.06666666666666655 0.06049382716049372 0.061111111111111005 0.06913580246913567 0.07037037037037026 0.0691358024691357 0.06913580246913568 0.06049382716049371 0.06419753086419742 0.0759259259259258 0.05864197530864187 0.08086419753086407
0.057575757575757634 0.05252525252525254 0.06464646464646473 0.07474747474747476 0.06060606060606064 0.055555555555555594 0.08838383838383852 0.06616161616161619 0.07424242424242435 0.085858585858586 0.06010101010101015 0.0696969696969698 0.06565656565656572 0.05202020202020205 0.07222222222222227
0.11830065359477104 0.0594771241830064 0.06535947712418289 0.06470588235294103 0.06274509803921555 0.06405228758169922 0.06666666666666654 0.06470588235294104 0.06274509803921555 0.06339869281045739 0.0614379084967319 0.0614379084967319 0.059477124183006415 0.060784313725490056 0.06470588235294104
0.06597222222222222 0.06597222222222222 0.06805555555555555 0.06666666666666667 0.06597222222222222 0.06458333333333334 0.06736111111111111 0.06736111111111111 0.06666666666666667 0.06458333333333334 0.06805555555555555 0.06527777777777778 0.06805555555555555 0.06319444444444444 0.07222222222222222
0.05291005291005283 0.04920634920634914 0.06031746031746025 0.07301587301587295 0.05608465608465602 0.056084656084656015 0.0634920634920634 0.06402116402116394 0.09947089947089943 0.11640211640211628 0.05238095238095231 0.08253968253968245 0.05767195767195758 0.04920634920634913 0.06719576719576713
0.06209150326797373 0.06274509803921555 0.06732026143790837 0.0699346405228757 0.06797385620915021 0.06470588235294104 0.06470588235294104 0.07124183006535935 0.07124183006535936 0.072549019607843 0.06405228758169922 0.06666666666666653 0.06339869281045737 0.061437908496731905 0.0699346405228757
0.06078431372549007 0.06274509803921555 0.06601307189542471 0.07320261437908483 0.06470588235294103 0.06862745098039202 0.06405228758169922 0.07385620915032666 0.07058823529411754 0.06732026143790835 0.06535947712418287 0.06535947712418289 0.06339869281045737 0.0633986928104574 0.07058823529411752
0.06405228758169922 0.06732026143790835 0.06470588235294103 0.06470588235294104 0.06470588235294104 0.06601307189542471 0.06339869281045737 0.07058823529411751 0.06928104575163384 0.06470588235294104 0.06666666666666653 0.06862745098039202 0.07058823529411752 0.06078431372549007 0.07385620915032666
0.06078431372549007 0.06078431372549007 0.07124183006535936 0.07581699346405216 0.06274509803921556 0.06013071895424824 0.06274509803921555 0.07516339869281033 0.07124183006535938 0.07189542483660114 0.06209150326797373 0.06862745098039204 0.0614379084967319 0.0594771241830064 0.07581699346405217
0.0640522875816992 0.06013071895424824 0.07320261437908483 0.07320261437908482 0.06470588235294104 0.0614379084967319 0.06666666666666653 0.06797385620915021 0.06928104575163385 0.06601307189542471 0.06470588235294106 0.06862745098039202 0.06862745098039202 0.06535947712418287 0.0660130718954247
0.06209150326797373 0.0594771241830064 0.07843137254901945 0.06339869281045737 0.06274509803921555 0.061437908496731884 0.06928104575163385 0.0640522875816992 0.07189542483660119 0.06339869281045739 0.06339869281045737 0.06405228758169922 0.07973856209150311 0.06274509803921555 0.07385620915032666
0.07152777777777777 0.06666666666666667 0.06805555555555555 0.06388888888888888 0.06458333333333334 0.06527777777777778 0.06875 0.06805555555555555 0.06805555555555555 0.06458333333333334 0.06666666666666667 0.06527777777777778 0.06527777777777778 0.06597222222222222 0.06736111111111111
0.06172839506172829 0.06049382716049371 0.06358024691358014 0.06543209876543198 0.06604938271604927 0.08024691358024677 0.0648148148148147 0.06481481481481469 0.0685185185185184 0.07098765432098755 0.0716049382716048 0.06604938271604929 0.06975308641975296 0.059876543209876426 0.06604938271604925
0.06458333333333334 0.06319444444444444 0.06736111111111111 0.06944444444444445 0.06458333333333334 0.06666666666666667 0.06736111111111111 0.06736111111111111 0.06736111111111111 0.06805555555555555 0.06597222222222222 0.06805555555555555 0.06875 0.06527777777777778 0.06597222222222222
0.06274509803921557 0.12091503267973831 0.06666666666666653 0.06405228758169922 0.06274509803921556 0.06013071895424824 0.06274509803921556 0.06339869281045737 0.06078431372549007 0.06339869281045739 0.06601307189542471 0.062091503267973726 0.0594771241830064 0.06013071895424823 0.06470588235294104
0.06319444444444444 0.12013888888888889 0.06319444444444444 0.0625 0.06319444444444444 0.0625 0.0625 0.06319444444444444 0.0625 0.0625 0.0625 0.0625 0.06319444444444444 0.06319444444444444 0.06319444444444444
0.06597222222222222 0.06388888888888888 0.06736111111111111 0.06666666666666667 0.06736111111111111 0.06736111111111111 0.06319444444444444 0.06805555555555555 0.06944444444444445 0.07430555555555556 0.06319444444444444 0.06388888888888888 0.06875 0.06527777777777778 0.06527777777777778
0.06319444444444444 0.06458333333333334 0.06944444444444445 0.06597222222222222 0.06666666666666667 0.07013888888888889 0.06597222222222222 0.07777777777777778 0.06597222222222222 0.06666666666666667 0.06319444444444444 0.06527777777777778 0.06458333333333334 0.0625 0.06805555555555555
0.06277777777777768 0.06111111111111102 0.07388888888888881 0.06666666666666658 0.06499999999999993 0.06944444444444435 0.06611111111111104 0.07499999999999991 0.066111111111111 0.06999999999999992 0.06944444444444435 0.05999999999999993 0.0677777777777777 0.05777777777777769 0.0688888888888888
0.06319444444444444 0.06319444444444444 0.0625 0.06597222222222222 0.06319444444444444 0.06527777777777778 0.08611111111111111 0.06388888888888888 0.06875 0.06458333333333334 0.0625 0.0625 0.06458333333333334 0.0625 0.08125
0.06274509803921555 0.07647058823529397 0.06862745098039202 0.0699346405228757 0.06274509803921556 0.0614379084967319 0.0679738562091502 0.07189542483660116 0.06666666666666653 0.06470588235294103 0.06339869281045739 0.06535947712418287 0.06993464052287568 0.06078431372549008 0.06732026143790837
0.06405228758169922 0.07450980392156849 0.06601307189542471 0.06666666666666654 0.06666666666666653 0.0660130718954247 0.0640522875816992 0.0679738562091502 0.06470588235294104 0.06470588235294103 0.06339869281045739 0.06732026143790837 0.072549019607843 0.061437908496731905 0.0699346405228757
0.06388888888888888 0.09513888888888888 0.06597222222222222 0.06597222222222222 0.06388888888888888 0.06388888888888888 0.06319444444444444 0.06805555555555555 0.06388888888888888 0.06319444444444444 0.0625 0.06666666666666667 0.06458333333333334 0.06319444444444444 0.06597222222222222
0.06732026143790837 0.06339869281045739 0.07189542483660118 0.0705882352941175 0.06405228758169922 0.06732026143790837 0.0679738562091502 0.06339869281045739 0.06535947712418287 0.0660130718954247 0.06732026143790837 0.06601307189542471 0.06928104575163384 0.061437908496731905 0.06862745098039202
0.06013071895424824 0.06535947712418287 0.072549019607843 0.0653594771241829 0.06274509803921556 0.06078431372549007 0.06078431372549007 0.07124183006535931 0.06274509803921555 0.06274509803921555 0.06078431372549007 0.06013071895424823 0.11111111111111097 0.06013071895424823 0.06339869281045737
0.06458333333333334 0.06805555555555555 0.06458333333333334 0.06597222222222222 0.07083333333333333 0.06666666666666667 0.06388888888888888 0.06875 0.06458333333333334 0.06666666666666667 0.06597222222222222 0.06805555555555555 0.06805555555555555 0.06805555555555555 0.06527777777777778
