0.05789473684210523 0.10584795321637422 0.11637426900584788 0.05614035087719295 0.055555555555555566 0.0730994152046784 0.05730994152046782 0.05497076023391813 0.0654970760233918 0.054970760233918115 0.054970760233918115 0.05672514619883037 0.07192982456140348 0.057894736842105284 0.060818713450292376
0.13787878787878802 0.09343434343434344 0.10202020202020208 0.04797979797979797 0.04747474747474746 0.0808080808080808 0.048989898989899 0.04696969696969696 0.09141414141414142 0.04898989898989899 0.0545454545454546 0.047474747474747475 0.05050505050505051 0.052020202020202036 0.04949494949494951
0.057309941520467804 0.05555555555555554 0.05672514619883039 0.055555555555555546 0.05789473684210525 0.09005847953216375 0.0672514619883041 0.059649122807017535 0.09415204678362572 0.057309941520467825 0.05906432748538009 0.059064327485380076 0.05789473684210526 0.058479532163742666 0.11403508771929818
0.05740740740740729 0.15925925925925902 0.06419753086419741 0.05740740740740729 0.061728395061728294 0.06358024691358014 0.06172839506172829 0.05679012345679001 0.05679012345679001 0.0574074074074073 0.06296296296296285 0.05617283950617273 0.06666666666666654 0.058024691358024585 0.05987654320987644
0.0625 0.06319444444444444 0.0625 0.0625 0.0625 0.06319444444444444 0.0625 0.06319444444444444 0.0625 0.0625 0.0625 0.0625 0.12291666666666666 0.0625 0.0625
0.058641975308641854 0.09135802469135786 0.05617283950617273 0.05555555555555545 0.05555555555555545 0.0574074074074073 0.05617283950617273 0.05555555555555545 0.05617283950617273 0.05555555555555545 0.05679012345679002 0.05617283950617273 0.17654320987654293 0.05555555555555545 0.05679012345679001
0.061437908496731905 0.06013071895424824 0.06013071895424824 0.06274509803921556 0.06078431372549007 0.06666666666666653 0.062091503267973726 0.06274509803921555 0.06470588235294106 0.059477124183006415 0.0614379084967319 0.12483660130718932 0.06666666666666654 0.061437908496731884 0.06470588235294103
0.06458333333333334 0.06805555555555555 0.07222222222222222 0.06458333333333334 0.06736111111111111 0.07222222222222222 0.07222222222222222 0.06319444444444444 0.06388888888888888 0.06319444444444444 0.06944444444444445 0.06527777777777778 0.06458333333333334 0.06388888888888888 0.06527777777777778
0.06732026143790837 0.095424836601307 0.061437908496731884 0.0614379084967319 0.06862745098039201 0.06013071895424824 0.08104575163398678 0.059477124183006415 0.059477124183006415 0.059477124183006415 0.06078431372549007 0.06274509803921555 0.07908496732026128 0.06013071895424824 0.06339869281045737
0.06666666666666654 0.09506172839506156 0.0574074074074073 0.05802469135802457 0.058641975308641854 0.06111111111111099 0.06851851851851841 0.059876543209876426 0.06111111111111099 0.06358024691358014 0.061728395061728274 0.07098765432098755 0.07592592592592583 0.08086419753086407 0.06049382716049371
0.06274509803921555 0.06078431372549007 0.06209150326797373 0.05882352941176457 0.0614379084967319 0.08039215686274495 0.06928104575163387 0.0633986928104574 0.08562091503267961 0.0614379084967319 0.0614379084967319 0.06666666666666653 0.06470588235294104 0.06274509803921556 0.07843137254901948
0.10326797385620894 0.060784313725490056 0.06013071895424824 0.05882352941176457 0.06928104575163385 0.07124183006535934 0.06535947712418289 0.06470588235294104 0.06666666666666653 0.07450980392156849 0.059477124183006415 0.059477124183006415 0.06013071895424824 0.059477124183006415 0.06666666666666654
0.06078431372549007 0.06666666666666654 0.0633986928104574 0.0614379084967319 0.07516339869281033 0.07581699346405214 0.06732026143790838 0.0660130718954247 0.06405228758169923 0.06732026143790835 0.06274509803921555 0.06732026143790835 0.06274509803921555 0.06339869281045737 0.07581699346405216
0.06470588235294104 0.06339869281045739 0.06274509803921555 0.06078431372549007 0.06601307189542469 0.0679738562091502 0.0705882352941175 0.0699346405228757 0.06666666666666651 0.06405228758169922 0.06862745098039202 0.06470588235294104 0.06470588235294104 0.06535947712418286 0.07973856209150311
0.04761904761904755 0.1507936507936506 0.09365079365079351 0.04761904761904755 0.04920634920634914 0.05026455026455019 0.04761904761904755 0.04761904761904755 0.04920634920634914 0.04814814814814808 0.04814814814814808 0.04761904761904755 0.17619047619047595 0.04761904761904755 0.048677248677248604
0.0625 0.0625 0.0625 0.0625 0.06319444444444444 0.06527777777777778 0.06388888888888888 0.0625 0.06597222222222222 0.0625 0.0625 0.11180555555555556 0.06388888888888888 0.0625 0.06597222222222222
0.05882352941176457 0.06013071895424824 0.05882352941176457 0.0594771241830064 0.05882352941176457 0.06013071895424824 0.05882352941176457 0.05882352941176457 0.05882352941176457 0.05882352941176457 0.05882352941176457 0.05882352941176457 0.17320261437908469 0.05882352941176457 0.05882352941176457
0.04867724867724861 0.05132275132275125 0.05079365079365073 0.050264550264550185 0.048677248677248604 0.11005291005291 0.04973544973544966 0.050793650793650724 0.05343915343915337 0.04973544973544967 0.06243386243386236 0.215343915343915 0.051851851851851774 0.04867724867724861 0.05820105820105812
0.04102564102564098 0.043589743589743546 0.05256410256410254 0.041025641025640984 0.06880341880341874 0.1290598290598289 0.04487179487179483 0.044444444444444405 0.06709401709401708 0.042307692307692275 0.1623931623931622 0.12777777777777755 0.04615384615384613 0.045299145299145256 0.04358974358974356
0.05617283950617273 0.05617283950617273 0.05555555555555545 0.05555555555555545 0.05987654320987642 0.10061728395061713 0.058024691358024585 0.08827160493827145 0.05987654320987642 0.11728395061728378 0.061728395061728274 0.05555555555555545 0.05987654320987642 0.05617283950617273 0.05925925925925915
0.06862745098039202 0.0614379084967319 0.06339869281045737 0.06209150326797371 0.06928104575163387 0.06732026143790837 0.06470588235294106 0.06732026143790837 0.06732026143790837 0.06013071895424823 0.08366013071895409 0.06732026143790835 0.06405228758169922 0.0614379084967319 0.07189542483660118
0.0560606060606061 0.04747474747474746 0.0494949494949495 0.05000000000000001 0.0646464646464647 0.053535353535353575 0.07929292929292939 0.07171717171717175 0.047474747474747475 0.22777777777777786 0.04848484848484849 0.05151515151515154 0.04848484848484848 0.04949494949494951 0.0545454545454546
0.05614035087719295 0.054970760233918115 0.0543859649122807 0.05321637426900585 0.07777777777777779 0.05614035087719297 0.06608187134502921 0.07894736842105267 0.05380116959064329 0.1690058479532162 0.05380116959064327 0.054970760233918115 0.055555555555555525 0.0543859649122807 0.06081871345029235
0.06319444444444444 0.06319444444444444 0.0625 0.12083333333333333 0.0625 0.0625 0.06319444444444444 0.0625 0.06319444444444444 0.0625 0.0625 0.0625 0.0625 0.06388888888888888 0.0625
0.06388888888888879 0.058333333333333244 0.06777777777777771 0.058333333333333244 0.08166666666666655 0.06222222222222213 0.05777777777777769 0.11999999999999988 0.05777777777777768 0.06722222222222216 0.058333333333333244 0.06055555555555548 0.05777777777777769 0.05944444444444436 0.0688888888888888
0.0594771241830064 0.05882352941176457 0.059477124183006415 0.059477124183006415 0.06013071895424824 0.0751633986928103 0.06405228758169922 0.11830065359477102 0.08692810457516323 0.0594771241830064 0.05882352941176457 0.06013071895424824 0.06078431372549008 0.06013071895424823 0.05882352941176457
0.04700854700854698 0.044444444444444405 0.07649572649572639 0.045299145299145256 0.050427350427350394 0.13119658119658104 0.04743589743589739 0.04487179487179484 0.06623931623931618 0.0602564102564102 0.18076923076923057 0.04444444444444441 0.0538461538461538 0.048717948717948684 0.0585470085470085
0.05944444444444436 0.05611111111111101 0.06388888888888879 0.06388888888888879 0.06111111111111102 0.10444444444444449 0.05555555555555547 0.10555555555555546 0.06333333333333324 0.054999999999999924 0.06444444444444437 0.053888888888888806 0.07333333333333325 0.053888888888888806 0.06611111111111102
0.06535947712418287 0.06078431372549007 0.06013071895424824 0.060784313725490056 0.06339869281045739 0.06274509803921555 0.06339869281045739 0.06339869281045737 0.06274509803921556 0.0660130718954247 0.0660130718954247 0.06339869281045739 0.11633986928104553 0.06274509803921556 0.06274509803921555
0.05925925925925916 0.05864197530864187 0.058024691358024585 0.0574074074074073 0.05802469135802457 0.059876543209876426 0.06913580246913567 0.10925925925925911 0.05740740740740729 0.06666666666666655 0.05740740740740729 0.05740740740740729 0.05802469135802457 0.10925925925925911 0.06419753086419741
0.10486111111111111 0.0625 0.0625 0.08055555555555556 0.0625 0.0625 0.0625 0.06319444444444444 0.0625 0.0625 0.0625 0.0625 0.06319444444444444 0.0625 0.06319444444444444
0.09666666666666653 0.0549999999999999 0.055555555555555476 0.17500000000000004 0.06444444444444436 0.05499999999999991 0.06666666666666658 0.05444444444444436 0.05611111111111101 0.053888888888888806 0.05333333333333324 0.05166666666666658 0.05444444444444436 0.0538888888888888 0.0538888888888888
0.05555555555555554 0.05497076023391812 0.0549707602339181 0.057309941520467825 0.0614035087719298 0.054970760233918115 0.055555555555555546 0.05497076023391812 0.05847953216374265 0.055555555555555566 0.0549707602339181 0.05614035087719298 0.05380116959064329 0.21286549707602345 0.058479532163742694
0.06319444444444444 0.06319444444444444 0.06319444444444444 0.0625 0.0625 0.11388888888888889 0.0625 0.0625 0.06666666666666667 0.0625 0.06458333333333334 0.0625 0.06458333333333334 0.0625 0.06319444444444444
0.05882352941176457 0.0594771241830064 0.16928104575163375 0.05882352941176457 0.0594771241830064 0.05882352941176457 0.0614379084967319 0.05882352941176457 0.05882352941176457 0.059477124183006415 0.0594771241830064 0.0594771241830064 0.0594771241830064 0.05882352941176457 0.059477124183006415
0.06078431372549007 0.06013071895424823 0.0771241830065358 0.06013071895424823 0.06339869281045739 0.07385620915032663 0.06078431372549007 0.05882352941176457 0.06013071895424824 0.0594771241830064 0.059477124183006415 0.06078431372549007 0.12091503267973833 0.062091503267973726 0.062091503267973726
0.06875 0.06388888888888888 0.06597222222222222 0.06805555555555555 0.06736111111111111 0.06666666666666667 0.06736111111111111 0.06388888888888888 0.06597222222222222 0.06527777777777778 0.06736111111111111 0.06527777777777778 0.06666666666666667 0.06875 0.06875
0.06797385620915018 0.06274509803921556 0.06535947712418287 0.0614379084967319 0.06535947712418287 0.06535947712418287 0.06470588235294104 0.062091503267973726 0.06339869281045737 0.0614379084967319 0.07189542483660115 0.062091503267973726 0.09738562091503249 0.06535947712418287 0.06339869281045737
0.06470588235294104 0.06470588235294104 0.0640522875816992 0.06339869281045739 0.06666666666666653 0.07450980392156849 0.06339869281045739 0.06013071895424824 0.060784313725490056 0.062091503267973726 0.09803921568627436 0.06339869281045739 0.06470588235294106 0.06274509803921556 0.06666666666666654
0.15497076023391781 0.052631578947368425 0.05321637426900586 0.053801169590643266 0.052631578947368425 0.052631578947368425 0.052631578947368425 0.052631578947368425 0.05321637426900585 0.05321637426900584 0.05321637426900584 0.052631578947368425 0.052631578947368425 0.1573099415204675 0.052631578947368425
0.07291666666666667 0.06388888888888888 0.0625 0.06319444444444444 0.07013888888888889 0.06736111111111111 0.06805555555555555 0.06736111111111111 0.06666666666666667 0.06458333333333334 0.06458333333333334 0.07152777777777777 0.06458333333333334 0.0625 0.07013888888888889
0.0625 0.0625 0.11527777777777778 0.0625 0.06388888888888888 0.0625 0.06805555555555555 0.0625 0.0625 0.0625 0.06319444444444444 0.0625 0.06319444444444444 0.06388888888888888 0.0625
0.06470588235294103 0.06078431372549007 0.060784313725490056 0.11045751633986908 0.06470588235294103 0.0660130718954247 0.062091503267973726 0.0614379084967319 0.07647058823529397 0.06078431372549007 0.059477124183006415 0.060784313725490056 0.06274509803921556 0.06470588235294104 0.06405228758169922
0.06388888888888888 0.0625 0.0625 0.0625 0.0625 0.06597222222222222 0.0625 0.0625 0.06527777777777778 0.06319444444444444 0.0625 0.1111111111111111 0.0625 0.0625 0.06805555555555555
0.06319444444444444 0.0625 0.06319444444444444 0.0625 0.0625 0.0625 0.06319444444444444 0.12083333333333333 0.06388888888888888 0.0625 0.0625 0.0625 0.0625 0.06319444444444444 0.0625
0.06388888888888888 0.06666666666666667 0.08055555555555556 0.06319444444444444 0.06527777777777778 0.06597222222222222 0.06458333333333334 0.06458333333333334 0.06527777777777778 0.06666666666666667 0.0763888888888889 0.06388888888888888 0.06527777777777778 0.06319444444444444 0.06458333333333334
0.050793650793650724 0.04920634920634913 0.050793650793650724 0.05291005291005283 0.05291005291005283 0.05925925925925915 0.05449735449735441 0.07619047619047609 0.10317460317460309 0.04920634920634913 0.050264550264550206 0.050793650793650724 0.05132275132275124 0.05026455026455019 0.1984126984126981
0.04914529914529911 0.0461538461538461 0.04529914529914525 0.04786324786324783 0.04487179487179483 0.04829059829059826 0.049572649572649535 0.05512820512820507 0.0461538461538461 0.047863247863247804 0.048290598290598265 0.04786324786324783 0.04572649572649569 0.04914529914529909 0.3286324786324784
0.051322751322751256 0.09629629629629617 0.0925925925925925 0.05026455026455019 0.052910052910052824 0.05873015873015864 0.056084656084656 0.055555555555555476 0.05238095238095232 0.16878306878306856 0.05238095238095231 0.04973544973544967 0.05238095238095231 0.05449735449735441 0.056084656084656015
0.0614379084967319 0.0614379084967319 0.06078431372549007 0.06274509803921555 0.06274509803921556 0.06339869281045737 0.06274509803921555 0.06470588235294103 0.062091503267973726 0.06209150326797373 0.12156862745098015 0.06535947712418287 0.06470588235294104 0.06274509803921555 0.0614379084967319
0.0614379084967319 0.06078431372549007 0.072549019607843 0.06078431372549007 0.09150326797385602 0.06535947712418286 0.06732026143790837 0.06274509803921556 0.06274509803921556 0.06732026143790838 0.06274509803921555 0.06993464052287568 0.06405228758169922 0.06470588235294103 0.0660130718954247
0.07124183006535935 0.06339869281045737 0.06013071895424824 0.07058823529411751 0.06339869281045739 0.06535947712418286 0.06339869281045737 0.059477124183006415 0.11372549019607821 0.0594771241830064 0.060784313725490056 0.06013071895424823 0.05882352941176457 0.0614379084967319 0.06862745098039202
0.06842105263157891 0.059064327485380125 0.06257309941520466 0.06725146198830403 0.0935672514619883 0.0818713450292398 0.061403508771929814 0.05847953216374265 0.05614035087719297 0.06315789473684205 0.06257309941520467 0.06023391812865496 0.05789473684210523 0.05730994152046784 0.09005847953216374
0.06319444444444444 0.06319444444444444 0.0625 0.06319444444444444 0.0625 0.06319444444444444 0.06388888888888888 0.0625 0.0625 0.06319444444444444 0.06319444444444444 0.11805555555555555 0.0625 0.06319444444444444 0.06319444444444444
0.050925925925925895 0.04768518518518515 0.04768518518518516 0.055092592592592596 0.07175925925925927 0.06296296296296297 0.11018518518518516 0.05277777777777776 0.10879629629629631 0.05879629629629634 0.12407407407407409 0.050462962962962966 0.04907407407407403 0.048611111111111084 0.061111111111111144
0.056666666666666594 0.056666666666666594 0.06055555555555547 0.05888888888888881 0.06222222222222213 0.05833333333333325 0.05777777777777769 0.05999999999999993 0.16222222222222227 0.058888888888888796 0.06055555555555547 0.05999999999999991 0.0738888888888888 0.05444444444444435 0.05888888888888881
0.06315789473684205 0.057894736842105284 0.06081871345029237 0.06023391812865492 0.08771929824561407 0.05847953216374269 0.06432748538011693 0.05964912280701752 0.06842105263157891 0.059649122807017514 0.05906432748538012 0.06198830409356726 0.05497076023391812 0.058479532163742666 0.1251461988304092
0.05244444444444448 0.04888888888888892 0.05155555555555559 0.048000000000000036 0.08977777777777783 0.06311111111111115 0.06800000000000005 0.051555555555555584 0.1302222222222222 0.04844444444444448 0.0506666666666667 0.12444444444444434 0.048000000000000036 0.05377777777777781 0.07111111111111117
0.07516339869281032 0.06601307189542469 0.0640522875816992 0.08104575163398678 0.06470588235294106 0.06666666666666651 0.06732026143790835 0.061437908496731884 0.07058823529411751 0.06013071895424824 0.06013071895424823 0.06274509803921556 0.06274509803921555 0.06339869281045737 0.07385620915032666
0.05882352941176457 0.05882352941176457 0.05882352941176457 0.05882352941176457 0.05882352941176457 0.0594771241830064 0.0594771241830064 0.05882352941176457 0.05882352941176457 0.06078431372549007 0.05882352941176457 0.05882352941176457 0.05882352941176457 0.05882352941176457 0.1732026143790847
0.07826086956521751 0.047342995169082205 0.047826086956521824 0.11884057971014492 0.10676328502415462 0.04830917874396144 0.05748792270531409 0.04830917874396143 0.054589371980676406 0.04975845410628026 0.04830917874396142 0.04879227053140103 0.0478260869565218 0.0497584541062803 0.1478260869565217
0.05231481481481482 0.04259259259259254 0.044907407407407354 0.26574074074074083 0.08842592592592592 0.045833333333333295 0.04861111111111111 0.04675925925925921 0.0513888888888889 0.04444444444444439 0.04305555555555549 0.04351851851851847 0.04398148148148143 0.04537037037037032 0.0930555555555555
0.05666666666666658 0.052222222222222135 0.05888888888888881 0.0538888888888888 0.05888888888888881 0.07499999999999987 0.05999999999999991 0.05499999999999991 0.12777777777777788 0.052222222222222135 0.07333333333333326 0.05277777777777769 0.05277777777777769 0.052222222222222135 0.1183333333333332
0.06234567901234556 0.058641975308641854 0.05864197530864187 0.06728395061728383 0.07037037037037026 0.06666666666666657 0.06234567901234556 0.1209876543209875 0.0679012345679011 0.061728395061728274 0.05864197530864187 0.059876543209876426 0.05740740740740729 0.06111111111111099 0.06604938271604927
0.05497076023391815 0.053801169590643266 0.0543859649122807 0.059649122807017535 0.06432748538011694 0.05906432748538007 0.06257309941520466 0.05497076023391814 0.06315789473684208 0.05497076023391814 0.134502923976608 0.05555555555555554 0.056725146198830415 0.11228070175438595 0.05906432748538007
0.04490740740740736 0.04259259259259253 0.045370370370370325 0.06805555555555551 0.0722222222222222 0.14305555555555555 0.05324074074074073 0.08240740740740735 0.15231481481481474 0.06851851851851848 0.04444444444444439 0.04444444444444439 0.04490740740740737 0.045370370370370325 0.048148148148148114
0.06274509803921556 0.06274509803921555 0.0614379084967319 0.0614379084967319 0.06078431372549007 0.06405228758169922 0.06274509803921556 0.06274509803921556 0.06274509803921555 0.06274509803921555 0.062091503267973726 0.07254901960784299 0.06405228758169922 0.06078431372549007 0.11633986928104556
0.05497076023391813 0.10350877192982454 0.055555555555555546 0.052631578947368425 0.06491228070175437 0.05789473684210525 0.05906432748538012 0.05789473684210526 0.05438596491228071 0.07953216374269007 0.053801169590643266 0.052631578947368425 0.05438596491228071 0.13040935672514603 0.06842105263157888
0.06274509803921555 0.0614379084967319 0.06405228758169922 0.062091503267973726 0.0999999999999998 0.06274509803921556 0.08104575163398678 0.06274509803921555 0.06078431372549007 0.0640522875816992 0.07058823529411752 0.0594771241830064 0.0614379084967319 0.0614379084967319 0.06535947712418289
0.06388888888888888 0.0625 0.0625 0.0625 0.0625 0.0625 0.0625 0.12291666666666666 0.0625 0.0625 0.0625 0.06319444444444444 0.0625 0.0625 0.0625
0.10486111111111111 0.0625 0.06319444444444444 0.0625 0.06319444444444444 0.0625 0.0625 0.06388888888888888 0.06458333333333334 0.07083333333333333 0.06319444444444444 0.06597222222222222 0.0625 0.06319444444444444 0.06458333333333334
0.050462962962962946 0.16851851851851848 0.04675925925925923 0.058333333333333334 0.05185185185185186 0.0916666666666666 0.0680555555555556 0.04583333333333328 0.12222222222222222 0.050462962962962946 0.053240740740740734 0.047222222222222214 0.047222222222222165 0.04814814814814811 0.05
0.05611111111111103 0.05722222222222214 0.12055555555555551 0.06333333333333323 0.05444444444444435 0.06555555555555544 0.058888888888888796 0.06277777777777768 0.0866666666666666 0.05611111111111102 0.07277777777777769 0.0649999999999999 0.06444444444444437 0.058333333333333244 0.05777777777777769
0.06319444444444444 0.06527777777777778 0.06527777777777778 0.06458333333333334 0.0763888888888889 0.07013888888888889 0.06527777777777778 0.06527777777777778 0.06597222222222222 0.06388888888888888 0.06527777777777778 0.06944444444444445 0.06319444444444444 0.06875 0.06805555555555555
0.061988304093567245 0.057894736842105284 0.06491228070175438 0.05964912280701754 0.07251461988304089 0.0678362573099415 0.08304093567251462 0.06783625730994147 0.05789473684210526 0.05730994152046782 0.11052631578947363 0.056725146198830394 0.05730994152046784 0.05847953216374265 0.06608187134502927
0.06319444444444444 0.06319444444444444 0.07152777777777777 0.06388888888888888 0.06597222222222222 0.06527777777777778 0.06666666666666667 0.06944444444444445 0.06319444444444444 0.07777777777777778 0.06388888888888888 0.0625 0.06388888888888888 0.06944444444444445 0.07013888888888889
0.043464052287581635 0.039215686274509734 0.04575163398692803 0.08267973856209138 0.1705882352941175 0.05359477124182999 0.10326797385620906 0.06830065359477115 0.05392156862745091 0.10392156862745089 0.04738562091503261 0.04509803921568619 0.038235294117646985 0.051307189542483575 0.05326797385620908
0.06031746031746024 0.056084656084656 0.06084656084656076 0.06507936507936497 0.07248677248677238 0.06349206349206343 0.06507936507936499 0.06719576719576713 0.11322751322751312 0.07195767195767189 0.05608465608465602 0.0597883597883597 0.06349206349206343 0.058201058201058115 0.06666666666666658
0.055555555555555476 0.051851851851851774 0.0999999999999999 0.058201058201058115 0.0941798941798941 0.07566137566137555 0.07195767195767189 0.05343915343915337 0.08306878306878299 0.05291005291005283 0.05555555555555548 0.05185185185185179 0.05714285714285708 0.08306878306878297 0.055555555555555476
0.06060606060606067 0.05656565656565658 0.06919191919191928 0.055050505050505086 0.08232323232323238 0.07474747474747481 0.06414141414141421 0.05505050505050508 0.06212121212121218 0.05555555555555561 0.060101010101010134 0.054545454545454584 0.06212121212121217 0.11919191919191928 0.06868686868686877
0.05444444444444437 0.05555555555555547 0.07555555555555546 0.05277777777777769 0.05444444444444436 0.05611111111111102 0.07166666666666657 0.1372222222222223 0.05444444444444437 0.05444444444444435 0.052222222222222135 0.06499999999999992 0.0549999999999999 0.10277777777777766 0.058333333333333244
0.0574074074074073 0.05740740740740729 0.05679012345679002 0.05864197530864187 0.05925925925925915 0.05925925925925915 0.058024691358024585 0.167901234567901 0.06543209876543198 0.05802469135802457 0.05740740740740729 0.05864197530864187 0.05740740740740729 0.05864197530864187 0.06975308641975296
0.09135802469135788 0.09814814814814796 0.05740740740740729 0.12777777777777763 0.05617283950617273 0.058024691358024585 0.05802469135802457 0.05555555555555545 0.058641975308641854 0.05679012345679002 0.0574074074074073 0.05617283950617273 0.05555555555555545 0.05679012345679001 0.05617283950617273
0.05882352941176457 0.05882352941176457 0.0594771241830064 0.0594771241830064 0.10653594771241807 0.06013071895424823 0.0594771241830064 0.06470588235294103 0.06013071895424824 0.11176470588235274 0.0594771241830064 0.05882352941176457 0.0594771241830064 0.06013071895424824 0.06274509803921556
0.06319444444444444 0.06319444444444444 0.0625 0.06388888888888888 0.06319444444444444 0.06319444444444444 0.06458333333333334 0.06319444444444444 0.0625 0.06319444444444444 0.11527777777777778 0.0625 0.06388888888888888 0.06319444444444444 0.0625
0.0590643274853801 0.05497076023391813 0.06315789473684208 0.056725146198830415 0.05906432748538011 0.06023391812865497 0.11988304093567237 0.05672514619883039 0.0736842105263158 0.10994152046783624 0.057309941520467825 0.057309941520467804 0.056725146198830415 0.05555555555555554 0.059649122807017514
0.09444444444444429 0.09938271604938254 0.05555555555555545 0.07283950617283938 0.058024691358024585 0.05987654320987642 0.05864197530864187 0.05802469135802457 0.058024691358024585 0.05740740740740729 0.05679012345679001 0.05555555555555545 0.05617283950617273 0.09259259259259243 0.06666666666666653
0.061437908496731905 0.09477124183006518 0.0594771241830064 0.06013071895424824 0.061437908496731884 0.05882352941176457 0.06339869281045737 0.06013071895424823 0.05882352941176457 0.060784313725490056 0.05882352941176457 0.05882352941176457 0.07777777777777764 0.10196078431372528 0.06339869281045737
0.0625 0.10138888888888889 0.0625 0.0625 0.06319444444444444 0.0625 0.0625 0.0625 0.06319444444444444 0.0625 0.0625 0.06319444444444444 0.08194444444444444 0.06458333333333334 0.0625
0.09499999999999988 0.05333333333333323 0.05611111111111102 0.0677777777777777 0.05777777777777769 0.06833333333333323 0.05388888888888881 0.10999999999999995 0.05944444444444437 0.05777777777777768 0.09333333333333324 0.05666666666666658 0.05444444444444437 0.05833333333333325 0.05777777777777768
0.05438596491228071 0.052631578947368425 0.05321637426900585 0.15087719298245583 0.05730994152046784 0.05321637426900584 0.05438596491228069 0.14152046783625707 0.057309941520467804 0.05614035087719297 0.05321637426900585 0.052631578947368425 0.052631578947368425 0.05380116959064327 0.05672514619883039
0.10625 0.0625 0.0625 0.07916666666666666 0.06319444444444444 0.0625 0.0625 0.06319444444444444 0.0625 0.06319444444444444 0.0625 0.0625 0.0625 0.0625 0.0625
0.06388888888888888 0.11041666666666666 0.06319444444444444 0.06319444444444444 0.0625 0.06527777777777778 0.06388888888888888 0.06319444444444444 0.06319444444444444 0.0625 0.0625 0.0625 0.06388888888888888 0.0625 0.06736111111111111
0.0722222222222221 0.1055555555555554 0.05802469135802457 0.06728395061728384 0.06234567901234558 0.07098765432098753 0.0648148148148147 0.061111111111111005 0.061728395061728274 0.05740740740740729 0.06049382716049372 0.06111111111111099 0.06049382716049371 0.059876543209876426 0.07654320987654305
0.04685990338164258 0.04444444444444452 0.04975845410628028 0.04637681159420297 0.05507246376811606 0.05072463768115951 0.0502415458937199 0.12995169082125604 0.08309178743961364 0.1971014492753624 0.04975845410628026 0.04782608695652181 0.04492753623188413 0.05217391304347834 0.05169082125603874
0.07222222222222212 0.059876543209876426 0.06666666666666655 0.05864197530864187 0.06481481481481469 0.08271604938271593 0.07037037037037026 0.06419753086419741 0.06358024691358014 0.07098765432098754 0.06666666666666654 0.061111111111110984 0.0679012345679011 0.061111111111111005 0.06913580246913567
0.07083333333333333 0.06944444444444445 0.06527777777777778 0.06319444444444444 0.07013888888888889 0.06736111111111111 0.06736111111111111 0.06458333333333334 0.06597222222222222 0.06388888888888888 0.06388888888888888 0.06388888888888888 0.07013888888888889 0.06805555555555555 0.06597222222222222
0.06527777777777778 0.0625 0.06875 0.0625 0.06597222222222222 0.06597222222222222 0.075 0.06597222222222222 0.07013888888888889 0.06944444444444445 0.06527777777777778 0.06666666666666667 0.06666666666666667 0.06458333333333334 0.06527777777777778
0.06535947712418287 0.06274509803921555 0.06405228758169922 0.09934640522875797 0.06928104575163385 0.06666666666666653 0.06535947712418286 0.061437908496731905 0.06732026143790838 0.06274509803921556 0.06405228758169922 0.062091503267973726 0.06470588235294104 0.060784313725490056 0.06405228758169922
0.05882352941176457 0.05882352941176457 0.17450980392156837 0.05882352941176457 0.05882352941176457 0.05882352941176457 0.05882352941176457 0.05882352941176457 0.05882352941176457 0.05882352941176457 0.0594771241830064 0.05882352941176457 0.0594771241830064 0.0594771241830064 0.05882352941176457
0.07320261437908483 0.0614379084967319 0.06013071895424824 0.06274509803921555 0.06535947712418287 0.10065359477124167 0.06470588235294104 0.06078431372549007 0.07058823529411751 0.06078431372549007 0.06601307189542471 0.06274509803921555 0.0640522875816992 0.062091503267973726 0.06470588235294106
0.06458333333333334 0.06319444444444444 0.09027777777777778 0.06319444444444444 0.06319444444444444 0.07916666666666666 0.06319444444444444 0.0625 0.0625 0.06319444444444444 0.06458333333333334 0.06527777777777778 0.06527777777777778 0.06458333333333334 0.06527777777777778
0.09513888888888888 0.06319444444444444 0.06319444444444444 0.06458333333333334 0.07361111111111111 0.06319444444444444 0.06666666666666667 0.06319444444444444 0.0625 0.06666666666666667 0.06458333333333334 0.06319444444444444 0.06388888888888888 0.06319444444444444 0.06319444444444444
0.05925925925925914 0.05617283950617273 0.10123456790123436 0.05617283950617273 0.09320987654320972 0.05679012345679001 0.06975308641975293 0.05555555555555545 0.05555555555555545 0.11481481481481462 0.0574074074074073 0.05555555555555545 0.0574074074074073 0.05555555555555545 0.05555555555555545
0.0725146198830409 0.061988304093567245 0.11403508771929821 0.06257309941520466 0.09356725146198831 0.06257309941520466 0.05906432748538012 0.05555555555555554 0.05672514619883039 0.05730994152046784 0.06081871345029241 0.06023391812865497 0.05672514619883037 0.05789473684210525 0.06842105263157894
0.10065359477124163 0.05882352941176457 0.0614379084967319 0.07647058823529397 0.05882352941176457 0.06013071895424823 0.11045751633986904 0.05882352941176457 0.05882352941176457 0.0594771241830064 0.05882352941176457 0.05882352941176457 0.05882352941176457 0.06013071895424824 0.0594771241830064
0.05882352941176457 0.060784313725490056 0.06013071895424823 0.06078431372549007 0.06013071895424823 0.06405228758169922 0.06013071895424824 0.06013071895424824 0.06013071895424823 0.06274509803921556 0.062091503267973726 0.061437908496731905 0.06274509803921555 0.14183006535947693 0.06405228758169922
0.0660130718954247 0.06209150326797373 0.06274509803921556 0.0640522875816992 0.10588235294117629 0.06274509803921555 0.08366013071895408 0.06078431372549007 0.062091503267973726 0.06274509803921556 0.06209150326797373 0.06078431372549007 0.0594771241830064 0.06274509803921556 0.06209150326797373
0.0738888888888888 0.053888888888888806 0.053888888888888806 0.05555555555555547 0.06055555555555548 0.06277777777777768 0.05833333333333325 0.0699999999999999 0.05722222222222214 0.10555555555555543 0.06333333333333324 0.053333333333333253 0.053888888888888806 0.05555555555555547 0.12222222222222215
0.05555555555555555 0.053801169590643266 0.05380116959064329 0.05672514619883042 0.05614035087719296 0.057309941520467804 0.060233918128654945 0.0567251461988304 0.05614035087719296 0.15730994152046754 0.05321637426900584 0.058479532163742694 0.054970760233918115 0.059064327485380076 0.11052631578947363
0.0633986928104574 0.06078431372549007 0.06339869281045739 0.06013071895424823 0.06274509803921555 0.062091503267973726 0.11699346405228736 0.06339869281045739 0.0614379084967319 0.0614379084967319 0.062091503267973726 0.06274509803921555 0.062091503267973726 0.06274509803921555 0.07450980392156849
0.062091503267973726 0.0614379084967319 0.062091503267973726 0.06470588235294104 0.06535947712418287 0.06339869281045739 0.062091503267973726 0.06274509803921555 0.06274509803921555 0.06339869281045739 0.11633986928104553 0.0614379084967319 0.06928104575163385 0.06274509803921555 0.06013071895424824
0.06319444444444444 0.0625 0.0625 0.11180555555555556 0.0625 0.0625 0.0625 0.0625 0.07430555555555556 0.0625 0.0625 0.0625 0.0625 0.0625 0.06319444444444444
0.055555555555555546 0.056725146198830394 0.05555555555555555 0.05497076023391813 0.05730994152046782 0.056725146198830394 0.06842105263157888 0.056725146198830394 0.054970760233918115 0.15380116959064313 0.053801169590643266 0.104093567251462 0.055555555555555546 0.05730994152046784 0.05847953216374267
0.06319444444444444 0.0625 0.0625 0.06319444444444444 0.09861111111111111 0.06388888888888888 0.08125 0.06319444444444444 0.06319444444444444 0.06458333333333334 0.0625 0.0625 0.0625 0.06319444444444444 0.06319444444444444
0.053801169590643266 0.05321637426900586 0.052631578947368425 0.05380116959064327 0.05321637426900585 0.05321637426900584 0.05555555555555555 0.0543859649122807 0.0543859649122807 0.052631578947368425 0.0543859649122807 0.1064327485380117 0.05321637426900585 0.1918128654970761 0.05730994152046782
0.05166666666666658 0.06888888888888878 0.04999999999999991 0.0872222222222221 0.052222222222222135 0.050555555555555465 0.05166666666666658 0.04999999999999991 0.06055555555555546 0.050555555555555465 0.04999999999999991 0.05055555555555547 0.2249999999999999 0.05055555555555547 0.050555555555555465
0.20818713450292398 0.05321637426900584 0.052631578947368425 0.052631578947368425 0.052631578947368425 0.05321637426900584 0.052631578947368425 0.05321637426900584 0.05380116959064329 0.053801169590643266 0.052631578947368425 0.10350877192982458 0.052631578947368425 0.052631578947368425 0.052631578947368425
0.058479532163742666 0.056140350877193 0.0543859649122807 0.10058479532163743 0.05672514619883042 0.06900584795321635 0.05847953216374267 0.05847953216374265 0.0830409356725146 0.060818713450292376 0.05789473684210523 0.054970760233918115 0.06491228070175438 0.10994152046783623 0.05614035087719296
0.06013071895424824 0.0594771241830064 0.0614379084967319 0.06013071895424824 0.07058823529411752 0.07320261437908479 0.0732026143790848 0.06078431372549007 0.0660130718954247 0.060784313725490056 0.10784313725490177 0.06013071895424823 0.0614379084967319 0.0614379084967319 0.06339869281045739
0.05614035087719298 0.05730994152046782 0.05614035087719296 0.055555555555555546 0.05614035087719297 0.08596491228070173 0.05672514619883039 0.05730994152046784 0.05789473684210523 0.05614035087719298 0.17192982456140343 0.0543859649122807 0.05438596491228069 0.054970760233918115 0.06900584795321633
0.0625 0.0625 0.0625 0.0625 0.06597222222222222 0.06527777777777778 0.06388888888888888 0.0625 0.06319444444444444 0.0625 0.11388888888888889 0.06388888888888888 0.0625 0.06388888888888888 0.0625
0.07013888888888889 0.06319444444444444 0.06527777777777778 0.0625 0.07083333333333333 0.06319444444444444 0.06388888888888888 0.06388888888888888 0.06597222222222222 0.06458333333333334 0.06319444444444444 0.06666666666666667 0.06319444444444444 0.06458333333333334 0.08888888888888889
0.08765432098765413 0.0999999999999998 0.05617283950617273 0.1240740740740739 0.05617283950617273 0.0604938271604937 0.05679012345679001 0.05555555555555545 0.06543209876543198 0.05617283950617273 0.05617283950617273 0.05617283950617273 0.05679012345679001 0.05617283950617273 0.05617283950617273
0.05882352941176457 0.059477124183006415 0.05882352941176457 0.05882352941176457 0.05882352941176457 0.06013071895424823 0.05882352941176457 0.05882352941176457 0.059477124183006415 0.06013071895424823 0.05882352941176457 0.05882352941176457 0.17189542483660103 0.059477124183006415 0.05882352941176457
0.05132275132275127 0.10317460317460306 0.055555555555555476 0.09047619047619035 0.05291005291005284 0.05555555555555548 0.10264550264550255 0.05238095238095231 0.06455026455026444 0.050264550264550185 0.06296296296296287 0.05132275132275125 0.09788359788359777 0.053968253968253915 0.05502645502645493
0.055555555555555476 0.05722222222222215 0.05499999999999991 0.054999999999999924 0.06055555555555547 0.05722222222222215 0.05666666666666657 0.05999999999999991 0.058333333333333244 0.05499999999999991 0.09611111111111095 0.05722222222222214 0.16222222222222238 0.05833333333333325 0.05555555555555547
0.03835125448028671 0.03476702508960571 0.03691756272401431 0.03548387096774191 0.04121863799283151 0.03620071684587811 0.4014336917562725 0.04695340501792111 0.03476702508960571 0.10501792114695344 0.035842293906810006 0.03978494623655911 0.037275985663082406 0.03691756272401431 0.03906810035842291
0.0506666666666667 0.05422222222222226 0.05200000000000004 0.04844444444444448 0.06488888888888894 0.06088888888888892 0.054666666666666704 0.08622222222222228 0.05288888888888892 0.17644444444444435 0.07777777777777783 0.06711111111111115 0.048000000000000036 0.05155555555555559 0.05422222222222226
0.04396135265700491 0.04444444444444452 0.0743961352657006 0.045893719806763364 0.0434782608695653 0.04396135265700491 0.31014492753623213 0.0434782608695653 0.04396135265700491 0.0835748792270533 0.04444444444444452 0.04492753623188413 0.0434782608695653 0.0434782608695653 0.046376811594202975
0.06470588235294106 0.06274509803921555 0.06601307189542469 0.06470588235294103 0.07189542483660116 0.06535947712418287 0.09150326797385604 0.06013071895424824 0.06405228758169922 0.062091503267973726 0.062091503267973726 0.06928104575163385 0.07058823529411751 0.06209150326797373 0.06274509803921555
0.065079365079365 0.057142857142857086 0.052380952380952306 0.10687830687830678 0.061375661375661306 0.0576719576719576 0.05820105820105812 0.07724867724867718 0.07830687830687819 0.11322751322751311 0.05343915343915337 0.05396825396825389 0.051851851851851774 0.05185185185185177 0.061375661375661285
0.06358024691358014 0.07901234567901223 0.05864197530864187 0.0648148148148147 0.07037037037037026 0.06975308641975297 0.0716049382716048 0.0648148148148147 0.08271604938271591 0.05617283950617273 0.07654320987654309 0.05864197530864187 0.0604938271604937 0.05802469135802457 0.06481481481481469
0.04879227053140103 0.046376811594202975 0.05024154589371989 0.1357487922705314 0.04782608695652183 0.054106280193236794 0.05072463768115952 0.0473429951690822 0.07874396135265711 0.04782608695652181 0.04879227053140103 0.05072463768115951 0.15700483091787443 0.048792270531401054 0.08695652173913057
0.0594771241830064 0.0594771241830064 0.0594771241830064 0.0594771241830064 0.0594771241830064 0.0640522875816992 0.0594771241830064 0.0594771241830064 0.11503267973856186 0.05882352941176457 0.06013071895424823 0.10392156862745076 0.05882352941176457 0.06013071895424823 0.06274509803921556
0.06111111111111101 0.05166666666666658 0.05277777777777769 0.1555555555555556 0.07888888888888883 0.053888888888888806 0.10555555555555543 0.05277777777777771 0.05888888888888881 0.05666666666666658 0.05222222222222214 0.05444444444444436 0.0549999999999999 0.05222222222222214 0.05833333333333325
0.08128654970760227 0.06081871345029243 0.06257309941520466 0.0690058479532163 0.06959064327485377 0.07602339181286549 0.07076023391812868 0.05906432748538011 0.056725146198830394 0.05672514619883037 0.055555555555555566 0.061988304093567224 0.060818713450292376 0.05906432748538009 0.10000000000000002
0.05777777777777769 0.08555555555555545 0.055555555555555476 0.06055555555555546 0.0649999999999999 0.09222222222222215 0.05666666666666658 0.05833333333333325 0.06055555555555546 0.05777777777777768 0.10777777777777771 0.05944444444444435 0.06499999999999992 0.05777777777777767 0.05999999999999991
0.06597222222222222 0.06319444444444444 0.06527777777777778 0.0625 0.06319444444444444 0.09027777777777778 0.06388888888888888 0.06458333333333334 0.06666666666666667 0.06388888888888888 0.07152777777777777 0.06319444444444444 0.06319444444444444 0.06319444444444444 0.06944444444444445
0.0625 0.1125 0.06319444444444444 0.0625 0.06319444444444444 0.06597222222222222 0.06319444444444444 0.0625 0.0625 0.06319444444444444 0.0625 0.0625 0.06319444444444444 0.0625 0.06805555555555555
