0.06549707602339173 0.05847953216374267 0.055555555555555546 0.1783625730994152 0.05438596491228069 0.07134502923976602 0.05555555555555554 0.055555555555555566 0.05380116959064327 0.05847953216374267 0.060233918128654994 0.06257309941520467 0.05614035087719297 0.05555555555555557 0.058479532163742666
0.06339869281045739 0.06862745098039202 0.06274509803921555 0.0660130718954247 0.06274509803921555 0.06928104575163387 0.06862745098039202 0.07124183006535932 0.06470588235294106 0.07385620915032663 0.06666666666666653 0.06274509803921555 0.06339869281045737 0.0660130718954247 0.06993464052287567
0.06666666666666667 0.06736111111111111 0.06597222222222222 0.06805555555555555 0.06388888888888888 0.06597222222222222 0.06527777777777778 0.06527777777777778 0.06388888888888888 0.06666666666666667 0.06666666666666667 0.07361111111111111 0.06666666666666667 0.06597222222222222 0.06805555555555555
0.0614379084967319 0.06078431372549007 0.09869281045751614 0.07843137254901948 0.05882352941176457 0.06078431372549007 0.0614379084967319 0.06078431372549007 0.10065359477124165 0.06013071895424824 0.06078431372549007 0.05882352941176457 0.0594771241830064 0.059477124183006415 0.0594771241830064
0.05882352941176457 0.05882352941176457 0.059477124183006415 0.1751633986928102 0.05882352941176457 0.05882352941176457 0.05882352941176457 0.059477124183006415 0.05882352941176457 0.05882352941176457 0.05882352941176457 0.05882352941176457 0.05882352941176457 0.05882352941176457 0.05882352941176457
0.05906432748538009 0.05614035087719298 0.060233918128654945 0.15614035087719283 0.05614035087719298 0.06783625730994151 0.055555555555555566 0.054970760233918115 0.09473684210526313 0.05497076023391814 0.05730994152046784 0.05614035087719296 0.056725146198830394 0.055555555555555546 0.05847953216374267
0.06432748538011694 0.05789473684210524 0.058479532163742666 0.056140350877193 0.06081871345029239 0.06783625730994151 0.0783625730994152 0.05614035087719295 0.08830409356725144 0.05614035087719298 0.06374269005847953 0.0707602339181286 0.09649122807017543 0.05789473684210523 0.06666666666666661
0.06388888888888888 0.0625 0.06319444444444444 0.0625 0.06458333333333334 0.0625 0.0625 0.06388888888888888 0.06319444444444444 0.0625 0.06388888888888888 0.06458333333333334 0.06527777777777778 0.06527777777777778 0.10972222222222222
0.05925925925925915 0.05802469135802457 0.05617283950617273 0.17283950617283927 0.058641975308641854 0.05987654320987642 0.05925925925925915 0.061111111111111005 0.06049382716049371 0.0574074074074073 0.06296296296296283 0.061111111111111005 0.05740740740740729 0.05617283950617273 0.05925925925925916
0.061111111111111005 0.0538888888888888 0.05444444444444436 0.19611111111111085 0.05277777777777768 0.053888888888888806 0.05999999999999991 0.052222222222222135 0.05944444444444436 0.05611111111111103 0.06166666666666658 0.06833333333333323 0.06222222222222216 0.0527777777777777 0.05499999999999991
0.06339869281045739 0.060784313725490056 0.08169934640522859 0.1215686274509802 0.0594771241830064 0.0614379084967319 0.0614379084967319 0.0614379084967319 0.062091503267973726 0.0614379084967319 0.062091503267973726 0.06013071895424824 0.06078431372549007 0.06013071895424824 0.062091503267973726
0.059477124183006415 0.059477124183006415 0.06078431372549007 0.1601307189542481 0.05882352941176457 0.05882352941176457 0.0614379084967319 0.06013071895424823 0.06013071895424824 0.06013071895424823 0.05882352941176457 0.062091503267973726 0.060784313725490056 0.06013071895424823 0.05882352941176457
0.06078431372549007 0.06013071895424823 0.11241830065359457 0.07320261437908482 0.06274509803921556 0.06209150326797371 0.06078431372549007 0.06274509803921555 0.07385620915032666 0.061437908496731905 0.06274509803921555 0.06339869281045739 0.06209150326797373 0.06013071895424824 0.0614379084967319
0.05740740740740729 0.05679012345679001 0.0827160493827159 0.16358024691358003 0.05617283950617273 0.05987654320987642 0.05864197530864187 0.05740740740740729 0.05925925925925915 0.05679012345679001 0.05679012345679002 0.05740740740740729 0.05740740740740729 0.05864197530864187 0.061111111111111005
0.06234567901234558 0.07407407407407395 0.06049382716049371 0.10802469135802455 0.05679012345679001 0.05925925925925915 0.07469135802469125 0.058024691358024585 0.06913580246913567 0.062345679012345556 0.06481481481481469 0.06296296296296283 0.062345679012345556 0.05925925925925915 0.065432098765432
0.06257309941520464 0.06549707602339178 0.08479532163742688 0.09005847953216375 0.06315789473684208 0.06666666666666664 0.06198830409356726 0.05964912280701752 0.07836257309941518 0.05730994152046782 0.06023391812865494 0.06315789473684205 0.06491228070175438 0.06023391812865496 0.06140350877192979
0.06388888888888888 0.06319444444444444 0.06388888888888888 0.11180555555555556 0.06388888888888888 0.06388888888888888 0.06319444444444444 0.06319444444444444 0.06458333333333334 0.06319444444444444 0.06388888888888888 0.0625 0.0625 0.06319444444444444 0.06319444444444444
0.06319444444444444 0.06319444444444444 0.06319444444444444 0.11388888888888889 0.0625 0.06319444444444444 0.06319444444444444 0.06388888888888888 0.06388888888888888 0.06319444444444444 0.06388888888888888 0.0625 0.0625 0.06319444444444444 0.06458333333333334
0.062091503267973726 0.06013071895424824 0.0594771241830064 0.1594771241830063 0.05882352941176457 0.06013071895424823 0.0594771241830064 0.06013071895424823 0.0594771241830064 0.06078431372549007 0.06013071895424824 0.0594771241830064 0.0594771241830064 0.06013071895424824 0.06078431372549007
0.0625 0.0625 0.0625 0.11736111111111111 0.06319444444444444 0.0625 0.0625 0.06319444444444444 0.0625 0.06319444444444444 0.0625 0.0625 0.06319444444444444 0.0625 0.06736111111111111
0.05730994152046782 0.10643274853801166 0.056725146198830415 0.16315789473684195 0.05672514619883039 0.05614035087719296 0.056725146198830394 0.05730994152046782 0.054970760233918115 0.06081871345029237 0.05438596491228071 0.05555555555555555 0.05380116959064327 0.054970760233918115 0.054970760233918115
0.06805555555555555 0.06527777777777778 0.09791666666666667 0.06458333333333334 0.06388888888888888 0.06319444444444444 0.06527777777777778 0.0625 0.06527777777777778 0.06319444444444444 0.06597222222222222 0.0625 0.06319444444444444 0.06319444444444444 0.06597222222222222
0.06274509803921557 0.06339869281045737 0.11895424836601283 0.06274509803921555 0.06078431372549007 0.06274509803921557 0.0640522875816992 0.062091503267973726 0.06732026143790835 0.061437908496731905 0.06078431372549007 0.0614379084967319 0.06470588235294104 0.0640522875816992 0.06274509803921555
0.10392156862745079 0.06339869281045739 0.06339869281045737 0.06470588235294106 0.061437908496731884 0.0614379084967319 0.06339869281045737 0.0594771241830064 0.062091503267973726 0.06732026143790837 0.06666666666666653 0.07058823529411751 0.0660130718954247 0.06209150326797373 0.06405228758169922
0.05882352941176457 0.05882352941176457 0.05882352941176457 0.17450980392156837 0.05882352941176457 0.059477124183006415 0.0594771241830064 0.05882352941176457 0.0594771241830064 0.05882352941176457 0.05882352941176457 0.05882352941176457 0.05882352941176457 0.05882352941176457 0.05882352941176457
0.10370370370370355 0.06419753086419741 0.05679012345679001 0.06851851851851841 0.05925925925925916 0.0833333333333332 0.05740740740740729 0.06049382716049372 0.05925925925925915 0.0574074074074073 0.08333333333333326 0.06049382716049371 0.061728395061728274 0.06049382716049371 0.06358024691358012
0.0625 0.0625 0.0625 0.12430555555555556 0.0625 0.0625 0.0625 0.0625 0.0625 0.0625 0.0625 0.06319444444444444 0.0625 0.0625 0.0625
0.05614035087719295 0.06257309941520463 0.05438596491228069 0.17017543859649104 0.06023391812865494 0.05964912280701754 0.05730994152046782 0.06374269005847953 0.0614035087719298 0.05789473684210526 0.06081871345029242 0.057309941520467825 0.05730994152046782 0.056725146198830415 0.06432748538011693
0.05882352941176457 0.0594771241830064 0.05882352941176457 0.17516339869281017 0.05882352941176457 0.05882352941176457 0.05882352941176457 0.059477124183006415 0.05882352941176457 0.05882352941176457 0.05882352941176457 0.05882352941176457 0.05882352941176457 0.05882352941176457 0.05882352941176457
0.06319444444444444 0.0625 0.0625 0.12291666666666666 0.0625 0.06319444444444444 0.0625 0.0625 0.0625 0.0625 0.0625 0.0625 0.0625 0.0625 0.06319444444444444
0.07361111111111111 0.06388888888888888 0.0625 0.06388888888888888 0.06319444444444444 0.06319444444444444 0.0625 0.06944444444444445 0.06736111111111111 0.06458333333333334 0.06875 0.07291666666666667 0.07152777777777777 0.06388888888888888 0.06875
0.06081871345029239 0.05789473684210527 0.08654970760233924 0.13976608187134484 0.0596491228070175 0.059064327485380125 0.060233918128654945 0.056725146198830415 0.058479532163742666 0.05614035087719298 0.06081871345029239 0.06374269005847949 0.05789473684210525 0.06023391812865494 0.0619883040935672
0.05730994152046784 0.05614035087719295 0.0567251461988304 0.18888888888888877 0.05497076023391812 0.05906432748538007 0.0567251461988304 0.05555555555555554 0.06666666666666664 0.05497076023391813 0.05789473684210526 0.060818713450292376 0.056725146198830415 0.0596491228070175 0.05789473684210524
0.09876543209876532 0.061728395061728274 0.10246913580246897 0.059876543209876426 0.05802469135802457 0.05617283950617273 0.058024691358024585 0.058641975308641875 0.06666666666666654 0.05864197530864187 0.08209876543209867 0.05925925925925916 0.06172839506172829 0.059876543209876426 0.058024691358024585
0.10416666666666667 0.0625 0.0625 0.06458333333333334 0.06319444444444444 0.06458333333333334 0.06319444444444444 0.0625 0.06388888888888888 0.06388888888888888 0.06319444444444444 0.06805555555555555 0.06527777777777778 0.0625 0.06597222222222222
0.05380116959064327 0.0549707602339181 0.05321637426900585 0.25497076023391835 0.052631578947368425 0.052631578947368425 0.05321637426900584 0.052631578947368425 0.05380116959064327 0.05380116959064329 0.05321637426900585 0.05321637426900585 0.052631578947368425 0.052631578947368425 0.052631578947368425
0.058479532163742694 0.05730994152046784 0.10818713450292393 0.09239766081871345 0.05497076023391812 0.0660818713450292 0.057309941520467825 0.05789473684210525 0.0900584795321637 0.06081871345029239 0.06198830409356726 0.05614035087719297 0.06081871345029236 0.05847953216374265 0.05906432748538009
0.06875 0.06597222222222222 0.06388888888888888 0.06388888888888888 0.06458333333333334 0.06458333333333334 0.06319444444444444 0.06458333333333334 0.07777777777777778 0.06388888888888888 0.06388888888888888 0.07708333333333334 0.06944444444444445 0.0625 0.06597222222222222
0.060233918128654945 0.05380116959064327 0.06549707602339178 0.05730994152046784 0.053801169590643266 0.05438596491228068 0.0543859649122807 0.0543859649122807 0.061403508771929814 0.055555555555555546 0.05555555555555555 0.05614035087719298 0.05555555555555554 0.15614035087719266 0.10584795321637426
0.05777777777777769 0.07833333333333327 0.055555555555555476 0.05555555555555548 0.05388888888888881 0.05777777777777769 0.055555555555555476 0.07722222222222211 0.05666666666666658 0.06055555555555547 0.05555555555555547 0.0549999999999999 0.059999999999999894 0.1544444444444445 0.06611111111111101
0.06875 0.06527777777777778 0.06736111111111111 0.06736111111111111 0.06597222222222222 0.06875 0.06527777777777778 0.06597222222222222 0.06805555555555555 0.06597222222222222 0.06736111111111111 0.06666666666666667 0.06736111111111111 0.06458333333333334 0.06527777777777778
0.0594771241830064 0.06013071895424824 0.05882352941176457 0.059477124183006415 0.059477124183006415 0.0594771241830064 0.16470588235294092 0.05882352941176457 0.059477124183006415 0.06013071895424824 0.06013071895424823 0.0594771241830064 0.0594771241830064 0.060784313725490056 0.06013071895424824
0.06736111111111111 0.06736111111111111 0.06597222222222222 0.06736111111111111 0.06597222222222222 0.07013888888888889 0.06319444444444444 0.06805555555555555 0.06666666666666667 0.06666666666666667 0.06736111111111111 0.06597222222222222 0.06597222222222222 0.06527777777777778 0.06666666666666667
0.06805555555555555 0.06736111111111111 0.06527777777777778 0.06666666666666667 0.06388888888888888 0.07361111111111111 0.06527777777777778 0.06805555555555555 0.06666666666666667 0.06666666666666667 0.06597222222222222 0.06527777777777778 0.06666666666666667 0.06388888888888888 0.06666666666666667
0.06805555555555555 0.06875 0.06666666666666667 0.06666666666666667 0.06527777777777778 0.07083333333333333 0.06458333333333334 0.06527777777777778 0.06944444444444445 0.06597222222222222 0.06458333333333334 0.06805555555555555 0.06666666666666667 0.06458333333333334 0.06458333333333334
0.06736111111111111 0.06805555555555555 0.06458333333333334 0.06597222222222222 0.06597222222222222 0.07291666666666667 0.06458333333333334 0.06527777777777778 0.06805555555555555 0.06527777777777778 0.06666666666666667 0.06666666666666667 0.06736111111111111 0.06458333333333334 0.06666666666666667
0.0625 0.0625 0.0625 0.125 0.0625 0.0625 0.0625 0.0625 0.0625 0.0625 0.0625 0.0625 0.0625 0.0625 0.0625
0.06944444444444445 0.06597222222222222 0.06527777777777778 0.06388888888888888 0.0625 0.06666666666666667 0.06458333333333334 0.06666666666666667 0.0798611111111111 0.06527777777777778 0.06597222222222222 0.06805555555555555 0.06597222222222222 0.0625 0.06736111111111111
0.06013071895424824 0.06078431372549007 0.10196078431372531 0.11307189542483638 0.05882352941176457 0.06013071895424823 0.060784313725490056 0.05882352941176457 0.06209150326797371 0.05882352941176457 0.060784313725490056 0.0594771241830064 0.05882352941176457 0.0614379084967319 0.06405228758169923
0.0625 0.0625 0.12291666666666666 0.0625 0.0625 0.0625 0.0625 0.0625 0.0625 0.0625 0.0625 0.0625 0.0625 0.0625 0.06458333333333334
0.06862745098039202 0.06405228758169922 0.07385620915032666 0.06601307189542469 0.06732026143790837 0.07712418300653578 0.06470588235294104 0.06535947712418287 0.06535947712418287 0.062091503267973726 0.06862745098039202 0.06470588235294104 0.06405228758169922 0.06078431372549007 0.06732026143790837
0.0574074074074073 0.062345679012345556 0.1740740740740738 0.0574074074074073 0.05987654320987644 0.06111111111111099 0.05740740740740729 0.05925925925925914 0.06419753086419742 0.0574074074074073 0.0574074074074073 0.05802469135802457 0.058024691358024585 0.05740740740740729 0.05864197530864187
0.0744444444444444 0.058333333333333265 0.05777777777777768 0.05499999999999991 0.06277777777777768 0.0649999999999999 0.056666666666666574 0.05999999999999991 0.06222222222222213 0.08944444444444435 0.08499999999999991 0.06666666666666657 0.07222222222222215 0.06555555555555544 0.06888888888888882
0.07345679012345668 0.06790123456790112 0.0641975308641974 0.06111111111111099 0.05987654320987642 0.06543209876543199 0.05987654320987644 0.06111111111111099 0.09506172839506163 0.06419753086419741 0.0685185185185184 0.06481481481481469 0.06666666666666655 0.06111111111111099 0.06666666666666654
0.05964912280701752 0.056725146198830394 0.15847953216374244 0.057309941520467825 0.054970760233918115 0.05789473684210525 0.06315789473684208 0.05555555555555552 0.06257309941520467 0.057309941520467825 0.06608187134502917 0.07076023391812865 0.05847953216374265 0.05730994152046782 0.0637426900584795
0.062091503267973726 0.06078431372549008 0.06209150326797371 0.06078431372549007 0.06078431372549007 0.06470588235294104 0.11176470588235272 0.0594771241830064 0.06339869281045739 0.062091503267973726 0.06862745098039202 0.07647058823529397 0.062091503267973726 0.06209150326797371 0.06274509803921555
0.061728395061728274 0.05864197530864187 0.11790123456790107 0.05925925925925914 0.065432098765432 0.09382716049382703 0.05679012345679001 0.05925925925925915 0.06296296296296285 0.05740740740740729 0.06172839506172829 0.05925925925925915 0.06296296296296286 0.0604938271604937 0.06234567901234556
0.06319444444444444 0.06388888888888888 0.11319444444444444 0.06388888888888888 0.0625 0.0625 0.0625 0.0625 0.0625 0.06319444444444444 0.06458333333333334 0.0625 0.06458333333333334 0.06319444444444444 0.06527777777777778
0.10555555555555556 0.06388888888888888 0.0625 0.06527777777777778 0.0625 0.06319444444444444 0.06388888888888888 0.06388888888888888 0.06319444444444444 0.06388888888888888 0.0625 0.06666666666666667 0.06458333333333334 0.0625 0.06597222222222222
0.06458333333333334 0.0625 0.06597222222222222 0.09930555555555555 0.06527777777777778 0.0625 0.06388888888888888 0.06319444444444444 0.0625 0.06319444444444444 0.06319444444444444 0.06319444444444444 0.07152777777777777 0.06388888888888888 0.06527777777777778
0.05353535353535355 0.2848484848484848 0.0505050505050505 0.05101010101010104 0.05050505050505052 0.04848484848484849 0.0545454545454546 0.048989898989899 0.04949494949494949 0.057575757575757586 0.0494949494949495 0.051010101010101026 0.04898989898989898 0.04898989898989898 0.05202020202020206
0.062091503267973726 0.0594771241830064 0.05882352941176457 0.060784313725490056 0.06078431372549007 0.0614379084967319 0.10457516339869259 0.0594771241830064 0.10392156862745076 0.06013071895424823 0.06470588235294103 0.06078431372549007 0.062091503267973726 0.06013071895424824 0.06078431372549007
0.0574074074074073 0.05864197530864187 0.058024691358024585 0.06111111111111099 0.06296296296296285 0.05864197530864187 0.058641975308641854 0.058024691358024585 0.06049382716049372 0.05679012345679001 0.06234567901234556 0.05864197530864187 0.05864197530864187 0.16851851851851826 0.061111111111111005
0.0625 0.0625 0.0625 0.0625 0.0625 0.06527777777777778 0.0625 0.0625 0.0625 0.06319444444444444 0.0625 0.06319444444444444 0.12013888888888889 0.0625 0.06319444444444444
0.05661375661375653 0.055555555555555476 0.07777777777777767 0.06296296296296289 0.05026455026455019 0.05661375661375654 0.09206349206349196 0.05291005291005283 0.05449735449735441 0.055555555555555476 0.05502645502645496 0.053968253968253894 0.054497354497354406 0.05502645502645495 0.16666666666666646
0.058641975308641854 0.061111111111111005 0.058641975308641854 0.05617283950617273 0.0574074074074073 0.06049382716049372 0.16913580246913557 0.05617283950617273 0.05864197530864187 0.0685185185185184 0.05555555555555545 0.06234567901234556 0.058024691358024585 0.05617283950617273 0.06296296296296283
0.06736111111111111 0.06458333333333334 0.06388888888888888 0.0625 0.06319444444444444 0.07083333333333333 0.06319444444444444 0.06388888888888888 0.06458333333333334 0.06527777777777778 0.06458333333333334 0.06736111111111111 0.06805555555555555 0.0875 0.06319444444444444
0.06013071895424823 0.1686274509803919 0.05882352941176457 0.05882352941176457 0.059477124183006415 0.05882352941176457 0.0594771241830064 0.05882352941176457 0.05882352941176457 0.0594771241830064 0.0594771241830064 0.06078431372549007 0.05882352941176457 0.05882352941176457 0.06078431372549007
0.06458333333333334 0.06597222222222222 0.06458333333333334 0.06597222222222222 0.06319444444444444 0.06666666666666667 0.06458333333333334 0.07291666666666667 0.06597222222222222 0.06736111111111111 0.07222222222222222 0.06736111111111111 0.06458333333333334 0.06458333333333334 0.06944444444444445
0.06491228070175432 0.15555555555555536 0.054970760233918115 0.05614035087719299 0.056725146198830394 0.05789473684210524 0.05672514619883039 0.05847953216374267 0.06140350877192977 0.061988304093567224 0.06959064327485383 0.05730994152046782 0.060233918128654904 0.06432748538011694 0.06374269005847952
0.06013071895424824 0.06013071895424823 0.06013071895424823 0.0594771241830064 0.061437908496731884 0.06078431372549007 0.0882352941176469 0.06078431372549007 0.06078431372549007 0.05882352941176457 0.072549019607843 0.07516339869281027 0.06470588235294104 0.0594771241830064 0.09738562091503251
0.10811965811965803 0.05299145299145296 0.039316239316239274 0.042307692307692255 0.03931623931623929 0.040170940170940125 0.12564102564102544 0.05085470085470079 0.04102564102564099 0.041025641025640984 0.06880341880341874 0.041452991452991424 0.07905982905982897 0.18717948717948701 0.04273504273504269
0.07013888888888889 0.06527777777777778 0.06458333333333334 0.06736111111111111 0.06319444444444444 0.07083333333333333 0.06388888888888888 0.06458333333333334 0.07152777777777777 0.0625 0.06319444444444444 0.06597222222222222 0.06805555555555555 0.07291666666666667 0.06597222222222222
0.06023391812865497 0.0643274853801169 0.05789473684210523 0.058479532163742694 0.05614035087719296 0.06315789473684208 0.09590643274853797 0.058479532163742666 0.06081871345029237 0.05964912280701752 0.09532163742690059 0.07309941520467846 0.06315789473684216 0.0614035087719298 0.07192982456140344
0.04355555555555558 0.19688888888888872 0.04400000000000003 0.0417777777777778 0.04222222222222226 0.04311111111111114 0.04355555555555558 0.0506666666666667 0.04222222222222225 0.04311111111111114 0.0417777777777778 0.0417777777777778 0.04355555555555559 0.24177777777777765 0.04000000000000003
0.05777777777777769 0.10166666666666657 0.05166666666666658 0.12277777777777775 0.05166666666666657 0.07666666666666658 0.05166666666666659 0.10499999999999986 0.053888888888888806 0.054999999999999924 0.05444444444444435 0.05333333333333324 0.05333333333333324 0.05333333333333324 0.05777777777777768
0.05882352941176457 0.0594771241830064 0.05882352941176457 0.05882352941176457 0.05882352941176457 0.06013071895424823 0.05882352941176457 0.06013071895424823 0.05882352941176457 0.05882352941176457 0.060784313725490056 0.17124183006535923 0.05882352941176457 0.05882352941176457 0.05882352941176457
0.06172839506172829 0.05617283950617273 0.05987654320987642 0.06234567901234556 0.059876543209876426 0.06913580246913567 0.0679012345679011 0.0685185185185184 0.058024691358024585 0.06543209876543199 0.09444444444444434 0.06419753086419742 0.07098765432098754 0.06296296296296286 0.07839506172839493
0.06140350877192979 0.05906432748538009 0.05906432748538012 0.06198830409356722 0.10292397660818711 0.07953216374269002 0.06842105263157891 0.061403508771929786 0.061403508771929814 0.06198830409356722 0.06491228070175435 0.06842105263157892 0.06432748538011693 0.057309941520467825 0.06783625730994149
0.05353535353535354 0.06565656565656569 0.057575757575757634 0.05202020202020206 0.08838383838383844 0.055050505050505086 0.052020202020202036 0.0646464646464647 0.059595959595959674 0.05353535353535357 0.05555555555555557 0.1707070707070708 0.055050505050505065 0.055050505050505086 0.06161616161616167
0.06666666666666667 0.06805555555555555 0.06736111111111111 0.06527777777777778 0.06805555555555555 0.06527777777777778 0.06527777777777778 0.06666666666666667 0.06944444444444445 0.06527777777777778 0.06666666666666667 0.07291666666666667 0.06458333333333334 0.06388888888888888 0.06458333333333334
0.068627450980392 0.06405228758169922 0.061437908496731884 0.06078431372549007 0.06666666666666653 0.07385620915032665 0.07320261437908483 0.0660130718954247 0.06535947712418287 0.06274509803921555 0.06862745098039202 0.06601307189542473 0.0699346405228757 0.06405228758169922 0.06862745098039202
0.05882352941176457 0.05882352941176457 0.06274509803921555 0.059477124183006415 0.06013071895424824 0.06013071895424824 0.09084967320261421 0.0594771241830064 0.0594771241830064 0.059477124183006415 0.059477124183006415 0.07450980392156845 0.06013071895424824 0.05882352941176457 0.11764705882352922
0.05789473684210523 0.10877192982456138 0.09415204678362574 0.05730994152046782 0.05438596491228069 0.06198830409356722 0.05847953216374265 0.06023391812865496 0.06374269005847953 0.054970760233918115 0.08245614035087717 0.05614035087719297 0.06257309941520474 0.06432748538011696 0.06257309941520466
0.05050505050505052 0.056060606060606095 0.04797979797979798 0.04696969696969696 0.05252525252525256 0.04797979797979797 0.04797979797979798 0.04797979797979797 0.047474747474747475 0.08333333333333337 0.04848484848484849 0.04696969696969696 0.10555555555555565 0.21666666666666654 0.05353535353535357
0.06842105263157895 0.060818713450292376 0.06491228070175432 0.0637426900584795 0.05789473684210527 0.08187134502923979 0.09824561403508769 0.0567251461988304 0.07602339181286547 0.05789473684210525 0.06432748538011691 0.06432748538011689 0.06315789473684205 0.060233918128654966 0.061403508771929814
0.06527777777777778 0.06458333333333334 0.06597222222222222 0.0625 0.06319444444444444 0.10069444444444445 0.06388888888888888 0.06319444444444444 0.06597222222222222 0.06388888888888888 0.06319444444444444 0.06597222222222222 0.06319444444444444 0.06388888888888888 0.06458333333333334
0.06759259259259263 0.05277777777777776 0.05324074074074073 0.050925925925925916 0.06481481481481487 0.08703703703703707 0.11759259259259255 0.05694444444444446 0.05370370370370371 0.052314814814814814 0.07916666666666669 0.05879629629629634 0.0736111111111111 0.05879629629629631 0.07268518518518521
0.06419753086419742 0.06666666666666653 0.0679012345679011 0.06234567901234556 0.059876543209876426 0.0987654320987653 0.06543209876543199 0.05987654320987644 0.059876543209876426 0.06604938271604925 0.06358024691358014 0.06358024691358014 0.06666666666666655 0.07098765432098753 0.06419753086419742
0.061666666666666585 0.0627777777777777 0.06222222222222213 0.06666666666666658 0.07555555555555545 0.07111111111111103 0.05999999999999991 0.05833333333333325 0.09166666666666663 0.0649999999999999 0.06111111111111103 0.05833333333333325 0.06611111111111101 0.07722222222222214 0.06222222222222213
0.06862745098039204 0.06666666666666654 0.09803921568627434 0.06601307189542473 0.062091503267973726 0.06274509803921555 0.0614379084967319 0.06535947712418287 0.06405228758169922 0.06209150326797373 0.06470588235294103 0.0614379084967319 0.06274509803921555 0.06993464052287565 0.06405228758169922
0.06601307189542471 0.06470588235294104 0.09411764705882335 0.06470588235294103 0.0614379084967319 0.06862745098039202 0.06078431372549007 0.06666666666666653 0.07450980392156849 0.06470588235294103 0.06274509803921555 0.06209150326797373 0.06339869281045737 0.059477124183006415 0.06601307189542469
0.06481481481481469 0.10987654320987637 0.06604938271604925 0.06296296296296285 0.06049382716049371 0.06543209876543198 0.05987654320987644 0.07098765432098751 0.06172839506172829 0.06111111111111099 0.06358024691358014 0.06419753086419741 0.06296296296296287 0.0641975308641974 0.061728395061728274
0.06172839506172829 0.06111111111111099 0.05802469135802457 0.05617283950617273 0.059876543209876426 0.15185185185185163 0.05740740740740729 0.05617283950617273 0.061728395061728294 0.08518518518518504 0.05925925925925915 0.058024691358024585 0.058024691358024585 0.05679012345679002 0.058641975308641854
0.056725146198830394 0.06081871345029236 0.05380116959064327 0.05614035087719296 0.06608187134502916 0.12807017543859636 0.0567251461988304 0.0549707602339181 0.05497076023391812 0.1263157894736841 0.059064327485380146 0.056725146198830394 0.056140350877193 0.054970760233918115 0.058479532163742645
0.05380116959064327 0.14152046783625713 0.05497076023391812 0.05380116959064327 0.05614035087719298 0.1315789473684209 0.05321637426900584 0.05497076023391813 0.061403508771929786 0.058479532163742694 0.05497076023391812 0.05497076023391813 0.05847953216374265 0.054970760233918115 0.05672514619883037
0.05740740740740729 0.09382716049382699 0.09444444444444429 0.05679012345679002 0.05679012345679001 0.05925925925925915 0.058641975308641854 0.0574074074074073 0.05925925925925915 0.11728395061728385 0.05740740740740729 0.05802469135802457 0.058641975308641854 0.05740740740740729 0.0574074074074073
0.05789473684210524 0.06081871345029235 0.05614035087719298 0.05789473684210525 0.06608187134502923 0.16023391812865467 0.057309941520467804 0.05614035087719297 0.057309941520467825 0.07192982456140351 0.060233918128654945 0.06023391812865492 0.05789473684210524 0.057309941520467846 0.0625730994152047
0.060818713450292376 0.055555555555555546 0.05497076023391812 0.056725146198830415 0.0567251461988304 0.05789473684210525 0.057309941520467804 0.055555555555555546 0.055555555555555546 0.15847953216374264 0.05614035087719298 0.06257309941520463 0.09590643274853801 0.05789473684210525 0.05789473684210525
0.058024691358024585 0.06111111111111099 0.061111111111111005 0.05864197530864187 0.058024691358024585 0.12222222222222202 0.059876543209876426 0.05679012345679001 0.0604938271604937 0.05925925925925915 0.0574074074074073 0.05864197530864187 0.05740740740740729 0.10925925925925907 0.06172839506172829
0.06078431372549007 0.05882352941176457 0.06013071895424824 0.06013071895424823 0.06013071895424824 0.0594771241830064 0.0594771241830064 0.06013071895424824 0.06013071895424824 0.0594771241830064 0.062091503267973726 0.06078431372549007 0.11633986928104549 0.06013071895424823 0.10196078431372531
0.062345679012345556 0.062345679012345556 0.05617283950617273 0.062345679012345556 0.05679012345679001 0.14876543209876525 0.05802469135802457 0.058641975308641854 0.05925925925925915 0.07901234567901222 0.05802469135802457 0.05555555555555545 0.06419753086419742 0.05679012345679001 0.06172839506172827
0.06319444444444444 0.0625 0.06597222222222222 0.06319444444444444 0.0625 0.06319444444444444 0.06319444444444444 0.0625 0.06319444444444444 0.0625 0.0625 0.06388888888888888 0.0625 0.06319444444444444 0.11597222222222223
0.06161616161616165 0.05757575757575762 0.08282828282828289 0.0656565656565657 0.06262626262626268 0.10151515151515157 0.07020202020202028 0.05454545454545458 0.06262626262626268 0.0545454545454546 0.059090909090909124 0.05959595959595966 0.05959595959595966 0.061111111111111144 0.08686868686868698
0.07320261437908482 0.06405228758169922 0.06405228758169922 0.06274509803921556 0.0640522875816992 0.06405228758169922 0.06013071895424823 0.062091503267973726 0.06078431372549007 0.06013071895424824 0.06732026143790837 0.06405228758169922 0.062091503267973726 0.10196078431372531 0.06928104575163387
0.06319444444444444 0.06388888888888888 0.06527777777777778 0.06319444444444444 0.06458333333333334 0.07361111111111111 0.0625 0.06319444444444444 0.10347222222222222 0.0625 0.06319444444444444 0.0625 0.0625 0.0625 0.06388888888888888
0.06388888888888888 0.06805555555555555 0.06597222222222222 0.06388888888888888 0.06527777777777778 0.06597222222222222 0.06944444444444445 0.06597222222222222 0.06597222222222222 0.06527777777777778 0.06805555555555555 0.06944444444444445 0.06805555555555555 0.06875 0.06597222222222222
0.06736111111111111 0.06597222222222222 0.06388888888888888 0.06736111111111111 0.06527777777777778 0.06458333333333334 0.06527777777777778 0.06458333333333334 0.06597222222222222 0.06527777777777778 0.06875 0.06875 0.06944444444444445 0.06875 0.06875
0.07124183006535934 0.06535947712418287 0.062091503267973726 0.06339869281045739 0.05882352941176457 0.06666666666666653 0.06470588235294104 0.061437908496731884 0.06732026143790837 0.061437908496731905 0.06470588235294104 0.06339869281045739 0.0633986928104574 0.09869281045751617 0.06732026143790837
0.10740740740740724 0.059876543209876426 0.05925925925925915 0.05864197530864187 0.06049382716049372 0.05987654320987644 0.05617283950617273 0.05679012345679001 0.05925925925925915 0.05740740740740729 0.06172839506172829 0.06790123456790112 0.11358024691358003 0.05864197530864187 0.06296296296296285
0.06209150326797373 0.06013071895424824 0.05882352941176457 0.0594771241830064 0.05882352941176457 0.0594771241830064 0.05882352941176457 0.05882352941176457 0.0594771241830064 0.05882352941176457 0.06013071895424824 0.061437908496731884 0.0614379084967319 0.0594771241830064 0.16274509803921547
0.08692810457516326 0.0660130718954247 0.06209150326797373 0.06470588235294104 0.06209150326797373 0.06601307189542469 0.06797385620915021 0.06405228758169922 0.0653594771241829 0.0640522875816992 0.06535947712418286 0.07124183006535935 0.0660130718954247 0.06274509803921555 0.06535947712418287
0.059876543209876426 0.06358024691358012 0.0574074074074073 0.05679012345679001 0.05617283950617273 0.14259259259259238 0.05740740740740729 0.05617283950617273 0.0574074074074073 0.08148148148148134 0.05617283950617273 0.06049382716049372 0.07777777777777764 0.05740740740740729 0.05925925925925915
0.06274509803921556 0.06274509803921556 0.0594771241830064 0.06078431372549007 0.061437908496731905 0.12941176470588212 0.06078431372549007 0.0614379084967319 0.06470588235294103 0.06339869281045737 0.06013071895424824 0.06274509803921555 0.06666666666666651 0.06013071895424824 0.06339869281045739
0.10902777777777778 0.06388888888888888 0.0625 0.06319444444444444 0.0625 0.0625 0.0625 0.0625 0.06458333333333334 0.06319444444444444 0.0625 0.06736111111111111 0.06597222222222222 0.0625 0.06527777777777778
0.06560846560846555 0.051851851851851774 0.052380952380952306 0.08253968253968244 0.07830687830687824 0.0576719576719576 0.053439153439153356 0.05873015873015864 0.056613756613756554 0.055555555555555476 0.07037037037037029 0.059788359788359724 0.09417989417989413 0.09947089947089933 0.06349206349206342
0.06388888888888888 0.07916666666666666 0.0625 0.06319444444444444 0.0625 0.0625 0.06319444444444444 0.06458333333333334 0.0625 0.06319444444444444 0.06388888888888888 0.0625 0.06388888888888888 0.09513888888888888 0.06736111111111111
0.06851851851851842 0.058641975308641854 0.05925925925925916 0.06296296296296283 0.06049382716049371 0.06172839506172829 0.059876543209876426 0.05617283950617273 0.06728395061728384 0.059876543209876426 0.10925925925925911 0.06543209876543199 0.06975308641975296 0.0753086419753085 0.06543209876543198
0.06257309941520464 0.05555555555555554 0.05321637426900584 0.07836257309941522 0.06315789473684208 0.052631578947368425 0.05497076023391813 0.05438596491228072 0.05497076023391812 0.1923976608187135 0.05906432748538014 0.055555555555555546 0.05497076023391812 0.05321637426900585 0.0549707602339181
0.06405228758169922 0.06535947712418287 0.06470588235294104 0.0614379084967319 0.06339869281045739 0.06209150326797373 0.0614379084967319 0.062091503267973726 0.06535947712418287 0.06274509803921555 0.06535947712418289 0.06666666666666653 0.06274509803921555 0.06405228758169922 0.1084967320261436
0.11041666666666666 0.0625 0.0625 0.06319444444444444 0.06458333333333334 0.06319444444444444 0.0625 0.06319444444444444 0.0625 0.06319444444444444 0.06388888888888888 0.06666666666666667 0.06527777777777778 0.0625 0.06388888888888888
0.06458333333333334 0.06944444444444445 0.0625 0.0625 0.06388888888888888 0.075 0.0625 0.06319444444444444 0.0625 0.1 0.0625 0.0625 0.0625 0.0625 0.06388888888888888
0.060233918128654945 0.057309941520467804 0.0567251461988304 0.057309941520467825 0.0596491228070175 0.05906432748538009 0.05789473684210524 0.0590643274853801 0.060233918128654966 0.1391812865497074 0.05789473684210526 0.06257309941520466 0.09356725146198831 0.0567251461988304 0.06257309941520466
0.05617283950617273 0.06913580246913567 0.05555555555555545 0.05617283950617273 0.05740740740740729 0.05679012345679001 0.05740740740740729 0.05679012345679001 0.05555555555555545 0.1456790123456788 0.05617283950617273 0.05679012345679001 0.10925925925925907 0.05555555555555545 0.05555555555555545
0.05789473684210523 0.05730994152046782 0.05497076023391813 0.0543859649122807 0.061403508771929766 0.055555555555555525 0.05380116959064327 0.0549707602339181 0.0567251461988304 0.10877192982456134 0.083625730994152 0.055555555555555525 0.11929824561403507 0.06257309941520468 0.06315789473684211
0.06666666666666651 0.06470588235294103 0.062091503267973726 0.06535947712418289 0.06797385620915018 0.06862745098039202 0.06339869281045739 0.0614379084967319 0.06993464052287567 0.07320261437908483 0.07124183006535934 0.06666666666666654 0.07189542483660118 0.06339869281045737 0.06339869281045737
0.0594771241830064 0.11045751633986904 0.05882352941176457 0.05882352941176457 0.059477124183006415 0.06013071895424824 0.05882352941176457 0.06535947712418286 0.059477124183006415 0.06013071895424823 0.059477124183006415 0.05882352941176457 0.1117647058823527 0.05882352941176457 0.06013071895424824
0.09930555555555555 0.0625 0.0625 0.0625 0.0625 0.06319444444444444 0.06319444444444444 0.0625 0.0625 0.06319444444444444 0.08402777777777778 0.0625 0.0625 0.06458333333333334 0.0625
0.06959064327485383 0.07017543859649118 0.0567251461988304 0.057309941520467825 0.0736842105263158 0.06315789473684211 0.054970760233918115 0.058479532163742666 0.06432748538011693 0.08538011695906428 0.060233918128654945 0.061403508771929814 0.061988304093567245 0.09766081871345028 0.06491228070175434
0.05882352941176457 0.17058823529411737 0.05882352941176457 0.059477124183006415 0.05882352941176457 0.05882352941176457 0.06013071895424823 0.05882352941176457 0.0594771241830064 0.05882352941176457 0.0594771241830064 0.06078431372549007 0.05882352941176457 0.059477124183006415 0.05882352941176457
0.10467836257309941 0.1561403508771927 0.05380116959064327 0.0573099415204678 0.05847953216374267 0.056725146198830415 0.0567251461988304 0.05614035087719298 0.058479532163742666 0.06023391812865496 0.059064327485380125 0.0543859649122807 0.05672514619883039 0.05497076023391813 0.05614035087719296
0.09869281045751617 0.06013071895424823 0.05882352941176457 0.0594771241830064 0.06078431372549007 0.0614379084967319 0.0614379084967319 0.060784313725490056 0.06013071895424824 0.059477124183006415 0.09215686274509789 0.08169934640522859 0.06209150326797371 0.06013071895424823 0.06274509803921556
0.06470588235294104 0.060784313725490056 0.06862745098039204 0.062091503267973726 0.06470588235294103 0.062091503267973726 0.0614379084967319 0.06339869281045739 0.06339869281045737 0.06078431372549007 0.0614379084967319 0.062091503267973726 0.06470588235294106 0.06274509803921555 0.11699346405228736
0.06049382716049372 0.08086419753086406 0.06049382716049373 0.06111111111111099 0.05802469135802457 0.061728395061728294 0.05987654320987644 0.05802469135802457 0.06111111111111099 0.0679012345679011 0.05925925925925914 0.06049382716049371 0.12962962962962946 0.05864197530864187 0.06234567901234558
0.06535947712418287 0.07124183006535936 0.06339869281045739 0.0614379084967319 0.06339869281045737 0.062091503267973726 0.06666666666666655 0.06732026143790837 0.06797385620915021 0.06732026143790834 0.06470588235294104 0.06862745098039201 0.072549019607843 0.0699346405228757 0.06797385620915021
0.06666666666666667 0.06458333333333334 0.0625 0.06527777777777778 0.06458333333333334 0.09097222222222222 0.06805555555555555 0.06597222222222222 0.06458333333333334 0.06319444444444444 0.06597222222222222 0.06527777777777778 0.0625 0.06319444444444444 0.06666666666666667
0.06527777777777778 0.06458333333333334 0.06527777777777778 0.06527777777777778 0.06388888888888888 0.07222222222222222 0.06458333333333334 0.06736111111111111 0.06944444444444445 0.06875 0.06458333333333334 0.06527777777777778 0.07152777777777777 0.06458333333333334 0.06736111111111111
0.05617283950617273 0.16049382716049362 0.05555555555555545 0.05617283950617273 0.05555555555555545 0.05555555555555545 0.10987654320987633 0.05555555555555545 0.05617283950617273 0.05740740740740729 0.05679012345679001 0.05617283950617273 0.05679012345679001 0.05555555555555545 0.05617283950617273
0.06458333333333334 0.06666666666666667 0.0625 0.06458333333333334 0.0625 0.06388888888888888 0.06458333333333334 0.0625 0.0625 0.06527777777777778 0.0625 0.06458333333333334 0.06458333333333334 0.10625 0.0625
0.06481481481481469 0.06172839506172829 0.05864197530864187 0.06049382716049371 0.09012345679012329 0.07777777777777765 0.06296296296296285 0.059876543209876426 0.05925925925925914 0.05987654320987644 0.0876543209876542 0.059876543209876426 0.06543209876543196 0.06296296296296285 0.06851851851851838
