3.103662321539414E-4 3.103662321539414E-4 0.003069177184633433 3.103662321539414E-4 3.103662321539414E-4 4.8279191668390895E-4 0.004448582660873178 0.008586799089592388 0.190840747637768 0.0011724946548037792 0.007897096351472517 0.005310711083523013 4.8279191668390895E-4 3.103662321539414E-4 0.001689771708393682 0.0015173460238637148 4.8279191668390895E-4 0.001344920339333747 0.0013449203393337467 0.7674322367059797 0.0010000689702738116 0.001344920339333747
1.6027263218274426E-4 2.4462664912103054E-4 2.0244964065188785E-4 7.59186152444581E-5 2.0244964065188766E-4 7.59186152444581E-5 7.59186152444581E-5 1.1809562371360108E-4 7.59186152444581E-5 1.1809562371360103E-4 7.59186152444581E-5 7.59186152444581E-5 7.59186152444581E-5 7.59186152444581E-5 1.1809562371360108E-4 1.1809562371360122E-4 1.1809562371360107E-4 1.6027263218274443E-4 7.59186152444581E-5 0.4321371933731483 0.5654587171441104 1.6027263218274437E-4
3.160413562689054E-4 3.160413562689056E-4 0.0011061447469411685 6.546570951284497E-4 4.2891326922208663E-4 3.160413562689056E-4 3.1604135626890596E-4 4.289132692220871E-4 3.160413562689054E-4 0.005056661700302492 2.0316944331572536E-4 8.804009210348054E-4 3.1604135626890514E-4 3.1604135626890606E-4 4.28913269222086E-4 2.0316944331572536E-4 3.160413562689055E-4 2.0316944331572536E-4 0.40191430764368613 0.5851054223666982 3.1604135626890514E-4 5.417851821752686E-4
3.689463668491978E-4 1.747640685075148E-4 6.602198143617225E-4 1.747640685075148E-4 1.747640685075148E-4 1.747640685075148E-4 0.0856149753388481 3.6894636684919896E-4 2.718552176783565E-4 1.747640685075148E-4 2.718552176783569E-4 1.747640685075148E-4 1.747640685075148E-4 1.747640685075148E-4 1.747640685075148E-4 2.718552176783573E-4 1.747640685075148E-4 2.718552176783573E-4 3.6894636684919847E-4 0.909336284904268 1.747640685075148E-4 2.718552176783568E-4
3.1604135626890606E-4 2.0316944331572536E-4 0.0020091200505666157 3.1604135626890514E-4 0.0012190166598943517 4.2891326922208707E-4 3.160413562689058E-4 2.0316944331572536E-4 7.675290080816289E-4 0.0013318885728475307 4.289132692220869E-4 3.1604135626890606E-4 2.0316944331572536E-4 4.289132692220877E-4 4.289132692220876E-4 2.0316944331572536E-4 2.0316944331572536E-4 3.160413562689059E-4 0.4111698045058468 0.5784459795024602 4.289132692220871E-4 3.1604135626890606E-4
1.747640685075148E-4 1.747640685075148E-4 3.689463668491981E-4 2.718552176783573E-4 3.689463668491979E-4 5.631286651908805E-4 0.08561497533884808 2.718552176783568E-4 5.631286651908809E-4 1.747640685075148E-4 5.631286651908821E-4 2.718552176783573E-4 5.631286651908805E-4 1.747640685075148E-4 1.747640685075148E-4 1.747640685075148E-4 1.747640685075148E-4 2.7185521767835716E-4 1.747640685075148E-4 0.9080740999650473 3.689463668491978E-4 4.6603751602003983E-4
2.0244964065188744E-4 3.711576745284615E-4 1.6027263218274416E-4 1.1809562371360133E-4 7.59186152444581E-5 1.1809562371360118E-4 7.59186152444581E-5 7.59186152444581E-5 7.59186152444581E-5 1.1809562371360104E-4 7.59186152444581E-5 7.59186152444581E-5 1.180956237136012E-4 3.7115767452846075E-4 2.44626649121031E-4 7.59186152444581E-5 7.59186152444581E-5 1.602726321827445E-4 1.1809562371360104E-4 0.43340250362722255 0.5637294597968756 1.6027263218274445E-4
1.424095699230991E-4 1.424095699230991E-4 2.2152599765815382E-4 1.424095699230991E-4 2.2152599765815344E-4 1.424095699230991E-4 1.424095699230991E-4 1.424095699230991E-4 0.07387892021899434 1.424095699230991E-4 1.424095699230991E-4 2.2152599765815374E-4 0.9080034178296768 1.424095699230991E-4 3.797588531282628E-4 1.424095699230991E-4 1.424095699230991E-4 2.2152599765815347E-4 1.424095699230991E-4 0.014778948700908328 1.424095699230991E-4 2.2152599765815347E-4
1.424095699230991E-4 1.424095699230991E-4 2.215259976581539E-4 2.215259976581539E-4 3.0064242539320867E-4 3.006424253932083E-4 1.424095699230991E-4 2.2152599765815355E-4 0.07419538592993456 1.424095699230991E-4 2.2152599765815363E-4 1.424095699230991E-4 0.9082407671128818 2.2152599765815363E-4 1.424095699230991E-4 1.424095699230991E-4 1.424095699230991E-4 2.2152599765815355E-4 1.424095699230991E-4 0.013908667995822724 2.2152599765815382E-4 2.215259976581539E-4
4.215851602023606E-4 6.557991380925611E-4 6.55799138092561E-4 4.215851602023606E-4 4.215851602023606E-4 4.215851602023606E-4 4.215851602023606E-4 4.215851602023606E-4 6.557991380925611E-4 4.215851602023606E-4 8.900131159827626E-4 4.215851602023606E-4 4.215851602023606E-4 4.215851602023606E-4 6.557991380925611E-4 4.215851602023606E-4 8.900131159827624E-4 8.90013115982764E-4 0.7763724939104371 0.2128536631066141 4.215851602023606E-4 4.215851602023606E-4
8.353321638683038E-5 8.35332163868304E-5 2.3269967422045654E-4 0.004290027327295096 1.1336650795355537E-4 5.369992482010525E-5 5.369992482010525E-5 8.353321638683021E-5 5.31032589887708E-4 0.1821561116481103 8.353321638683022E-5 1.7303309108700565E-4 5.369992482010525E-5 8.353321638683032E-5 0.47225503884294545 1.1336650795355537E-4 2.3269967422045602E-4 5.369992482010525E-5 1.1336650795355544E-4 0.338930058831251 1.7303309108700557E-4 5.369992482010525E-5
2.8427550357375026E-4 0.0014010721247563393 9.949642625081238E-4 1.82748538011696E-4 7.919103313840174E-4 0.0012995451591942843 7.91910331384017E-4 0.0010964912280701775 7.919103313840183E-4 1.82748538011696E-4 3.8580246913580234E-4 1.82748538011696E-4 5.888564002599094E-4 1.82748538011696E-4 3.858024691358028E-4 9.949642625081234E-4 5.888564002599087E-4 0.0010964912280701765 1.82748538011696E-4 0.9849943144899284 7.919103313840172E-4 0.0018071799870045507
2.187226596675415E-4 0.0025274618450471503 0.00216292407893458 5.832604257801102E-4 0.0010693107805968694 0.0014338485467094428 2.187226596675415E-4 7.047730144843E-4 0.0034995625546806702 8.262856031884918E-4 5.8326042578011E-4 9.477981918926802E-4 3.4023524837173115E-4 8.262856031884915E-4 0.0015553611354136318 5.8326042578011E-4 3.4023524837173126E-4 2.187226596675415E-4 7.047730144843003E-4 0.979124137260621 4.617478370759204E-4 0.0010693107805968718
1.424095699230991E-4 1.424095699230991E-4 1.424095699230991E-4 1.424095699230991E-4 1.424095699230991E-4 1.424095699230991E-4 2.2152599765815347E-4 1.424095699230991E-4 0.07348333808031907 3.797588531282633E-4 1.424095699230991E-4 3.79758853128263E-4 0.9074496028355316 2.2152599765815374E-4 1.424095699230991E-4 1.424095699230991E-4 1.424095699230991E-4 1.424095699230991E-4 1.424095699230991E-4 0.015649229405993934 2.215259976581539E-4 1.424095699230991E-4
3.420465183264927E-4 2.520342766616263E-4 4.3205875999135905E-4 1.6202203499675978E-4 0.4526535608842801 6.120832433210918E-4 5.220710016562254E-4 4.3205875999135905E-4 2.520342766616266E-4 4.3205875999135905E-4 1.6202203499675978E-4 3.420465183264926E-4 0.0011521566933102869 1.6202203499675978E-4 5.220710016562259E-4 3.420465183264926E-4 1.6202203499675978E-4 0.07127169295024101 2.5203427666162644E-4 0.46849571541729673 1.6202203499675978E-4 8.82119968315691E-4
3.387533875338746E-4 1.2703252032520337E-4 8.327687443541106E-4 1.2703252032520337E-4 1.976061427280942E-4 3.3875338753387463E-4 0.007396115627822944 1.2703252032520337E-4 1.2703252032520337E-4 0.8381182249322494 4.799006323396577E-4 1.9760614272809398E-4 0.002244241192411923 4.7990063233965667E-4 9.033423667569993E-4 1.976061427280939E-4 1.2703252032520337E-4 0.04261235320686539 1.976061427280942E-4 0.1040114046973803 6.210478771454389E-4 1.9760614272809388E-4
7.976601967561814E-4 2.0680079175160244E-4 2.068007917516024E-4 3.545156430027472E-4 2.8065821737717435E-4 1.3294336612603046E-4 3.545156430027472E-4 9.453750480073251E-4 7.238027711306082E-4 7.238027711306089E-4 2.068007917516024E-4 3.5451564300274726E-4 2.068007917516024E-4 2.8065821737717413E-4 3.545156430027471E-4 3.545156430027472E-4 0.04732783834086681 7.238027711306085E-4 2.068007917516024E-4 0.9449171319684475 2.068007917516024E-4 1.3294336612603046E-4
1.6334531198954584E-4 1.6334531198954584E-4 4.355874986387903E-4 1.6334531198954584E-4 1.6334531198954584E-4 2.540927075392944E-4 2.5409270753929444E-4 1.6334531198954584E-4 3.4484010308904187E-4 5.263348941885384E-4 2.5409270753929444E-4 2.5409270753929395E-4 1.6334531198954584E-4 1.6334531198954584E-4 6.170822897382857E-4 1.6334531198954584E-4 2.5409270753929357E-4 1.6334531198954584E-4 1.6334531198954584E-4 0.9944825583505753 4.3558749863879055E-4 2.5409270753929444E-4
4.902955298573078E-4 4.902955298573083E-4 2.3669439372421682E-4 4.0576181781294386E-4 2.3669439372421677E-4 2.3669439372421701E-4 2.3669439372421701E-4 6.593629539460344E-4 4.0576181781294424E-4 3.2122810576858005E-4 3.212281057685802E-4 1.5216068167985374E-4 9.974978021234854E-4 2.3669439372421701E-4 1.5216068167985374E-4 1.5216068167985374E-4 4.057618178129447E-4 1.5216068167985374E-4 2.3669439372421677E-4 0.9630756745790217 5.748292419016717E-4 0.02982349360925138
1.0501995379122037E-4 2.2170879133702115E-4 1.6336437256412055E-4 1.0501995379122037E-4 3.9674204765572144E-4 1.6336437256412093E-4 3.967420476557215E-4 2.2170879133702074E-4 1.6336437256412066E-4 1.0501995379122037E-4 8.051529790660206E-4 2.2170879133702096E-4 0.9931853718873247 2.2170879133702112E-4 3.3839762888282125E-4 2.800532101099211E-4 1.0501995379122037E-4 1.6336437256412055E-4 1.0501995379122037E-4 0.001972041354524028 4.5508646642862185E-4 1.0501995379122037E-4
1.384657989476601E-4 1.384657989476601E-4 2.9231668666728145E-4 2.923166866672817E-4 2.923166866672818E-4 2.9231668666728123E-4 2.923166866672813E-4 3.6924213052709335E-4 2.9231668666728145E-4 1.384657989476601E-4 2.15391242807471E-4 3.692421305270931E-4 0.9554755530939403 2.153912428074706E-4 2.153912428074711E-4 2.1539124280747104E-4 2.1539124280747074E-4 1.384657989476601E-4 2.153912428074706E-4 2.1539124280747077E-4 2.9231668666728134E-4 0.0396781439428905
1.0902747492368081E-4 2.3016911372777097E-4 3.5131075253186074E-4 2.3016911372777054E-4 4.1188157193390536E-4 6.54164849542085E-4 0.01476716577021851 2.907399331298158E-4 2.3016911372777092E-4 4.7245239133595035E-4 3.5131075253186074E-4 0.001199302224160489 4.1188157193390546E-4 1.6959829432572576E-4 2.9073993312981553E-4 2.9073993312981553E-4 0.0010175897659543541 1.695982943257257E-4 3.5131075253186047E-4 0.9656684595629216 0.012102049716528554 2.3016911372777062E-4
1.007861318282604E-4 2.687630182086957E-4 1.007861318282604E-4 1.007861318282604E-4 0.003068377791215928 1.567784272884051E-4 1.567784272884051E-4 1.007861318282604E-4 1.5677842728840507E-4 3.807476091289846E-4 1.007861318282604E-4 1.567784272884051E-4 2.687630182086956E-4 1.567784272884051E-4 4.367399045891296E-4 1.007861318282604E-4 1.007861318282604E-4 3.247553136688398E-4 0.7132186611122311 0.28028623261439223 1.5677842728840507E-4 1.007861318282604E-4
5.107489436783198E-4 2.785903329154479E-4 2.2055068022472954E-4 5.107489436783191E-4 1.6251102753401142E-4 5.107489436783189E-4 1.0447137484329296E-4 1.6251102753401137E-4 2.2055068022473005E-4 3.3662998560616663E-4 1.0447137484329296E-4 5.107489436783202E-4 2.205506802247298E-4 5.687885963690383E-4 4.527092909876021E-4 4.5270929098760226E-4 0.005037841853554353 2.205506802247296E-4 5.687885963690383E-4 0.9880554394762502 4.527092909876029E-4 3.366299856061667E-4
7.45045447772315E-5 7.45045447772315E-5 7.45045447772315E-5 1.9867878607261692E-4 7.45045447772315E-5 1.1589595854236007E-4 1.9867878607261662E-4 7.45045447772315E-5 1.1589595854236006E-4 0.852489279623835 1.5728737230748862E-4 7.45045447772315E-5 7.45045447772315E-5 1.1589595854236006E-4 7.45045447772315E-5 7.45045447772315E-5 1.5728737230748867E-4 7.45045447772315E-5 7.45045447772315E-5 0.14535836686037854 7.45045447772315E-5 1.986787860726172E-4
1.0543957202632665E-4 2.7192310680473707E-4 4.994506043352315E-5 4.994506043352315E-5 4.994506043352315E-5 4.994506043352315E-5 4.994506043352315E-5 4.994506043352315E-5 4.994506043352315E-5 7.769231622992477E-5 7.769231622992471E-5 4.994506043352315E-5 7.769231622992465E-5 4.994506043352315E-5 4.994506043352315E-5 0.6231700684802272 4.994506043352315E-5 7.769231622992465E-5 4.994506043352315E-5 0.3754148214741563 7.769231622992488E-5 4.994506043352315E-5
3.967073291679067E-4 3.140599689245924E-4 0.001388475652087669 0.028000925650434633 0.5356210122648684 8.099441303844743E-4 3.140599689245915E-4 5.620020496545336E-4 2.3141260868127816E-4 0.13031835763165725 2.3141260868127816E-4 6.446494098978493E-4 0.2881748156963866 3.1405996892459236E-4 2.3141260868127816E-4 5.620020496545344E-4 3.967073291679064E-4 2.3141260868127816E-4 2.3141260868127816E-4 0.010314390558365584 4.793546894112195E-4 2.3141260868127824E-4
7.262164124909207E-4 4.2362624061970404E-4 5.74921326555312E-4 2.72331154684096E-4 0.8222585330428465 2.72331154684096E-4 2.72331154684096E-4 2.72331154684096E-4 5.749213265553115E-4 4.236262406197039E-4 2.72331154684096E-4 2.72331154684096E-4 8.775114984265297E-4 8.775114984265311E-4 4.236262406197039E-4 2.72331154684096E-4 7.262164124909223E-4 4.236262406197039E-4 5.749213265553127E-4 0.1677559912854032 0.0011801016702977514 2.72331154684096E-4
3.4223134839151217E-4 5.323598752756877E-4 0.0024336451441174197 0.11118716252186465 3.4223134839151217E-4 3.4223134839151217E-4 5.323598752756866E-4 3.4223134839151217E-4 5.323598752756877E-4 9.126169290440334E-4 5.323598752756865E-4 5.323598752756877E-4 0.6728268309377141 3.4223134839151217E-4 0.10567343524222386 3.4223134839151217E-4 3.4223134839151217E-4 3.4223134839151217E-4 3.4223134839151217E-4 0.010799300327021063 3.4223134839151217E-4 0.09008289603772103
1.0543957202632654E-4 2.441758510083354E-4 7.769231622992467E-5 7.769231622992467E-5 4.994506043352315E-5 4.994506043352315E-5 4.994506043352315E-5 1.3318682782272867E-4 4.994506043352315E-5 4.994506043352315E-5 4.994506043352315E-5 4.994506043352315E-5 4.994506043352315E-5 7.769231622992467E-5 7.76923162299249E-5 0.6244186949910655 7.769231622992465E-5 1.8868133941553155E-4 4.994506043352315E-5 0.37391646966115066 1.054395720263266E-4 4.994506043352315E-5
9.831925815532381E-5 4.346746150024844E-4 0.003125517469779769 0.02030551415797314 2.0181321410829613E-4 1.241927471435674E-4 0.32876924987580736 2.018132141082963E-4 9.831925815532392E-5 0.1750031048186786 2.535601920847824E-4 2.2768670309653913E-4 4.088011260142419E-4 1.500662361318101E-4 1.5006623613181055E-4 9.831925815532392E-5 7.244576916708062E-5 1.759397251200535E-4 4.6572280178837536E-5 0.46990913230667325 4.6572280178837536E-5 9.831925815532392E-5
1.361894200276271E-4 1.361894200276271E-4 8.755034144633174E-5 8.755034144633174E-5 8.755034144633174E-5 8.755034144633174E-5 8.755034144633174E-5 8.755034144633174E-5 8.755034144633174E-5 1.361894200276271E-4 8.755034144633174E-5 8.755034144633174E-5 1.361894200276271E-4 8.755034144633174E-5 8.755034144633174E-5 0.6149341426876008 1.361894200276271E-4 8.755034144633174E-5 1.8482849860892243E-4 0.38292573785482203 8.755034144633174E-5 1.361894200276271E-4
8.755034144633174E-5 1.8482849860892243E-4 8.755034144633174E-5 1.361894200276271E-4 8.755034144633174E-5 1.8482849860892243E-4 1.361894200276271E-4 8.755034144633174E-5 1.361894200276271E-4 1.361894200276271E-4 1.848284986089225E-4 8.755034144633174E-5 1.361894200276271E-4 8.755034144633174E-5 8.755034144633174E-5 0.6133290530944181 8.755034144633174E-5 8.755034144633174E-5 2.3346757719021783E-4 0.38419035389793577 1.361894200276271E-4 8.755034144633174E-5
0.002423461562059023 4.294742008712187E-4 5.828578440395105E-4 0.03892876863611268 5.828578440395113E-4 2.7609055770292615E-4 4.2947420087121864E-4 4.294742008712187E-4 5.828578440395112E-4 0.0013497760598809752 2.7609055770292615E-4 0.0010430087735443909 0.9463464016197316 2.7609055770292615E-4 2.7609055770292615E-4 0.0013497760598809771 8.896251303760975E-4 4.294742008712183E-4 2.7609055770292615E-4 0.0011963924167126834 5.828578440395111E-4 0.0010430087735443904
5.534562387877418E-4 1.7176228100309156E-4 2.6718577044925363E-4 8.397267071262258E-4 1.7176228100309156E-4 3.626092598954159E-4 1.7176228100309156E-4 2.671857704492534E-4 4.580327493415781E-4 0.0057063246688804975 1.7176228100309156E-4 4.5803274934157797E-4 3.6260925989541585E-4 1.7176228100309156E-4 2.6718577044925363E-4 4.580327493415781E-4 3.62609259895416E-4 1.7176228100309156E-4 3.626092598954159E-4 0.9876140310698874 4.5803274934157797E-4 1.7176228100309156E-4
0.0010526551546507213 4.367399045891293E-4 2.1277072274854988E-4 2.687630182086949E-4 1.5677842728840507E-4 1.5677842728840507E-4 2.6876301820869463E-4 3.2475531366883974E-4 1.5677842728840507E-4 2.6876301820869566E-4 3.247553136688403E-4 5.487244955094181E-4 1.007861318282604E-4 2.6876301820869544E-4 1.007861318282604E-4 0.3694259669869425 2.6876301820869506E-4 1.5677842728840507E-4 1.5677842728840507E-4 0.625030795762503 1.5677842728840507E-4 1.5677842728840507E-4
3.6260925989541607E-4 2.6718577044925363E-4 3.626092598954159E-4 4.5803274934157835E-4 3.62609259895416E-4 2.671857704492534E-4 1.7176228100309156E-4 1.7176228100309156E-4 2.6718577044925363E-4 0.005706324668880497 5.534562387877408E-4 1.7176228100309156E-4 2.6718577044925363E-4 1.7176228100309156E-4 3.6260925989541575E-4 1.7176228100309156E-4 3.6260925989541585E-4 4.580327493415786E-4 2.6718577044925347E-4 0.9882819954960105 1.7176228100309156E-4 3.6260925989541575E-4
1.9334880123743223E-4 1.9334880123743223E-4 3.007648019248953E-4 5.155968032998201E-4 1.9334880123743223E-4 1.9334880123743223E-4 5.155968032998195E-4 1.9334880123743223E-4 3.0076480192489473E-4 0.9943284351637022 1.9334880123743223E-4 1.9334880123743223E-4 4.081808026123577E-4 4.081808026123579E-4 1.9334880123743223E-4 3.007648019248954E-4 3.0076480192489543E-4 1.9334880123743223E-4 1.9334880123743223E-4 3.007648019248954E-4 1.9334880123743223E-4 1.9334880123743223E-4
1.9334880123743223E-4 3.0076480192489543E-4 4.0818080261235707E-4 1.9334880123743223E-4 1.9334880123743223E-4 1.9334880123743223E-4 3.0076480192489473E-4 1.9334880123743223E-4 1.9334880123743223E-4 0.994543267165077 1.9334880123743223E-4 1.9334880123743223E-4 4.0818080261235707E-4 1.9334880123743223E-4 1.9334880123743223E-4 1.9334880123743223E-4 3.0076480192489543E-4 1.9334880123743223E-4 1.9334880123743223E-4 7.304288046747451E-4 3.0076480192489484E-4 1.9334880123743223E-4
4.759432329525778E-4 3.677743163724465E-4 0.0011249567324333675 3.677743163724471E-4 9.735202492211838E-5 2.596053997923157E-4 9.735202492211838E-5 2.0552094150224994E-4 2.596053997923157E-4 9.735202492211838E-5 3.1368985808238143E-4 1.5143648321218415E-4 0.9668570439598482 1.5143648321218415E-4 7.46365524402906E-4 3.1368985808238143E-4 3.136898580823815E-4 1.5143648321218415E-4 7.463655244029074E-4 0.026544652128764355 9.735202492211838E-5 2.5960539979231567E-4
8.828351620633127E-4 3.5733804178753097E-4 1.9968890570479673E-4 5.149871778702658E-4 7.251860259805786E-4 1.9968890570479673E-4 0.0013557825703115161 9.353848740908913E-4 4.624374658426876E-4 7.251860259805797E-4 4.098877538151093E-4 9.45894816496405E-5 0.9857169882709053 7.251860259805795E-4 6.726363139530009E-4 8.828351620633133E-4 1.9968890570479654E-4 9.45894816496405E-5 3.047883297599528E-4 0.0038256190356076854 4.6243746584268854E-4 2.5223861773237475E-4
0.0018044718643521005 8.97195507973951E-4 0.0019052803483941216 5.443658138268898E-4 2.4194036170084091E-4 0.0019556845904151283 0.046815459989112775 1.915361196798324E-4 8.971955079739511E-4 0.25881570192947434 9.072763563781541E-5 6.955785398899157E-4 1.9153611967983241E-4 2.9234460372184936E-4 3.427488457428579E-4 5.947700558478977E-4 0.001350833686163028 9.072763563781541E-5 2.9234460372184936E-4 0.6809512288554206 8.971955079739503E-4 1.4113187765882391E-4
1.2422580702408235E-4 1.2422580702408235E-4 1.2422580702408238E-4 7.985944737262408E-5 2.1295852632699757E-4 1.2422580702408235E-4 1.2422580702408222E-4 1.685921666755401E-4 0.566682638556141 7.985944737262408E-5 1.6859216667554008E-4 2.1295852632699744E-4 0.03038208308931839 1.2422580702408232E-4 7.985944737262408E-5 7.985944737262408E-5 7.985944737262408E-5 7.985944737262408E-5 7.985944737262408E-5 0.3885517045555377 7.985944737262408E-5 0.012236241991872012
1.0785159620362376E-4 1.6776914965008143E-4 1.0785159620362376E-4 1.0785159620362376E-4 0.06571757262007447 2.276867030965391E-4 1.0785159620362376E-4 1.0785159620362376E-4 2.8760425654299676E-4 2.276867030965391E-4 1.6776914965008146E-4 1.0785159620362376E-4 2.8760425654299676E-4 1.0785159620362376E-4 1.0785159620362376E-4 2.276867030965391E-4 1.6776914965008143E-4 1.6776914965008146E-4 1.0785159620362376E-4 0.931166714600708 1.0785159620362376E-4 1.0785159620362376E-4
4.828707939412415E-4 2.2872827081427252E-4 9.911558401951813E-4 4.828707939412421E-4 3.5579953237775637E-4 2.2872827081427252E-4 2.2872827081427252E-4 2.2872827081427252E-4 2.2872827081427252E-4 0.987572430619091 3.5579953237775637E-4 3.5579953237775734E-4 2.2872827081427252E-4 0.004803293687099724 2.2872827081427252E-4 2.2872827081427252E-4 2.2872827081427252E-4 3.5579953237775637E-4 3.5579953237775664E-4 6.099420555047262E-4 7.370133170682114E-4 4.828707939412412E-4
1.2422580702408238E-4 4.3479032458428854E-4 1.6859216667554046E-4 1.6859216667554025E-4 7.985944737262408E-5 1.2422580702408224E-4 7.985944737262408E-5 1.2422580702408238E-4 0.5631776961436761 2.5732488597845555E-4 2.1295852632699752E-4 7.985944737262408E-5 0.02718770519441344 1.2422580702408232E-4 7.985944737262408E-5 1.24225807024082E-4 7.985944737262408E-5 7.985944737262408E-5 1.242258070240821E-4 0.3955172230208167 1.685921666755404E-4 0.011482013877797225
1.6776914965008143E-4 2.276867030965391E-4 1.0785159620362376E-4 2.2768670309653913E-4 0.06421963378391302 1.0785159620362376E-4 1.0785159620362376E-4 1.0785159620362376E-4 2.276867030965391E-4 2.8760425654299676E-4 3.475218099894545E-4 1.6776914965008143E-4 1.0785159620362376E-4 2.8760425654299676E-4 1.6776914965008143E-4 1.0785159620362376E-4 1.6776914965008143E-4 1.6776914965008143E-4 2.276867030965391E-4 0.932065477902405 1.6776914965008143E-4 2.276867030965391E-4
8.950948800572853E-5 8.950948800572853E-5 2.884194613517912E-4 8.851493813899871E-4 1.392369813422447E-4 8.950948800572853E-5 8.950948800572853E-5 8.950948800572853E-5 8.950948800572853E-5 3.878744480248232E-4 8.950948800572853E-5 1.392369813422449E-4 0.851324740422485 8.950948800572853E-5 8.950948800572853E-5 1.392369813422447E-4 8.950948800572853E-5 8.950948800572853E-5 1.3923698134224476E-4 0.14529379003063214 1.8896447467876061E-4 8.950948800572853E-5
9.370314842578705E-5 9.370314842578705E-5 1.4576045310678033E-4 3.019323671497576E-4 1.9781775778777278E-4 9.370314842578705E-5 2.498750624687655E-4 9.370314842578705E-5 1.4576045310678006E-4 3.5398967183075127E-4 1.4576045310677997E-4 1.9781775778777245E-4 0.8577377977677826 1.4576045310678035E-4 9.370314842578705E-5 9.370314842578705E-5 9.370314842578705E-5 9.370314842578705E-5 9.370314842578705E-5 0.13929493586540068 1.4576045310678038E-4 9.370314842578705E-5
1.507029214837778E-4 2.045253934422699E-4 1.507029214837778E-4 3.6599280931774627E-4 9.688044952528568E-5 3.121703373592541E-4 3.121703373592541E-4 3.121703373592541E-4 2.0452539344226992E-4 9.688044952528568E-5 3.6599280931774627E-4 1.5070292148377775E-4 4.7363775323473045E-4 2.58347865400762E-4 2.58347865400762E-4 4.1981528127623834E-4 9.688044952528568E-5 2.045253934422699E-4 3.121703373592541E-4 0.9928523757239114 0.0022497793278649742 1.507029214837778E-4
1.9271005395881476E-4 2.615350732298198E-4 1.2388503468780947E-4 1.9271005395881467E-4 8.121352273978641E-4 5.368351503138427E-4 5.368351503138427E-4 1.9271005395881473E-4 1.9271005395881473E-4 0.001844510516462942 0.001362735381565907 1.9271005395881486E-4 0.0012939103622949034 2.6153507322982E-4 3.9918511177183125E-4 0.30618874573284877 2.6153507322982023E-4 0.008727012443563484 1.2388503468780947E-4 0.6746090738905406 3.303600925008256E-4 0.0013627353815659083
4.7456340167046354E-5 1.7927950729773053E-4 0.1800124441069771 3.111026744284148E-4 2.5837340757614027E-4 2.84738041002278E-4 2.5837340757614043E-4 2.5837340757614086E-4 3.1110267442841454E-4 7.593014426727433E-4 3.1110267442841427E-4 2.5837340757614075E-4 3.901965747068249E-4 1.792795072977307E-4 1.0018560701932001E-4 3.9019657470682666E-4 2.8473804100227713E-4 1.5291487387159377E-4 7.382097359318306E-5 0.6495665654264743 5.747490086897832E-4 0.16503733232093176
5.378450852484467E-5 3.457575548025718E-5 9.220201461401922E-5 5.378450852484467E-5 7.299326156943199E-5 5.378450852484459E-5 1.3061952070319384E-4 5.3784508524844635E-5 7.299326156943213E-5 7.299326156943218E-5 1.1141076765860651E-4 9.220201461401925E-5 1.498282737477813E-4 1.498282737477813E-4 7.29932615694322E-5 3.457575548025718E-5 1.3061952070319403E-4 5.378450852484463E-5 5.378450852484467E-5 0.594641526250682 1.4982827374778135E-4 0.40366810348139437
1.3816234552020486E-4 3.763732860722825E-4 1.8580453363062038E-4 4.2877969299374024E-5 5.669420385139445E-4 1.619834395754126E-4 1.8580453363062024E-4 2.0962562768582816E-4 2.3344672174103575E-4 1.3816234552020473E-4 1.6198343957541265E-4 1.619834395754126E-4 1.8580453363062024E-4 4.2877969299374024E-5 0.45438260488427745 1.6198343957541246E-4 4.2877969299374024E-5 4.2877969299374024E-5 9.05201574097892E-5 0.5403291122354668 1.1434125146499699E-4 0.0020438498699368304
8.827349651319716E-5 1.5132599402262303E-4 2.143784915320496E-4 1.51325994022623E-4 3.089572377961886E-4 1.828522427773365E-4 0.3498404771813011 1.1979974526790983E-4 8.827349651319708E-5 1.1979974526790999E-4 8.827349651319694E-5 8.827349651319716E-5 5.674724775848378E-5 1.8285224277733665E-4 1.1979974526790985E-4 4.0353598406032824E-4 4.035359840603283E-4 3.0895723779618916E-4 1.8285224277733594E-4 0.6446739555353791 1.513259940226234E-4 0.002074427168060121
2.986128077747914E-4 4.343459022178798E-4 0.010274995249341686 9.501316611016091E-5 1.289464397209326E-4 1.289464397209326E-4 0.38191220783451424 2.6467953416401974E-4 0.0012826777424871717 1.2894643972093274E-4 7.058120911040531E-4 5.022124494394244E-4 1.9681298694247616E-4 8.076119119363658E-4 7.058120911040531E-4 9.501316611016099E-5 4.004126286071081E-4 5.022124494394228E-4 1.2894643972093258E-4 0.6003746233406629 2.3074626055324788E-4 4.0041262860710756E-4
8.18690315278192E-4 0.002494532906955025 7.692392224090366E-5 0.0018077121726612422 1.5934241035615767E-4 5.439620215606787E-4 0.00853855536874031 0.002247277442609259 5.439620215606769E-4 1.3186958098440634E-4 3.7912504533016916E-4 0.007439642193870251 0.0011758370971109576 0.0015879295376872275 0.0033187177881075602 2.9670655721491433E-4 0.0016978208551742357 7.912174859064392E-4 3.241793865866657E-4 0.9629446477433825 2.967065572149144E-4 0.002384641589468024
2.0451373851114023E-4 7.759491843510898E-4 1.7443818873009005E-4 0.0012872335306289414 0.0023098022231846324 1.1428708916799009E-4 0.018851354602762153 0.09361917135845244 3.5489148741638967E-4 1.7443818873009054E-4 8.421153938694E-5 7.1579808478899E-4 5.052692363216389E-4 6.2557143544584E-4 1.1428708916798993E-4 5.654203358837392E-4 8.962513834752916E-4 8.421153938693999E-5 3.548914874163897E-4 0.8778992829988929 1.1428708916799002E-4 1.744381887300904E-4
1.751241321054037E-4 9.786348558831388E-5 7.210993674928416E-5 7.417022065640657E-4 1.751241321054037E-4 5.356738158518263E-4 9.786348558831391E-5 2.52384778622494E-4 4.84166718173765E-4 1.4937058326637402E-4 5.09920267012795E-4 7.210993674928416E-5 0.07462863382574117 0.001102251890310487 0.0025702041741351984 9.477305972763052E-4 7.67455755403097E-4 2.0087768094443378E-4 9.786348558831397E-5 0.4592063786389765 2.2663122978346364E-4 0.4568885592434639
9.370314842578705E-5 9.370314842578705E-5 9.370314842578705E-5 9.370314842578705E-5 9.370314842578705E-5 1.4576045310678038E-4 9.370314842578705E-5 9.370314842578705E-5 9.370314842578705E-5 1.9781775778777275E-4 9.370314842578705E-5 1.978177577877727E-4 0.8660669665167411 9.370314842578705E-5 9.370314842578705E-5 9.370314842578705E-5 1.4576045310678035E-4 9.370314842578705E-5 3.539896718307505E-4 0.1314863401632517 9.370314842578705E-5 9.370314842578705E-5
2.54092707539294E-4 2.5409270753929357E-4 1.6334531198954584E-4 1.6334531198954584E-4 1.6334531198954584E-4 2.5409270753929406E-4 1.6334531198954584E-4 1.6334531198954584E-4 1.6334531198954584E-4 4.355874986387902E-4 1.6334531198954584E-4 1.6334531198954584E-4 7.985770808377793E-4 1.6334531198954584E-4 3.4484010308904214E-4 1.6334531198954584E-4 2.5409270753929444E-4 1.6334531198954584E-4 1.6334531198954584E-4 0.0015245562452357614 0.9937565791861772 1.6334531198954584E-4
1.424095699230991E-4 1.424095699230991E-4 1.424095699230991E-4 1.424095699230991E-4 2.2152599765815382E-4 1.424095699230991E-4 1.424095699230991E-4 1.424095699230991E-4 2.215259976581539E-4 1.424095699230991E-4 3.0064242539320834E-4 1.424095699230991E-4 0.0010918067027437608 2.215259976581539E-4 2.2152599765815344E-4 2.2152599765815344E-4 1.424095699230991E-4 1.424095699230991E-4 1.424095699230991E-4 0.0015665052691540876 0.9940029747776816 2.215259976581539E-4
4.3558749863878963E-4 1.6334531198954584E-4 1.6334531198954584E-4 3.4484010308904203E-4 1.6334531198954584E-4 1.6334531198954584E-4 1.6334531198954584E-4 1.6334531198954584E-4 2.5409270753929444E-4 1.6334531198954584E-4 1.6334531198954584E-4 1.6334531198954584E-4 6.170822897382857E-4 1.6334531198954584E-4 2.540927075392936E-4 1.6334531198954584E-4 1.6334531198954584E-4 1.6334531198954584E-4 1.6334531198954584E-4 3.4484010308904214E-4 0.995299284910523 1.6334531198954584E-4
3.6667644470519255E-5 7.740947165998504E-5 7.740947165998504E-5 7.740947165998504E-5 7.740947165998505E-5 3.6667644470519255E-5 7.740947165998505E-5 0.752640070401877 9.778038525471794E-5 5.663113979335737E-4 5.7038558065252143E-5 7.740947165998505E-5 7.740947165998504E-5 5.7038558065252143E-5 7.740947165998504E-5 3.6667644470519255E-5 3.6667644470519255E-5 3.6667644470519255E-5 7.740947165998504E-5 0.24556728920178617 9.778038525471794E-5 3.6667644470519255E-5
1.007861318282604E-4 2.1277072274855042E-4 2.1277072274855042E-4 2.1277072274855036E-4 0.0032363546775963634 1.007861318282604E-4 3.807476091289841E-4 1.007861318282604E-4 1.5677842728840507E-4 0.5863961118950033 1.007861318282604E-4 1.567784272884051E-4 1.5677842728840507E-4 3.2475531366884044E-4 1.007861318282604E-4 2.6876301820869544E-4 2.6876301820869506E-4 1.567784272884051E-4 0.049094044659454855 0.35800353871307306 1.007861318282604E-4 1.5677842728840507E-4
0.001637810014038371 0.001117870327042062 5.546023327960615E-4 9.012287907936005E-4 0.015546196641189662 0.03153434201632611 0.004410821678018682 9.012287907936E-4 1.2131926029913878E-4 0.0017677949357874478 2.079758747985228E-4 0.002894330924279449 2.5130418204821574E-4 6.412589472954463E-4 1.646475675488314E-4 0.012469886826461498 0.0012478552487911394 7.799095304944641E-5 0.001377840170540216 0.9149985268375537 0.005190731208513146 0.0019844364720359095
2.3144130070010998E-4 8.679048776254113E-5 8.679048776254113E-5 4.2430905128353514E-4 0.796968118960829 3.760921136376792E-4 1.8322436305425407E-4 4.7252598892939167E-4 8.679048776254113E-5 0.0177824066037918 3.7609211363767914E-4 7.61827614804529E-4 6.171768018669603E-4 3.7609211363767936E-4 1.832243630542539E-4 3.2787517599182266E-4 9.064784277420977E-4 7.618276148045289E-4 3.27875175991823E-4 0.17791085652568037 5.207429265752478E-4 2.3144130070011046E-4
1.5292524140341672E-4 9.83090837593393E-5 2.62157556691573E-4 4.8062218726788175E-4 0.0016275614977935098 9.721676060645769E-4 0.6785948354961331 3.167737143356493E-4 1.5292524140341672E-4 1.5292524140341672E-4 1.5292524140341672E-4 1.5292524140341672E-4 6.444706602001129E-4 1.5292524140341672E-4 3.713898719797266E-4 8.083191331323455E-4 4.260060296238041E-4 6.444706602001135E-4 2.0754139904749475E-4 0.3116834884432211 0.0011906322366408862 7.537029754882673E-4
1.2179420259595654E-4 1.2179420259595654E-4 1.6529213209451256E-4 7.829627309740067E-5 1.2179420259595654E-4 7.829627309740067E-5 1.2179420259595665E-4 1.6529213209451256E-4 2.0879006159306847E-4 1.652921320945125E-4 3.8278177958729143E-4 1.2179420259595654E-4 0.0027316699725093113 1.2179420259595667E-4 1.6529213209451256E-4 7.829627309740067E-5 0.4567630580784356 1.2179420259595654E-4 7.829627309740067E-5 0.5377997007342452 1.2179420259595654E-4 1.6529213209451256E-4
7.829627309740067E-5 1.6529213209451248E-4 7.829627309740067E-5 1.6529213209451248E-4 7.829627309740067E-5 1.2179420259595654E-4 2.522879910916243E-4 2.0879006159306839E-4 2.0879006159306839E-4 1.2179420259595654E-4 1.2179420259595663E-4 7.829627309740067E-5 0.0012962382990569638 1.2179420259595655E-4 1.2179420259595667E-4 1.6529213209451243E-4 0.45693704979642963 7.829627309740067E-5 1.2179420259595671E-4 0.5391046386192014 2.957859205901802E-4 7.829627309740067E-5
6.860493666681122E-5 6.860493666681113E-5 2.3109031298294204E-4 6.860493666681115E-5 1.047127980703955E-4 1.9498245157935742E-4 1.0471279807039586E-4 2.3109031298294226E-4 1.408206594739803E-4 1.2276672877218792E-4 0.009709403931423938 5.055100596501877E-5 0.01835723673758249 8.665886736860361E-5 1.0471279807039563E-4 1.0471279807039597E-4 0.49160492222366614 5.055100596501874E-5 1.5887459017577266E-4 0.47826306743504204 1.4082065947398047E-4 3.2497075263226347E-5
2.3137436372049986E-4 2.3137436372049986E-4 6.169983032546651E-4 3.599156768985552E-4 2.3137436372049986E-4 2.3137436372049986E-4 6.169983032546665E-4 3.599156768985551E-4 2.3137436372049986E-4 2.3137436372049986E-4 3.59915676898556E-4 6.169983032546665E-4 0.9919276055324183 4.8845699007661E-4 3.5991567689855564E-4 4.884569900766109E-4 2.3137436372049986E-4 4.884569900766096E-4 2.3137436372049986E-4 4.884569900766105E-4 6.169983032546641E-4 3.5991567689855537E-4
3.543586109142453E-4 3.543586109142453E-4 7.480904008189615E-4 7.480904008189619E-4 3.543586109142453E-4 3.543586109142453E-4 7.48090400818962E-4 3.543586109142453E-4 3.543586109142453E-4 3.543586109142453E-4 5.512245058666019E-4 7.480904008189613E-4 0.9888180171667069 7.480904008189602E-4 5.512245058666024E-4 9.449562957713206E-4 3.543586109142453E-4 5.51224505866602E-4 5.512245058666036E-4 3.543586109142453E-4 7.480904008189613E-4 3.543586109142453E-4
3.1604135626890514E-4 3.1604135626890525E-4 4.289132692220877E-4 0.5652399656869384 2.0316944331572536E-4 2.0316944331572536E-4 5.417851821752678E-4 3.1604135626890514E-4 2.0316944331572536E-4 2.0316944331572536E-4 4.289132692220869E-4 2.0316944331572536E-4 5.417851821752678E-4 4.289132692220873E-4 2.0316944331572536E-4 5.41785182175269E-4 4.2891326922208734E-4 2.0316944331572536E-4 3.1604135626890606E-4 0.4279877195358708 5.417851821752671E-4 2.0316944331572536E-4
3.543586109142453E-4 0.001929285770533113 7.480904008189611E-4 3.543586109142453E-4 5.512245058666022E-4 7.480904008189612E-4 5.512245058666025E-4 5.512245058666019E-4 0.0013386880856760392 3.543586109142453E-4 3.543586109142453E-4 7.480904008189626E-4 0.9852744310575645 3.543586109142453E-4 7.480904008189608E-4 3.543586109142453E-4 9.449562957713208E-4 5.512245058666032E-4 7.480904008189611E-4 9.449562957713191E-4 5.512245058666032E-4 9.449562957713198E-4
2.3137436372049986E-4 2.3137436372049986E-4 7.455396164327222E-4 2.3137436372049986E-4 3.599156768985552E-4 3.5991567689855537E-4 3.59915676898556E-4 3.59915676898556E-4 4.884569900766096E-4 6.169983032546651E-4 2.3137436372049986E-4 2.3137436372049986E-4 0.9932130186641988 2.3137436372049986E-4 2.3137436372049986E-4 2.3137436372049986E-4 2.3137436372049986E-4 4.884569900766106E-4 2.3137436372049986E-4 2.3137436372049986E-4 2.3137436372049986E-4 2.3137436372049986E-4
6.845305536671973E-5 2.1244051665533687E-5 5.665080444142312E-5 9.205755721731251E-5 4.484855351612655E-5 1.038598081426089E-4 5.665080444142302E-5 4.484855351612657E-5 2.1244051665533687E-5 4.4848553516126544E-5 8.025530629201617E-5 3.3046302590830134E-5 0.6605460193368079 3.30463025908301E-5 8.025530629201612E-5 4.484855351612659E-5 3.304630259083008E-5 3.3046302590830087E-5 9.205755721731236E-5 0.33830916232343833 6.845305536671972E-5 9.205755721731255E-5
3.697541135145128E-4 3.697541135145128E-4 7.563152321887757E-5 1.1764903611825404E-4 4.1177162641388925E-4 7.563152321887757E-5 1.596665490176305E-4 4.537891393132657E-4 2.4370157481638343E-4 0.9944200742869629 3.6975411351451276E-4 2.8571908771575993E-4 7.563152321887757E-5 1.596665490176305E-4 2.01684061917007E-4 5.378241651120186E-4 1.1764903611825404E-4 1.596665490176305E-4 1.1764903611825403E-4 6.63876703810148E-4 1.596665490176305E-4 4.537891393132657E-4
1.0073536818777103E-4 5.8762298109533096E-5 5.8762298109533096E-5 1.0073536818777092E-4 7.9748833148652E-5 2.0566804338336545E-4 3.777576307041402E-5 5.8762298109533076E-5 5.876229810953302E-5 5.8762298109533096E-5 1.846815083442461E-4 7.974883314865213E-5 0.8927420167220711 5.8762298109533096E-5 7.9748833148652E-5 1.2172190322688987E-4 1.0073536818777092E-4 5.8762298109533096E-5 1.2172190322688998E-4 0.10549511433464287 1.0073536818777088E-4 3.777576307041402E-5
0.01462997837762434 0.004254725535328173 0.007567831484968939 8.544325870126262E-4 0.0027725465578572936 0.0039059775406291427 0.012014368417381606 0.012973425402803941 0.018379019320638904 0.003208481551231081 0.0063472135035223184 0.011404059426658288 5.928715909883533E-4 0.0019878635697844747 0.0032084815512310816 0.008788449466415538 0.0021622375671339904 0.008875636465090316 0.0039059775406291427 0.8590360605426516 0.0073062704889446635 0.005824091511473803
2.0430016625806578E-4 1.690759996618482E-4 0.0012610251641446135 3.451968326429391E-4 2.7474849945050223E-4 2.043001662580657E-4 0.4677346633978639 9.862766646941136E-5 3.8042099923915775E-4 6.340349987319303E-5 6.340349987319303E-5 8.031109983937761E-4 3.8042099923915894E-4 9.862766646941135E-5 6.340349987319303E-5 2.043001662580657E-4 9.862766646941139E-5 9.862766646941147E-5 1.3385183306562973E-4 0.5255727449488548 5.917659988164696E-4 0.00115535266435596
3.0469226081657544E-4 0.0011250175783996627 1.093767090110784E-4 0.003546930420787822 0.0015547117923717562 6.953233644275693E-4 0.005578212159564982 8.125126955108675E-4 1.093767090110784E-4 5.000078126220725E-4 0.003078173096454632 8.906389162330663E-4 2.65629150455476E-4 3.4375537117767476E-4 1.4843981937217787E-4 6.171971437053706E-4 8.125126955108675E-4 7.343864747886688E-4 0.0037813090829544194 0.9675854310223593 7.0313598649979E-5 0.007336052125814453
1.8968133535660073E-4 5.05816894284269E-4 5.058168942842689E-4 1.8968133535660073E-4 1.8968133535660073E-4 1.8968133535660073E-4 2.950598549991568E-4 8.219524532119371E-4 4.004383746417129E-4 0.008409205867475969 2.950598549991568E-4 1.8968133535660073E-4 0.0015596020907098296 2.950598549991568E-4 4.004383746417129E-4 9.273309728544931E-4 4.004383746417129E-4 4.004383746417129E-4 1.8968133535660073E-4 0.9829497555218347 4.004383746417129E-4 2.950598549991568E-4
1.1946079171067843E-4 1.1946079171067838E-4 5.658669081032131E-5 2.452089935113932E-4 2.7664604396157155E-4 8.802374126049982E-5 0.19946179769629296 1.1946079171067843E-4 1.8233489261103582E-4 8.802374126049983E-5 1.8233489261103574E-4 0.0017227503646697864 9.368241034153223E-4 8.802374126049985E-5 8.802374126049987E-5 4.652683466626438E-4 5.658669081032131E-5 2.137719430612144E-4 1.1946079171067843E-4 0.7570607615311096 8.802374126049982E-5 0.03822116593732714
6.727599496391139E-5 1.6338455919806996E-4 2.3546598237369037E-4 7.160088035444849E-4 6.727599496391137E-5 1.1533027708099058E-4 1.1533027708099051E-4 9.130313602245115E-5 4.324885390537148E-5 6.727599496391125E-5 4.324885390537148E-5 1.153302770809906E-4 6.679545214274051E-4 6.72759949639114E-5 1.393574181395299E-4 1.3935741813953033E-4 1.1533027708099047E-4 6.727599496391121E-5 6.727599496391139E-5 0.5106440234889332 4.0365596978346826E-4 0.4858480139165202
