0.2175438596491228 0.052631578947368425 0.052631578947368425 0.052631578947368425 0.05380116959064327 0.08187134502923982 0.053801169590643266 0.055555555555555525 0.05438596491228072 0.05321637426900586 0.052631578947368425 0.052631578947368425 0.052631578947368425 0.05380116959064327 0.06023391812865494
0.15024154589371982 0.04492753623188414 0.04879227053140103 0.04541062801932375 0.11449275362318839 0.046376811594202975 0.09178743961352666 0.04637681159420299 0.04830917874396145 0.08937198067632865 0.08212560386473444 0.04830917874396144 0.04589371980676337 0.04927536231884067 0.04830917874396143
0.05789473684210525 0.05497076023391812 0.05380116959064329 0.0573099415204678 0.05730994152046782 0.15146198830409333 0.11052631578947367 0.06198830409356726 0.061988304093567245 0.057309941520467804 0.05497076023391812 0.05497076023391813 0.05438596491228069 0.056725146198830394 0.0543859649122807
0.05614035087719297 0.0567251461988304 0.05847953216374267 0.05555555555555555 0.11345029239766077 0.06140350877192977 0.06374269005847949 0.0614035087719298 0.06257309941520464 0.06023391812865496 0.11286549707602332 0.0596491228070175 0.06023391812865496 0.05730994152046784 0.060233918128654966
0.05380116959064329 0.059064327485380076 0.052631578947368425 0.0947368421052632 0.05321637426900585 0.05321637426900585 0.104093567251462 0.05321637426900585 0.05730994152046782 0.05380116959064327 0.05321637426900586 0.09883040935672516 0.05321637426900585 0.053801169590643266 0.10584795321637427
0.10000000000000002 0.15672514619883013 0.05380116959064329 0.052631578947368425 0.053801169590643266 0.05380116959064327 0.05321637426900585 0.052631578947368425 0.05964912280701752 0.05614035087719296 0.05321637426900584 0.05438596491228071 0.06842105263157895 0.07894736842105263 0.052631578947368425
0.05614035087719298 0.05789473684210524 0.05438596491228071 0.055555555555555546 0.057309941520467846 0.11461988304093558 0.05555555555555555 0.05847953216374265 0.060818713450292376 0.07836257309941526 0.057309941520467846 0.05555555555555555 0.10116959064327485 0.08187134502923976 0.05497076023391813
0.047342995169082205 0.20193236714975846 0.04396135265700491 0.04589371980676335 0.04589371980676337 0.10000000000000007 0.0806763285024156 0.06908212560386483 0.04927536231884067 0.04879227053140107 0.04685990338164258 0.04879227053140105 0.061352657004831015 0.0652173913043479 0.04492753623188414
0.056725146198830394 0.15438596491228065 0.054970760233918115 0.05789473684210525 0.0766081871345029 0.057309941520467846 0.05555555555555555 0.05789473684210524 0.05906432748538009 0.053801169590643266 0.05614035087719297 0.06549707602339178 0.07777777777777779 0.05789473684210522 0.058479532163742666
0.05505050505050509 0.1343434343434345 0.05151515151515154 0.06010101010101016 0.06010101010101015 0.05808080808080812 0.058585858585858644 0.0631313131313132 0.06515151515151521 0.07272727272727277 0.05353535353535357 0.05707070707070711 0.09090909090909097 0.052020202020202036 0.06767676767676771
0.1263157894736841 0.05614035087719299 0.05321637426900585 0.06081871345029236 0.10935672514619882 0.05789473684210524 0.0590643274853801 0.05906432748538012 0.06783625730994149 0.0590643274853801 0.05789473684210526 0.060233918128654945 0.05555555555555554 0.057309941520467804 0.060233918128654966
0.04722222222222219 0.1481481481481481 0.04444444444444439 0.13240740740740747 0.044907407407407354 0.046759259259259216 0.05462962962962965 0.045833333333333295 0.04953703703703701 0.12268518518518516 0.044907407407407354 0.04490740740740736 0.06388888888888888 0.04629629629629627 0.0634259259259259
0.07724867724867716 0.04920634920634913 0.05132275132275125 0.056613756613756554 0.05449735449735443 0.11269841269841259 0.09523809523809514 0.0597883597883597 0.05449735449735441 0.052380952380952306 0.111111111111111 0.053439153439153377 0.0671957671957671 0.05291005291005284 0.051851851851851774
0.04444444444444439 0.23055555555555543 0.0444444444444444 0.044907407407407354 0.04351851851851847 0.04537037037037032 0.0458333333333333 0.04398148148148143 0.04953703703703701 0.05925925925925925 0.08564814814814806 0.06990740740740739 0.08148148148148147 0.06759259259259258 0.04351851851851848
0.06339869281045737 0.06013071895424823 0.059477124183006415 0.060784313725490056 0.06013071895424824 0.10326797385620896 0.06339869281045737 0.06339869281045737 0.1026143790849671 0.0594771241830064 0.059477124183006415 0.06013071895424824 0.06274509803921557 0.06078431372549008 0.06078431372549007
0.10058479532163743 0.05730994152046784 0.0543859649122807 0.05614035087719298 0.14035087719298225 0.05555555555555554 0.054970760233918115 0.05614035087719296 0.061403508771929835 0.054970760233918115 0.05906432748538007 0.05672514619883037 0.08187134502923986 0.0567251461988304 0.053801169590643266
0.05321637426900585 0.052631578947368425 0.053801169590643266 0.052631578947368425 0.05321637426900585 0.052631578947368425 0.15380116959064297 0.052631578947368425 0.055555555555555546 0.05321637426900585 0.1526315789473681 0.052631578947368425 0.05438596491228069 0.052631578947368425 0.0543859649122807
0.15438596491228038 0.052631578947368425 0.052631578947368425 0.052631578947368425 0.05555555555555554 0.0543859649122807 0.052631578947368425 0.057309941520467804 0.05321637426900585 0.052631578947368425 0.1491228070175436 0.05321637426900584 0.05321637426900585 0.05321637426900585 0.05321637426900584
0.04761904761904755 0.059259259259259185 0.13915343915343906 0.04920634920634913 0.048677248677248604 0.04814814814814808 0.048677248677248604 0.10423280423280414 0.04920634920634913 0.04814814814814808 0.09576719576719564 0.06666666666666658 0.05026455026455019 0.048677248677248604 0.09629629629629617
0.05789473684210524 0.06842105263157888 0.05438596491228069 0.05497076023391812 0.05438596491228071 0.05614035087719296 0.053801169590643266 0.11520467836257298 0.061403508771929814 0.05497076023391813 0.10701754385964911 0.07719298245614038 0.0649122807017544 0.06198830409356721 0.05730994152046786
0.21419753086419718 0.05555555555555545 0.05617283950617273 0.05617283950617273 0.05679012345679002 0.05740740740740729 0.05555555555555545 0.05555555555555545 0.05679012345679002 0.05555555555555545 0.05679012345679001 0.05555555555555545 0.05555555555555545 0.05617283950617273 0.05617283950617273
0.061437908496731905 0.059477124183006415 0.0594771241830064 0.05882352941176457 0.06078431372549007 0.1594771241830063 0.05882352941176457 0.06209150326797373 0.061437908496731884 0.059477124183006415 0.05882352941176457 0.06013071895424824 0.06013071895424824 0.06013071895424823 0.0594771241830064
0.06013071895424823 0.0594771241830064 0.07320261437908482 0.05882352941176457 0.06078431372549007 0.05882352941176457 0.11437908496732004 0.059477124183006415 0.06209150326797373 0.061437908496731905 0.059477124183006415 0.06013071895424824 0.062091503267973726 0.08692810457516323 0.06274509803921555
0.0625 0.0625 0.0625 0.12361111111111112 0.0625 0.0625 0.0625 0.0625 0.06319444444444444 0.0625 0.06319444444444444 0.0625 0.0625 0.0625 0.0625
0.048677248677248604 0.10370370370370355 0.048677248677248604 0.05185185185185179 0.05079365079365071 0.05026455026455019 0.05502645502645495 0.06984126984126975 0.04973544973544967 0.186243386243386 0.05132275132275124 0.05185185185185179 0.05502645502645496 0.0783068783068782 0.048677248677248604
0.059477124183006415 0.06013071895424823 0.0999999999999998 0.06013071895424823 0.059477124183006415 0.06078431372549007 0.06013071895424824 0.06013071895424824 0.0594771241830064 0.11699346405228735 0.061437908496731884 0.059477124183006415 0.059477124183006415 0.0614379084967319 0.0614379084967319
0.06527777777777778 0.06458333333333334 0.06319444444444444 0.06388888888888888 0.06319444444444444 0.0625 0.06527777777777778 0.06458333333333334 0.06805555555555555 0.08541666666666667 0.06319444444444444 0.07430555555555556 0.07013888888888889 0.0625 0.06388888888888888
0.12291666666666666 0.0625 0.0625 0.06319444444444444 0.0625 0.06319444444444444 0.0625 0.0625 0.0625 0.0625 0.0625 0.0625 0.0625 0.06319444444444444 0.0625
0.07777777777777778 0.06388888888888888 0.06666666666666667 0.06388888888888888 0.06319444444444444 0.07222222222222222 0.06597222222222222 0.06597222222222222 0.06805555555555555 0.06458333333333334 0.06805555555555555 0.06527777777777778 0.06527777777777778 0.06319444444444444 0.06597222222222222
0.10701754385964908 0.06374269005847953 0.053801169590643266 0.05497076023391812 0.056725146198830394 0.05438596491228069 0.05555555555555554 0.05497076023391813 0.055555555555555566 0.054970760233918115 0.16666666666666638 0.057309941520467825 0.055555555555555546 0.05497076023391813 0.05380116959064327
0.06013071895424824 0.05882352941176457 0.059477124183006415 0.06013071895424824 0.0594771241830064 0.061437908496731905 0.0594771241830064 0.0614379084967319 0.06274509803921555 0.06209150326797373 0.06013071895424823 0.11568627450980369 0.06078431372549007 0.07647058823529397 0.08169934640522858
0.06013071895424824 0.05882352941176457 0.059477124183006415 0.10588235294117625 0.059477124183006415 0.05882352941176457 0.059477124183006415 0.06013071895424823 0.0640522875816992 0.06013071895424824 0.11764705882352917 0.05882352941176457 0.059477124183006415 0.05882352941176457 0.05882352941176457
0.0660130718954247 0.0614379084967319 0.06274509803921555 0.06209150326797373 0.06405228758169922 0.062091503267973726 0.062091503267973726 0.06862745098039202 0.0614379084967319 0.06209150326797373 0.11568627450980369 0.06274509803921555 0.06535947712418287 0.06339869281045737 0.06013071895424824
0.06013071895424824 0.06013071895424823 0.10457516339869259 0.0594771241830064 0.06013071895424824 0.10718954248365993 0.06013071895424823 0.06274509803921556 0.06274509803921555 0.06013071895424823 0.06013071895424823 0.0594771241830064 0.062091503267973726 0.06013071895424824 0.06078431372549007
0.06319444444444444 0.06388888888888888 0.10138888888888889 0.0625 0.06388888888888888 0.0625 0.0625 0.06319444444444444 0.07777777777777778 0.06319444444444444 0.06319444444444444 0.0625 0.06388888888888888 0.0625 0.06388888888888888
0.05617283950617273 0.05555555555555545 0.05555555555555545 0.05679012345679001 0.05617283950617273 0.05617283950617273 0.11049382716049364 0.05617283950617273 0.06111111111111099 0.05864197530864187 0.1074074074074072 0.05679012345679001 0.07222222222222209 0.08333333333333319 0.05740740740740729
0.05679012345679001 0.05617283950617273 0.05617283950617273 0.05617283950617273 0.10123456790123436 0.05925925925925914 0.06111111111111099 0.05679012345679002 0.1006172839506171 0.1111111111111109 0.05802469135802457 0.05617283950617273 0.05617283950617273 0.058024691358024585 0.05617283950617273
0.06527777777777778 0.0625 0.0625 0.06319444444444444 0.06388888888888888 0.06319444444444444 0.0625 0.11736111111111111 0.0625 0.0625 0.0625 0.0625 0.06319444444444444 0.06319444444444444 0.06319444444444444
0.05611111111111103 0.15333333333333338 0.05055555555555547 0.052222222222222135 0.05166666666666658 0.05277777777777769 0.05166666666666658 0.05166666666666658 0.05166666666666657 0.06333333333333326 0.05111111111111102 0.05166666666666658 0.1594444444444444 0.052222222222222135 0.050555555555555465
0.05438596491228069 0.07017543859649122 0.05380116959064327 0.05555555555555554 0.058479532163742645 0.05789473684210525 0.054970760233918115 0.05614035087719296 0.060233918128654945 0.05847953216374269 0.0567251461988304 0.05789473684210523 0.1918128654970761 0.05614035087719299 0.0573099415204678
0.05166666666666658 0.050555555555555465 0.05111111111111103 0.0538888888888888 0.1500000000000002 0.052222222222222135 0.09833333333333319 0.04999999999999991 0.05499999999999991 0.05222222222222214 0.05111111111111102 0.05166666666666658 0.13055555555555562 0.050555555555555465 0.05111111111111103
0.05925925925925914 0.11666666666666645 0.06049382716049372 0.0574074074074073 0.06049382716049372 0.05740740740740729 0.0685185185185184 0.05740740740740729 0.06049382716049371 0.07654320987654309 0.05555555555555545 0.058641975308641854 0.06111111111111101 0.09320987654320974 0.05679012345679001
0.051322751322751256 0.06190476190476183 0.05079365079365071 0.05449735449735443 0.14179894179894162 0.05132275132275125 0.05449735449735442 0.050793650793650724 0.05502645502645495 0.0777777777777777 0.05185185185185179 0.05026455026455019 0.12063492063492057 0.07671957671957662 0.05079365079365071
0.045410628019323745 0.07198067632850254 0.04396135265700491 0.04444444444444452 0.04830917874396144 0.04830917874396143 0.04396135265700491 0.3106280193236718 0.045893719806763364 0.06328502415458946 0.04492753623188413 0.048792270531401054 0.047826086956521824 0.04541062801932373 0.046859903381642594
0.05882352941176457 0.060784313725490056 0.06013071895424824 0.06078431372549007 0.05882352941176457 0.0594771241830064 0.0594771241830064 0.15620915032679714 0.0614379084967319 0.06013071895424824 0.06013071895424824 0.06209150326797371 0.06078431372549008 0.0614379084967319 0.059477124183006415
0.05497076023391813 0.08771929824561403 0.052631578947368425 0.05321637426900586 0.055555555555555546 0.05614035087719297 0.05789473684210527 0.05438596491228071 0.11461988304093558 0.06959064327485381 0.12807017543859633 0.05321637426900584 0.0543859649122807 0.05321637426900584 0.05438596491228068
0.09629629629629616 0.05679012345679002 0.05679012345679002 0.0574074074074073 0.11790123456790104 0.0765432098765431 0.061111111111111005 0.05740740740740729 0.06111111111111099 0.05679012345679001 0.0679012345679011 0.058024691358024585 0.058641975308641854 0.061111111111111005 0.05617283950617273
0.05555555555555545 0.22098765432098721 0.05617283950617273 0.05555555555555545 0.05555555555555545 0.05617283950617273 0.05555555555555545 0.05555555555555545 0.05555555555555545 0.05555555555555545 0.05555555555555545 0.05555555555555545 0.05555555555555545 0.05555555555555545 0.05555555555555545
0.06811594202898558 0.04975845410628026 0.05024154589371989 0.05217391304347833 0.05458937198067641 0.05217391304347834 0.058454106280193326 0.10628019323671503 0.05990338164251219 0.04927536231884067 0.18260869565217394 0.058937198067632944 0.05169082125603871 0.05603864734299524 0.04975845410628028
0.07944444444444433 0.053333333333333253 0.058333333333333244 0.06222222222222215 0.05944444444444436 0.06388888888888879 0.06111111111111101 0.06722222222222214 0.08166666666666657 0.05999999999999991 0.06055555555555548 0.05611111111111104 0.053888888888888806 0.12222222222222222 0.06055555555555546
0.05505050505050508 0.04595959595959594 0.045959595959595936 0.04797979797979797 0.04797979797979798 0.10606060606060609 0.2272727272727271 0.04797979797979798 0.04848484848484847 0.04646464646464645 0.04646464646464645 0.04646464646464645 0.04595959595959594 0.094949494949495 0.04696969696969696
0.13267973856209125 0.06013071895424824 0.05882352941176457 0.05882352941176457 0.0633986928104574 0.06078431372549007 0.0594771241830064 0.06013071895424824 0.06470588235294106 0.0594771241830064 0.06078431372549007 0.06013071895424824 0.0594771241830064 0.06013071895424823 0.08104575163398678
0.08680555555555555 0.06319444444444444 0.06736111111111111 0.06666666666666667 0.0625 0.06597222222222222 0.06388888888888888 0.06597222222222222 0.06736111111111111 0.06319444444444444 0.06597222222222222 0.06388888888888888 0.06666666666666667 0.06736111111111111 0.06319444444444444
0.0927777777777777 0.056666666666666574 0.08222222222222215 0.058888888888888796 0.055555555555555476 0.07222222222222212 0.05722222222222214 0.05944444444444435 0.10611111111111098 0.0577777777777777 0.05388888888888881 0.07166666666666659 0.05944444444444435 0.058333333333333244 0.0577777777777777
0.0625 0.0625 0.0625 0.0625 0.0625 0.12222222222222222 0.0625 0.0625 0.06319444444444444 0.0625 0.0625 0.0625 0.0625 0.0625 0.06458333333333334
0.07152777777777777 0.06388888888888888 0.06666666666666667 0.06666666666666667 0.06597222222222222 0.07430555555555556 0.06527777777777778 0.06388888888888888 0.07152777777777777 0.06458333333333334 0.06388888888888888 0.06666666666666667 0.06666666666666667 0.06388888888888888 0.06458333333333334
0.07901234567901222 0.05925925925925914 0.07839506172839493 0.058024691358024585 0.05987654320987644 0.05925925925925915 0.0574074074074073 0.06666666666666655 0.10679012345678998 0.05864197530864187 0.06111111111111099 0.05987654320987644 0.06049382716049372 0.06666666666666655 0.06851851851851841
0.06601307189542473 0.0594771241830064 0.06013071895424823 0.0640522875816992 0.06339869281045737 0.11176470588235277 0.06797385620915018 0.0614379084967319 0.06405228758169922 0.060784313725490056 0.06078431372549007 0.06209150326797373 0.06209150326797373 0.06666666666666653 0.06928104575163385
0.0444444444444444 0.04490740740740736 0.35740740740740745 0.04490740740740736 0.0444444444444444 0.044444444444444384 0.045833333333333295 0.04675925925925921 0.04537037037037034 0.04583333333333328 0.04351851851851847 0.04537037037037032 0.04398148148148143 0.04398148148148143 0.058796296296296346
0.05882352941176457 0.059477124183006415 0.05882352941176457 0.0594771241830064 0.05882352941176457 0.0594771241830064 0.05882352941176457 0.05882352941176457 0.05882352941176457 0.05882352941176457 0.1732026143790847 0.05882352941176457 0.05882352941176457 0.0594771241830064 0.059477124183006415
0.06319444444444444 0.0625 0.0625 0.0625 0.12361111111111112 0.0625 0.0625 0.0625 0.0625 0.06319444444444444 0.0625 0.0625 0.0625 0.0625 0.0625
0.05321637426900584 0.18830409356725142 0.08771929824561409 0.05321637426900585 0.052631578947368425 0.052631578947368425 0.05438596491228069 0.061988304093567224 0.055555555555555546 0.05380116959064327 0.05438596491228069 0.06842105263157892 0.05555555555555554 0.05438596491228068 0.05380116959064327
0.050793650793650724 0.19206349206349183 0.04973544973544967 0.05079365079365073 0.051851851851851774 0.050793650793650724 0.05185185185185179 0.06402116402116394 0.050264550264550185 0.059259259259259164 0.08941798941798931 0.052380952380952306 0.08624338624338618 0.05132275132275125 0.04920634920634913
0.05079365079365071 0.14550264550264533 0.04973544973544966 0.05238095238095231 0.05132275132275124 0.051322751322751256 0.05925925925925916 0.05661375661375653 0.06031746031746024 0.04920634920634913 0.052380952380952306 0.08783068783068772 0.050793650793650724 0.07460317460317448 0.10793650793650793
0.13202614379084945 0.06078431372549007 0.06013071895424823 0.06209150326797373 0.06274509803921555 0.062091503267973726 0.06078431372549007 0.0614379084967319 0.06274509803921555 0.06209150326797373 0.061437908496731884 0.0594771241830064 0.06078431372549007 0.06078431372549007 0.07058823529411752
0.048000000000000036 0.0844444444444445 0.30666666666666687 0.04088888888888891 0.04400000000000003 0.04177777777777781 0.045777777777777806 0.045333333333333364 0.0844444444444445 0.04088888888888891 0.04222222222222225 0.04355555555555558 0.04133333333333336 0.04755555555555559 0.04311111111111114
0.058641975308641854 0.05925925925925914 0.05864197530864187 0.05925925925925915 0.05864197530864187 0.09876543209876527 0.058024691358024585 0.07777777777777764 0.0679012345679011 0.05925925925925914 0.06975308641975299 0.062345679012345556 0.09135802469135794 0.05987654320987644 0.06049382716049372
0.0699346405228757 0.06339869281045739 0.06535947712418287 0.07254901960784299 0.06470588235294104 0.06993464052287568 0.06470588235294106 0.06470588235294104 0.0660130718954247 0.06470588235294103 0.062091503267973726 0.06535947712418287 0.06470588235294104 0.06666666666666653 0.0751633986928103
0.07083333333333333 0.06666666666666667 0.06388888888888888 0.06319444444444444 0.06458333333333334 0.06666666666666667 0.06666666666666667 0.06527777777777778 0.07569444444444444 0.06458333333333334 0.0625 0.07152777777777777 0.06458333333333334 0.06944444444444445 0.06388888888888888
0.04999999999999991 0.05055555555555547 0.050555555555555465 0.04999999999999991 0.10333333333333318 0.05166666666666659 0.05222222222222213 0.05888888888888881 0.05499999999999991 0.0538888888888888 0.10999999999999993 0.052222222222222135 0.16166666666666665 0.04999999999999991 0.04999999999999991
0.05882352941176457 0.05882352941176457 0.0594771241830064 0.0594771241830064 0.17320261437908469 0.059477124183006415 0.05882352941176457 0.0594771241830064 0.05882352941176457 0.05882352941176457 0.0594771241830064 0.05882352941176457 0.05882352941176457 0.05882352941176457 0.05882352941176457
0.06274509803921555 0.06078431372549007 0.06078431372549007 0.062091503267973726 0.06078431372549007 0.12483660130718932 0.06013071895424824 0.0640522875816992 0.0679738562091502 0.06209150326797373 0.06078431372549007 0.06274509803921555 0.062091503267973726 0.06339869281045737 0.06470588235294104
0.04444444444444439 0.20277777777777786 0.04212962962962957 0.04490740740740736 0.041666666666666616 0.043518518518518456 0.04629629629629626 0.09212962962962962 0.048611111111111084 0.04814814814814815 0.047222222222222214 0.1611111111111111 0.04953703703703703 0.04305555555555551 0.04444444444444439
0.07013888888888889 0.06319444444444444 0.06666666666666667 0.06666666666666667 0.06388888888888888 0.075 0.06805555555555555 0.06388888888888888 0.07152777777777777 0.06319444444444444 0.06388888888888888 0.06666666666666667 0.06666666666666667 0.06666666666666667 0.06388888888888888
0.0594771241830064 0.0594771241830064 0.0614379084967319 0.12026143790849649 0.062091503267973726 0.0594771241830064 0.0594771241830064 0.05882352941176457 0.10196078431372531 0.06013071895424823 0.05882352941176457 0.06013071895424824 0.06013071895424824 0.059477124183006415 0.05882352941176457
0.1127777777777777 0.056666666666666574 0.05777777777777768 0.08722222222222215 0.07722222222222212 0.06444444444444435 0.05722222222222215 0.05833333333333325 0.06333333333333324 0.0616666666666666 0.057222222222222126 0.053888888888888806 0.0688888888888888 0.06111111111111102 0.062222222222222116
0.061437908496731884 0.06666666666666653 0.06274509803921556 0.06339869281045737 0.06209150326797373 0.07385620915032667 0.06013071895424824 0.0614379084967319 0.10915032679738543 0.06732026143790837 0.061437908496731884 0.059477124183006415 0.0633986928104574 0.06274509803921556 0.06470588235294104
0.05555555555555545 0.06358024691358014 0.05617283950617273 0.05555555555555545 0.11049382716049361 0.05555555555555545 0.05925925925925916 0.05617283950617273 0.05679012345679001 0.0746913580246912 0.05555555555555545 0.1074074074074072 0.07962962962962948 0.058024691358024585 0.05555555555555545
0.03928571428571425 0.03809523809523807 0.27103174603174607 0.03968253968253965 0.04087301587301585 0.03888888888888886 0.043253968253968225 0.10912698412698406 0.0674603174603174 0.03888888888888886 0.07976190476190469 0.07460317460317453 0.040079365079365076 0.03730158730158729 0.041666666666666644
0.048677248677248604 0.09365079365079351 0.1846560846560844 0.04867724867724859 0.08730158730158717 0.04920634920634914 0.04920634920634913 0.05026455026455019 0.04973544973544967 0.04920634920634912 0.04814814814814808 0.048677248677248604 0.04920634920634913 0.048677248677248604 0.09470899470899459
0.06319444444444444 0.1111111111111111 0.0625 0.0625 0.0625 0.0625 0.0625 0.06319444444444444 0.06319444444444444 0.06597222222222222 0.06319444444444444 0.06319444444444444 0.06736111111111111 0.06319444444444444 0.06388888888888888
0.053439153439153356 0.147089947089947 0.048677248677248604 0.04814814814814808 0.05238095238095229 0.14021164021164012 0.05079365079365073 0.05291005291005284 0.05026455026455019 0.05185185185185179 0.05026455026455019 0.06402116402116394 0.06084656084656077 0.0783068783068782 0.050793650793650724
0.06736111111111111 0.06736111111111111 0.06458333333333334 0.06944444444444445 0.07361111111111111 0.06805555555555555 0.06736111111111111 0.06666666666666667 0.06527777777777778 0.06319444444444444 0.06527777777777778 0.06736111111111111 0.06388888888888888 0.06458333333333334 0.06597222222222222
0.05789473684210526 0.05730994152046782 0.05964912280701754 0.11286549707602336 0.06432748538011689 0.0596491228070175 0.06725146198830409 0.08771929824561407 0.0742690058479532 0.060818713450292376 0.05555555555555554 0.06549707602339179 0.060233918128654924 0.059064327485380125 0.05789473684210525
0.0594771241830064 0.1732026143790847 0.0594771241830064 0.05882352941176457 0.05882352941176457 0.05882352941176457 0.0594771241830064 0.05882352941176457 0.05882352941176457 0.05882352941176457 0.05882352941176457 0.05882352941176457 0.05882352941176457 0.05882352941176457 0.06013071895424823
0.0625 0.06944444444444445 0.0625 0.0625 0.0625 0.0625 0.0625 0.0625 0.0625 0.0625 0.0625 0.11597222222222223 0.06388888888888888 0.06319444444444444 0.0625
0.06013071895424823 0.10588235294117632 0.059477124183006415 0.06339869281045737 0.06013071895424824 0.06013071895424824 0.07516339869281032 0.0660130718954247 0.06732026143790838 0.05882352941176457 0.0614379084967319 0.06535947712418286 0.06013071895424823 0.060784313725490056 0.07581699346405216
0.05740740740740729 0.10432098765432084 0.05679012345679001 0.05925925925925914 0.058641975308641854 0.09999999999999983 0.07222222222222209 0.062345679012345556 0.06481481481481471 0.05740740740740729 0.05864197530864187 0.06296296296296283 0.06049382716049371 0.058641975308641854 0.06604938271604927
0.06111111111111101 0.053333333333333253 0.05166666666666658 0.09222222222222211 0.05444444444444436 0.05444444444444436 0.15333333333333346 0.05555555555555548 0.05888888888888877 0.052222222222222135 0.052222222222222135 0.052222222222222135 0.05166666666666658 0.05277777777777769 0.10388888888888877
0.05617283950617273 0.05555555555555545 0.16666666666666646 0.05555555555555545 0.05555555555555545 0.05555555555555545 0.05555555555555545 0.05555555555555545 0.05617283950617273 0.10925925925925904 0.05555555555555545 0.05555555555555545 0.05617283950617273 0.05555555555555545 0.05555555555555545
0.06527777777777778 0.06319444444444444 0.0625 0.06319444444444444 0.06597222222222222 0.11458333333333333 0.0625 0.06319444444444444 0.0625 0.0625 0.0625 0.06319444444444444 0.06319444444444444 0.06319444444444444 0.0625
0.05444444444444436 0.05499999999999991 0.05166666666666657 0.05111111111111103 0.14388888888888887 0.0938888888888888 0.05166666666666658 0.056666666666666594 0.081111111111111 0.053888888888888806 0.06666666666666658 0.06611111111111104 0.06722222222222214 0.0538888888888888 0.05277777777777769
0.06388888888888888 0.06597222222222222 0.06458333333333334 0.0625 0.06666666666666667 0.06597222222222222 0.06388888888888888 0.06527777777777778 0.0625 0.06736111111111111 0.06527777777777778 0.07916666666666666 0.07708333333333334 0.0625 0.06736111111111111
0.05789473684210526 0.05380116959064327 0.05497076023391812 0.05497076023391813 0.08596491228070174 0.20058479532163748 0.05321637426900584 0.05497076023391812 0.05555555555555557 0.05497076023391812 0.05555555555555555 0.05380116959064327 0.05321637426900585 0.0567251461988304 0.05380116959064327
0.11372549019607825 0.0614379084967319 0.06209150326797373 0.06339869281045739 0.0640522875816992 0.06862745098039201 0.0614379084967319 0.06666666666666651 0.0640522875816992 0.06013071895424824 0.06209150326797373 0.06209150326797371 0.062091503267973726 0.061437908496731884 0.06666666666666653
0.057309941520467825 0.11637426900584788 0.05497076023391813 0.05438596491228071 0.15029239766081845 0.05730994152046782 0.05672514619883039 0.05438596491228069 0.056725146198830394 0.05438596491228071 0.05497076023391814 0.052631578947368425 0.06315789473684211 0.06257309941520464 0.05380116959064327
0.05679012345679002 0.05617283950617273 0.05617283950617273 0.05617283950617273 0.05555555555555545 0.10925925925925904 0.1580246913580245 0.058024691358024585 0.05555555555555545 0.05679012345679001 0.05617283950617273 0.05617283950617273 0.05617283950617273 0.05555555555555545 0.05740740740740729
0.0625 0.0625 0.0625 0.0625 0.0625 0.0625 0.12430555555555556 0.0625 0.0625 0.0625 0.0625 0.0625 0.06319444444444444 0.0625 0.0625
0.06388888888888888 0.0625 0.06388888888888888 0.0625 0.0625 0.0625 0.06319444444444444 0.06388888888888888 0.0625 0.06319444444444444 0.11944444444444445 0.0625 0.0625 0.0625 0.0625
0.0527777777777777 0.054999999999999924 0.053888888888888806 0.09666666666666655 0.05666666666666658 0.05777777777777767 0.05111111111111103 0.05611111111111102 0.059999999999999894 0.07166666666666657 0.15611111111111123 0.06666666666666658 0.059999999999999935 0.053888888888888806 0.05166666666666658
0.05987654320987642 0.0574074074074073 0.05555555555555545 0.05617283950617273 0.058641975308641854 0.058641975308641854 0.05740740740740729 0.11481481481481465 0.061728395061728274 0.05740740740740729 0.05925925925925915 0.12901234567901215 0.05864197530864187 0.05802469135802457 0.05740740740740729
0.07777777777777772 0.05185185185185177 0.050793650793650724 0.051851851851851774 0.20899470899470865 0.05449735449735441 0.050793650793650724 0.05396825396825389 0.051322751322751256 0.05291005291005283 0.08518518518518506 0.05185185185185177 0.04920634920634913 0.05185185185185177 0.05714285714285706
0.12430555555555556 0.0625 0.0625 0.0625 0.0625 0.0625 0.0625 0.0625 0.0625 0.0625 0.0625 0.0625 0.06319444444444444 0.0625 0.0625
0.05802469135802457 0.05555555555555545 0.05740740740740729 0.061111111111111005 0.05802469135802457 0.11111111111111091 0.05617283950617273 0.143827160493827 0.05864197530864187 0.05555555555555545 0.058641975308641854 0.05617283950617273 0.05555555555555545 0.05617283950617273 0.05802469135802457
0.06805555555555555 0.047685185185185136 0.05601851851851855 0.0615740740740741 0.05092592592592593 0.059722222222222225 0.09629629629629623 0.08888888888888885 0.059722222222222274 0.14768518518518514 0.050925925925925895 0.0634259259259259 0.04814814814814813 0.05185185185185186 0.049074074074074055
0.05882352941176457 0.05882352941176457 0.05882352941176457 0.05882352941176457 0.05882352941176457 0.05882352941176457 0.05882352941176457 0.05882352941176457 0.05882352941176457 0.05882352941176457 0.1751633986928102 0.0594771241830064 0.05882352941176457 0.0594771241830064 0.05882352941176457
0.06031746031746023 0.04920634920634913 0.04973544973544967 0.05079365079365071 0.21746031746031708 0.05449735449735442 0.05449735449735441 0.05079365079365071 0.08624338624338615 0.04814814814814808 0.05238095238095232 0.05185185185185177 0.07407407407407401 0.050264550264550206 0.04973544973544967
0.06666666666666667 0.06388888888888888 0.07291666666666667 0.06597222222222222 0.06319444444444444 0.06736111111111111 0.07013888888888889 0.06597222222222222 0.06527777777777778 0.06458333333333334 0.06527777777777778 0.06736111111111111 0.06666666666666667 0.06944444444444445 0.06527777777777778
0.05497076023391812 0.05555555555555554 0.05438596491228071 0.05555555555555555 0.2198830409356726 0.05789473684210527 0.05497076023391813 0.05730994152046782 0.05497076023391812 0.05555555555555555 0.056725146198830394 0.05321637426900585 0.05438596491228069 0.055555555555555546 0.05906432748538009
0.05882352941176457 0.05882352941176457 0.05882352941176457 0.0594771241830064 0.17581699346405202 0.05882352941176457 0.05882352941176457 0.05882352941176457 0.05882352941176457 0.05882352941176457 0.05882352941176457 0.05882352941176457 0.05882352941176457 0.05882352941176457 0.05882352941176457
0.059477124183006415 0.05882352941176457 0.05882352941176457 0.05882352941176457 0.05882352941176457 0.06013071895424824 0.0594771241830064 0.05882352941176457 0.05882352941176457 0.05882352941176457 0.11568627450980369 0.05882352941176457 0.05882352941176457 0.0594771241830064 0.11633986928104549
0.0594771241830064 0.06013071895424824 0.08300653594771226 0.06013071895424823 0.06274509803921556 0.06274509803921556 0.06013071895424824 0.06274509803921555 0.06209150326797371 0.06078431372549007 0.0614379084967319 0.0614379084967319 0.06013071895424824 0.06535947712418287 0.11764705882352919
0.044444444444444516 0.04444444444444452 0.3521739130434784 0.04637681159420297 0.04830917874396144 0.045893719806763364 0.046859903381642594 0.046376811594202975 0.04830917874396144 0.045893719806763364 0.04637681159420299 0.046376811594202975 0.04685990338164258 0.04492753623188414 0.046376811594202975
0.0614379084967319 0.05882352941176457 0.07908496732026128 0.06013071895424824 0.0594771241830064 0.0640522875816992 0.0614379084967319 0.06862745098039202 0.0758169934640521 0.0660130718954247 0.06078431372549007 0.08888888888888875 0.062091503267973726 0.06601307189542471 0.06732026143790837
0.065079365079365 0.057671957671957604 0.05502645502645496 0.06455026455026447 0.05291005291005285 0.06666666666666657 0.06666666666666658 0.06296296296296289 0.07248677248677243 0.054497354497354406 0.053968253968253894 0.111111111111111 0.057671957671957604 0.1026455026455026 0.056084656084656015
0.06388888888888888 0.06319444444444444 0.06458333333333334 0.06388888888888888 0.06319444444444444 0.06597222222222222 0.0625 0.06458333333333334 0.06597222222222222 0.06319444444444444 0.10069444444444445 0.06527777777777778 0.06319444444444444 0.06597222222222222 0.06388888888888888
0.06358024691358014 0.06049382716049371 0.06419753086419741 0.06296296296296286 0.06049382716049371 0.06851851851851842 0.058641975308641854 0.061728395061728294 0.13703703703703687 0.06543209876543199 0.06049382716049371 0.0574074074074073 0.05740740740740729 0.06111111111111099 0.06049382716049371
0.04867724867724861 0.048677248677248604 0.14074074074074064 0.04814814814814808 0.048677248677248604 0.04814814814814808 0.04920634920634913 0.048677248677248604 0.04814814814814808 0.22910052910052864 0.04814814814814808 0.048677248677248604 0.04761904761904755 0.04814814814814808 0.04920634920634913
0.053888888888888806 0.05166666666666658 0.10499999999999987 0.05444444444444435 0.05277777777777769 0.0527777777777777 0.056666666666666574 0.09611111111111095 0.05611111111111104 0.10611111111111102 0.052222222222222135 0.05111111111111102 0.05277777777777769 0.10444444444444431 0.053888888888888806
0.06875 0.06319444444444444 0.06597222222222222 0.0625 0.06597222222222222 0.06388888888888888 0.07569444444444444 0.06527777777777778 0.06805555555555555 0.07013888888888889 0.06458333333333334 0.06736111111111111 0.06666666666666667 0.06597222222222222 0.06597222222222222
0.1248366013071893 0.06339869281045739 0.06601307189542471 0.061437908496731905 0.061437908496731884 0.06339869281045737 0.06339869281045737 0.06078431372549007 0.06078431372549007 0.0614379084967319 0.06013071895424823 0.06209150326797373 0.06535947712418289 0.06339869281045737 0.062091503267973726
0.06013071895424824 0.06209150326797371 0.06013071895424824 0.062091503267973726 0.05882352941176457 0.10588235294117625 0.06013071895424823 0.06470588235294103 0.06405228758169923 0.08039215686274495 0.06013071895424824 0.062091503267973726 0.07385620915032666 0.06601307189542469 0.0594771241830064
0.11296296296296274 0.05617283950617273 0.05555555555555545 0.05679012345679001 0.05617283950617273 0.14629629629629612 0.05679012345679001 0.05987654320987644 0.058641975308641875 0.05617283950617273 0.05679012345679002 0.05617283950617273 0.05679012345679001 0.05679012345679002 0.05802469135802457
0.06388888888888888 0.06388888888888888 0.06319444444444444 0.06597222222222222 0.06388888888888888 0.06458333333333334 0.0625 0.06875 0.09930555555555555 0.06527777777777778 0.06458333333333334 0.06319444444444444 0.06319444444444444 0.06388888888888888 0.06388888888888888
0.0614379084967319 0.06535947712418289 0.05882352941176457 0.06274509803921555 0.060784313725490056 0.06666666666666651 0.07254901960784298 0.06013071895424824 0.12418300653594755 0.0594771241830064 0.0614379084967319 0.06078431372549007 0.06209150326797373 0.0614379084967319 0.062091503267973726
0.06013071895424823 0.062091503267973726 0.06339869281045737 0.06666666666666653 0.06013071895424824 0.07189542483660118 0.06013071895424824 0.06013071895424824 0.06601307189542469 0.06013071895424824 0.0614379084967319 0.0594771241830064 0.0614379084967319 0.12156862745098018 0.06535947712418287
0.06601307189542469 0.06013071895424823 0.05882352941176457 0.06535947712418287 0.060784313725490056 0.10326797385620896 0.0614379084967319 0.06535947712418287 0.06862745098039204 0.06013071895424824 0.0614379084967319 0.06078431372549007 0.07189542483660118 0.06405228758169922 0.07189542483660116
0.1093567251461988 0.052631578947368425 0.05497076023391812 0.059649122807017514 0.054970760233918115 0.09415204678362571 0.05321637426900585 0.05672514619883037 0.0608187134502924 0.05614035087719298 0.05497076023391813 0.0543859649122807 0.07251461988304092 0.0590643274853801 0.1064327485380117
0.0625 0.06319444444444444 0.0625 0.0625 0.11805555555555555 0.06458333333333334 0.0625 0.06319444444444444 0.06319444444444444 0.06319444444444444 0.0625 0.0625 0.06319444444444444 0.06388888888888888 0.0625
0.06736111111111111 0.06805555555555555 0.06319444444444444 0.06527777777777778 0.06527777777777778 0.06458333333333334 0.06458333333333334 0.07708333333333334 0.07152777777777777 0.06388888888888888 0.06458333333333334 0.06597222222222222 0.06736111111111111 0.06388888888888888 0.06736111111111111
0.0625 0.06319444444444444 0.06388888888888888 0.06388888888888888 0.0625 0.10625 0.06319444444444444 0.06319444444444444 0.06458333333333334 0.06319444444444444 0.06319444444444444 0.0625 0.07222222222222222 0.0625 0.06319444444444444
0.06388888888888888 0.06388888888888888 0.06736111111111111 0.06944444444444445 0.06388888888888888 0.07430555555555556 0.06319444444444444 0.06319444444444444 0.06597222222222222 0.0625 0.06388888888888888 0.06458333333333334 0.06458333333333334 0.08055555555555556 0.06875
0.046859903381642594 0.05748792270531409 0.04492753623188414 0.08937198067632865 0.048792270531401054 0.04830917874396143 0.13913043478260867 0.10531400966183586 0.05507246376811603 0.06473429951690832 0.05362318840579717 0.04637681159420299 0.07971014492753634 0.058454106280193346 0.06183574879227064
0.06274509803921556 0.062091503267973726 0.06339869281045737 0.061437908496731884 0.06078431372549007 0.06535947712418287 0.06078431372549007 0.06862745098039202 0.06797385620915018 0.06209150326797373 0.06013071895424824 0.06666666666666654 0.0660130718954247 0.06339869281045739 0.10849673202614363
0.06013071895424824 0.06078431372549007 0.0594771241830064 0.06862745098039201 0.0633986928104574 0.06339869281045739 0.06470588235294106 0.06339869281045737 0.07320261437908479 0.06601307189542469 0.0614379084967319 0.06470588235294104 0.07973856209150312 0.0888888888888887 0.062091503267973726
0.06013071895424824 0.0679738562091502 0.06013071895424824 0.06013071895424824 0.059477124183006415 0.06078431372549007 0.06274509803921555 0.0594771241830064 0.0594771241830064 0.05882352941176457 0.0614379084967319 0.10784313725490176 0.0614379084967319 0.07581699346405214 0.0843137254901959
0.05213675213675212 0.0457264957264957 0.04273504273504268 0.16965811965811944 0.04102564102564099 0.047863247863247804 0.046581196581196534 0.07008547008547 0.05854700854700848 0.04188034188034185 0.08760683760683749 0.13717948717948703 0.046581196581196554 0.053846153846153794 0.0585470085470085
0.047474747474747475 0.047474747474747475 0.04646464646464645 0.1474747474747476 0.04696969696969696 0.04747474747474746 0.04797979797979797 0.056565656565656645 0.13131313131313138 0.14090909090909104 0.04848484848484848 0.04646464646464645 0.04747474747474746 0.04949494949494951 0.04797979797979798
0.06319444444444444 0.06319444444444444 0.0625 0.06458333333333334 0.0625 0.06319444444444444 0.0625 0.06527777777777778 0.1111111111111111 0.06388888888888888 0.06666666666666667 0.0625 0.0625 0.06319444444444444 0.06319444444444444
