7.261109497531223E-5 7.261109497531223E-5 7.261109497531223E-5 7.261109497531223E-5 7.261109497531223E-5 7.261109497531223E-5 7.261109497531223E-5 7.261109497531223E-5 7.261109497531223E-5 7.261109497531223E-5 7.261109497531223E-5 7.261109497531223E-5 7.261109497531223E-5 7.261109497531223E-5 7.261109497531223E-5 7.261109497531223E-5 7.261109497531223E-5 7.261109497531223E-5 7.261109497531223E-5 7.261109497531223E-5 7.261109497531223E-5 0.9984751670055184
7.478312892611427E-5 7.478312892611427E-5 0.011292252467843255 7.478312892611427E-5 7.478312892611427E-5 7.478312892611427E-5 7.478312892611427E-5 7.478312892611427E-5 7.478312892611427E-5 0.003813939575231828 7.478312892611427E-5 7.478312892611427E-5 7.478312892611427E-5 0.8039934190846545 7.478312892611427E-5 7.478312892611427E-5 7.478312892611427E-5 7.478312892611427E-5 0.003813939575231828 7.478312892611427E-5 7.478312892611427E-5 0.17581513610529464
1.0557432432432433E-4 1.0557432432432433E-4 1.0557432432432433E-4 1.0557432432432433E-4 1.0557432432432433E-4 1.0557432432432433E-4 1.0557432432432433E-4 1.0557432432432433E-4 1.0557432432432433E-4 1.0557432432432433E-4 1.0557432432432433E-4 1.0557432432432433E-4 1.0557432432432433E-4 1.0557432432432433E-4 1.0557432432432433E-4 1.0557432432432433E-4 1.0557432432432433E-4 0.9080447635135136 1.0557432432432433E-4 1.0557432432432433E-4 1.0557432432432433E-4 0.08984375
2.6867275658248256E-4 2.6867275658248256E-4 2.6867275658248256E-4 2.6867275658248256E-4 2.6867275658248256E-4 2.6867275658248256E-4 2.6867275658248256E-4 2.6867275658248256E-4 2.6867275658248256E-4 2.6867275658248256E-4 2.6867275658248256E-4 2.6867275658248256E-4 2.6867275658248256E-4 2.6867275658248256E-4 0.04056958624395486 2.6867275658248256E-4 2.6867275658248256E-4 2.6867275658248256E-4 2.6867275658248256E-4 2.6867275658248256E-4 0.10773777538957549 0.8465878559914025
2.0955574182732607E-4 2.0955574182732607E-4 2.0955574182732607E-4 2.0955574182732607E-4 0.021165129924559933 2.0955574182732607E-4 2.0955574182732607E-4 2.0955574182732607E-4 2.0955574182732607E-4 2.0955574182732607E-4 2.0955574182732607E-4 2.0955574182732607E-4 2.0955574182732607E-4 2.0955574182732607E-4 2.0955574182732607E-4 0.03164291701592624 2.0955574182732607E-4 2.0955574182732607E-4 2.0955574182732607E-4 2.0955574182732607E-4 2.0955574182732607E-4 0.9432103939647947
8.45880561664693E-5 8.45880561664693E-5 8.45880561664693E-5 8.45880561664693E-5 8.45880561664693E-5 8.45880561664693E-5 8.45880561664693E-5 8.45880561664693E-5 8.45880561664693E-5 8.45880561664693E-5 8.45880561664693E-5 8.45880561664693E-5 8.45880561664693E-5 8.45880561664693E-5 8.45880561664693E-5 0.04237861613940112 8.45880561664693E-5 0.6937066486212148 8.45880561664693E-5 8.45880561664693E-5 8.45880561664693E-5 0.2623075621722213
1.1465260261407935E-4 1.1465260261407935E-4 1.1465260261407935E-4 1.1465260261407935E-4 1.1465260261407935E-4 1.1465260261407935E-4 1.1465260261407935E-4 1.1465260261407935E-4 1.1465260261407935E-4 1.1465260261407935E-4 1.1465260261407935E-4 1.1465260261407935E-4 1.1465260261407935E-4 1.1465260261407935E-4 1.1465260261407935E-4 1.1465260261407935E-4 1.1465260261407935E-4 0.9975922953451044 1.1465260261407935E-4 1.1465260261407935E-4 1.1465260261407935E-4 1.1465260261407935E-4
1.8615040953090097E-4 1.8615040953090097E-4 0.7075577066269546 1.8615040953090097E-4 1.8615040953090097E-4 1.8615040953090097E-4 1.8615040953090097E-4 1.8615040953090097E-4 1.8615040953090097E-4 1.8615040953090097E-4 1.8615040953090097E-4 1.8615040953090097E-4 1.8615040953090097E-4 1.8615040953090097E-4 1.8615040953090097E-4 1.8615040953090097E-4 1.8615040953090097E-4 1.8615040953090097E-4 1.8615040953090097E-4 1.8615040953090097E-4 1.8615040953090097E-4 0.2887192851824274
1.8615040953090097E-4 1.8615040953090097E-4 0.018801191362620998 1.8615040953090097E-4 1.8615040953090097E-4 1.8615040953090097E-4 1.8615040953090097E-4 1.8615040953090097E-4 1.8615040953090097E-4 1.8615040953090097E-4 1.8615040953090097E-4 1.8615040953090097E-4 1.8615040953090097E-4 1.8615040953090097E-4 1.8615040953090097E-4 1.8615040953090097E-4 1.8615040953090097E-4 0.6330975428145942 1.8615040953090097E-4 1.8615040953090097E-4 1.8615040953090097E-4 0.34456440804169775
3.3647375504710633E-4 3.3647375504710633E-4 3.3647375504710633E-4 3.3647375504710633E-4 3.3647375504710633E-4 3.3647375504710633E-4 3.3647375504710633E-4 3.3647375504710633E-4 3.3647375504710633E-4 3.3647375504710633E-4 3.3647375504710633E-4 3.3647375504710633E-4 3.3647375504710633E-4 3.3647375504710633E-4 3.3647375504710633E-4 3.3647375504710633E-4 3.3647375504710633E-4 0.15174966352624494 3.3647375504710633E-4 3.3647375504710633E-4 3.3647375504710633E-4 0.841520861372813
2.8392958546280523E-4 2.8392958546280523E-4 2.8392958546280523E-4 2.8392958546280523E-4 2.8392958546280523E-4 2.8392958546280523E-4 2.8392958546280523E-4 2.8392958546280523E-4 2.8392958546280523E-4 2.8392958546280523E-4 2.8392958546280523E-4 2.8392958546280523E-4 2.8392958546280523E-4 2.8392958546280523E-4 2.8392958546280523E-4 2.8392958546280523E-4 2.8392958546280523E-4 0.994037478705281 2.8392958546280523E-4 2.8392958546280523E-4 2.8392958546280523E-4 2.8392958546280523E-4
1.763046544428773E-4 1.763046544428773E-4 1.763046544428773E-4 1.763046544428773E-4 1.763046544428773E-4 1.763046544428773E-4 1.763046544428773E-4 1.763046544428773E-4 1.763046544428773E-4 1.763046544428773E-4 1.763046544428773E-4 1.763046544428773E-4 1.763046544428773E-4 1.763046544428773E-4 1.763046544428773E-4 1.763046544428773E-4 1.763046544428773E-4 0.9962976022566996 1.763046544428773E-4 1.763046544428773E-4 1.763046544428773E-4 1.763046544428773E-4
2.3408239700374532E-4 2.3408239700374532E-4 2.3408239700374532E-4 2.3408239700374532E-4 2.3408239700374532E-4 2.3408239700374532E-4 2.3408239700374532E-4 2.3408239700374532E-4 2.3408239700374532E-4 2.3408239700374532E-4 2.3408239700374532E-4 2.3408239700374532E-4 2.3408239700374532E-4 2.3408239700374532E-4 2.3408239700374532E-4 2.3408239700374532E-4 2.3408239700374532E-4 0.8312265917602996 2.3408239700374532E-4 2.3408239700374532E-4 2.3408239700374532E-4 0.16409176029962547
1.498800959232614E-4 1.498800959232614E-4 1.498800959232614E-4 1.498800959232614E-4 1.498800959232614E-4 1.498800959232614E-4 1.498800959232614E-4 1.498800959232614E-4 1.498800959232614E-4 1.498800959232614E-4 1.498800959232614E-4 1.498800959232614E-4 1.498800959232614E-4 1.498800959232614E-4 1.498800959232614E-4 1.498800959232614E-4 1.498800959232614E-4 0.824490407673861 1.498800959232614E-4 1.498800959232614E-4 1.498800959232614E-4 0.17251199040767387
7.261109497531223E-5 7.261109497531223E-5 7.261109497531223E-5 7.261109497531223E-5 7.261109497531223E-5 7.261109497531223E-5 7.261109497531223E-5 7.261109497531223E-5 7.261109497531223E-5 7.261109497531223E-5 7.261109497531223E-5 7.261109497531223E-5 7.261109497531223E-5 7.261109497531223E-5 7.261109497531223E-5 7.261109497531223E-5 7.261109497531223E-5 0.5664391519024107 7.261109497531223E-5 7.261109497531223E-5 7.261109497531223E-5 0.43210862619808305
7.954183900731785E-5 7.954183900731785E-5 7.954183900731785E-5 7.954183900731785E-5 7.954183900731785E-5 7.954183900731785E-5 7.954183900731785E-5 7.954183900731785E-5 7.954183900731785E-5 7.954183900731785E-5 7.954183900731785E-5 7.954183900731785E-5 7.954183900731785E-5 7.954183900731785E-5 7.954183900731785E-5 7.954183900731785E-5 7.954183900731785E-5 0.9983296213808464 7.954183900731785E-5 7.954183900731785E-5 7.954183900731785E-5 7.954183900731785E-5
1.254390366281987E-4 1.254390366281987E-4 1.254390366281987E-4 1.254390366281987E-4 1.254390366281987E-4 1.254390366281987E-4 1.254390366281987E-4 1.254390366281987E-4 1.254390366281987E-4 1.254390366281987E-4 1.254390366281987E-4 1.254390366281987E-4 1.254390366281987E-4 1.254390366281987E-4 1.254390366281987E-4 1.254390366281987E-4 1.254390366281987E-4 0.7527596588058204 1.254390366281987E-4 1.254390366281987E-4 1.254390366281987E-4 0.24473156046161568
1.9912385503783353E-4 1.9912385503783353E-4 1.9912385503783353E-4 1.9912385503783353E-4 1.9912385503783353E-4 1.9912385503783353E-4 1.9912385503783353E-4 1.9912385503783353E-4 1.9912385503783353E-4 1.9912385503783353E-4 1.9912385503783353E-4 1.9912385503783353E-4 1.9912385503783353E-4 1.9912385503783353E-4 1.9912385503783353E-4 1.9912385503783353E-4 1.9912385503783353E-4 1.9912385503783353E-4 1.9912385503783353E-4 0.6871764237355635 1.9912385503783353E-4 0.3088410991636798
2.760905577029266E-4 2.760905577029266E-4 2.760905577029266E-4 2.760905577029266E-4 2.760905577029266E-4 2.760905577029266E-4 2.760905577029266E-4 2.760905577029266E-4 2.760905577029266E-4 2.760905577029266E-4 2.760905577029266E-4 2.760905577029266E-4 2.760905577029266E-4 2.760905577029266E-4 2.760905577029266E-4 2.760905577029266E-4 2.760905577029266E-4 0.7733296521258973 2.760905577029266E-4 2.760905577029266E-4 2.760905577029266E-4 0.22114853672004417
6.260956674179815E-5 0.006323566240921613 6.260956674179815E-5 6.260956674179815E-5 6.260956674179815E-5 6.260956674179815E-5 6.260956674179815E-5 6.260956674179815E-5 6.260956674179815E-5 0.0031930879038317055 0.006323566240921613 6.260956674179815E-5 6.260956674179815E-5 6.260956674179815E-5 6.260956674179815E-5 6.260956674179815E-5 6.260956674179815E-5 6.260956674179815E-5 6.260956674179815E-5 6.260956674179815E-5 6.260956674179815E-5 0.9830328074129726
0.0061690691424383095 6.10798924993892E-5 6.10798924993892E-5 6.10798924993892E-5 6.10798924993892E-5 6.10798924993892E-5 6.10798924993892E-5 6.10798924993892E-5 6.10798924993892E-5 6.10798924993892E-5 0.0031150745174688492 6.10798924993892E-5 6.10798924993892E-5 6.10798924993892E-5 6.10798924993892E-5 6.10798924993892E-5 6.10798924993892E-5 0.10084290251649158 6.10798924993892E-5 6.10798924993892E-5 6.10798924993892E-5 0.8887735157586122
1.6202203499675956E-4 1.6202203499675956E-4 1.6202203499675956E-4 1.6202203499675956E-4 1.6202203499675956E-4 1.6202203499675956E-4 1.6202203499675956E-4 1.6202203499675956E-4 1.6202203499675956E-4 0.008263123784834738 1.6202203499675956E-4 1.6202203499675956E-4 1.6202203499675956E-4 1.6202203499675956E-4 1.6202203499675956E-4 1.6202203499675956E-4 1.6202203499675956E-4 0.8102721970187945 1.6202203499675956E-4 1.6202203499675956E-4 1.6202203499675956E-4 0.17838626053143228
3.0795762503079576E-5 3.0795762503079576E-5 3.0795762503079576E-5 3.0795762503079576E-5 3.0795762503079576E-5 3.0795762503079576E-5 3.0795762503079576E-5 3.0795762503079576E-5 3.0795762503079576E-5 3.0795762503079576E-5 0.5404964276915496 3.0795762503079576E-5 3.0795762503079576E-5 3.0795762503079576E-5 3.0795762503079576E-5 3.0795762503079576E-5 3.0795762503079576E-5 3.0795762503079576E-5 3.0795762503079576E-5 3.0795762503079576E-5 3.0795762503079576E-5 0.4588876570583887
2.1404109589041097E-4 2.1404109589041097E-4 2.1404109589041097E-4 2.1404109589041097E-4 2.1404109589041097E-4 0.46040239726027404 2.1404109589041097E-4 2.1404109589041097E-4 2.1404109589041097E-4 2.1404109589041097E-4 2.1404109589041097E-4 2.1404109589041097E-4 2.1404109589041097E-4 2.1404109589041097E-4 2.1404109589041097E-4 2.1404109589041097E-4 2.1404109589041097E-4 2.1404109589041097E-4 2.1404109589041097E-4 2.1404109589041097E-4 2.1404109589041097E-4 0.5353167808219178
1.1022927689594357E-4 1.1022927689594357E-4 1.1022927689594357E-4 1.1022927689594357E-4 1.1022927689594357E-4 1.1022927689594357E-4 1.1022927689594357E-4 1.1022927689594357E-4 1.1022927689594357E-4 1.1022927689594357E-4 1.1022927689594357E-4 1.1022927689594357E-4 1.1022927689594357E-4 0.005621693121693122 1.1022927689594357E-4 1.1022927689594357E-4 1.1022927689594357E-4 1.1022927689594357E-4 1.1022927689594357E-4 1.1022927689594357E-4 1.1022927689594357E-4 0.9921737213403881
3.902895948794005E-5 3.902895948794005E-5 3.902895948794005E-5 3.902895948794005E-5 3.902895948794005E-5 3.902895948794005E-5 3.902895948794005E-5 3.902895948794005E-5 3.902895948794005E-5 3.902895948794005E-5 3.902895948794005E-5 0.07029115603778004 3.902895948794005E-5 3.902895948794005E-5 3.902895948794005E-5 3.902895948794005E-5 3.902895948794005E-5 0.6030364530481617 3.902895948794005E-5 3.902895948794005E-5 3.902895948794005E-5 0.32593084068378736
2.9222676797194627E-4 2.9222676797194627E-4 2.9222676797194627E-4 2.9222676797194627E-4 2.9222676797194627E-4 2.9222676797194627E-4 2.9222676797194627E-4 2.9222676797194627E-4 2.9222676797194627E-4 2.9222676797194627E-4 2.9222676797194627E-4 2.9222676797194627E-4 2.9222676797194627E-4 0.467855055523086 0.029514903565166572 2.9222676797194627E-4 2.9222676797194627E-4 0.044126241963763885 2.9222676797194627E-4 2.9222676797194627E-4 2.9222676797194627E-4 0.45324371712448863
1.487652484379649E-4 1.487652484379649E-4 1.487652484379649E-4 1.487652484379649E-4 1.487652484379649E-4 0.9224933055638203 1.487652484379649E-4 1.487652484379649E-4 1.487652484379649E-4 1.487652484379649E-4 1.487652484379649E-4 1.487652484379649E-4 1.487652484379649E-4 1.487652484379649E-4 1.487652484379649E-4 1.487652484379649E-4 1.487652484379649E-4 1.487652484379649E-4 1.487652484379649E-4 1.487652484379649E-4 1.487652484379649E-4 0.07453138946742041
2.0955574182732607E-4 2.0955574182732607E-4 2.0955574182732607E-4 2.0955574182732607E-4 0.8593880972338642 2.0955574182732607E-4 2.0955574182732607E-4 0.01068734283319363 2.0955574182732607E-4 2.0955574182732607E-4 2.0955574182732607E-4 2.0955574182732607E-4 2.0955574182732607E-4 2.0955574182732607E-4 2.0955574182732607E-4 2.0955574182732607E-4 2.0955574182732607E-4 2.0955574182732607E-4 2.0955574182732607E-4 2.0955574182732607E-4 0.01068734283319363 0.11546521374685666
1.0078613182826043E-4 1.0078613182826043E-4 1.0078613182826043E-4 1.0078613182826043E-4 1.0078613182826043E-4 1.0078613182826043E-4 1.0078613182826043E-4 1.0078613182826043E-4 1.0078613182826043E-4 1.0078613182826043E-4 1.0078613182826043E-4 1.0078613182826043E-4 1.0078613182826043E-4 1.0078613182826043E-4 1.0078613182826043E-4 0.5695424309614997 1.0078613182826043E-4 1.0078613182826043E-4 1.0078613182826043E-4 1.0078613182826043E-4 1.0078613182826043E-4 0.42844184640193506
9.59508731529457E-5 9.59508731529457E-5 0.8396660909614279 9.59508731529457E-5 9.59508731529457E-5 9.59508731529457E-5 9.59508731529457E-5 9.59508731529457E-5 9.59508731529457E-5 9.59508731529457E-5 9.59508731529457E-5 9.59508731529457E-5 9.59508731529457E-5 9.59508731529457E-5 9.59508731529457E-5 9.59508731529457E-5 9.59508731529457E-5 9.59508731529457E-5 0.01928612550374208 9.59508731529457E-5 9.59508731529457E-5 0.1392247169449242
6.769564040075819E-5 6.769564040075819E-5 6.769564040075819E-5 6.769564040075819E-5 6.769564040075819E-5 6.769564040075819E-5 6.769564040075819E-5 6.769564040075819E-5 6.769564040075819E-5 6.769564040075819E-5 6.769564040075819E-5 6.769564040075819E-5 6.769564040075819E-5 6.769564040075819E-5 6.769564040075819E-5 6.769564040075819E-5 6.769564040075819E-5 6.769564040075819E-5 0.003452477660438668 6.769564040075819E-5 6.769564040075819E-5 0.9951936095315461
0.012590376464722015 1.2465719272001995E-4 0.6608077786088257 1.2465719272001995E-4 1.2465719272001995E-4 1.2465719272001995E-4 1.2465719272001995E-4 1.2465719272001995E-4 1.2465719272001995E-4 1.2465719272001995E-4 1.2465719272001995E-4 1.2465719272001995E-4 1.2465719272001995E-4 1.2465719272001995E-4 1.2465719272001995E-4 1.2465719272001995E-4 1.2465719272001995E-4 1.2465719272001995E-4 1.2465719272001995E-4 1.2465719272001995E-4 1.2465719272001995E-4 0.3242333582647719
2.3969319271332696E-4 2.3969319271332696E-4 2.3969319271332696E-4 2.3969319271332696E-4 2.3969319271332696E-4 0.9949664429530201 2.3969319271332696E-4 2.3969319271332696E-4 2.3969319271332696E-4 2.3969319271332696E-4 2.3969319271332696E-4 2.3969319271332696E-4 2.3969319271332696E-4 2.3969319271332696E-4 2.3969319271332696E-4 2.3969319271332696E-4 2.3969319271332696E-4 2.3969319271332696E-4 2.3969319271332696E-4 2.3969319271332696E-4 2.3969319271332696E-4 2.3969319271332696E-4
1.0028078620136383E-4 1.0028078620136383E-4 1.0028078620136383E-4 1.0028078620136383E-4 1.0028078620136383E-4 1.0028078620136383E-4 1.0028078620136383E-4 1.0028078620136383E-4 1.0028078620136383E-4 1.0028078620136383E-4 1.0028078620136383E-4 0.671981548335339 1.0028078620136383E-4 1.0028078620136383E-4 1.0028078620136383E-4 1.0028078620136383E-4 1.0028078620136383E-4 1.0028078620136383E-4 1.0028078620136383E-4 1.0028078620136383E-4 1.0028078620136383E-4 0.32601283594063374
1.1873664212776063E-4 1.1873664212776063E-4 1.1873664212776063E-4 1.1873664212776063E-4 1.1873664212776063E-4 1.1873664212776063E-4 1.1873664212776063E-4 1.1873664212776063E-4 1.1873664212776063E-4 1.1873664212776063E-4 0.006055568748515792 1.1873664212776063E-4 1.1873664212776063E-4 0.795654238898124 1.1873664212776063E-4 1.1873664212776063E-4 1.1873664212776063E-4 1.1873664212776063E-4 1.1873664212776063E-4 1.1873664212776063E-4 1.1873664212776063E-4 0.19603419615293283
1.2703252032520327E-4 1.2703252032520327E-4 0.8702997967479675 1.2703252032520327E-4 1.2703252032520327E-4 1.2703252032520327E-4 1.2703252032520327E-4 1.2703252032520327E-4 1.2703252032520327E-4 1.2703252032520327E-4 1.2703252032520327E-4 1.2703252032520327E-4 1.2703252032520327E-4 1.2703252032520327E-4 1.2703252032520327E-4 1.2703252032520327E-4 1.2703252032520327E-4 1.2703252032520327E-4 1.2703252032520327E-4 1.2703252032520327E-4 1.2703252032520327E-4 0.12715955284552846
1.238850346878097E-4 1.238850346878097E-4 1.238850346878097E-4 1.238850346878097E-4 1.238850346878097E-4 0.006318136769078295 1.238850346878097E-4 1.238850346878097E-4 1.238850346878097E-4 1.238850346878097E-4 1.238850346878097E-4 1.238850346878097E-4 1.238850346878097E-4 1.238850346878097E-4 1.238850346878097E-4 1.238850346878097E-4 1.238850346878097E-4 0.5080525272547076 1.238850346878097E-4 1.238850346878097E-4 1.238850346878097E-4 0.48327552031714566
1.0392849719393058E-4 1.0392849719393058E-4 1.0392849719393058E-4 1.0392849719393058E-4 1.0392849719393058E-4 1.0392849719393058E-4 1.0392849719393058E-4 1.0392849719393058E-4 1.0392849719393058E-4 1.0392849719393058E-4 1.0392849719393058E-4 1.0392849719393058E-4 1.0392849719393058E-4 0.10922885055082103 1.0392849719393058E-4 1.0392849719393058E-4 1.0392849719393058E-4 0.8886925795053005 1.0392849719393058E-4 1.0392849719393058E-4 1.0392849719393058E-4 1.0392849719393058E-4
7.450454477723141E-5 7.450454477723141E-5 7.450454477723141E-5 7.450454477723141E-5 7.450454477723141E-5 7.450454477723141E-5 7.450454477723141E-5 7.450454477723141E-5 0.8196244970943228 7.450454477723141E-5 7.450454477723141E-5 7.450454477723141E-5 7.450454477723141E-5 7.450454477723141E-5 7.450454477723141E-5 7.450454477723141E-5 7.450454477723141E-5 7.450454477723141E-5 7.450454477723141E-5 7.450454477723141E-5 7.450454477723141E-5 0.17888541201013264
2.0316944331572534E-4 2.0316944331572534E-4 2.0316944331572534E-4 2.0316944331572534E-4 2.0316944331572534E-4 2.0316944331572534E-4 2.0316944331572534E-4 2.0316944331572534E-4 2.0316944331572534E-4 2.0316944331572534E-4 2.0316944331572534E-4 2.0316944331572534E-4 2.0316944331572534E-4 2.0316944331572534E-4 2.0316944331572534E-4 2.0316944331572534E-4 2.0316944331572534E-4 2.0316944331572534E-4 2.0316944331572534E-4 0.660503860219423 2.0316944331572534E-4 0.33543275091426256
6.034274680183442E-5 6.034274680183442E-5 6.034274680183442E-5 6.034274680183442E-5 6.034274680183442E-5 6.034274680183442E-5 6.034274680183442E-5 6.034274680183442E-5 6.034274680183442E-5 6.034274680183442E-5 6.034274680183442E-5 6.034274680183442E-5 0.40435674631909246 6.034274680183442E-5 6.034274680183442E-5 6.034274680183442E-5 6.034274680183442E-5 0.04833454018826937 6.034274680183442E-5 6.034274680183442E-5 6.034274680183442E-5 0.5461622013034033
2.117746717492588E-4 2.117746717492588E-4 0.010800508259212199 2.117746717492588E-4 2.117746717492588E-4 2.117746717492588E-4 2.117746717492588E-4 2.117746717492588E-4 2.117746717492588E-4 2.117746717492588E-4 2.117746717492588E-4 2.117746717492588E-4 2.117746717492588E-4 0.9849639983058026 2.117746717492588E-4 2.117746717492588E-4 2.117746717492588E-4 2.117746717492588E-4 2.117746717492588E-4 2.117746717492588E-4 2.117746717492588E-4 2.117746717492588E-4
7.708911501695961E-5 7.708911501695961E-5 7.708911501695961E-5 7.708911501695961E-5 7.708911501695961E-5 7.708911501695961E-5 7.708911501695961E-5 7.708911501695961E-5 7.708911501695961E-5 7.708911501695961E-5 7.708911501695961E-5 7.708911501695961E-5 7.708911501695961E-5 7.708911501695961E-5 7.708911501695961E-5 7.708911501695961E-5 7.708911501695961E-5 7.708911501695961E-5 7.708911501695961E-5 0.6823157570151095 7.708911501695961E-5 0.3161424606845513
3.6075036075036075E-4 3.6075036075036075E-4 3.6075036075036075E-4 3.6075036075036075E-4 3.6075036075036075E-4 3.6075036075036075E-4 3.6075036075036075E-4 3.6075036075036075E-4 3.6075036075036075E-4 3.6075036075036075E-4 3.6075036075036075E-4 3.6075036075036075E-4 3.6075036075036075E-4 0.0183982683982684 3.6075036075036075E-4 3.6075036075036075E-4 0.46933621933621933 3.6075036075036075E-4 3.6075036075036075E-4 3.6075036075036075E-4 3.6075036075036075E-4 0.5054112554112554
5.857544517338332E-5 5.857544517338332E-5 5.857544517338332E-5 5.857544517338332E-5 5.857544517338332E-5 5.857544517338332E-5 5.857544517338332E-5 5.857544517338332E-5 5.857544517338332E-5 5.857544517338332E-5 5.857544517338332E-5 5.857544517338332E-5 5.857544517338332E-5 5.857544517338332E-5 5.857544517338332E-5 5.857544517338332E-5 5.857544517338332E-5 0.9987699156513589 5.857544517338332E-5 5.857544517338332E-5 5.857544517338332E-5 5.857544517338332E-5
3.244435792615664E-5 3.244435792615664E-5 3.244435792615664E-5 3.244435792615664E-5 3.244435792615664E-5 3.244435792615664E-5 3.244435792615664E-5 3.244435792615664E-5 3.244435792615664E-5 3.244435792615664E-5 3.244435792615664E-5 3.244435792615664E-5 3.244435792615664E-5 3.244435792615664E-5 3.244435792615664E-5 3.244435792615664E-5 3.244435792615664E-5 3.244435792615664E-5 3.244435792615664E-5 0.6505418207773668 3.244435792615664E-5 0.34880929206411004
9.782821365681864E-5 9.782821365681864E-5 0.9979456075132068 9.782821365681864E-5 9.782821365681864E-5 9.782821365681864E-5 9.782821365681864E-5 9.782821365681864E-5 9.782821365681864E-5 9.782821365681864E-5 9.782821365681864E-5 9.782821365681864E-5 9.782821365681864E-5 9.782821365681864E-5 9.782821365681864E-5 9.782821365681864E-5 9.782821365681864E-5 9.782821365681864E-5 9.782821365681864E-5 9.782821365681864E-5 9.782821365681864E-5 9.782821365681864E-5
1.8789928598271328E-4 1.8789928598271328E-4 0.770574971815107 1.8789928598271328E-4 1.8789928598271328E-4 1.8789928598271328E-4 1.8789928598271328E-4 1.8789928598271328E-4 1.8789928598271328E-4 1.8789928598271328E-4 1.8789928598271328E-4 1.8789928598271328E-4 1.8789928598271328E-4 1.8789928598271328E-4 1.8789928598271328E-4 1.8789928598271328E-4 1.8789928598271328E-4 1.8789928598271328E-4 1.8789928598271328E-4 1.8789928598271328E-4 1.8789928598271328E-4 0.22566704246523864
2.0955574182732607E-4 2.0955574182732607E-4 2.0955574182732607E-4 2.0955574182732607E-4 2.0955574182732607E-4 2.0955574182732607E-4 0.03164291701592624 2.0955574182732607E-4 2.0955574182732607E-4 2.0955574182732607E-4 2.0955574182732607E-4 2.0955574182732607E-4 2.0955574182732607E-4 2.0955574182732607E-4 2.0955574182732607E-4 2.0955574182732607E-4 2.0955574182732607E-4 2.0955574182732607E-4 2.0955574182732607E-4 2.0955574182732607E-4 2.0955574182732607E-4 0.9641659681475272
1.1335298118340512E-4 1.1335298118340512E-4 1.1335298118340512E-4 1.1335298118340512E-4 1.1335298118340512E-4 1.1335298118340512E-4 1.1335298118340512E-4 1.1335298118340512E-4 0.005781002040353662 1.1335298118340512E-4 1.1335298118340512E-4 1.1335298118340512E-4 1.1335298118340512E-4 1.1335298118340512E-4 1.1335298118340512E-4 1.1335298118340512E-4 1.1335298118340512E-4 0.7822489231466788 1.1335298118340512E-4 1.1335298118340512E-4 1.1335298118340512E-4 0.2098163681704829
3.721345638582911E-5 3.721345638582911E-5 3.721345638582911E-5 3.721345638582911E-5 3.721345638582911E-5 3.721345638582911E-5 3.721345638582911E-5 3.721345638582911E-5 3.721345638582911E-5 3.721345638582911E-5 3.721345638582911E-5 3.721345638582911E-5 3.721345638582911E-5 3.721345638582911E-5 3.721345638582911E-5 3.721345638582911E-5 3.721345638582911E-5 3.721345638582911E-5 3.721345638582911E-5 0.6940681750520987 3.721345638582911E-5 0.3051875558201846
1.763046544428773E-4 1.763046544428773E-4 1.763046544428773E-4 1.763046544428773E-4 1.763046544428773E-4 1.763046544428773E-4 1.763046544428773E-4 0.02662200282087447 1.763046544428773E-4 1.763046544428773E-4 1.763046544428773E-4 1.763046544428773E-4 1.763046544428773E-4 1.763046544428773E-4 1.763046544428773E-4 1.763046544428773E-4 0.5996121297602256 1.763046544428773E-4 1.763046544428773E-4 1.763046544428773E-4 1.763046544428773E-4 0.37041607898448525
6.862475981334066E-5 6.862475981334066E-5 6.862475981334066E-5 6.862475981334066E-5 6.862475981334066E-5 6.862475981334066E-5 6.862475981334066E-5 6.862475981334066E-5 6.862475981334066E-5 6.862475981334066E-5 6.862475981334066E-5 6.862475981334066E-5 6.862475981334066E-5 6.862475981334066E-5 6.862475981334066E-5 0.43240461158385946 6.862475981334066E-5 6.862475981334066E-5 6.862475981334066E-5 6.862475981334066E-5 6.862475981334066E-5 0.5662228932198737
1.1271415689810641E-4 1.1271415689810641E-4 1.1271415689810641E-4 1.1271415689810641E-4 0.6594905320108205 1.1271415689810641E-4 1.1271415689810641E-4 1.1271415689810641E-4 1.1271415689810641E-4 1.1271415689810641E-4 1.1271415689810641E-4 1.1271415689810641E-4 1.1271415689810641E-4 1.1271415689810641E-4 1.1271415689810641E-4 1.1271415689810641E-4 1.1271415689810641E-4 1.1271415689810641E-4 1.1271415689810641E-4 1.1271415689810641E-4 1.1271415689810641E-4 0.33825518485121736
1.7029972752043596E-4 1.7029972752043596E-4 1.7029972752043596E-4 1.7029972752043596E-4 0.6302792915531334 1.7029972752043596E-4 1.7029972752043596E-4 1.7029972752043596E-4 1.7029972752043596E-4 1.7029972752043596E-4 1.7029972752043596E-4 1.7029972752043596E-4 1.7029972752043596E-4 1.7029972752043596E-4 1.7029972752043596E-4 1.7029972752043596E-4 1.7029972752043596E-4 1.7029972752043596E-4 1.7029972752043596E-4 1.7029972752043596E-4 1.7029972752043596E-4 0.3663147138964578
0.4912117452440033 1.0339123242349049E-4 1.0339123242349049E-4 1.0339123242349049E-4 1.0339123242349049E-4 1.0339123242349049E-4 1.0339123242349049E-4 1.0339123242349049E-4 1.0339123242349049E-4 1.0339123242349049E-4 1.0339123242349049E-4 1.0339123242349049E-4 1.0339123242349049E-4 1.0339123242349049E-4 1.0339123242349049E-4 1.0339123242349049E-4 1.0339123242349049E-4 1.0339123242349049E-4 1.0339123242349049E-4 1.0339123242349049E-4 1.0339123242349049E-4 0.5067204301075269
6.815703380588877E-5 6.815703380588877E-5 6.815703380588877E-5 6.815703380588877E-5 0.5248773173391494 6.815703380588877E-5 6.815703380588877E-5 6.815703380588877E-5 6.815703380588877E-5 6.815703380588877E-5 6.815703380588877E-5 6.815703380588877E-5 6.815703380588877E-5 6.815703380588877E-5 6.815703380588877E-5 6.815703380588877E-5 6.815703380588877E-5 6.815703380588877E-5 6.815703380588877E-5 6.815703380588877E-5 6.815703380588877E-5 0.47375954198473286
5.857544517338332E-5 5.857544517338332E-5 5.857544517338332E-5 5.857544517338332E-5 0.6209582942830366 5.857544517338332E-5 5.857544517338332E-5 5.857544517338332E-5 5.857544517338332E-5 5.857544517338332E-5 5.857544517338332E-5 5.857544517338332E-5 5.857544517338332E-5 5.857544517338332E-5 5.857544517338332E-5 5.857544517338332E-5 5.857544517338332E-5 5.857544517338332E-5 5.857544517338332E-5 5.857544517338332E-5 5.857544517338332E-5 0.3778701968134958
1.0902747492368077E-4 1.0902747492368077E-4 1.0902747492368077E-4 1.0902747492368077E-4 1.0902747492368077E-4 1.0902747492368077E-4 1.0902747492368077E-4 1.0902747492368077E-4 1.0902747492368077E-4 1.0902747492368077E-4 1.0902747492368077E-4 1.0902747492368077E-4 1.0902747492368077E-4 1.0902747492368077E-4 1.0902747492368077E-4 1.0902747492368077E-4 0.06552551242913214 0.6542738770170082 1.0902747492368077E-4 1.0902747492368077E-4 1.0902747492368077E-4 0.27812908853030965
2.8676301904106445E-5 2.8676301904106445E-5 2.8676301904106445E-5 2.8676301904106445E-5 0.5520474879559532 2.8676301904106445E-5 2.8676301904106445E-5 2.8676301904106445E-5 2.8676301904106445E-5 2.8676301904106445E-5 2.8676301904106445E-5 2.8676301904106445E-5 2.8676301904106445E-5 2.8676301904106445E-5 2.8676301904106445E-5 2.8676301904106445E-5 2.8676301904106445E-5 2.8676301904106445E-5 2.8676301904106445E-5 2.8676301904106445E-5 2.8676301904106445E-5 0.4473789860059646
2.0316944331572534E-4 2.0316944331572534E-4 2.0316944331572534E-4 2.0316944331572534E-4 2.0316944331572534E-4 2.0316944331572534E-4 2.0316944331572534E-4 2.0316944331572534E-4 2.0316944331572534E-4 2.0316944331572534E-4 2.0316944331572534E-4 2.0316944331572534E-4 2.0316944331572534E-4 2.0316944331572534E-4 2.0316944331572534E-4 2.0316944331572534E-4 0.41670052824055265 2.0316944331572534E-4 2.0316944331572534E-4 2.0316944331572534E-4 2.0316944331572534E-4 0.5792360828931329
6.505334374186833E-5 6.505334374186833E-5 6.505334374186833E-5 6.505334374186833E-5 0.003317720530835285 6.505334374186833E-5 6.505334374186833E-5 6.505334374186833E-5 6.505334374186833E-5 6.505334374186833E-5 6.505334374186833E-5 6.505334374186833E-5 6.505334374186833E-5 0.7774525110590684 6.505334374186833E-5 6.505334374186833E-5 6.505334374186833E-5 0.003317720530835285 6.505334374186833E-5 6.505334374186833E-5 6.505334374186833E-5 0.21474108769190736
1.6605778811026238E-4 0.00846894719362338 1.6605778811026238E-4 1.6605778811026238E-4 1.6605778811026238E-4 1.6605778811026238E-4 1.6605778811026238E-4 1.6605778811026238E-4 1.6605778811026238E-4 1.6605778811026238E-4 0.8636665559614746 1.6605778811026238E-4 1.6605778811026238E-4 1.6605778811026238E-4 1.6605778811026238E-4 1.6605778811026238E-4 1.6605778811026238E-4 1.6605778811026238E-4 1.6605778811026238E-4 1.6605778811026238E-4 1.6605778811026238E-4 0.12470939887080704
2.5497195308516065E-4 2.5497195308516065E-4 2.5497195308516065E-4 2.5497195308516065E-4 2.5497195308516065E-4 2.5497195308516065E-4 2.5497195308516065E-4 2.5497195308516065E-4 2.5497195308516065E-4 2.5497195308516065E-4 2.5497195308516065E-4 2.5497195308516065E-4 2.5497195308516065E-4 2.5497195308516065E-4 2.5497195308516065E-4 2.5497195308516065E-4 2.5497195308516065E-4 0.9946455889852116 2.5497195308516065E-4 2.5497195308516065E-4 2.5497195308516065E-4 2.5497195308516065E-4
2.42600679281902E-4 2.42600679281902E-4 2.42600679281902E-4 2.42600679281902E-4 2.42600679281902E-4 2.42600679281902E-4 2.42600679281902E-4 2.42600679281902E-4 2.42600679281902E-4 2.42600679281902E-4 2.42600679281902E-4 2.42600679281902E-4 2.42600679281902E-4 0.8493449781659388 2.42600679281902E-4 2.42600679281902E-4 2.42600679281902E-4 2.42600679281902E-4 2.42600679281902E-4 2.42600679281902E-4 2.42600679281902E-4 0.1458030082484231
1.487652484379649E-4 1.487652484379649E-4 1.487652484379649E-4 1.487652484379649E-4 1.487652484379649E-4 1.487652484379649E-4 1.487652484379649E-4 1.487652484379649E-4 1.487652484379649E-4 1.487652484379649E-4 1.487652484379649E-4 1.487652484379649E-4 1.487652484379649E-4 1.487652484379649E-4 1.487652484379649E-4 1.487652484379649E-4 1.487652484379649E-4 0.9671228800952099 1.487652484379649E-4 1.487652484379649E-4 1.487652484379649E-4 0.02990181493603094
7.368110816386678E-5 7.368110816386678E-5 7.368110816386678E-5 7.368110816386678E-5 7.368110816386678E-5 7.368110816386678E-5 7.368110816386678E-5 7.368110816386678E-5 7.368110816386678E-5 7.368110816386678E-5 7.368110816386678E-5 7.368110816386678E-5 7.368110816386678E-5 7.368110816386678E-5 7.368110816386678E-5 7.368110816386678E-5 7.368110816386678E-5 0.8842469790745653 7.368110816386678E-5 7.368110816386678E-5 7.368110816386678E-5 0.11427939876215738
6.202704379109292E-5 6.202704379109292E-5 6.202704379109292E-5 6.202704379109292E-5 6.202704379109292E-5 6.202704379109292E-5 6.202704379109292E-5 6.202704379109292E-5 6.202704379109292E-5 6.202704379109292E-5 6.202704379109292E-5 6.202704379109292E-5 6.202704379109292E-5 0.9180622751519663 6.202704379109292E-5 6.202704379109292E-5 6.202704379109292E-5 6.202704379109292E-5 6.202704379109292E-5 6.202704379109292E-5 6.202704379109292E-5 0.08069718397221189
3.4818941504178273E-4 3.4818941504178273E-4 3.4818941504178273E-4 3.4818941504178273E-4 3.4818941504178273E-4 3.4818941504178273E-4 3.4818941504178273E-4 3.4818941504178273E-4 3.4818941504178273E-4 3.4818941504178273E-4 3.4818941504178273E-4 3.4818941504178273E-4 3.4818941504178273E-4 0.5574512534818943 0.01775766016713092 3.4818941504178273E-4 3.4818941504178273E-4 3.4818941504178273E-4 3.4818941504178273E-4 3.4818941504178273E-4 0.17444289693593315 0.2440807799442897
5.2295784959732244E-5 5.2295784959732244E-5 5.2295784959732244E-5 5.2295784959732244E-5 5.2295784959732244E-5 5.2295784959732244E-5 5.2295784959732244E-5 5.2295784959732244E-5 5.2295784959732244E-5 5.2295784959732244E-5 5.2295784959732244E-5 5.2295784959732244E-5 5.2295784959732244E-5 5.2295784959732244E-5 5.2295784959732244E-5 5.2295784959732244E-5 0.740037652965171 5.2295784959732244E-5 5.2295784959732244E-5 5.2295784959732244E-5 5.2295784959732244E-5 0.25891643133563436
2.5176233635448137E-4 2.5176233635448137E-4 2.5176233635448137E-4 2.5176233635448137E-4 2.5176233635448137E-4 2.5176233635448137E-4 2.5176233635448137E-4 2.5176233635448137E-4 2.5176233635448137E-4 2.5176233635448137E-4 2.5176233635448137E-4 2.5176233635448137E-4 2.5176233635448137E-4 2.5176233635448137E-4 2.5176233635448137E-4 2.5176233635448137E-4 2.5176233635448137E-4 2.5176233635448137E-4 2.5176233635448137E-4 0.6548338368580061 2.5176233635448137E-4 0.34013091641490434
8.832361773538245E-5 8.832361773538245E-5 8.832361773538245E-5 8.832361773538245E-5 8.832361773538245E-5 8.832361773538245E-5 8.832361773538245E-5 8.832361773538245E-5 8.832361773538245E-5 8.832361773538245E-5 0.5476947535771065 8.832361773538245E-5 8.832361773538245E-5 8.832361773538245E-5 8.832361773538245E-5 8.832361773538245E-5 8.832361773538245E-5 8.832361773538245E-5 0.0045045045045045045 8.832361773538245E-5 8.832361773538245E-5 0.44612259318141667
9.326618168252192E-5 9.326618168252192E-5 9.326618168252192E-5 9.326618168252192E-5 9.326618168252192E-5 9.326618168252192E-5 9.326618168252192E-5 9.326618168252192E-5 9.326618168252192E-5 9.326618168252192E-5 9.326618168252192E-5 9.326618168252192E-5 9.326618168252192E-5 9.326618168252192E-5 9.326618168252192E-5 9.326618168252192E-5 9.326618168252192E-5 0.9840514829322888 0.004756575265808618 9.326618168252192E-5 9.326618168252192E-5 0.009419884349934713
6.016123210203345E-5 6.016123210203345E-5 6.016123210203345E-5 6.016123210203345E-5 6.016123210203345E-5 6.016123210203345E-5 6.016123210203345E-5 6.016123210203345E-5 6.016123210203345E-5 6.016123210203345E-5 6.016123210203345E-5 6.016123210203345E-5 6.016123210203345E-5 6.016123210203345E-5 6.016123210203345E-5 6.016123210203345E-5 0.5595596197810131 6.016123210203345E-5 6.016123210203345E-5 6.016123210203345E-5 6.016123210203345E-5 0.43923715557694626
6.126700159294204E-5 6.126700159294204E-5 6.126700159294204E-5 6.126700159294204E-5 6.126700159294204E-5 6.126700159294204E-5 6.126700159294204E-5 6.126700159294204E-5 6.126700159294204E-5 6.126700159294204E-5 6.126700159294204E-5 6.126700159294204E-5 6.126700159294204E-5 0.9190662908957236 6.126700159294204E-5 6.126700159294204E-5 6.126700159294204E-5 6.126700159294204E-5 6.126700159294204E-5 6.126700159294204E-5 6.126700159294204E-5 0.0797083690724176
3.1525851197982345E-4 0.4889659520807062 3.1525851197982345E-4 3.1525851197982345E-4 3.1525851197982345E-4 3.1525851197982345E-4 3.1525851197982345E-4 3.1525851197982345E-4 3.1525851197982345E-4 3.1525851197982345E-4 3.1525851197982345E-4 3.1525851197982345E-4 3.1525851197982345E-4 3.1525851197982345E-4 3.1525851197982345E-4 3.1525851197982345E-4 3.1525851197982345E-4 3.1525851197982345E-4 3.1525851197982345E-4 3.1525851197982345E-4 3.1525851197982345E-4 0.5047288776796974
2.723311546840959E-4 2.723311546840959E-4 2.723311546840959E-4 2.723311546840959E-4 2.723311546840959E-4 2.723311546840959E-4 2.723311546840959E-4 2.723311546840959E-4 2.723311546840959E-4 2.723311546840959E-4 0.027505446623093684 2.723311546840959E-4 2.723311546840959E-4 2.723311546840959E-4 0.01388888888888889 2.723311546840959E-4 2.723311546840959E-4 0.01388888888888889 2.723311546840959E-4 2.723311546840959E-4 2.723311546840959E-4 0.9398148148148148
1.072731173567904E-4 1.072731173567904E-4 0.2146535078309376 1.072731173567904E-4 1.072731173567904E-4 1.072731173567904E-4 1.072731173567904E-4 1.072731173567904E-4 1.072731173567904E-4 1.072731173567904E-4 1.072731173567904E-4 1.072731173567904E-4 1.072731173567904E-4 0.28974468998069086 1.072731173567904E-4 1.072731173567904E-4 1.072731173567904E-4 1.072731173567904E-4 1.072731173567904E-4 1.072731173567904E-4 1.072731173567904E-4 0.4935636129585926
9.326618168252192E-5 9.326618168252192E-5 9.326618168252192E-5 9.326618168252192E-5 9.326618168252192E-5 9.326618168252192E-5 9.326618168252192E-5 9.326618168252192E-5 9.326618168252192E-5 9.326618168252192E-5 9.326618168252192E-5 9.326618168252192E-5 9.326618168252192E-5 0.9980414101846671 9.326618168252192E-5 9.326618168252192E-5 9.326618168252192E-5 9.326618168252192E-5 9.326618168252192E-5 9.326618168252192E-5 9.326618168252192E-5 9.326618168252192E-5
0.3088779284833539 6.165228113440197E-4 6.165228113440197E-4 6.165228113440197E-4 6.165228113440197E-4 6.165228113440197E-4 0.062268803945746 6.165228113440197E-4 6.165228113440197E-4 6.165228113440197E-4 6.165228113440197E-4 0.6171393341553638 6.165228113440197E-4 6.165228113440197E-4 6.165228113440197E-4 6.165228113440197E-4 6.165228113440197E-4 6.165228113440197E-4 6.165228113440197E-4 6.165228113440197E-4 6.165228113440197E-4 6.165228113440197E-4
2.42600679281902E-4 2.42600679281902E-4 2.42600679281902E-4 2.42600679281902E-4 2.42600679281902E-4 2.42600679281902E-4 2.42600679281902E-4 2.42600679281902E-4 2.42600679281902E-4 2.42600679281902E-4 2.42600679281902E-4 0.133672974284328 2.42600679281902E-4 0.861475012130034 2.42600679281902E-4 2.42600679281902E-4 2.42600679281902E-4 2.42600679281902E-4 2.42600679281902E-4 2.42600679281902E-4 2.42600679281902E-4 2.42600679281902E-4
1.465845793022574E-4 1.465845793022574E-4 1.465845793022574E-4 1.465845793022574E-4 1.465845793022574E-4 1.465845793022574E-4 1.465845793022574E-4 1.465845793022574E-4 1.465845793022574E-4 1.465845793022574E-4 1.465845793022574E-4 1.465845793022574E-4 1.465845793022574E-4 1.465845793022574E-4 1.465845793022574E-4 1.465845793022574E-4 1.465845793022574E-4 0.40325417766051014 1.465845793022574E-4 1.465845793022574E-4 0.029463500439753737 0.5644972148929932
3.6075036075036075E-4 3.6075036075036075E-4 3.6075036075036075E-4 3.6075036075036075E-4 3.6075036075036075E-4 3.6075036075036075E-4 3.6075036075036075E-4 3.6075036075036075E-4 3.6075036075036075E-4 3.6075036075036075E-4 3.6075036075036075E-4 0.288961038961039 3.6075036075036075E-4 0.7038239538239539 3.6075036075036075E-4 3.6075036075036075E-4 3.6075036075036075E-4 3.6075036075036075E-4 3.6075036075036075E-4 3.6075036075036075E-4 3.6075036075036075E-4 3.6075036075036075E-4
1.763046544428773E-4 1.763046544428773E-4 1.763046544428773E-4 1.763046544428773E-4 1.763046544428773E-4 1.763046544428773E-4 1.763046544428773E-4 1.763046544428773E-4 1.763046544428773E-4 1.763046544428773E-4 1.763046544428773E-4 1.763046544428773E-4 1.763046544428773E-4 1.763046544428773E-4 1.763046544428773E-4 1.763046544428773E-4 0.5643511988716502 1.763046544428773E-4 1.763046544428773E-4 1.763046544428773E-4 1.763046544428773E-4 0.43212270803949226
