0.052631578947368425 0.052631578947368425 0.07134502923976603 0.052631578947368425 0.15730994152046748 0.052631578947368425 0.13391812865497055 0.05438596491228071 0.05321637426900585 0.05321637426900584 0.052631578947368425 0.05321637426900584 0.052631578947368425 0.052631578947368425 0.054970760233918115
0.05661375661375653 0.05132275132275125 0.05661375661375654 0.05449735449735442 0.10264550264550262 0.05873015873015863 0.05714285714285706 0.14232804232804214 0.059788359788359696 0.061375661375661306 0.05079365079365073 0.06402116402116394 0.052380952380952306 0.07777777777777767 0.053968253968253894
0.039259259259259265 0.038148148148148125 0.035555555555555535 0.03999999999999999 0.41037037037037 0.03888888888888889 0.07592592592592587 0.03666666666666666 0.03851851851851851 0.055925925925925934 0.03666666666666667 0.0422222222222222 0.03814814814814812 0.03703703703703702 0.03666666666666665
0.041666666666666616 0.04212962962962957 0.04351851851851847 0.086574074074074 0.35972222222222205 0.0430555555555555 0.041666666666666616 0.043518518518518456 0.041666666666666616 0.04351851851851846 0.04259259259259254 0.041666666666666616 0.041666666666666616 0.04305555555555551 0.04398148148148143
0.054970760233918115 0.056725146198830415 0.05730994152046782 0.06783625730994151 0.05438596491228071 0.05497076023391812 0.05614035087719298 0.06315789473684208 0.060233918128654966 0.15555555555555534 0.05321637426900585 0.05497076023391813 0.09415204678362578 0.06140350877192977 0.05497076023391813
0.0574074074074073 0.05864197530864187 0.05679012345679002 0.05617283950617273 0.0574074074074073 0.05679012345679001 0.0574074074074073 0.0574074074074073 0.05740740740740729 0.19999999999999968 0.0574074074074073 0.05617283950617273 0.05679012345679001 0.05740740740740729 0.05679012345679001
0.04156378600823048 0.037860082304526796 0.0415637860082305 0.04567901234567907 0.06748971193415645 0.037448559670781936 0.11358024691358012 0.09135802469135805 0.03827160493827164 0.04115226337448564 0.07119341563786014 0.25267489711934155 0.03827160493827164 0.04238683127572022 0.039506172839506214
0.05882352941176457 0.05882352941176457 0.05882352941176457 0.059477124183006415 0.05882352941176457 0.05882352941176457 0.17254901960784289 0.05882352941176457 0.06013071895424824 0.0594771241830064 0.05882352941176457 0.0594771241830064 0.05882352941176457 0.0594771241830064 0.05882352941176457
0.05555555555555545 0.05555555555555545 0.05555555555555545 0.05679012345679001 0.05555555555555545 0.05555555555555545 0.16419753086419733 0.05555555555555545 0.05864197530864187 0.1074074074074072 0.05555555555555545 0.05617283950617273 0.05617283950617273 0.05555555555555545 0.05617283950617273
0.061666666666666585 0.05166666666666658 0.06666666666666655 0.06555555555555546 0.05333333333333326 0.053333333333333253 0.055555555555555476 0.06388888888888881 0.07111111111111104 0.06499999999999993 0.054999999999999924 0.056666666666666574 0.1505555555555557 0.07388888888888877 0.05611111111111102
0.06543209876543199 0.05925925925925916 0.06851851851851841 0.06234567901234556 0.058024691358024585 0.05987654320987642 0.1080246913580245 0.05987654320987642 0.061728395061728274 0.08580246913580235 0.05679012345679001 0.06604938271604927 0.06049382716049372 0.0685185185185184 0.05925925925925915
0.053801169590643266 0.0567251461988304 0.08479532163742694 0.0994152046783626 0.05906432748538012 0.05380116959064327 0.06140350877192982 0.05964912280701752 0.05380116959064327 0.12865497076023372 0.05555555555555554 0.06257309941520466 0.05321637426900585 0.06140350877192977 0.05614035087719298
0.06601307189542471 0.06078431372549007 0.07581699346405216 0.06732026143790834 0.061437908496731884 0.06274509803921555 0.062091503267973726 0.06078431372549007 0.06078431372549007 0.0856209150326796 0.062091503267973726 0.06339869281045739 0.0640522875816992 0.06928104575163385 0.07777777777777763
0.062345679012345556 0.12962962962962946 0.07407407407407393 0.0648148148148147 0.05617283950617273 0.059876543209876426 0.06049382716049371 0.06296296296296286 0.061728395061728274 0.06604938271604928 0.05740740740740729 0.05679012345679001 0.05740740740740729 0.0604938271604937 0.06975308641975296
0.05802469135802457 0.19259259259259226 0.05740740740740729 0.05740740740740729 0.05617283950617273 0.06604938271604927 0.0574074074074073 0.0574074074074073 0.05864197530864187 0.05679012345679001 0.05740740740740729 0.05617283950617273 0.05555555555555545 0.05740740740740729 0.05555555555555545
0.05555555555555545 0.22037037037036997 0.05555555555555545 0.05617283950617273 0.05555555555555545 0.05555555555555545 0.05555555555555545 0.05555555555555545 0.05617283950617273 0.05555555555555545 0.05617283950617273 0.05555555555555545 0.05555555555555545 0.05555555555555545 0.05555555555555545
0.05666666666666658 0.15111111111111108 0.06666666666666657 0.05833333333333325 0.0833333333333332 0.07277777777777769 0.06777777777777769 0.0549999999999999 0.056666666666666594 0.05611111111111103 0.05333333333333324 0.05444444444444436 0.0527777777777777 0.06277777777777768 0.052222222222222135
0.06296296296296285 0.06296296296296285 0.09691358024691347 0.059876543209876426 0.05679012345679001 0.06049382716049371 0.05679012345679001 0.0833333333333332 0.05987654320987642 0.07037037037037025 0.05987654320987642 0.0728395061728394 0.058024691358024585 0.0753086419753085 0.06358024691358015
0.06013071895424824 0.12287581699346384 0.07647058823529397 0.06274509803921556 0.05882352941176457 0.061437908496731884 0.05882352941176457 0.06013071895424824 0.0614379084967319 0.06013071895424824 0.05882352941176457 0.06013071895424823 0.06601307189542471 0.0594771241830064 0.07254901960784299
0.0614379084967319 0.059477124183006415 0.0594771241830064 0.06078431372549007 0.06339869281045737 0.06078431372549007 0.06013071895424824 0.12483660130718935 0.0594771241830064 0.07058823529411751 0.061437908496731905 0.07320261437908482 0.05882352941176457 0.06470588235294103 0.061437908496731884
0.05617283950617273 0.05617283950617273 0.05617283950617273 0.05617283950617273 0.05555555555555545 0.05617283950617273 0.05555555555555545 0.05679012345679001 0.05617283950617273 0.11481481481481465 0.05555555555555545 0.05555555555555545 0.15679012345678991 0.05679012345679001 0.05555555555555545
0.0614379084967319 0.0594771241830064 0.061437908496731884 0.07189542483660115 0.0594771241830064 0.0594771241830064 0.06078431372549008 0.0594771241830064 0.10261437908496711 0.059477124183006415 0.06013071895424824 0.06013071895424824 0.10261437908496711 0.06274509803921556 0.05882352941176457
0.0594771241830064 0.05882352941176457 0.06274509803921555 0.06993464052287567 0.0594771241830064 0.05882352941176457 0.11633986928104549 0.06078431372549007 0.06078431372549007 0.06013071895424824 0.05882352941176457 0.08496732026143773 0.05882352941176457 0.07058823529411752 0.0594771241830064
0.0625 0.06388888888888888 0.0625 0.06597222222222222 0.11458333333333333 0.06319444444444444 0.06319444444444444 0.06388888888888888 0.06388888888888888 0.06319444444444444 0.06319444444444444 0.0625 0.0625 0.0625 0.0625
0.059477124183006415 0.0594771241830064 0.0594771241830064 0.06274509803921556 0.06013071895424824 0.059477124183006415 0.0594771241830064 0.06078431372549007 0.05882352941176457 0.059477124183006415 0.0594771241830064 0.05882352941176457 0.16274509803921544 0.06013071895424823 0.059477124183006415
0.07277777777777766 0.052222222222222135 0.09611111111111102 0.0538888888888888 0.05166666666666658 0.05333333333333324 0.08999999999999994 0.057222222222222126 0.05611111111111103 0.09333333333333324 0.05111111111111103 0.05333333333333324 0.059444444444444335 0.10111111111111122 0.05833333333333324
0.0625 0.0625 0.0625 0.0625 0.0625 0.0625 0.12152777777777778 0.06458333333333334 0.0625 0.06319444444444444 0.0625 0.06319444444444444 0.0625 0.0625 0.0625
0.06209150326797373 0.06078431372549007 0.06535947712418289 0.06405228758169922 0.059477124183006415 0.06013071895424824 0.07124183006535934 0.06993464052287568 0.06470588235294104 0.09869281045751617 0.062091503267973726 0.06797385620915018 0.06470588235294106 0.06732026143790835 0.0614379084967319
0.0594771241830064 0.05882352941176457 0.0594771241830064 0.07450980392156852 0.059477124183006415 0.0594771241830064 0.11437908496732004 0.062091503267973726 0.06013071895424824 0.07843137254901945 0.0594771241830064 0.0594771241830064 0.06078431372549007 0.07189542483660116 0.062091503267973726
0.055555555555555546 0.05321637426900584 0.06081871345029236 0.20526315789473693 0.05555555555555554 0.05614035087719298 0.05789473684210522 0.06549707602339178 0.05555555555555555 0.05789473684210524 0.05380116959064327 0.0549707602339181 0.05380116959064329 0.061403508771929814 0.052631578947368425
0.07530864197530852 0.06419753086419742 0.0802469135802468 0.06234567901234558 0.05617283950617273 0.05864197530864187 0.05740740740740729 0.06419753086419742 0.06481481481481469 0.0753086419753085 0.06172839506172829 0.058641975308641854 0.05864197530864187 0.09012345679012332 0.07222222222222212
0.05882352941176457 0.11241830065359455 0.08496732026143775 0.0594771241830064 0.05882352941176457 0.05882352941176457 0.08039215686274495 0.06405228758169922 0.05882352941176457 0.06013071895424824 0.06405228758169922 0.0594771241830064 0.06013071895424823 0.05882352941176457 0.06078431372549007
0.09277777777777765 0.059999999999999915 0.07777777777777771 0.0627777777777777 0.05111111111111102 0.05777777777777768 0.05722222222222215 0.061666666666666585 0.061666666666666606 0.09833333333333324 0.05222222222222214 0.05444444444444436 0.055555555555555455 0.06444444444444435 0.09222222222222215
0.059876543209876426 0.05679012345679001 0.06358024691358012 0.0648148148148147 0.05679012345679002 0.05925925925925914 0.06666666666666655 0.13024691358024673 0.05925925925925916 0.06604938271604925 0.05679012345679001 0.06049382716049373 0.05555555555555545 0.07654320987654309 0.06728395061728383
0.06296296296296283 0.05617283950617273 0.058641975308641854 0.05925925925925916 0.05555555555555545 0.05925925925925914 0.05679012345679001 0.058641975308641854 0.15185185185185165 0.05740740740740729 0.07716049382716035 0.05740740740740729 0.05679012345679001 0.07469135802469122 0.05740740740740729
0.052631578947368425 0.052631578947368425 0.05380116959064327 0.052631578947368425 0.052631578947368425 0.07134502923976596 0.05321637426900584 0.09473684210526316 0.10994152046783623 0.052631578947368425 0.06257309941520468 0.06315789473684208 0.052631578947368425 0.12222222222222208 0.05321637426900586
0.07222222222222222 0.06319444444444444 0.06875 0.06597222222222222 0.0625 0.06319444444444444 0.06388888888888888 0.0875 0.06597222222222222 0.06458333333333334 0.0625 0.06458333333333334 0.06319444444444444 0.06666666666666667 0.06527777777777778
0.06111111111111099 0.058024691358024585 0.059876543209876426 0.06296296296296285 0.17222222222222197 0.05864197530864187 0.05864197530864187 0.05617283950617273 0.05740740740740729 0.06049382716049372 0.05802469135802457 0.05802469135802457 0.06111111111111099 0.05802469135802457 0.05925925925925915
0.0660130718954247 0.05882352941176457 0.06013071895424824 0.07843137254901945 0.06209150326797371 0.0594771241830064 0.062091503267973726 0.11437908496732008 0.0594771241830064 0.06535947712418289 0.05882352941176457 0.07385620915032666 0.05882352941176457 0.06274509803921556 0.059477124183006415
0.05396825396825389 0.051322751322751256 0.06084656084656077 0.07671957671957666 0.07037037037037029 0.04814814814814808 0.15026455026455013 0.05343915343915337 0.05132275132275125 0.053439153439153356 0.04920634920634914 0.10687830687830678 0.051851851851851774 0.07142857142857134 0.05079365079365073
0.0685185185185184 0.05987654320987642 0.07037037037037025 0.06481481481481469 0.059876543209876426 0.05925925925925914 0.10432098765432084 0.06358024691358014 0.06543209876543198 0.08271604938271593 0.05740740740740729 0.05925925925925915 0.05679012345679001 0.06728395061728382 0.06049382716049371
0.06172839506172829 0.05617283950617273 0.08086419753086407 0.07345679012345664 0.05987654320987642 0.05555555555555545 0.1345679012345677 0.07098765432098754 0.05617283950617273 0.061111111111111005 0.05555555555555545 0.061111111111111005 0.05740740740740729 0.05617283950617273 0.05925925925925914
0.05079365079365071 0.048677248677248604 0.07460317460317452 0.12380952380952373 0.10899470899470888 0.05026455026455019 0.11904761904761899 0.05343915343915337 0.05343915343915337 0.05026455026455019 0.048677248677248604 0.04973544973544967 0.06402116402116395 0.052380952380952306 0.051851851851851774
0.06234567901234556 0.05864197530864187 0.07407407407407396 0.0944444444444443 0.06851851851851841 0.07037037037037026 0.06049382716049372 0.061111111111110984 0.06481481481481469 0.08148148148148132 0.05987654320987642 0.0574074074074073 0.05740740740740729 0.0685185185185184 0.0604938271604937
0.06851851851851841 0.08148148148148134 0.06296296296296283 0.14135802469135786 0.05802469135802457 0.05864197530864187 0.05679012345679001 0.05925925925925914 0.058024691358024585 0.05925925925925915 0.05555555555555545 0.061728395061728274 0.0574074074074073 0.05925925925925915 0.061728395061728274
0.10606060606060613 0.048989898989899 0.06111111111111116 0.13787878787878802 0.04848484848484848 0.051010101010101026 0.10707070707070718 0.05353535353535357 0.05606060606060608 0.06616161616161624 0.04797979797979798 0.05050505050505051 0.04848484848484848 0.06414141414141421 0.052525252525252544
0.05617283950617273 0.05555555555555545 0.05555555555555545 0.05617283950617273 0.16543209876543188 0.05555555555555545 0.10864197530864177 0.05679012345679001 0.05555555555555545 0.05617283950617273 0.05555555555555545 0.05555555555555545 0.05617283950617273 0.05555555555555545 0.05555555555555545
0.0640522875816992 0.06013071895424824 0.06601307189542471 0.0908496732026142 0.062091503267973726 0.06078431372549007 0.062091503267973726 0.0660130718954247 0.0614379084967319 0.08366013071895413 0.06013071895424823 0.0679738562091502 0.06013071895424824 0.07124183006535934 0.06339869281045737
0.05944444444444436 0.058333333333333244 0.05944444444444435 0.05611111111111102 0.05166666666666657 0.05444444444444436 0.18499999999999991 0.058888888888888796 0.05722222222222214 0.06611111111111101 0.052222222222222135 0.0527777777777777 0.056666666666666574 0.05888888888888879 0.07277777777777769
0.07407407407407401 0.048677248677248604 0.05661375661375654 0.050793650793650724 0.19259259259259232 0.04867724867724861 0.05132275132275124 0.051851851851851774 0.05608465608465602 0.05291005291005284 0.050793650793650724 0.04920634920634914 0.0783068783068782 0.08095238095238086 0.05714285714285706
0.041975308641975344 0.04691358024691362 0.0452674897119342 0.08436213991769549 0.23086419753086393 0.042386831275720196 0.0444444444444445 0.046502057613168765 0.04115226337448564 0.15925925925925938 0.0423868312757202 0.044444444444444495 0.0386831275720165 0.04444444444444448 0.04691358024691364
0.060784313725490056 0.0594771241830064 0.0614379084967319 0.06013071895424824 0.059477124183006415 0.059477124183006415 0.11699346405228735 0.06013071895424823 0.062091503267973726 0.08758169934640506 0.05882352941176457 0.06078431372549007 0.059477124183006415 0.07450980392156847 0.05882352941176457
0.06023391812865496 0.05380116959064327 0.058479532163742715 0.05730994152046782 0.06315789473684208 0.055555555555555546 0.08947368421052636 0.06900584795321636 0.055555555555555546 0.15029239766081862 0.058479532163742666 0.05672514619883037 0.059649122807017514 0.05730994152046782 0.05497076023391812
0.05611111111111102 0.05277777777777769 0.06111111111111103 0.10277777777777777 0.17333333333333334 0.05444444444444436 0.05111111111111103 0.0699999999999999 0.053333333333333253 0.052222222222222135 0.05333333333333324 0.054999999999999924 0.05166666666666658 0.059999999999999915 0.05277777777777769
0.05111111111111103 0.05555555555555547 0.04999999999999991 0.28777777777777813 0.04999999999999991 0.04999999999999991 0.04999999999999991 0.05055555555555547 0.04999999999999991 0.05111111111111102 0.04999999999999991 0.05277777777777769 0.050555555555555465 0.05055555555555547 0.04999999999999991
0.0625 0.0625 0.0625 0.10833333333333334 0.06319444444444444 0.0625 0.06319444444444444 0.06319444444444444 0.06319444444444444 0.0625 0.06319444444444444 0.07430555555555556 0.06319444444444444 0.06319444444444444 0.0625
0.05864197530864187 0.07407407407407393 0.0648148148148147 0.05802469135802457 0.05555555555555545 0.09938271604938254 0.05740740740740729 0.05864197530864187 0.06111111111111099 0.08641975308641961 0.07469135802469122 0.059876543209876426 0.05864197530864187 0.07345679012345668 0.05925925925925914
0.05617283950617273 0.062345679012345556 0.05679012345679001 0.05555555555555545 0.05617283950617273 0.19876543209876513 0.05617283950617273 0.05617283950617273 0.05617283950617273 0.05555555555555545 0.062345679012345556 0.05802469135802457 0.05555555555555545 0.05802469135802457 0.05617283950617273
0.060233918128654945 0.05438596491228071 0.059649122807017535 0.05614035087719299 0.052631578947368425 0.05497076023391812 0.053801169590643266 0.05847953216374269 0.055555555555555546 0.10760233918128653 0.0543859649122807 0.05497076023391813 0.053801169590643266 0.06198830409356722 0.16140350877192955
0.06234567901234556 0.15061728395061708 0.06543209876543196 0.05925925925925914 0.05925925925925916 0.05679012345679001 0.05987654320987645 0.058024691358024585 0.05987654320987642 0.06358024691358014 0.059876543209876426 0.05679012345679001 0.06234567901234556 0.061111111111111005 0.06481481481481471
0.06666666666666667 0.06319444444444444 0.08402777777777778 0.06458333333333334 0.06597222222222222 0.06319444444444444 0.06666666666666667 0.06527777777777778 0.06527777777777778 0.06666666666666667 0.06319444444444444 0.06388888888888888 0.06875 0.06736111111111111 0.06527777777777778
0.04999999999999991 0.050555555555555465 0.08277777777777764 0.05277777777777769 0.04999999999999991 0.04999999999999991 0.04999999999999991 0.050555555555555465 0.05055555555555547 0.14666666666666683 0.04999999999999991 0.05166666666666658 0.05111111111111103 0.0527777777777777 0.16055555555555542
0.06736111111111111 0.06736111111111111 0.06666666666666667 0.06597222222222222 0.06388888888888888 0.0798611111111111 0.06388888888888888 0.06666666666666667 0.06597222222222222 0.06666666666666667 0.06388888888888888 0.06388888888888888 0.06527777777777778 0.06805555555555555 0.06458333333333334
0.0625 0.0625 0.0625 0.0625 0.0625 0.0625 0.0625 0.10486111111111111 0.0625 0.06319444444444444 0.0625 0.08055555555555556 0.06319444444444444 0.0625 0.06319444444444444
0.06198830409356722 0.07660818713450286 0.06315789473684205 0.06374269005847953 0.05614035087719298 0.05438596491228069 0.05847953216374269 0.08128654970760231 0.057309941520467825 0.0590643274853801 0.05614035087719299 0.05964912280701749 0.05672514619883039 0.06608187134502924 0.12923976608187124
0.08169934640522859 0.10849673202614356 0.06209150326797371 0.06470588235294106 0.059477124183006415 0.0614379084967319 0.05882352941176457 0.05882352941176457 0.06013071895424824 0.0614379084967319 0.059477124183006415 0.05882352941176457 0.06732026143790837 0.07647058823529397 0.060784313725490056
0.062091503267973726 0.059477124183006415 0.0614379084967319 0.05882352941176457 0.059477124183006415 0.0594771241830064 0.05882352941176457 0.06013071895424824 0.06013071895424823 0.06013071895424823 0.059477124183006415 0.06013071895424823 0.06013071895424824 0.06013071895424824 0.16013071895424813
0.07058823529411752 0.06339869281045739 0.07516339869281033 0.0640522875816992 0.059477124183006415 0.059477124183006415 0.061437908496731905 0.06339869281045739 0.06274509803921555 0.06405228758169922 0.06078431372549007 0.05882352941176457 0.10065359477124165 0.0660130718954247 0.06993464052287568
0.12777777777777757 0.06049382716049371 0.06234567901234556 0.06296296296296283 0.058024691358024585 0.05740740740740729 0.06049382716049372 0.07160493827160483 0.06728395061728382 0.0641975308641974 0.062345679012345556 0.061111111111111005 0.05987654320987642 0.06296296296296283 0.061111111111111005
0.16274509803921544 0.0594771241830064 0.06013071895424823 0.06013071895424824 0.05882352941176457 0.06078431372549007 0.0594771241830064 0.060784313725490056 0.05882352941176457 0.06013071895424824 0.0594771241830064 0.0594771241830064 0.05882352941176457 0.060784313725490056 0.06013071895424823
0.0625 0.0625 0.0625 0.06319444444444444 0.0625 0.0625 0.0625 0.10902777777777778 0.06319444444444444 0.0625 0.0625 0.0763888888888889 0.0625 0.0625 0.06319444444444444
0.058024691358024585 0.06975308641975296 0.05740740740740729 0.06111111111111099 0.10987654320987633 0.05555555555555545 0.1117283950617282 0.05802469135802459 0.05864197530864187 0.06049382716049371 0.062345679012345556 0.05679012345679001 0.05679012345679001 0.05987654320987642 0.06358024691358015
0.053968253968253894 0.04973544973544967 0.05026455026455019 0.1703703703703701 0.18306878306878285 0.048677248677248604 0.04920634920634913 0.04920634920634914 0.05079365079365071 0.05185185185185179 0.04920634920634913 0.04973544973544967 0.04814814814814808 0.04814814814814808 0.04761904761904755
0.07426900584795317 0.05730994152046784 0.07309941520467834 0.07192982456140345 0.058479532163742694 0.06081871345029236 0.10467836257309938 0.06081871345029242 0.05614035087719297 0.06959064327485377 0.0567251461988304 0.05847953216374265 0.060818713450292376 0.07076023391812862 0.06608187134502919
0.11111111111111108 0.05789473684210523 0.0567251461988304 0.1315789473684209 0.07309941520467836 0.053801169590643266 0.05321637426900585 0.057309941520467804 0.05555555555555554 0.06140350877192984 0.05438596491228068 0.05380116959064327 0.055555555555555546 0.06549707602339179 0.05906432748538011
0.0625 0.0625 0.0625 0.06458333333333334 0.0625 0.0625 0.10694444444444444 0.07569444444444444 0.0625 0.0625 0.0625 0.06388888888888888 0.0625 0.06319444444444444 0.06319444444444444
0.0458333333333333 0.04398148148148143 0.07175925925925923 0.0444444444444444 0.1458333333333333 0.04907407407407407 0.1328703703703703 0.050925925925925916 0.04861111111111111 0.048148148148148114 0.046759259259259216 0.1328703703703703 0.04398148148148143 0.04999999999999998 0.044907407407407354
0.0753753753753754 0.035735735735735775 0.16336336336336332 0.062462462462462516 0.11771771771771768 0.03873873873873878 0.05525525525525527 0.06726726726726727 0.05105105105105108 0.04954954954954959 0.037837837837837854 0.09279279279279273 0.03873873873873875 0.06576576576576584 0.048348348348348405
0.05882352941176457 0.05882352941176457 0.05882352941176457 0.05882352941176457 0.05882352941176457 0.05882352941176457 0.1751633986928102 0.06013071895424824 0.05882352941176457 0.05882352941176457 0.05882352941176457 0.05882352941176457 0.05882352941176457 0.05882352941176457 0.05882352941176457
0.05882352941176457 0.05882352941176457 0.05882352941176457 0.05882352941176457 0.1751633986928102 0.05882352941176457 0.0594771241830064 0.05882352941176457 0.05882352941176457 0.05882352941176457 0.05882352941176457 0.059477124183006415 0.05882352941176457 0.05882352941176457 0.05882352941176457
0.05987654320987644 0.061111111111111005 0.06111111111111099 0.06049382716049371 0.05679012345679001 0.06111111111111099 0.06419753086419741 0.07469135802469122 0.05987654320987642 0.06419753086419741 0.059876543209876426 0.11913580246913563 0.061111111111111005 0.07283950617283938 0.06358024691358014
0.04927536231884066 0.04830917874396143 0.05024154589371988 0.05169082125603871 0.045893719806763364 0.0570048309178745 0.18695652173913072 0.0502415458937199 0.11062801932367153 0.05362318840579718 0.06280193236714984 0.05458937198067642 0.04492753623188414 0.08454106280193245 0.04927536231884067
0.059477124183006415 0.06013071895424824 0.0594771241830064 0.05882352941176457 0.0594771241830064 0.05882352941176457 0.05882352941176457 0.0614379084967319 0.09019607843137238 0.05882352941176457 0.06078431372549007 0.11764705882352917 0.05882352941176457 0.07843137254901944 0.05882352941176457
0.039743589743589706 0.039316239316239274 0.039743589743589706 0.03931623931623928 0.34444444444444466 0.03888888888888885 0.07264957264957259 0.03931623931623928 0.06410256410256407 0.04188034188034184 0.0397435897435897 0.07692307692307684 0.03846153846153842 0.04658119658119653 0.038888888888888855
0.06618357487922716 0.045893719806763364 0.04975845410628026 0.049758454106280284 0.05217391304347833 0.04541062801932375 0.1304347826086957 0.045893719806763364 0.06811594202898559 0.045893719806763364 0.0608695652173914 0.18260869565217408 0.045410628019323766 0.0652173913043479 0.04637681159420297
0.04696969696969696 0.04595959595959594 0.07070707070707073 0.04646464646464645 0.04595959595959594 0.04595959595959594 0.058080808080808115 0.07171717171717178 0.07525252525252522 0.047474747474747475 0.045454545454545435 0.2505050505050506 0.045454545454545435 0.0560606060606061 0.04797979797979797
0.0527777777777777 0.04999999999999991 0.0527777777777777 0.05722222222222215 0.08222222222222209 0.05222222222222213 0.12500000000000003 0.05777777777777769 0.11777777777777777 0.05444444444444435 0.07277777777777769 0.05611111111111102 0.05277777777777769 0.06499999999999988 0.05111111111111103
0.06339869281045739 0.062091503267973726 0.06470588235294106 0.06078431372549007 0.0594771241830064 0.062091503267973726 0.06339869281045739 0.06339869281045737 0.06993464052287568 0.06339869281045739 0.06274509803921555 0.10392156862745079 0.062091503267973726 0.07647058823529397 0.06209150326797373
0.04273504273504271 0.041880341880341856 0.17008547008546987 0.04145299145299141 0.040170940170940125 0.04102564102564099 0.06239316239316233 0.25128205128205117 0.05470085470085463 0.0427350427350427 0.04145299145299141 0.04188034188034185 0.041880341880341836 0.04273504273504268 0.04358974358974354
0.04830917874396142 0.047342995169082205 0.05507246376811603 0.04637681159420299 0.0468599033816426 0.045893719806763364 0.1922705314009663 0.11594202898550725 0.045893719806763364 0.04541062801932375 0.04444444444444452 0.08550724637681176 0.08743961352657015 0.04782608695652181 0.04541062801932375
0.07189542483660115 0.06078431372549007 0.0614379084967319 0.06274509803921556 0.06013071895424823 0.060784313725490056 0.11503267973856184 0.0614379084967319 0.06013071895424824 0.07908496732026128 0.05882352941176457 0.06078431372549007 0.06209150326797373 0.06470588235294104 0.06013071895424823
0.05882352941176457 0.05882352941176457 0.05882352941176457 0.06078431372549007 0.06013071895424824 0.05882352941176457 0.11568627450980366 0.11372549019607821 0.05882352941176457 0.060784313725490056 0.05882352941176457 0.05882352941176457 0.05882352941176457 0.0594771241830064 0.05882352941176457
0.0625 0.0625 0.0625 0.0625 0.0625 0.0625 0.0625 0.0625 0.0625 0.0625 0.0625 0.0625 0.12430555555555556 0.06319444444444444 0.0625
0.07251461988304095 0.05847953216374269 0.06549707602339176 0.05964912280701752 0.05321637426900585 0.05380116959064327 0.05555555555555554 0.053801169590643266 0.05614035087719299 0.11812865497076015 0.054970760233918115 0.05321637426900585 0.13216374269005832 0.05847953216374267 0.05438596491228069
0.06666666666666654 0.059477124183006415 0.06732026143790835 0.0705882352941175 0.061437908496731905 0.06732026143790835 0.06013071895424823 0.06274509803921555 0.11111111111111087 0.06732026143790838 0.06013071895424824 0.06013071895424824 0.05882352941176457 0.06535947712418286 0.0614379084967319
0.0816993464052286 0.06013071895424823 0.06274509803921556 0.07189542483660116 0.0594771241830064 0.06013071895424823 0.06013071895424823 0.062091503267973726 0.10915032679738541 0.06209150326797373 0.06013071895424824 0.06470588235294107 0.0594771241830064 0.06339869281045737 0.06274509803921556
0.06597222222222222 0.06666666666666667 0.06805555555555555 0.06666666666666667 0.06527777777777778 0.06527777777777778 0.06527777777777778 0.06666666666666667 0.06736111111111111 0.06875 0.06527777777777778 0.06805555555555555 0.06736111111111111 0.06875 0.06458333333333334
0.09666666666666658 0.10611111111111098 0.07166666666666656 0.05833333333333324 0.05499999999999993 0.062222222222222116 0.053333333333333253 0.06222222222222214 0.05666666666666658 0.059999999999999915 0.053888888888888806 0.06055555555555548 0.06055555555555546 0.0822222222222221 0.060555555555555446
0.07013888888888889 0.06597222222222222 0.06666666666666667 0.06736111111111111 0.0625 0.06527777777777778 0.06458333333333334 0.06666666666666667 0.06805555555555555 0.06736111111111111 0.06458333333333334 0.06805555555555555 0.06527777777777778 0.07013888888888889 0.06736111111111111
0.0685185185185184 0.09629629629629616 0.11790123456790105 0.059876543209876426 0.05802469135802457 0.06049382716049372 0.05679012345679001 0.061728395061728274 0.06543209876543198 0.061111111111111005 0.05740740740740729 0.0574074074074073 0.05679012345679001 0.06481481481481469 0.05740740740740729
0.05380116959064329 0.05321637426900585 0.11812865497076006 0.0567251461988304 0.052631578947368425 0.05380116959064327 0.06725146198830405 0.05438596491228071 0.05321637426900584 0.0543859649122807 0.052631578947368425 0.05380116959064327 0.052631578947368425 0.05321637426900584 0.17017543859649134
0.052631578947368425 0.052631578947368425 0.05321637426900584 0.05321637426900584 0.15847953216374236 0.052631578947368425 0.15380116959064297 0.052631578947368425 0.05321637426900584 0.05321637426900586 0.052631578947368425 0.05321637426900585 0.05321637426900584 0.052631578947368425 0.052631578947368425
0.06928104575163384 0.0614379084967319 0.0660130718954247 0.0660130718954247 0.05882352941176457 0.06013071895424824 0.07777777777777765 0.08366013071895408 0.07843137254901945 0.06078431372549007 0.0614379084967319 0.0660130718954247 0.06013071895424823 0.06862745098039201 0.0614379084967319
0.06928104575163387 0.059477124183006415 0.060784313725490056 0.06274509803921556 0.06209150326797371 0.0594771241830064 0.05882352941176457 0.1130718954248364 0.06339869281045739 0.0614379084967319 0.06078431372549007 0.0836601307189541 0.0594771241830064 0.06470588235294103 0.06078431372549007
0.05944444444444434 0.0755555555555555 0.058888888888888796 0.06111111111111103 0.05555555555555547 0.05333333333333324 0.05499999999999991 0.11333333333333324 0.0944444444444444 0.059999999999999894 0.06999999999999992 0.058333333333333244 0.05888888888888881 0.06833333333333326 0.05777777777777769
0.07291666666666667 0.06388888888888888 0.06597222222222222 0.06875 0.06458333333333334 0.06597222222222222 0.06319444444444444 0.07430555555555556 0.06527777777777778 0.06736111111111111 0.06458333333333334 0.06527777777777778 0.06388888888888888 0.06805555555555555 0.06597222222222222
0.07361111111111111 0.06458333333333334 0.06805555555555555 0.06736111111111111 0.06527777777777778 0.06666666666666667 0.06458333333333334 0.06875 0.06805555555555555 0.06736111111111111 0.06319444444444444 0.06527777777777778 0.06319444444444444 0.06666666666666667 0.06736111111111111
0.05679012345679001 0.05555555555555545 0.05617283950617273 0.058024691358024585 0.05555555555555545 0.14074074074074056 0.05617283950617273 0.05925925925925915 0.05864197530864187 0.07407407407407396 0.09197530864197517 0.05617283950617273 0.05679012345679001 0.0679012345679011 0.05617283950617273
0.13274853801169578 0.056725146198830394 0.08304093567251461 0.060233918128654966 0.05438596491228069 0.05964912280701749 0.059649122807017514 0.058479532163742694 0.06900584795321636 0.06315789473684207 0.05555555555555555 0.05497076023391813 0.05438596491228069 0.07192982456140347 0.06608187134502919
0.08333333333333333 0.06319444444444444 0.06597222222222222 0.06388888888888888 0.0625 0.06319444444444444 0.06527777777777778 0.06875 0.06805555555555555 0.07013888888888889 0.0625 0.06666666666666667 0.0625 0.07013888888888889 0.06388888888888888
0.0655555555555555 0.054999999999999924 0.07555555555555545 0.1027777777777777 0.0577777777777777 0.0638888888888888 0.05444444444444435 0.06222222222222215 0.056666666666666574 0.06888888888888879 0.09888888888888879 0.058333333333333244 0.05666666666666658 0.06555555555555545 0.05777777777777769
0.061728395061728274 0.05679012345679001 0.061728395061728274 0.061728395061728274 0.061111111111111005 0.10555555555555536 0.05740740740740729 0.05864197530864187 0.061111111111110984 0.061111111111111005 0.0759259259259258 0.05864197530864187 0.05740740740740729 0.10123456790123439 0.05987654320987644
0.07254901960784299 0.07320261437908482 0.06470588235294103 0.062091503267973726 0.0594771241830064 0.0614379084967319 0.0594771241830064 0.06274509803921555 0.06405228758169922 0.062091503267973726 0.06013071895424824 0.06274509803921556 0.06274509803921557 0.0614379084967319 0.11111111111111091
0.05882352941176457 0.05882352941176457 0.060784313725490056 0.0594771241830064 0.05882352941176457 0.06078431372549007 0.05882352941176457 0.16274509803921544 0.05882352941176457 0.05882352941176457 0.05882352941176457 0.06732026143790837 0.05882352941176457 0.0594771241830064 0.05882352941176457
0.0625 0.0625 0.0625 0.0625 0.06319444444444444 0.0625 0.12152777777777778 0.06388888888888888 0.06319444444444444 0.06319444444444444 0.0625 0.0625 0.0625 0.0625 0.0625
0.06728395061728383 0.05679012345679001 0.06172839506172829 0.05925925925925916 0.05555555555555545 0.05740740740740729 0.05679012345679001 0.05679012345679001 0.15679012345678991 0.058024691358024585 0.05987654320987642 0.058641975308641854 0.0648148148148147 0.07160493827160479 0.05864197530864187
0.07134502923976604 0.055555555555555546 0.08830409356725144 0.06432748538011693 0.05555555555555554 0.09941520467836255 0.05497076023391812 0.06608187134502924 0.05672514619883037 0.06900584795321635 0.06842105263157895 0.061988304093567245 0.058479532163742666 0.07192982456140345 0.05789473684210523
0.05321637426900585 0.05438596491228069 0.05789473684210525 0.05964912280701754 0.06081871345029239 0.09649122807017543 0.052631578947368425 0.09941520467836258 0.10877192982456138 0.061403508771929766 0.07368421052631577 0.05380116959064327 0.05380116959064327 0.058479532163742666 0.055555555555555546
0.055555555555555566 0.07894736842105265 0.12339181286549696 0.0596491228070175 0.053801169590643266 0.0701754385964912 0.05321637426900586 0.05438596491228072 0.05614035087719297 0.07134502923976607 0.05380116959064329 0.05497076023391812 0.09356725146198834 0.0637426900584795 0.057309941520467804
0.05555555555555545 0.06419753086419741 0.05617283950617273 0.05679012345679001 0.05555555555555545 0.1172839506172838 0.05555555555555545 0.058024691358024585 0.11913580246913553 0.05617283950617273 0.058024691358024585 0.05617283950617273 0.05617283950617273 0.07962962962962951 0.05555555555555545
0.06388888888888888 0.0625 0.06319444444444444 0.06597222222222222 0.0625 0.0625 0.06458333333333334 0.09791666666666667 0.06458333333333334 0.06458333333333334 0.06319444444444444 0.07152777777777777 0.06319444444444444 0.06666666666666667 0.06319444444444444
0.06666666666666667 0.0625 0.0625 0.0625 0.06319444444444444 0.0625 0.06388888888888888 0.09722222222222222 0.06597222222222222 0.06458333333333334 0.0625 0.0625 0.0625 0.075 0.06597222222222222
0.07222222222222222 0.06388888888888888 0.07083333333333333 0.07013888888888889 0.0625 0.06458333333333334 0.06319444444444444 0.07430555555555556 0.06666666666666667 0.06666666666666667 0.06319444444444444 0.06319444444444444 0.06319444444444444 0.07222222222222222 0.06319444444444444
0.06862745098039202 0.061437908496731884 0.06078431372549007 0.06470588235294103 0.05882352941176457 0.06013071895424823 0.06013071895424824 0.07124183006535932 0.09346405228758155 0.06535947712418289 0.0653594771241829 0.06274509803921556 0.06078431372549007 0.08562091503267956 0.060784313725490056
0.08823529411764694 0.06535947712418289 0.0679738562091502 0.062091503267973726 0.06013071895424824 0.061437908496731884 0.06013071895424823 0.07189542483660115 0.06078431372549007 0.061437908496731905 0.06274509803921555 0.0594771241830064 0.059477124183006415 0.06535947712418286 0.09346405228758155
0.06078431372549007 0.05882352941176457 0.06013071895424824 0.062091503267973726 0.059477124183006415 0.05882352941176457 0.05882352941176457 0.0594771241830064 0.06013071895424824 0.06078431372549007 0.05882352941176457 0.059477124183006415 0.16143790849673176 0.060784313725490056 0.06013071895424824
0.06315789473684208 0.05497076023391812 0.07543859649122805 0.08245614035087717 0.06081871345029237 0.05906432748538011 0.06725146198830408 0.07426900584795323 0.06081871345029243 0.08596491228070174 0.055555555555555546 0.0584795321637427 0.05672514619883039 0.08888888888888886 0.05614035087719296
0.05679012345679002 0.09876543209876526 0.05679012345679001 0.05679012345679001 0.11296296296296274 0.05802469135802457 0.058024691358024585 0.058024691358024585 0.05740740740740729 0.05617283950617273 0.093827160493827 0.05740740740740729 0.06172839506172829 0.058024691358024585 0.05925925925925915
0.12483660130718928 0.05882352941176457 0.06339869281045737 0.062091503267973726 0.05882352941176457 0.0614379084967319 0.06078431372549007 0.06078431372549007 0.08496732026143776 0.0594771241830064 0.05882352941176457 0.062091503267973726 0.05882352941176457 0.06535947712418287 0.0594771241830064
0.06388888888888888 0.0625 0.06319444444444444 0.11458333333333333 0.0625 0.0625 0.0625 0.06388888888888888 0.06319444444444444 0.06319444444444444 0.0625 0.06388888888888888 0.0625 0.06527777777777778 0.06388888888888888
0.06111111111111099 0.05987654320987642 0.06049382716049372 0.05925925925925914 0.05617283950617273 0.06975308641975296 0.05617283950617273 0.06234567901234556 0.07777777777777763 0.10617283950617266 0.05740740740740729 0.06296296296296285 0.058641975308641854 0.09320987654320977 0.05864197530864187
0.05614035087719301 0.05497076023391813 0.06140350877192979 0.05380116959064329 0.052631578947368425 0.0707602339181286 0.05497076023391812 0.055555555555555546 0.06315789473684205 0.17017543859649106 0.05380116959064327 0.05555555555555555 0.05438596491228069 0.08947368421052636 0.05321637426900585
0.04999999999999991 0.04999999999999991 0.04999999999999991 0.04999999999999991 0.04999999999999991 0.29611111111111155 0.04999999999999991 0.04999999999999991 0.04999999999999991 0.04999999999999991 0.05333333333333324 0.04999999999999991 0.04999999999999991 0.05055555555555547 0.04999999999999991
0.0625 0.0625 0.0625 0.0625 0.0625 0.07916666666666666 0.0625 0.0625 0.07847222222222222 0.0625 0.06319444444444444 0.0625 0.0625 0.09166666666666666 0.0625
0.05987654320987644 0.058641975308641875 0.06234567901234556 0.05864197530864187 0.05617283950617273 0.1740740740740738 0.0574074074074073 0.05617283950617273 0.06111111111111099 0.06234567901234556 0.058641975308641854 0.05679012345679001 0.05679012345679001 0.05740740740740729 0.06358024691358014
0.05614035087719298 0.05380116959064327 0.055555555555555546 0.06432748538011691 0.05555555555555554 0.05380116959064329 0.06257309941520467 0.0567251461988304 0.2058479532163743 0.05906432748538009 0.05730994152046782 0.05614035087719299 0.05321637426900585 0.05614035087719297 0.053801169590643266
0.052631578947368425 0.05321637426900584 0.05380116959064327 0.052631578947368425 0.052631578947368425 0.18011695906432723 0.05321637426900586 0.052631578947368425 0.10994152046783624 0.05321637426900584 0.052631578947368425 0.052631578947368425 0.05321637426900584 0.07485380116959066 0.052631578947368425
