0.07083333333333333 0.06736111111111111 0.06875 0.06388888888888888 0.06458333333333334 0.07222222222222222 0.06388888888888888 0.06388888888888888 0.06736111111111111 0.06527777777777778 0.06805555555555555 0.06597222222222222 0.06597222222222222 0.06736111111111111 0.06458333333333334
0.06875 0.06458333333333334 0.06458333333333334 0.06388888888888888 0.06527777777777778 0.06666666666666667 0.07361111111111111 0.06527777777777778 0.06666666666666667 0.06527777777777778 0.06736111111111111 0.06736111111111111 0.06875 0.06736111111111111 0.06458333333333334
0.05666666666666658 0.055555555555555476 0.05444444444444437 0.05277777777777769 0.06944444444444434 0.16277777777777785 0.0999999999999999 0.053333333333333253 0.0538888888888888 0.05944444444444435 0.056666666666666574 0.05722222222222215 0.053888888888888806 0.057222222222222126 0.056666666666666574
0.052631578947368425 0.0543859649122807 0.18654970760233916 0.053801169590643266 0.0543859649122807 0.10000000000000002 0.0543859649122807 0.052631578947368425 0.055555555555555566 0.05380116959064327 0.06725146198830413 0.05380116959064327 0.05321637426900586 0.05321637426900586 0.0543859649122807
0.057309941520467825 0.05380116959064327 0.0567251461988304 0.05497076023391813 0.058479532163742666 0.20058479532163745 0.05847953216374265 0.0543859649122807 0.058479532163742666 0.0614035087719298 0.05906432748538009 0.05906432748538009 0.05555555555555554 0.0567251461988304 0.054970760233918115
0.05882352941176457 0.05882352941176457 0.17385620915032654 0.05882352941176457 0.05882352941176457 0.05882352941176457 0.05882352941176457 0.059477124183006415 0.059477124183006415 0.059477124183006415 0.05882352941176457 0.05882352941176457 0.0594771241830064 0.05882352941176457 0.05882352941176457
0.05802469135802457 0.0574074074074073 0.05987654320987644 0.05802469135802457 0.0574074074074073 0.062345679012345556 0.061111111111110984 0.06049382716049371 0.05864197530864187 0.058024691358024585 0.05740740740740729 0.17407407407407377 0.05617283950617273 0.06234567901234556 0.058641975308641854
0.06555555555555546 0.05722222222222215 0.058888888888888796 0.09888888888888878 0.05833333333333324 0.06388888888888879 0.08888888888888882 0.05166666666666658 0.05555555555555547 0.06055555555555549 0.0699999999999999 0.0749999999999999 0.06833333333333325 0.07166666666666657 0.05555555555555547
0.06078431372549007 0.060784313725490056 0.06274509803921555 0.0614379084967319 0.06013071895424824 0.06013071895424823 0.07189542483660116 0.12026143790849646 0.059477124183006415 0.06470588235294104 0.06339869281045739 0.0633986928104574 0.061437908496731884 0.0679738562091502 0.0614379084967319
0.058641975308641854 0.08518518518518509 0.062345679012345556 0.06049382716049371 0.06358024691358012 0.059876543209876426 0.10864197530864185 0.05925925925925914 0.06234567901234558 0.0648148148148147 0.05925925925925915 0.06543209876543199 0.061111111111110984 0.06728395061728382 0.06172839506172829
0.06666666666666655 0.1366666666666667 0.05166666666666658 0.09499999999999985 0.05166666666666658 0.05111111111111103 0.13555555555555568 0.04999999999999991 0.05055555555555547 0.052222222222222135 0.05611111111111101 0.04999999999999991 0.050555555555555465 0.05111111111111103 0.05111111111111102
0.06458333333333334 0.07083333333333333 0.06388888888888888 0.06666666666666667 0.06527777777777778 0.06875 0.07222222222222222 0.06597222222222222 0.06388888888888888 0.06527777777777778 0.06666666666666667 0.06527777777777778 0.07222222222222222 0.06388888888888888 0.06458333333333334
0.0625 0.06319444444444444 0.0625 0.06319444444444444 0.06319444444444444 0.0625 0.11736111111111111 0.0625 0.0625 0.0625 0.06319444444444444 0.06319444444444444 0.06458333333333334 0.06319444444444444 0.06388888888888888
0.0660130718954247 0.06535947712418286 0.0660130718954247 0.06078431372549007 0.0614379084967319 0.06666666666666653 0.06470588235294103 0.06339869281045739 0.09346405228758159 0.06274509803921556 0.06339869281045739 0.07320261437908483 0.06013071895424824 0.072549019607843 0.06013071895424824
0.0574074074074073 0.05925925925925915 0.0574074074074073 0.05617283950617273 0.06111111111111099 0.11419753086419734 0.06049382716049371 0.058641975308641875 0.06543209876543199 0.05925925925925914 0.07716049382716038 0.08580246913580232 0.05802469135802457 0.07037037037037024 0.05925925925925915
0.06388888888888888 0.06527777777777778 0.06458333333333334 0.06319444444444444 0.06597222222222222 0.06388888888888888 0.06666666666666667 0.06458333333333334 0.06388888888888888 0.06458333333333334 0.06597222222222222 0.06388888888888888 0.06527777777777778 0.06388888888888888 0.09444444444444444
0.06666666666666667 0.06458333333333334 0.06597222222222222 0.06458333333333334 0.06666666666666667 0.06597222222222222 0.06666666666666667 0.06527777777777778 0.06527777777777778 0.07152777777777777 0.06597222222222222 0.06666666666666667 0.06736111111111111 0.06736111111111111 0.06944444444444445
0.051690821256038716 0.0468599033816426 0.06570048309178753 0.04975845410628028 0.05169082125603873 0.04830917874396144 0.08309178743961365 0.1980676328502417 0.0714975845410629 0.0473429951690822 0.05024154589371988 0.08743961352657018 0.047826086956521824 0.046859903381642594 0.05362318840579719
0.0625 0.06458333333333334 0.0625 0.0625 0.0625 0.0625 0.08472222222222223 0.0625 0.0625 0.08402777777777778 0.0625 0.0625 0.07847222222222222 0.06319444444444444 0.0625
0.06470588235294103 0.06209150326797373 0.0699346405228757 0.0594771241830064 0.06078431372549007 0.06928104575163384 0.062091503267973726 0.06013071895424823 0.0614379084967319 0.06013071895424823 0.06013071895424824 0.06470588235294104 0.11830065359477102 0.06209150326797373 0.06470588235294106
0.0527777777777777 0.14611111111111125 0.05388888888888881 0.05111111111111102 0.05277777777777768 0.05944444444444435 0.0688888888888888 0.05111111111111103 0.05166666666666658 0.06777777777777766 0.05277777777777769 0.05444444444444435 0.12277777777777775 0.06277777777777768 0.05166666666666658
0.0660130718954247 0.06732026143790835 0.0679738562091502 0.06339869281045737 0.07320261437908483 0.06339869281045739 0.06405228758169922 0.0640522875816992 0.0660130718954247 0.07581699346405214 0.062091503267973726 0.06470588235294103 0.06732026143790838 0.06274509803921556 0.07189542483660118
0.05722222222222216 0.05666666666666657 0.0705555555555555 0.05611111111111102 0.05444444444444436 0.09388888888888883 0.05944444444444436 0.050555555555555465 0.05888888888888879 0.056666666666666594 0.14888888888888901 0.05444444444444437 0.06888888888888878 0.061111111111111005 0.05222222222222214
0.05882352941176457 0.0594771241830064 0.0594771241830064 0.05882352941176457 0.059477124183006415 0.0594771241830064 0.0751633986928103 0.05882352941176457 0.06013071895424823 0.14248366013071875 0.05882352941176457 0.0594771241830064 0.07124183006535935 0.05882352941176457 0.059477124183006415
0.09415204678362578 0.06666666666666667 0.052631578947368425 0.052631578947368425 0.05321637426900584 0.05380116959064327 0.07602339181286545 0.052631578947368425 0.05380116959064329 0.11345029239766077 0.08538011695906432 0.05321637426900584 0.0678362573099415 0.07017543859649122 0.05438596491228069
0.11604938271604924 0.08086419753086407 0.05679012345679001 0.05679012345679002 0.05555555555555545 0.05679012345679001 0.0574074074074073 0.05617283950617273 0.05864197530864187 0.05617283950617273 0.1037037037037035 0.05740740740740729 0.05617283950617273 0.07469135802469123 0.05679012345679002
0.06319444444444444 0.06388888888888888 0.0625 0.0625 0.0625 0.0625 0.0875 0.0625 0.0625 0.08194444444444444 0.0625 0.0625 0.07847222222222222 0.0625 0.0625
0.11851851851851837 0.08271604938271593 0.05679012345679001 0.05617283950617273 0.05679012345679001 0.05679012345679001 0.05679012345679002 0.05555555555555545 0.05679012345679001 0.05679012345679001 0.10679012345678993 0.05617283950617273 0.05555555555555545 0.07098765432098753 0.05679012345679002
0.0625 0.06527777777777778 0.0625 0.0625 0.0625 0.0625 0.08819444444444445 0.0625 0.0625 0.0798611111111111 0.0625 0.0625 0.07916666666666666 0.0625 0.0625
0.05672514619883039 0.05555555555555555 0.06491228070175431 0.05614035087719296 0.0660818713450292 0.060818713450292446 0.05380116959064327 0.05438596491228069 0.06257309941520463 0.056725146198830394 0.06549707602339179 0.05438596491228071 0.054970760233918115 0.09181286549707607 0.1456140350877191
0.1111111111111111 0.06319444444444444 0.06319444444444444 0.06319444444444444 0.06388888888888888 0.06319444444444444 0.0625 0.0625 0.06527777777777778 0.0625 0.0625 0.06527777777777778 0.06319444444444444 0.0625 0.06597222222222222
0.0614379084967319 0.06078431372549007 0.07516339869281032 0.06013071895424823 0.10849673202614359 0.062091503267973726 0.06274509803921555 0.060784313725490056 0.06535947712418287 0.06339869281045737 0.06405228758169922 0.06274509803921555 0.06339869281045739 0.062091503267973726 0.06732026143790837
0.05802469135802457 0.05740740740740729 0.06049382716049372 0.05864197530864187 0.0925925925925925 0.07777777777777768 0.05679012345679001 0.059876543209876426 0.0722222222222221 0.062345679012345556 0.06111111111111099 0.05925925925925915 0.05802469135802457 0.06172839506172829 0.10370370370370359
0.06049382716049371 0.05679012345679001 0.06049382716049372 0.11111111111111091 0.06913580246913568 0.07037037037037026 0.06111111111111099 0.06049382716049372 0.06913580246913567 0.06481481481481469 0.06358024691358014 0.061111111111111005 0.05740740740740729 0.06358024691358014 0.07037037037037025
0.062091503267973726 0.0594771241830064 0.0594771241830064 0.06013071895424824 0.07058823529411751 0.1281045751633984 0.060784313725490056 0.05882352941176457 0.0679738562091502 0.059477124183006415 0.06013071895424824 0.06078431372549007 0.06013071895424824 0.06013071895424824 0.07189542483660118
0.06470588235294104 0.062091503267973726 0.06078431372549007 0.06274509803921556 0.08562091503267957 0.07581699346405214 0.0640522875816992 0.0594771241830064 0.07058823529411751 0.06928104575163382 0.06274509803921556 0.062091503267973726 0.0614379084967319 0.0594771241830064 0.0790849673202613
0.05789473684210524 0.1093567251461988 0.057309941520467825 0.05438596491228069 0.0567251461988304 0.05730994152046782 0.0748538011695906 0.05555555555555555 0.06549707602339175 0.10467836257309932 0.05789473684210524 0.05614035087719298 0.08187134502923973 0.057309941520467804 0.05321637426900585
0.072549019607843 0.06013071895424823 0.06405228758169922 0.06666666666666653 0.06928104575163387 0.06732026143790835 0.06732026143790835 0.0614379084967319 0.061437908496731884 0.07647058823529398 0.07320261437908483 0.0679738562091502 0.06274509803921555 0.06732026143790837 0.062091503267973726
0.060233918128654966 0.06023391812865494 0.06842105263157891 0.05847953216374265 0.08596491228070174 0.0736842105263158 0.061988304093567224 0.0614035087719298 0.06900584795321635 0.07543859649122803 0.06023391812865494 0.06491228070175438 0.06432748538011694 0.07426900584795314 0.061403508771929814
0.05333333333333324 0.05277777777777769 0.0527777777777777 0.05166666666666658 0.05333333333333324 0.0549999999999999 0.14388888888888893 0.0527777777777777 0.05611111111111102 0.05444444444444436 0.05166666666666658 0.05166666666666657 0.13111111111111118 0.05333333333333324 0.08611111111111099
0.05740740740740729 0.0604938271604937 0.05864197530864187 0.05925925925925914 0.05740740740740729 0.058641975308641854 0.08333333333333319 0.05617283950617273 0.05864197530864187 0.07469135802469123 0.09320987654320977 0.06851851851851841 0.06913580246913567 0.0839506172839505 0.06049382716049372
0.04927536231884067 0.046376811594202975 0.04830917874396144 0.0473429951690822 0.05314009661835758 0.046376811594202975 0.04541062801932375 0.2942028985507246 0.046859903381642594 0.047826086956521824 0.052173913043478334 0.04444444444444452 0.07632850241545902 0.04879227053140105 0.053140096618357564
0.04814814814814815 0.04675925925925921 0.24398148148148152 0.04351851851851846 0.04675925925925923 0.04722222222222219 0.08240740740740733 0.054166666666666675 0.05138888888888889 0.048611111111111084 0.04537037037037034 0.04259259259259254 0.06944444444444445 0.07685185185185181 0.05277777777777778
0.0625 0.06319444444444444 0.06388888888888888 0.0625 0.08125 0.0625 0.0625 0.10138888888888889 0.06319444444444444 0.06319444444444444 0.06388888888888888 0.0625 0.0625 0.0625 0.0625
0.0594771241830064 0.05882352941176457 0.16405228758169907 0.059477124183006415 0.0594771241830064 0.059477124183006415 0.06013071895424824 0.059477124183006415 0.06013071895424824 0.0614379084967319 0.061437908496731884 0.059477124183006415 0.0594771241830064 0.05882352941176457 0.05882352941176457
0.05497076023391813 0.06081871345029235 0.057309941520467804 0.05614035087719296 0.06783625730994147 0.05497076023391814 0.05438596491228071 0.09707602339181286 0.056725146198830415 0.05789473684210525 0.061988304093567224 0.1461988304093565 0.05321637426900585 0.059064327485380076 0.061403508771929814
0.05079365079365073 0.05291005291005284 0.058201058201058115 0.05555555555555548 0.06084656084656079 0.05238095238095232 0.05238095238095231 0.1603174603174601 0.09047619047619043 0.055555555555555476 0.05767195767195762 0.051851851851851774 0.07248677248677239 0.053968253968253874 0.0746031746031745
0.06601307189542469 0.06078431372549007 0.06274509803921556 0.0614379084967319 0.061437908496731884 0.0640522875816992 0.0594771241830064 0.06013071895424824 0.10196078431372532 0.0594771241830064 0.06470588235294104 0.0640522875816992 0.059477124183006415 0.0594771241830064 0.09477124183006518
0.05925925925925916 0.0604938271604937 0.0648148148148147 0.05864197530864187 0.062345679012345556 0.10555555555555537 0.07469135802469123 0.058024691358024585 0.0648148148148147 0.06234567901234556 0.0604938271604937 0.08518518518518504 0.061111111111111005 0.06234567901234556 0.05987654320987642
0.06319444444444444 0.06319444444444444 0.0625 0.0625 0.10347222222222222 0.0625 0.06875 0.06319444444444444 0.06458333333333334 0.06944444444444445 0.06388888888888888 0.0625 0.06319444444444444 0.06458333333333334 0.0625
0.06597222222222222 0.0625 0.06319444444444444 0.0625 0.0625 0.06319444444444444 0.0625 0.0798611111111111 0.0625 0.0625 0.06319444444444444 0.06319444444444444 0.09513888888888888 0.0625 0.06875
0.07083333333333333 0.07013888888888889 0.06527777777777778 0.06458333333333334 0.06666666666666667 0.06736111111111111 0.06527777777777778 0.06597222222222222 0.06944444444444445 0.06319444444444444 0.06527777777777778 0.06736111111111111 0.06527777777777778 0.06527777777777778 0.06805555555555555
0.062345679012345556 0.1123456790123455 0.06111111111111099 0.06604938271604927 0.07469135802469123 0.06234567901234556 0.06296296296296285 0.05740740740740729 0.06358024691358014 0.06296296296296285 0.05925925925925915 0.06604938271604925 0.06419753086419741 0.061728395061728294 0.06296296296296286
0.06319444444444444 0.0625 0.06388888888888888 0.06319444444444444 0.06527777777777778 0.06666666666666667 0.06388888888888888 0.06736111111111111 0.06388888888888888 0.06388888888888888 0.06388888888888888 0.09930555555555555 0.06458333333333334 0.06458333333333334 0.06388888888888888
0.09861111111111111 0.06319444444444444 0.0625 0.0625 0.06319444444444444 0.06527777777777778 0.06527777777777778 0.06458333333333334 0.06388888888888888 0.06527777777777778 0.06319444444444444 0.06597222222222222 0.06875 0.06458333333333334 0.06319444444444444
0.06049382716049371 0.059876543209876426 0.05802469135802457 0.061728395061728274 0.06234567901234556 0.061111111111111005 0.06234567901234556 0.14074074074074053 0.061111111111111005 0.061728395061728274 0.06049382716049371 0.06111111111111099 0.06049382716049372 0.06604938271604928 0.06234567901234556
0.06527777777777778 0.06597222222222222 0.06527777777777778 0.06319444444444444 0.06388888888888888 0.07013888888888889 0.06736111111111111 0.07916666666666666 0.06736111111111111 0.06736111111111111 0.06388888888888888 0.06458333333333334 0.06805555555555555 0.06388888888888888 0.06458333333333334
0.06388888888888888 0.06319444444444444 0.07222222222222222 0.0625 0.0625 0.1111111111111111 0.0625 0.0625 0.06319444444444444 0.0625 0.0625 0.06319444444444444 0.0625 0.06319444444444444 0.0625
0.06209150326797371 0.06013071895424824 0.0751633986928103 0.059477124183006415 0.0614379084967319 0.11111111111111091 0.060784313725490056 0.062091503267973726 0.06535947712418286 0.06339869281045739 0.07124183006535934 0.06013071895424824 0.06470588235294104 0.06274509803921556 0.06013071895424824
0.05497076023391812 0.05321637426900584 0.05321637426900585 0.05321637426900584 0.25029239766081884 0.052631578947368425 0.05321637426900586 0.052631578947368425 0.052631578947368425 0.05614035087719297 0.05321637426900584 0.05321637426900585 0.052631578947368425 0.05438596491228071 0.05438596491228071
0.06405228758169922 0.06339869281045739 0.06339869281045739 0.062091503267973726 0.12352941176470564 0.06470588235294103 0.06535947712418286 0.06013071895424823 0.0614379084967319 0.06274509803921555 0.061437908496731905 0.061437908496731884 0.0614379084967319 0.06339869281045739 0.0614379084967319
0.06543209876543198 0.06111111111111099 0.061728395061728274 0.05864197530864187 0.06358024691358012 0.06543209876543198 0.06111111111111099 0.06172839506172829 0.0944444444444443 0.061728395061728294 0.06419753086419741 0.0685185185185184 0.07037037037037024 0.08086419753086407 0.061111111111111005
0.053968253968253894 0.056084656084656036 0.05132275132275125 0.05343915343915337 0.056084656084656 0.05185185185185179 0.0629629629629629 0.13015873015873 0.059259259259259185 0.06137566137566131 0.05978835978835968 0.10370370370370358 0.05185185185185177 0.09894179894179889 0.04920634920634913
0.06527777777777778 0.0625 0.0625 0.0625 0.0625 0.0625 0.06319444444444444 0.07777777777777778 0.06319444444444444 0.0625 0.0625 0.0625 0.09861111111111111 0.06388888888888888 0.06805555555555555
0.04844444444444448 0.04933333333333337 0.04266666666666669 0.05022222222222226 0.04311111111111114 0.04355555555555558 0.05155555555555559 0.10177777777777781 0.045333333333333364 0.04044444444444447 0.04222222222222226 0.04355555555555559 0.09333333333333335 0.23777777777777753 0.06666666666666672
0.05614035087719298 0.05438596491228071 0.05614035087719298 0.10116959064327491 0.05438596491228069 0.05614035087719298 0.05497076023391813 0.0549707602339181 0.05614035087719298 0.0543859649122807 0.08128654970760228 0.054970760233918115 0.05614035087719296 0.15380116959064313 0.05497076023391812
0.06140350877192977 0.055555555555555546 0.05964912280701752 0.05614035087719297 0.05847953216374269 0.057309941520467804 0.05906432748538011 0.1087719298245614 0.060233918128654966 0.06315789473684205 0.09298245614035087 0.05555555555555555 0.059064327485380076 0.09473684210526319 0.05789473684210525
0.0574074074074073 0.05555555555555545 0.07469135802469122 0.05555555555555545 0.16666666666666646 0.05555555555555545 0.05679012345679001 0.05679012345679001 0.08333333333333319 0.05555555555555545 0.05740740740740729 0.05555555555555545 0.05679012345679001 0.05555555555555545 0.05679012345679001
0.06315789473684208 0.054970760233918115 0.055555555555555525 0.05497076023391814 0.11578947368421043 0.06257309941520463 0.059649122807017535 0.10175438596491224 0.05789473684210526 0.08947368421052627 0.05789473684210522 0.05672514619883042 0.05614035087719298 0.057309941520467804 0.05614035087719296
0.05617283950617273 0.05617283950617273 0.05555555555555545 0.05925925925925914 0.05555555555555545 0.05555555555555545 0.05555555555555545 0.20987654320987614 0.05555555555555545 0.05555555555555545 0.05555555555555545 0.05617283950617273 0.05555555555555545 0.05555555555555545 0.062345679012345556
0.06783625730994154 0.07660818713450288 0.05438596491228071 0.055555555555555525 0.06491228070175434 0.05672514619883039 0.05614035087719298 0.161988304093567 0.055555555555555546 0.05789473684210526 0.06666666666666661 0.057309941520467825 0.0573099415204678 0.057309941520467804 0.05380116959064327
0.0592592592592592 0.0634920634920634 0.06243386243386237 0.05925925925925918 0.05661375661375652 0.059259259259259185 0.05661375661375653 0.08835978835978835 0.065079365079365 0.06613756613756604 0.06243386243386236 0.06772486772486763 0.08042328042328034 0.07513227513227506 0.07777777777777767
0.06013071895424824 0.05882352941176457 0.059477124183006415 0.05882352941176457 0.059477124183006415 0.0594771241830064 0.061437908496731905 0.05882352941176457 0.0594771241830064 0.05882352941176457 0.11830065359477107 0.06862745098039205 0.0594771241830064 0.09934640522875811 0.059477124183006415
0.06172839506172829 0.06049382716049371 0.06172839506172827 0.058641975308641854 0.06172839506172829 0.06358024691358014 0.06728395061728384 0.059876543209876426 0.07283950617283937 0.0722222222222221 0.06172839506172829 0.05925925925925915 0.11666666666666654 0.06358024691358014 0.05864197530864187
0.0625 0.06319444444444444 0.0625 0.0625 0.0625 0.0625 0.08194444444444444 0.0625 0.0625 0.08680555555555555 0.0625 0.0625 0.08055555555555556 0.0625 0.0625
0.06862745098039204 0.08039215686274495 0.06013071895424823 0.06732026143790838 0.06078431372549007 0.06666666666666653 0.07058823529411752 0.062091503267973726 0.06928104575163384 0.06666666666666654 0.07385620915032666 0.06274509803921556 0.06274509803921555 0.06535947712418287 0.06274509803921556
0.06319444444444444 0.0625 0.06388888888888888 0.06319444444444444 0.06527777777777778 0.0625 0.07083333333333333 0.0625 0.06458333333333334 0.07013888888888889 0.0625 0.0625 0.10069444444444445 0.06319444444444444 0.0625
0.061111111111110984 0.06666666666666654 0.05987654320987644 0.05802469135802457 0.06111111111111099 0.058641975308641854 0.12716049382716033 0.06358024691358014 0.06172839506172829 0.07777777777777764 0.05802469135802457 0.06111111111111099 0.06296296296296285 0.062345679012345556 0.059876543209876426
0.07602339181286556 0.08304093567251454 0.06783625730994147 0.0906432748538012 0.05614035087719299 0.06023391812865494 0.0596491228070175 0.06432748538011698 0.06081871345029236 0.05789473684210526 0.06900584795321633 0.05321637426900586 0.05321637426900584 0.05555555555555554 0.09239766081871345
0.060784313725490056 0.0594771241830064 0.06013071895424823 0.0999999999999998 0.05882352941176457 0.0594771241830064 0.06078431372549007 0.09803921568627431 0.06013071895424824 0.06078431372549007 0.06013071895424824 0.061437908496731884 0.06013071895424823 0.05882352941176457 0.08104575163398679
0.0594771241830064 0.0614379084967319 0.061437908496731905 0.05882352941176457 0.0594771241830064 0.06013071895424824 0.09019607843137237 0.06078431372549007 0.0594771241830064 0.11960784313725471 0.05882352941176457 0.0594771241830064 0.07189542483660116 0.0594771241830064 0.059477124183006415
0.06013071895424824 0.05882352941176457 0.05882352941176457 0.1117647058823527 0.05882352941176457 0.0594771241830064 0.0594771241830064 0.07647058823529397 0.0614379084967319 0.06013071895424824 0.060784313725490056 0.06078431372549007 0.08823529411764688 0.06013071895424823 0.06470588235294103
0.061437908496731884 0.06339869281045737 0.06601307189542471 0.05882352941176457 0.06405228758169922 0.062091503267973726 0.0679738562091502 0.05882352941176457 0.06666666666666653 0.06405228758169922 0.09607843137254886 0.060784313725490056 0.0614379084967319 0.08692810457516321 0.0614379084967319
0.0679012345679011 0.05802469135802457 0.06790123456790112 0.05617283950617273 0.05740740740740729 0.14506172839506154 0.058641975308641854 0.05555555555555545 0.09320987654320972 0.05679012345679001 0.05802469135802457 0.05740740740740729 0.05617283950617273 0.05617283950617273 0.05555555555555545
0.06405228758169922 0.06732026143790835 0.062091503267973726 0.061437908496731884 0.06405228758169922 0.06470588235294104 0.07320261437908483 0.06405228758169922 0.07320261437908483 0.06928104575163387 0.0614379084967319 0.06339869281045739 0.08431372549019592 0.06666666666666653 0.06078431372549007
0.06111111111111102 0.05777777777777769 0.07722222222222218 0.0527777777777777 0.05333333333333323 0.14944444444444452 0.05388888888888881 0.054999999999999924 0.1077777777777779 0.05333333333333324 0.06222222222222215 0.054999999999999896 0.05222222222222213 0.05555555555555547 0.05333333333333324
0.06078431372549008 0.062091503267973726 0.06339869281045737 0.0679738562091502 0.06013071895424823 0.09738562091503247 0.06013071895424823 0.09869281045751614 0.06209150326797373 0.06013071895424824 0.06013071895424824 0.0614379084967319 0.060784313725490056 0.05882352941176457 0.06601307189542469
0.058024691358024585 0.05987654320987644 0.07098765432098755 0.05802469135802457 0.05864197530864187 0.15679012345678991 0.06666666666666653 0.058024691358024585 0.06111111111111099 0.059876543209876426 0.05987654320987642 0.05925925925925915 0.05679012345679002 0.05925925925925915 0.05679012345679001
0.061904761904761796 0.050793650793650724 0.06402116402116398 0.05291005291005285 0.058201058201058135 0.186243386243386 0.05185185185185179 0.056613756613756554 0.09841269841269831 0.05185185185185177 0.05396825396825389 0.05291005291005283 0.04973544973544967 0.05502645502645494 0.05555555555555547
0.05422222222222225 0.05111111111111115 0.06533333333333338 0.045333333333333364 0.08666666666666674 0.056444444444444485 0.04888888888888892 0.04933333333333337 0.143111111111111 0.05333333333333336 0.08844444444444452 0.06311111111111116 0.08133333333333338 0.06177777777777782 0.051555555555555584
0.05026455026455019 0.14497354497354487 0.0603174603174602 0.07671957671957663 0.04920634920634913 0.04920634920634914 0.06455026455026446 0.09153439153439152 0.04920634920634914 0.06560846560846553 0.050793650793650724 0.04761904761904755 0.05820105820105812 0.04920634920634914 0.09259259259259256
0.05617283950617273 0.05925925925925914 0.05617283950617273 0.05679012345679001 0.05617283950617273 0.05740740740740729 0.05555555555555545 0.05679012345679001 0.05555555555555545 0.05740740740740729 0.14938271604938252 0.07160493827160483 0.05555555555555545 0.0993827160493826 0.05679012345679001
0.05617283950617273 0.05679012345679001 0.05617283950617273 0.09444444444444426 0.05555555555555545 0.05617283950617273 0.058024691358024585 0.05617283950617273 0.05679012345679001 0.05679012345679001 0.09629629629629612 0.07407407407407396 0.05555555555555545 0.09753086419753075 0.07345679012345667
0.06274509803921555 0.0614379084967319 0.06013071895424823 0.06339869281045739 0.1065359477124181 0.06535947712418286 0.0640522875816992 0.06732026143790837 0.06470588235294106 0.068627450980392 0.06535947712418287 0.060784313725490056 0.062091503267973726 0.062091503267973726 0.06535947712418287
0.05333333333333324 0.055555555555555476 0.05777777777777768 0.05222222222222214 0.16722222222222222 0.0705555555555555 0.060555555555555446 0.05111111111111103 0.08888888888888884 0.06611111111111101 0.0549999999999999 0.06055555555555547 0.0538888888888888 0.052222222222222135 0.05499999999999991
0.0625 0.06319444444444444 0.0625 0.0625 0.06319444444444444 0.0625 0.06319444444444444 0.0625 0.0625 0.0625 0.06319444444444444 0.0625 0.06319444444444444 0.06319444444444444 0.12083333333333333
0.06611111111111104 0.05777777777777769 0.05888888888888881 0.056666666666666574 0.05833333333333325 0.1588888888888889 0.06722222222222213 0.053888888888888806 0.07444444444444438 0.06111111111111103 0.05555555555555547 0.05555555555555547 0.05944444444444435 0.0549999999999999 0.06111111111111102
0.07194444444444444 0.04888888888888891 0.06499999999999999 0.02861111111111106 0.02972222222222218 0.0925 0.027777777777777738 0.03638888888888884 0.038611111111111075 0.029722222222222167 0.03833333333333326 0.026388888888888844 0.053888888888888896 0.04555555555555552 0.36666666666666675
0.06458333333333334 0.06319444444444444 0.07569444444444444 0.0625 0.06388888888888888 0.06319444444444444 0.0625 0.06458333333333334 0.06666666666666667 0.06527777777777778 0.06388888888888888 0.06388888888888888 0.06319444444444444 0.06388888888888888 0.09305555555555556
0.05499999999999991 0.054999999999999924 0.07666666666666655 0.053888888888888806 0.05333333333333324 0.05444444444444436 0.052222222222222135 0.10166666666666672 0.05833333333333324 0.05888888888888879 0.05777777777777769 0.0527777777777777 0.05166666666666658 0.05555555555555547 0.16277777777777777
0.04901960784313718 0.04117647058823524 0.14150326797385604 0.03954248366013064 0.04967320261437902 0.18725490196078423 0.04281045751633979 0.05065359477124176 0.04934640522875809 0.04575163398692805 0.03888888888888883 0.04019607843137248 0.06960784313725481 0.03725490196078425 0.11732026143790833
0.0625 0.06458333333333334 0.0625 0.0625 0.0625 0.0625 0.08333333333333333 0.0625 0.0625 0.08125 0.0625 0.06319444444444444 0.08263888888888889 0.0625 0.0625
0.05882352941176457 0.06339869281045737 0.0594771241830064 0.05882352941176457 0.05882352941176457 0.05882352941176457 0.1013071895424835 0.05882352941176457 0.05882352941176457 0.10392156862745085 0.05882352941176457 0.05882352941176457 0.0836601307189541 0.05882352941176457 0.05882352941176457
0.05944444444444444 0.05472222222222217 0.060277777777777736 0.03388888888888884 0.23638888888888895 0.03388888888888885 0.05749999999999999 0.034722222222222175 0.05083333333333333 0.05111111111111113 0.0333333333333333 0.052499999999999956 0.13166666666666668 0.050555555555555576 0.05916666666666661
0.04973544973544966 0.05343915343915337 0.15185185185185174 0.05291005291005284 0.05555555555555548 0.052380952380952306 0.07830687830687823 0.05132275132275125 0.06455026455026448 0.07407407407407397 0.06084656084656076 0.05238095238095231 0.059788359788359696 0.08835978835978826 0.05449735449735441
0.06013071895424824 0.062091503267973726 0.06339869281045739 0.06339869281045737 0.06078431372549007 0.06078431372549007 0.095424836601307 0.06535947712418289 0.06339869281045739 0.07843137254901948 0.06078431372549007 0.062091503267973726 0.07908496732026128 0.06274509803921556 0.062091503267973726
0.05362318840579718 0.04927536231884065 0.14589371980676336 0.05507246376811601 0.061835748792270606 0.06328502415458946 0.05120772946859911 0.0473429951690822 0.09323671497584544 0.05507246376811603 0.053140096618357564 0.05120772946859911 0.051207729468599125 0.051207729468599125 0.11739130434782613
0.05789473684210526 0.05614035087719298 0.11286549707602327 0.0643274853801169 0.05321637426900584 0.06666666666666658 0.054970760233918115 0.05380116959064327 0.06374269005847953 0.056725146198830394 0.057309941520467825 0.05555555555555555 0.05497076023391812 0.05321637426900585 0.1385964912280702
0.061111111111111005 0.05987654320987642 0.1388888888888887 0.06049382716049371 0.06234567901234558 0.061728395061728294 0.058024691358024585 0.05740740740740729 0.05802469135802457 0.06111111111111099 0.07901234567901225 0.058024691358024585 0.05864197530864187 0.05740740740740729 0.0679012345679011
0.06597222222222222 0.06319444444444444 0.0625 0.06319444444444444 0.0625 0.0625 0.0625 0.07569444444444444 0.06319444444444444 0.06319444444444444 0.0625 0.0625 0.09930555555555555 0.06319444444444444 0.06805555555555555
0.07654320987654323 0.039917695473251066 0.04485596707818937 0.04074074074074078 0.039917695473251066 0.04320987654320992 0.046090534979423906 0.050205761316872474 0.04197530864197536 0.05596707818930046 0.04279835390946506 0.03950617283950623 0.1288065843621399 0.04074074074074078 0.26872427983539093
0.05380116959064327 0.05380116959064327 0.05321637426900584 0.0994152046783626 0.052631578947368425 0.05321637426900585 0.052631578947368425 0.052631578947368425 0.05321637426900585 0.052631578947368425 0.05497076023391812 0.05321637426900584 0.05380116959064327 0.0543859649122807 0.20643274853801172
0.09388888888888879 0.07833333333333324 0.062222222222222116 0.0538888888888888 0.0527777777777777 0.0549999999999999 0.06833333333333327 0.08277777777777766 0.053888888888888806 0.05166666666666658 0.05277777777777769 0.05444444444444435 0.10722222222222215 0.05444444444444436 0.07833333333333323
0.05291005291005283 0.050264550264550185 0.0597883597883597 0.05555555555555548 0.06084656084656077 0.056084656084656015 0.05502645502645495 0.05714285714285705 0.09417989417989414 0.06931216931216921 0.05291005291005285 0.06560846560846552 0.053439153439153356 0.05291005291005285 0.16402116402116385
0.11851851851851837 0.06560846560846552 0.06613756613756605 0.06084656084656076 0.0645502645502645 0.06825396825396816 0.0597883597883597 0.05925925925925918 0.05555555555555548 0.05925925925925918 0.058730158730158646 0.0613756613756613 0.06031746031746025 0.06137566137566128 0.08042328042328038
0.06597222222222222 0.06527777777777778 0.06666666666666667 0.06458333333333334 0.06805555555555555 0.06944444444444445 0.06597222222222222 0.06458333333333334 0.07013888888888889 0.07152777777777777 0.06805555555555555 0.06458333333333334 0.06527777777777778 0.06597222222222222 0.06388888888888888
0.07192982456140345 0.05964912280701752 0.07660818713450292 0.05964912280701752 0.07602339181286542 0.06315789473684208 0.06900584795321635 0.06725146198830409 0.0701754385964912 0.06491228070175438 0.06198830409356719 0.06432748538011693 0.06491228070175435 0.06257309941520466 0.0678362573099415
0.12483660130718932 0.06274509803921555 0.06535947712418286 0.0614379084967319 0.06732026143790835 0.06078431372549007 0.061437908496731905 0.0614379084967319 0.06339869281045739 0.061437908496731905 0.06339869281045737 0.06078431372549007 0.061437908496731905 0.06078431372549007 0.06339869281045737
0.043621399176954775 0.0452674897119342 0.049794238683127615 0.065843621399177 0.1275720164609053 0.05020576131687246 0.04897119341563792 0.040329218106995926 0.045267489711934186 0.046502057613168765 0.04650205761316877 0.04485596707818936 0.04156378600823048 0.03991769547325108 0.26378600823045273
0.046376811594202975 0.045893719806763364 0.11642512077294694 0.04492753623188414 0.04396135265700491 0.04492753623188414 0.045893719806763364 0.046376811594202975 0.08067632850241556 0.044444444444444516 0.04782608695652181 0.04444444444444452 0.10917874396135263 0.04492753623188414 0.19371980676328515
0.029914529914529867 0.028205128205128164 0.24501424501424476 0.04472934472934468 0.029344729344729294 0.0521367521367521 0.040455840455840414 0.02649572649572645 0.02849002849002845 0.034472934472934424 0.02735042735042731 0.030199430199430163 0.11025641025641011 0.033618233618233566 0.23931623931623905
0.034722222222222224 0.035069444444444445 0.2670138888888889 0.04583333333333333 0.03229166666666667 0.05798611111111111 0.05590277777777778 0.034375 0.03333333333333333 0.049652777777777775 0.03333333333333333 0.03333333333333333 0.07847222222222222 0.03263888888888889 0.17604166666666668
0.04797979797979797 0.05101010101010104 0.10707070707070719 0.0762626262626263 0.04898989898989899 0.08030303030303033 0.08737373737373748 0.04747474747474746 0.052525252525252544 0.08181818181818189 0.04898989898989897 0.04696969696969695 0.07373737373737381 0.04797979797979797 0.10151515151515154
0.08981481481481471 0.0320987654320987 0.033641975308641915 0.05771604938271599 0.034567901234567835 0.03641975308641969 0.033024691358024626 0.08981481481481474 0.04135802469135798 0.07469135802469128 0.03117283950617279 0.030246913580246854 0.04228395061728388 0.04969135802469128 0.32345679012345685
0.06597222222222222 0.0625 0.06319444444444444 0.0625 0.0625 0.06388888888888888 0.06319444444444444 0.07916666666666666 0.06319444444444444 0.06458333333333334 0.06388888888888888 0.06319444444444444 0.09583333333333334 0.0625 0.06388888888888888
0.0686507936507936 0.03968253968253965 0.09722222222222213 0.06230158730158726 0.04285714285714283 0.0484126984126984 0.0452380952380952 0.09246031746031744 0.042063492063492046 0.042460317460317455 0.038492063492063466 0.038888888888888876 0.04563492063492062 0.03888888888888887 0.25674603174603183
0.05777777777777771 0.052222222222222135 0.06999999999999988 0.0777777777777777 0.0549999999999999 0.05722222222222214 0.053888888888888806 0.076111111111111 0.058888888888888796 0.05555555555555547 0.05333333333333324 0.05444444444444436 0.05277777777777768 0.05444444444444436 0.17055555555555546
0.03569023569023566 0.04107744107744105 0.14309764309764317 0.05925925925925922 0.04410774410774408 0.08114478114478109 0.11279461279461281 0.0885521885521885 0.03838383838383835 0.0784511784511784 0.03771043771043768 0.03400673400673398 0.05117845117845114 0.035353535353535324 0.11919191919191918
0.12850241545893715 0.04541062801932375 0.10144927536231892 0.05024154589371988 0.04589371980676335 0.08260869565217403 0.06473429951690832 0.07342995169082135 0.04830917874396144 0.0579710144927537 0.046376811594202975 0.046859903381642594 0.060869565217391404 0.0434782608695653 0.10386473429951687
0.05321637426900585 0.052631578947368425 0.05321637426900585 0.0690058479532164 0.05321637426900585 0.053801169590643266 0.052631578947368425 0.052631578947368425 0.05321637426900584 0.05321637426900584 0.05380116959064327 0.052631578947368425 0.052631578947368425 0.052631578947368425 0.2415204678362574
0.04121863799283151 0.04193548387096771 0.16487455197132633 0.03835125448028671 0.03906810035842291 0.04301075268817201 0.06487455197132612 0.08100358422939063 0.04121863799283151 0.11612903225806455 0.03906810035842291 0.03763440860215051 0.046594982078853014 0.03620071684587811 0.16881720430107527
0.047474747474747475 0.0494949494949495 0.1686868686868687 0.07676767676767679 0.04646464646464645 0.05858585858585867 0.07676767676767683 0.04646464646464645 0.0560606060606061 0.07020202020202024 0.06363636363636369 0.04696969696969696 0.06060606060606064 0.053535353535353575 0.07828282828282834
0.05132275132275127 0.05132275132275124 0.05449735449735443 0.05449735449735443 0.05343915343915337 0.055555555555555476 0.056613756613756554 0.050793650793650724 0.053439153439153377 0.050793650793650724 0.05449735449735442 0.05502645502645494 0.10899470899470888 0.050264550264550185 0.19894179894179867
0.059722222222222225 0.036458333333333336 0.040625 0.09513888888888888 0.04131944444444444 0.03923611111111111 0.03611111111111111 0.034722222222222224 0.0375 0.04097222222222222 0.03715277777777778 0.035069444444444445 0.03576388888888889 0.03611111111111111 0.3940972222222222
0.11481481481481476 0.06402116402116392 0.05767195767195758 0.052910052910052824 0.07037037037037029 0.05502645502645495 0.057142857142857065 0.05502645502645495 0.05291005291005284 0.05767195767195758 0.05608465608465602 0.05502645502645496 0.05291005291005284 0.049735449735449674 0.1486772486772485
0.051207729468599125 0.04975845410628026 0.047826086956521824 0.08164251207729474 0.046376811594202975 0.04685990338164258 0.05362318840579717 0.06618357487922717 0.046859903381642594 0.04492753623188413 0.04685990338164258 0.04927536231884067 0.049758454106280256 0.04975845410628026 0.26908212560386474
0.045370370370370325 0.043981481481481434 0.04398148148148143 0.06111111111111119 0.04675925925925921 0.04768518518518516 0.04722222222222218 0.041666666666666616 0.05277777777777777 0.04398148148148143 0.04490740740740734 0.041666666666666616 0.04629629629629625 0.04259259259259253 0.35
0.0614379084967319 0.06013071895424824 0.06274509803921555 0.0660130718954247 0.06209150326797373 0.06470588235294103 0.06274509803921555 0.0679738562091502 0.062091503267973726 0.06666666666666654 0.06274509803921555 0.06405228758169922 0.0614379084967319 0.06274509803921556 0.11241830065359457
