0.0696969696969698 0.05050505050505052 0.083838383838384 0.07171717171717183 0.05454545454545456 0.05656565656565661 0.08080808080808087 0.07626262626262632 0.05505050505050508 0.06212121212121214 0.06515151515151517 0.07929292929292928 0.054040404040404076 0.05151515151515153 0.088888888888889
0.07160493827160483 0.062345679012345556 0.06975308641975299 0.06604938271604928 0.07037037037037025 0.061728395061728274 0.06851851851851841 0.06481481481481469 0.061728395061728294 0.06728395061728382 0.06666666666666654 0.07222222222222209 0.05925925925925915 0.06172839506172829 0.0759259259259258
0.10582010582010572 0.05978835978835968 0.06455026455026448 0.06719576719576707 0.05502645502645495 0.05449735449735443 0.06402116402116395 0.0746031746031745 0.0592592592592592 0.06084656084656076 0.06402116402116395 0.07513227513227508 0.053439153439153356 0.0539682539682539 0.08783068783068779
0.06732026143790837 0.05882352941176457 0.07581699346405217 0.07450980392156849 0.0594771241830064 0.0594771241830064 0.07385620915032672 0.06078431372549007 0.06078431372549007 0.06405228758169922 0.06862745098039207 0.07254901960784305 0.06013071895424824 0.06078431372549007 0.08300653594771226
0.060233918128654945 0.0614035087719298 0.07719298245614023 0.07309941520467832 0.05964912280701754 0.0567251461988304 0.07543859649122807 0.06023391812865494 0.06315789473684207 0.05906432748538009 0.06725146198830409 0.07485380116959064 0.06959064327485379 0.05614035087719297 0.08596491228070172
0.0654970760233918 0.06374269005847946 0.07719298245614026 0.0771929824561403 0.056725146198830415 0.05964912280701752 0.07017543859649122 0.06140350877192979 0.06374269005847948 0.06549707602339176 0.06315789473684211 0.07426900584795319 0.061988304093567245 0.05906432748538009 0.08070175438596491
0.14497354497354478 0.055555555555555476 0.06719576719576711 0.06931216931216923 0.05132275132275125 0.053968253968253894 0.06402116402116395 0.0698412698412698 0.0592592592592592 0.06243386243386232 0.07037037037037032 0.061904761904761844 0.05291005291005285 0.050793650793650724 0.06613756613756605
0.06732026143790835 0.06339869281045739 0.07254901960784302 0.07189542483660116 0.06209150326797373 0.06339869281045737 0.0679738562091502 0.062091503267973726 0.06470588235294106 0.06535947712418287 0.06797385620915017 0.06993464052287568 0.062091503267973726 0.06209150326797373 0.0771241830065358
0.062091503267973726 0.07581699346405213 0.06666666666666653 0.06535947712418287 0.0614379084967319 0.06013071895424824 0.06666666666666653 0.062091503267973726 0.06405228758169922 0.062091503267973726 0.06274509803921555 0.07254901960784302 0.06078431372549007 0.0614379084967319 0.09607843137254887
0.06198830409356721 0.06257309941520461 0.06959064327485373 0.06608187134502923 0.056725146198830394 0.05789473684210523 0.07134502923976604 0.06491228070175434 0.061403508771929814 0.060818713450292376 0.06374269005847956 0.06491228070175444 0.059649122807017535 0.10233918128654972 0.07602339181286549
0.06078431372549007 0.0732026143790848 0.06274509803921555 0.06470588235294103 0.06470588235294104 0.061437908496731905 0.06470588235294103 0.06274509803921556 0.0640522875816992 0.061437908496731884 0.059477124183006415 0.07385620915032669 0.0640522875816992 0.06274509803921556 0.09934640522875804
0.06458333333333334 0.06666666666666667 0.06458333333333334 0.07222222222222222 0.06736111111111111 0.06458333333333334 0.07013888888888889 0.06666666666666667 0.06805555555555555 0.06875 0.06527777777777778 0.06666666666666667 0.06458333333333334 0.06319444444444444 0.06666666666666667
0.06481481481481469 0.061728395061728274 0.06358024691358014 0.06604938271604927 0.05925925925925915 0.06419753086419742 0.061111111111111005 0.06481481481481469 0.06913580246913567 0.061111111111111005 0.06234567901234556 0.06851851851851841 0.0648148148148147 0.10246913580246896 0.06604938271604925
0.07647058823529398 0.068627450980392 0.0614379084967319 0.06666666666666651 0.062091503267973726 0.06078431372549007 0.06666666666666655 0.0614379084967319 0.06535947712418287 0.06274509803921556 0.0640522875816992 0.07124183006535931 0.0614379084967319 0.0594771241830064 0.09150326797385606
0.06805555555555555 0.06666666666666667 0.06597222222222222 0.06944444444444445 0.06805555555555555 0.06666666666666667 0.06666666666666667 0.0625 0.06527777777777778 0.06527777777777778 0.06875 0.06736111111111111 0.06805555555555555 0.06388888888888888 0.06736111111111111
0.06419753086419742 0.08456790123456778 0.06481481481481469 0.06543209876543198 0.06604938271604929 0.05987654320987644 0.06481481481481469 0.0604938271604937 0.07037037037037026 0.07037037037037025 0.06666666666666654 0.07222222222222208 0.0679012345679011 0.06234567901234556 0.059876543209876426
0.06666666666666657 0.0679012345679011 0.07407407407407392 0.06728395061728383 0.06358024691358012 0.06296296296296285 0.06728395061728383 0.06172839506172827 0.06851851851851841 0.0691358024691357 0.06358024691358012 0.06172839506172829 0.06975308641975296 0.07345679012345668 0.06234567901234556
0.06527777777777778 0.06527777777777778 0.06388888888888888 0.06805555555555555 0.06388888888888888 0.06458333333333334 0.06666666666666667 0.06597222222222222 0.06458333333333334 0.06666666666666667 0.06319444444444444 0.06944444444444445 0.06527777777777778 0.06319444444444444 0.08402777777777778
0.06543209876543199 0.09197530864197517 0.08086419753086406 0.06666666666666655 0.06234567901234558 0.058641975308641854 0.06234567901234558 0.061111111111110984 0.07160493827160483 0.07160493827160483 0.06358024691358014 0.06358024691358012 0.05987654320987642 0.05864197530864187 0.061728395061728274
0.06928104575163387 0.0614379084967319 0.07843137254901944 0.08039215686274494 0.0614379084967319 0.0594771241830064 0.06666666666666654 0.06013071895424824 0.06535947712418289 0.06339869281045739 0.06078431372549007 0.06209150326797371 0.06078431372549007 0.06274509803921555 0.08758169934640508
0.0648148148148147 0.0691358024691357 0.07901234567901222 0.05925925925925915 0.11851851851851826 0.05802469135802457 0.058641975308641854 0.05864197530864187 0.07777777777777765 0.05679012345679001 0.061111111111110984 0.05987654320987642 0.05864197530864187 0.05864197530864187 0.06111111111111099
0.06805555555555555 0.06388888888888888 0.07847222222222222 0.06597222222222222 0.06388888888888888 0.06597222222222222 0.06944444444444445 0.06597222222222222 0.06944444444444445 0.06666666666666667 0.06319444444444444 0.06597222222222222 0.06597222222222222 0.06458333333333334 0.0625
0.07654320987654306 0.061728395061728294 0.06728395061728383 0.0641975308641974 0.062345679012345556 0.06172839506172829 0.06481481481481469 0.08086419753086407 0.06604938271604925 0.07345679012345668 0.0648148148148147 0.06419753086419741 0.06543209876543198 0.062345679012345556 0.06419753086419741
0.06732026143790837 0.06470588235294104 0.06666666666666654 0.06732026143790835 0.06535947712418287 0.06535947712418289 0.06666666666666653 0.06666666666666654 0.0679738562091502 0.06732026143790837 0.06797385620915018 0.06862745098039202 0.06470588235294103 0.06928104575163387 0.0640522875816992
0.0614035087719298 0.06198830409356727 0.06783625730994146 0.060818713450292376 0.06081871345029241 0.061988304093567224 0.06608187134502923 0.06257309941520466 0.06315789473684207 0.061403508771929814 0.08128654970760227 0.06491228070175438 0.10116959064327481 0.059649122807017535 0.06491228070175437
0.06666666666666662 0.06900584795321629 0.06900584795321635 0.06959064327485377 0.06315789473684208 0.061988304093567266 0.06491228070175438 0.06842105263157892 0.0707602339181286 0.0666666666666666 0.06432748538011693 0.0678362573099415 0.06432748538011693 0.06725146198830408 0.06608187134502923
0.06666666666666653 0.06535947712418289 0.06797385620915018 0.06535947712418286 0.06666666666666653 0.0640522875816992 0.06928104575163385 0.06928104575163387 0.06862745098039202 0.0633986928104574 0.0679738562091502 0.06405228758169922 0.0660130718954247 0.0679738562091502 0.06732026143790834
0.06296296296296283 0.0648148148148147 0.06728395061728384 0.06296296296296285 0.06111111111111099 0.06604938271604927 0.0691358024691357 0.07098765432098753 0.06419753086419742 0.06666666666666655 0.06481481481481469 0.06111111111111099 0.0919753086419752 0.0604938271604937 0.06543209876543196
0.061437908496731905 0.06993464052287567 0.06928104575163385 0.06928104575163384 0.061437908496731884 0.0614379084967319 0.06732026143790835 0.06339869281045737 0.0614379084967319 0.06470588235294104 0.06601307189542469 0.07320261437908486 0.061437908496731884 0.06078431372549007 0.08888888888888874
0.06078431372549007 0.06078431372549007 0.06470588235294106 0.08692810457516321 0.06470588235294104 0.0614379084967319 0.06666666666666653 0.0660130718954247 0.06339869281045737 0.06405228758169922 0.0614379084967319 0.06601307189542473 0.06339869281045737 0.0594771241830064 0.09019607843137241
0.06597222222222222 0.07222222222222222 0.06736111111111111 0.06736111111111111 0.06388888888888888 0.06388888888888888 0.06736111111111111 0.06388888888888888 0.06944444444444445 0.06875 0.0625 0.06666666666666667 0.06388888888888888 0.06319444444444444 0.07361111111111111
0.06319444444444444 0.0625 0.06319444444444444 0.0625 0.06319444444444444 0.06319444444444444 0.06458333333333334 0.06458333333333334 0.0625 0.0625 0.06319444444444444 0.06319444444444444 0.09097222222222222 0.0875 0.06319444444444444
0.06405228758169922 0.0594771241830064 0.0660130718954247 0.0614379084967319 0.060784313725490056 0.06274509803921556 0.06732026143790835 0.06601307189542473 0.06013071895424824 0.0640522875816992 0.06405228758169922 0.06339869281045737 0.09019607843137241 0.0843137254901959 0.0660130718954247
0.059999999999999915 0.06222222222222213 0.05999999999999993 0.06333333333333323 0.06055555555555547 0.05944444444444435 0.06555555555555548 0.06499999999999992 0.05777777777777769 0.0616666666666666 0.07388888888888881 0.0616666666666666 0.10111111111111115 0.08666666666666663 0.06111111111111103
0.06432748538011694 0.06725146198830408 0.0701754385964912 0.0637426900584795 0.08011695906432749 0.06549707602339179 0.06198830409356726 0.06725146198830406 0.06725146198830406 0.07134502923976603 0.06491228070175435 0.06900584795321635 0.06666666666666664 0.05964912280701752 0.06081871345029236
0.06358024691358014 0.07222222222222209 0.06666666666666655 0.0679012345679011 0.06111111111111099 0.06358024691358014 0.06604938271604927 0.06419753086419742 0.06296296296296285 0.07222222222222209 0.07098765432098753 0.06666666666666655 0.05987654320987644 0.07407407407407395 0.06790123456790113
0.0594771241830064 0.0594771241830064 0.06078431372549007 0.05882352941176457 0.05882352941176457 0.0594771241830064 0.05882352941176457 0.0594771241830064 0.0594771241830064 0.06013071895424823 0.05882352941176457 0.05882352941176457 0.14836601307189523 0.08039215686274494 0.05882352941176457
0.05833333333333324 0.06944444444444436 0.05944444444444435 0.06333333333333324 0.05722222222222215 0.05888888888888881 0.06555555555555548 0.0638888888888888 0.06388888888888881 0.06666666666666658 0.07444444444444435 0.06333333333333324 0.11722222222222213 0.05499999999999991 0.06333333333333327
0.06296296296296285 0.0648148148148147 0.06666666666666655 0.06666666666666655 0.07777777777777765 0.06296296296296287 0.06111111111111099 0.061111111111111005 0.06604938271604929 0.0802469135802468 0.06790123456790113 0.07345679012345668 0.0648148148148147 0.061728395061728274 0.06172839506172829
0.06597222222222222 0.06527777777777778 0.06875 0.06875 0.06875 0.06597222222222222 0.06666666666666667 0.06597222222222222 0.06736111111111111 0.06666666666666667 0.06458333333333334 0.06597222222222222 0.06527777777777778 0.06527777777777778 0.06875
0.0625 0.06388888888888888 0.0625 0.0625 0.0625 0.12152777777777778 0.0625 0.06319444444444444 0.06319444444444444 0.0625 0.0625 0.06319444444444444 0.0625 0.0625 0.0625
0.07426900584795322 0.06549707602339179 0.0625730994152047 0.05906432748538007 0.07017543859649115 0.060818713450292376 0.06432748538011693 0.06257309941520466 0.06608187134502916 0.06198830409356724 0.06081871345029237 0.06081871345029237 0.10760233918128653 0.06315789473684211 0.06023391812865499
0.06315789473684207 0.06725146198830408 0.0695906432748538 0.06900584795321635 0.07251461988304089 0.06023391812865496 0.06023391812865496 0.06257309941520466 0.06432748538011696 0.06140350877192979 0.0654970760233918 0.06491228070175435 0.09707602339181286 0.06023391812865496 0.061988304093567224
0.06527777777777778 0.0625 0.06319444444444444 0.06388888888888888 0.06319444444444444 0.06388888888888888 0.06527777777777778 0.06597222222222222 0.06388888888888888 0.06458333333333334 0.06388888888888888 0.06319444444444444 0.10138888888888889 0.06597222222222222 0.06388888888888888
0.06049382716049371 0.06358024691358014 0.06049382716049372 0.06604938271604927 0.05925925925925915 0.06172839506172829 0.06111111111111099 0.061728395061728294 0.062345679012345556 0.059876543209876426 0.06234567901234556 0.061111111111110984 0.1339506172839504 0.061111111111111005 0.0648148148148147
0.06078431372549007 0.0836601307189541 0.06862745098039202 0.061437908496731884 0.059477124183006415 0.09150326797385604 0.06732026143790835 0.060784313725490056 0.06013071895424824 0.06274509803921556 0.06078431372549007 0.07581699346405214 0.06274509803921556 0.0594771241830064 0.06470588235294103
0.06470588235294104 0.06339869281045737 0.06797385620915021 0.06470588235294106 0.0771241830065358 0.06862745098039202 0.06797385620915021 0.0640522875816992 0.06339869281045737 0.06405228758169922 0.06601307189542469 0.0705882352941175 0.07058823529411752 0.061437908496731884 0.06535947712418287
0.06274509803921556 0.07124183006535934 0.06666666666666654 0.0660130718954247 0.0660130718954247 0.06601307189542471 0.06470588235294104 0.0699346405228757 0.06732026143790838 0.06993464052287568 0.06666666666666655 0.06666666666666651 0.06470588235294104 0.06732026143790837 0.0640522875816992
0.06597222222222222 0.06805555555555555 0.06875 0.06875 0.06527777777777778 0.06458333333333334 0.06666666666666667 0.06597222222222222 0.06388888888888888 0.06805555555555555 0.06527777777777778 0.06527777777777778 0.06736111111111111 0.06458333333333334 0.07152777777777777
0.06732026143790837 0.061437908496731884 0.07908496732026128 0.06535947712418286 0.07516339869281032 0.06535947712418287 0.06274509803921555 0.0640522875816992 0.06732026143790837 0.06928104575163387 0.06535947712418287 0.07058823529411752 0.060784313725490056 0.06470588235294103 0.0614379084967319
0.06666666666666672 0.05200000000000004 0.048000000000000036 0.04933333333333337 0.044444444444444474 0.2831111111111113 0.04933333333333337 0.057333333333333375 0.05022222222222226 0.05155555555555559 0.047111111111111145 0.059111111111111156 0.047111111111111145 0.04311111111111114 0.05155555555555559
0.0538888888888888 0.05555555555555547 0.057222222222222126 0.059999999999999894 0.06055555555555549 0.186111111111111 0.053888888888888806 0.05944444444444436 0.05611111111111104 0.053888888888888806 0.06611111111111104 0.0627777777777777 0.061666666666666585 0.05722222222222215 0.055555555555555476
0.05497076023391814 0.07836257309941527 0.0543859649122807 0.05614035087719298 0.05438596491228069 0.18947368421052638 0.057309941520467825 0.057309941520467825 0.058479532163742645 0.05789473684210522 0.059649122807017535 0.056725146198830394 0.05555555555555554 0.0543859649122807 0.05497076023391812
0.06666666666666655 0.06666666666666655 0.06358024691358014 0.0679012345679011 0.06049382716049372 0.10925925925925915 0.06358024691358014 0.06666666666666654 0.06234567901234558 0.06296296296296283 0.06296296296296283 0.06666666666666657 0.05864197530864187 0.06111111111111099 0.06049382716049371
0.06388888888888888 0.06458333333333334 0.06319444444444444 0.06527777777777778 0.06458333333333334 0.09722222222222222 0.06527777777777778 0.06458333333333334 0.06458333333333334 0.06319444444444444 0.06666666666666667 0.06458333333333334 0.06458333333333334 0.06319444444444444 0.06458333333333334
0.05000000000000002 0.05606060606060612 0.05656565656565658 0.05757575757575764 0.057070707070707126 0.24393939393939376 0.05252525252525253 0.05151515151515155 0.054545454545454564 0.056060606060606075 0.053030303030303066 0.05303030303030306 0.05151515151515154 0.05202020202020205 0.05454545454545456
0.05617283950617273 0.05864197530864187 0.0574074074074073 0.05864197530864187 0.058024691358024585 0.1901234567901232 0.05679012345679001 0.05802469135802457 0.05802469135802457 0.058024691358024585 0.058024691358024585 0.05925925925925915 0.058024691358024585 0.058024691358024585 0.05679012345679001
0.05614035087719299 0.058479532163742666 0.05497076023391813 0.05497076023391812 0.05847953216374267 0.21111111111111128 0.05555555555555554 0.05789473684210524 0.057309941520467846 0.05672514619883039 0.056725146198830394 0.0567251461988304 0.05614035087719297 0.05438596491228071 0.05438596491228071
0.06527777777777778 0.06805555555555555 0.06736111111111111 0.06597222222222222 0.06527777777777778 0.06666666666666667 0.06597222222222222 0.06944444444444445 0.06597222222222222 0.06597222222222222 0.06388888888888888 0.07291666666666667 0.06458333333333334 0.06666666666666667 0.06597222222222222
0.06481481481481469 0.05987654320987644 0.06419753086419741 0.06604938271604925 0.06049382716049371 0.1111111111111109 0.06481481481481469 0.06234567901234556 0.06358024691358014 0.06913580246913568 0.06481481481481469 0.06790123456790112 0.06049382716049371 0.06049382716049371 0.059876543209876426
0.052222222222222135 0.05055555555555547 0.05555555555555547 0.05722222222222214 0.05222222222222214 0.2444444444444444 0.055555555555555476 0.053888888888888806 0.05444444444444436 0.0538888888888888 0.05333333333333324 0.05499999999999991 0.05277777777777771 0.052222222222222135 0.056666666666666574
0.06388888888888888 0.06319444444444444 0.06388888888888888 0.06458333333333334 0.06805555555555555 0.1 0.06458333333333334 0.06388888888888888 0.06388888888888888 0.06388888888888888 0.06458333333333334 0.06458333333333334 0.06388888888888888 0.06319444444444444 0.06388888888888888
0.0625 0.0625 0.0625 0.06319444444444444 0.0625 0.12222222222222222 0.0625 0.0625 0.0625 0.0625 0.0625 0.06319444444444444 0.06319444444444444 0.06319444444444444 0.0625
0.046859903381642594 0.055072463768116045 0.05314009661835758 0.061352657004830995 0.04830917874396142 0.2657004830917873 0.050724637681159486 0.05024154589371988 0.05265700483091796 0.05169082125603873 0.050724637681159486 0.05603864734299526 0.0478260869565218 0.04685990338164258 0.06280193236714986
0.06274509803921555 0.062091503267973726 0.06013071895424824 0.06013071895424824 0.06078431372549007 0.11633986928104552 0.06078431372549007 0.07647058823529397 0.06013071895424824 0.06666666666666655 0.06339869281045737 0.0705882352941175 0.06078431372549007 0.05882352941176457 0.06013071895424824
0.062091503267973726 0.06470588235294104 0.06405228758169922 0.06470588235294104 0.06339869281045737 0.1039215686274508 0.06535947712418286 0.06470588235294104 0.06470588235294104 0.06274509803921555 0.06339869281045737 0.06601307189542471 0.06209150326797373 0.06209150326797373 0.0660130718954247
0.0594771241830064 0.05882352941176457 0.05882352941176457 0.060784313725490056 0.0614379084967319 0.16470588235294092 0.06013071895424824 0.06078431372549007 0.05882352941176457 0.06013071895424824 0.0594771241830064 0.05882352941176457 0.05882352941176457 0.06013071895424824 0.05882352941176457
0.05944444444444436 0.057222222222222126 0.05777777777777769 0.05499999999999991 0.05499999999999991 0.14777777777777779 0.06999999999999992 0.05666666666666658 0.05777777777777769 0.06222222222222214 0.0916666666666666 0.06722222222222213 0.05333333333333326 0.05611111111111103 0.05277777777777769
0.05925925925925915 0.05987654320987642 0.05679012345679001 0.058024691358024585 0.05740740740740729 0.19382716049382687 0.05679012345679001 0.05925925925925915 0.05802469135802459 0.05740740740740729 0.05679012345679001 0.05740740740740729 0.05617283950617273 0.05679012345679001 0.05617283950617273
0.05679012345679001 0.05555555555555545 0.05679012345679001 0.058641975308641854 0.05617283950617273 0.20432098765432066 0.05740740740740729 0.05740740740740729 0.05555555555555545 0.05679012345679002 0.058024691358024585 0.05679012345679001 0.05617283950617273 0.05617283950617273 0.05740740740740729
0.06274509803921555 0.06732026143790838 0.06666666666666654 0.06405228758169922 0.06993464052287568 0.06274509803921555 0.06797385620915021 0.06601307189542469 0.0660130718954247 0.07058823529411751 0.07058823529411752 0.07058823529411752 0.06535947712418287 0.06732026143790837 0.06209150326797373
0.046222222222222255 0.06444444444444448 0.04400000000000003 0.07644444444444451 0.04977777777777781 0.26533333333333314 0.048000000000000036 0.0506666666666667 0.05244444444444448 0.04755555555555559 0.047111111111111145 0.047111111111111145 0.048000000000000036 0.045333333333333364 0.06755555555555559
0.05222222222222214 0.07444444444444437 0.05888888888888879 0.05833333333333325 0.05777777777777768 0.1855555555555554 0.06055555555555548 0.05777777777777768 0.05555555555555548 0.05611111111111102 0.055555555555555476 0.06499999999999988 0.05444444444444435 0.05333333333333324 0.05444444444444435
0.0494949494949495 0.04949494949494949 0.04696969696969696 0.05252525252525256 0.05050505050505051 0.30151515151515135 0.05000000000000002 0.048989898989899 0.052525252525252544 0.05151515151515151 0.052020202020202036 0.05000000000000002 0.05 0.047474747474747475 0.04696969696969695
0.060784313725490056 0.0614379084967319 0.05882352941176457 0.06013071895424823 0.06013071895424824 0.1575163398692808 0.0614379084967319 0.0594771241830064 0.0594771241830064 0.0594771241830064 0.06013071895424824 0.0594771241830064 0.06078431372549007 0.06013071895424823 0.060784313725490056
0.06049382716049372 0.062345679012345556 0.059876543209876426 0.06234567901234556 0.06913580246913568 0.14567901234567884 0.06049382716049371 0.06049382716049371 0.061111111111111005 0.058024691358024585 0.061111111111111005 0.05864197530864187 0.06234567901234556 0.05864197530864187 0.05925925925925914
0.06388888888888888 0.0625 0.0625 0.0625 0.0625 0.12152777777777778 0.06319444444444444 0.0625 0.0625 0.0625 0.0625 0.0625 0.0625 0.0625 0.06388888888888888
0.06666666666666667 0.06527777777777778 0.06527777777777778 0.06597222222222222 0.07152777777777777 0.06527777777777778 0.06805555555555555 0.06458333333333334 0.06597222222222222 0.07013888888888889 0.06388888888888888 0.06666666666666667 0.06458333333333334 0.0625 0.07361111111111111
0.04848484848484848 0.05050505050505051 0.04898989898989899 0.05151515151515155 0.047474747474747475 0.2919191919191918 0.051010101010101026 0.05050505050505052 0.054545454545454564 0.054040404040404055 0.04848484848484848 0.05151515151515154 0.04949494949494951 0.05000000000000001 0.05151515151515154
0.056084656084656 0.057142857142857065 0.055555555555555476 0.056084656084656 0.050793650793650724 0.2211640211640209 0.053968253968253894 0.053968253968253894 0.0582010582010581 0.058730158730158646 0.05449735449735442 0.05925925925925918 0.056613756613756554 0.050264550264550206 0.057671957671957604
0.058641975308641854 0.05740740740740729 0.05617283950617273 0.0574074074074073 0.05740740740740729 0.2055555555555552 0.05740740740740729 0.05679012345679001 0.05555555555555545 0.05555555555555545 0.0574074074074073 0.05555555555555545 0.05679012345679001 0.05555555555555545 0.05679012345679001
0.06319444444444444 0.06527777777777778 0.06805555555555555 0.06388888888888888 0.06597222222222222 0.06388888888888888 0.06597222222222222 0.06319444444444444 0.06458333333333334 0.08888888888888889 0.06458333333333334 0.06944444444444445 0.06458333333333334 0.06458333333333334 0.06388888888888888
0.062345679012345556 0.07037037037037022 0.06851851851851841 0.0679012345679011 0.06296296296296286 0.058641975308641875 0.06666666666666655 0.06419753086419742 0.06851851851851841 0.07160493827160486 0.06358024691358012 0.07345679012345666 0.06172839506172829 0.061111111111111005 0.07839506172839496
0.06388888888888888 0.07083333333333333 0.06458333333333334 0.06875 0.06736111111111111 0.06458333333333334 0.06597222222222222 0.06458333333333334 0.06597222222222222 0.06597222222222222 0.06388888888888888 0.06875 0.06736111111111111 0.07222222222222222 0.06527777777777778
0.06458333333333334 0.06597222222222222 0.0625 0.06319444444444444 0.06319444444444444 0.09861111111111111 0.06527777777777778 0.06388888888888888 0.06388888888888888 0.06388888888888888 0.06736111111111111 0.06527777777777778 0.06458333333333334 0.06319444444444444 0.06458333333333334
0.0625 0.06527777777777778 0.06458333333333334 0.06319444444444444 0.06319444444444444 0.06597222222222222 0.06458333333333334 0.06736111111111111 0.06597222222222222 0.06527777777777778 0.06458333333333334 0.06527777777777778 0.09513888888888888 0.06319444444444444 0.06388888888888888
0.07152777777777777 0.06736111111111111 0.06666666666666667 0.06736111111111111 0.06597222222222222 0.06388888888888888 0.06875 0.06597222222222222 0.06666666666666667 0.06875 0.06527777777777778 0.06597222222222222 0.06458333333333334 0.06527777777777778 0.06597222222222222
0.09477124183006516 0.06209150326797373 0.06274509803921555 0.06601307189542469 0.06732026143790835 0.06274509803921555 0.06470588235294104 0.0679738562091502 0.0640522875816992 0.06339869281045737 0.06078431372549007 0.06666666666666654 0.0679738562091502 0.06274509803921556 0.0660130718954247
0.06535947712418287 0.06797385620915018 0.06339869281045739 0.07647058823529398 0.06339869281045737 0.06470588235294103 0.06666666666666655 0.06405228758169922 0.072549019607843 0.06535947712418286 0.06405228758169922 0.0679738562091502 0.06470588235294106 0.06274509803921556 0.07058823529411752
0.06458333333333334 0.07013888888888889 0.06666666666666667 0.07083333333333333 0.06527777777777778 0.06666666666666667 0.06666666666666667 0.06527777777777778 0.06736111111111111 0.06458333333333334 0.06458333333333334 0.06666666666666667 0.06597222222222222 0.06527777777777778 0.06944444444444445
0.05925925925925915 0.05925925925925914 0.059876543209876426 0.0574074074074073 0.05740740740740729 0.05925925925925915 0.06296296296296285 0.05925925925925915 0.061728395061728274 0.059876543209876426 0.05925925925925914 0.06111111111111099 0.16851851851851823 0.05679012345679001 0.058024691358024585
0.06608187134502921 0.057309941520467804 0.05789473684210524 0.05730994152046779 0.056725146198830415 0.058479532163742666 0.05789473684210525 0.06315789473684211 0.057309941520467825 0.05847953216374267 0.06081871345029237 0.058479532163742666 0.1777777777777777 0.05672514619883039 0.055555555555555525
0.0679738562091502 0.06470588235294103 0.062091503267973726 0.0640522875816992 0.06274509803921556 0.09542483660130703 0.06274509803921556 0.06274509803921555 0.06405228758169923 0.06535947712418287 0.061437908496731884 0.06470588235294104 0.08039215686274495 0.06013071895424824 0.0614379084967319
0.05882352941176457 0.062091503267973726 0.060784313725490056 0.06078431372549007 0.06339869281045737 0.13790849673202593 0.062091503267973726 0.061437908496731884 0.06274509803921556 0.0614379084967319 0.06535947712418287 0.06078431372549007 0.0614379084967319 0.0594771241830064 0.061437908496731884
0.07222222222222216 0.05666666666666657 0.06666666666666658 0.06388888888888879 0.06111111111111101 0.05777777777777768 0.06388888888888881 0.06222222222222214 0.0666666666666666 0.061666666666666585 0.06944444444444435 0.06777777777777766 0.11277777777777773 0.056666666666666574 0.06055555555555547
0.06296296296296286 0.06111111111111099 0.06111111111111099 0.05987654320987644 0.061728395061728274 0.09506172839506159 0.06358024691358015 0.061111111111111005 0.06111111111111101 0.05925925925925915 0.05925925925925914 0.061728395061728294 0.11296296296296277 0.0574074074074073 0.061728395061728274
0.06319444444444444 0.0625 0.0625 0.0625 0.0625 0.12291666666666666 0.06319444444444444 0.0625 0.0625 0.0625 0.06319444444444444 0.0625 0.0625 0.0625 0.0625
0.06666666666666667 0.06736111111111111 0.06736111111111111 0.06805555555555555 0.06666666666666667 0.06666666666666667 0.06805555555555555 0.06527777777777778 0.06458333333333334 0.06527777777777778 0.06805555555555555 0.06597222222222222 0.06597222222222222 0.06666666666666667 0.06736111111111111
0.05925925925925916 0.06913580246913567 0.06604938271604925 0.06419753086419741 0.06049382716049372 0.058641975308641854 0.0604938271604937 0.05864197530864187 0.062345679012345556 0.06419753086419741 0.06419753086419741 0.059876543209876426 0.09691358024691345 0.08888888888888877 0.06666666666666655
0.08692810457516323 0.06274509803921555 0.06862745098039204 0.06601307189542471 0.07385620915032665 0.0660130718954247 0.06339869281045739 0.0640522875816992 0.06862745098039202 0.06339869281045737 0.06405228758169922 0.06797385620915018 0.06339869281045737 0.06078431372549007 0.06013071895424823
0.06458333333333334 0.07291666666666667 0.07152777777777777 0.06875 0.06388888888888888 0.06388888888888888 0.06388888888888888 0.06319444444444444 0.06597222222222222 0.06319444444444444 0.07083333333333333 0.06666666666666667 0.06944444444444445 0.06388888888888888 0.06736111111111111
0.06274509803921555 0.06209150326797371 0.06535947712418289 0.06078431372549008 0.06470588235294103 0.11437908496732009 0.062091503267973726 0.06535947712418287 0.061437908496731884 0.06274509803921555 0.06470588235294103 0.06339869281045737 0.06078431372549007 0.06339869281045739 0.0660130718954247
0.06319444444444444 0.06319444444444444 0.06458333333333334 0.06319444444444444 0.0625 0.10694444444444444 0.06527777777777778 0.06597222222222222 0.06319444444444444 0.0625 0.06388888888888888 0.06458333333333334 0.06388888888888888 0.0625 0.06458333333333334
0.06358024691358014 0.06172839506172827 0.08086419753086407 0.05987654320987644 0.08580246913580235 0.06543209876543199 0.06419753086419744 0.0796296296296295 0.059876543209876426 0.061728395061728294 0.06111111111111099 0.07098765432098753 0.0679012345679011 0.05740740740740729 0.059876543209876426
0.08412698412698408 0.06031746031746023 0.06243386243386234 0.07301587301587288 0.06243386243386238 0.07830687830687823 0.06772486772486763 0.06878306878306871 0.06825396825396816 0.059788359788359724 0.06984126984126979 0.06560846560846552 0.06666666666666658 0.05291005291005283 0.0597883597883597
0.04246031746031744 0.06984126984126973 0.0456349206349206 0.048412698412698386 0.04444444444444442 0.1031746031746031 0.04285714285714285 0.048015873015872984 0.042460317460317434 0.040873015873015846 0.05515873015873012 0.055555555555555546 0.23650793650793642 0.03968253968253965 0.08492063492063487
0.06666666666666651 0.06666666666666654 0.06405228758169922 0.06928104575163385 0.06405228758169922 0.06470588235294104 0.06535947712418287 0.07320261437908483 0.06666666666666654 0.06862745098039201 0.0660130718954247 0.06862745098039202 0.06274509803921556 0.0640522875816992 0.06928104575163385
0.06543209876543198 0.05864197530864187 0.06049382716049371 0.05802469135802457 0.05740740740740729 0.06234567901234556 0.05987654320987644 0.06358024691358012 0.06234567901234556 0.059876543209876426 0.05925925925925916 0.0574074074074073 0.1561728395061726 0.0604938271604937 0.05864197530864187
0.05202020202020203 0.05151515151515153 0.05959595959595966 0.05000000000000002 0.05555555555555557 0.1116161616161617 0.053535353535353575 0.055050505050505065 0.05505050505050511 0.05707070707070711 0.052525252525252544 0.05555555555555561 0.1792929292929293 0.05353535353535357 0.0580808080808081
0.06274509803921555 0.062091503267973726 0.06405228758169923 0.08888888888888873 0.06405228758169922 0.061437908496731884 0.0699346405228757 0.06732026143790835 0.06339869281045739 0.0640522875816992 0.062091503267973726 0.06209150326797373 0.06339869281045739 0.06470588235294104 0.07973856209150314
0.06597222222222222 0.06597222222222222 0.06805555555555555 0.06805555555555555 0.06388888888888888 0.06527777777777778 0.06666666666666667 0.07152777777777777 0.0625 0.06805555555555555 0.07013888888888889 0.06944444444444445 0.06597222222222222 0.06388888888888888 0.06458333333333334
0.05789473684210525 0.08538011695906428 0.06491228070175442 0.059649122807017514 0.06842105263157891 0.08771929824561406 0.0672514619883041 0.061988304093567266 0.06432748538011693 0.06432748538011693 0.05906432748538009 0.07953216374269002 0.0614035087719298 0.05730994152046782 0.060818713450292376
0.0594771241830064 0.06339869281045737 0.06470588235294104 0.06013071895424823 0.061437908496731905 0.06013071895424823 0.06013071895424823 0.0594771241830064 0.06339869281045737 0.06209150326797373 0.061437908496731884 0.06078431372549007 0.14248366013071875 0.0594771241830064 0.0614379084967319
0.06319444444444444 0.06458333333333334 0.06527777777777778 0.06319444444444444 0.06597222222222222 0.0625 0.06527777777777778 0.06458333333333334 0.06458333333333334 0.06388888888888888 0.06458333333333334 0.06388888888888888 0.10138888888888889 0.06458333333333334 0.0625
0.06319444444444444 0.0625 0.0625 0.0625 0.0625 0.0625 0.06319444444444444 0.06319444444444444 0.0625 0.0625 0.06319444444444444 0.0625 0.09097222222222222 0.09375 0.0625
0.0614379084967319 0.06732026143790835 0.06339869281045737 0.06535947712418289 0.062091503267973726 0.10130718954248352 0.06601307189542469 0.06470588235294104 0.06405228758169922 0.0660130718954247 0.062091503267973726 0.06862745098039202 0.06470588235294104 0.06013071895424824 0.06274509803921555
0.04848484848484849 0.05202020202020205 0.052020202020202015 0.05202020202020203 0.05151515151515153 0.2909090909090908 0.05000000000000001 0.04898989898989899 0.053030303030303025 0.04949494949494951 0.05101010101010104 0.04949494949494951 0.05202020202020203 0.05000000000000001 0.04898989898989899
0.06464646464646469 0.0681818181818182 0.06313131313131319 0.06313131313131318 0.0631313131313132 0.10202020202020205 0.06060606060606065 0.06313131313131318 0.06111111111111115 0.06262626262626268 0.0974747474747476 0.05909090909090916 0.056565656565656604 0.055050505050505086 0.0601010101010101
0.04861111111111111 0.056944444444444464 0.04999999999999998 0.048148148148148114 0.05092592592592592 0.27222222222222237 0.0523148148148148 0.053240740740740713 0.05277777777777777 0.05277777777777777 0.05370370370370372 0.054166666666666655 0.052777777777777785 0.048611111111111084 0.05277777777777777
0.0538888888888888 0.06999999999999992 0.06722222222222214 0.0627777777777777 0.05777777777777768 0.13000000000000006 0.0577777777777777 0.0616666666666666 0.054999999999999924 0.054999999999999924 0.09833333333333338 0.06111111111111101 0.055555555555555476 0.053333333333333253 0.06055555555555547
0.0625 0.06527777777777778 0.06388888888888888 0.06736111111111111 0.06597222222222222 0.09930555555555555 0.06597222222222222 0.06458333333333334 0.06458333333333334 0.06388888888888888 0.06319444444444444 0.06319444444444444 0.0625 0.06388888888888888 0.06388888888888888
0.05740740740740729 0.05679012345679001 0.05617283950617273 0.05987654320987644 0.05802469135802457 0.19938271604938246 0.05864197530864187 0.05617283950617273 0.058024691358024585 0.058024691358024585 0.05617283950617273 0.05740740740740729 0.05617283950617273 0.05555555555555545 0.05617283950617273
0.05555555555555548 0.06507936507936499 0.06190476190476183 0.06031746031746023 0.058201058201058135 0.1539682539682538 0.06455026455026447 0.06296296296296289 0.059788359788359724 0.06190476190476181 0.06296296296296289 0.0613756613756613 0.056084656084656015 0.0576719576719576 0.0576719576719576
0.052631578947368425 0.05321637426900585 0.05321637426900585 0.052631578947368425 0.052631578947368425 0.2555555555555558 0.05321637426900585 0.05438596491228069 0.05321637426900585 0.05497076023391812 0.05321637426900585 0.052631578947368425 0.052631578947368425 0.05321637426900586 0.052631578947368425
0.059064327485380076 0.0614035087719298 0.06198830409356722 0.06491228070175431 0.0678362573099415 0.09824561403508773 0.0695906432748538 0.06549707602339175 0.060818713450292376 0.0660818713450292 0.05614035087719297 0.06900584795321635 0.06023391812865496 0.05438596491228071 0.08479532163742692
0.06470588235294104 0.06928104575163387 0.0679738562091502 0.06862745098039202 0.06666666666666653 0.0640522875816992 0.06470588235294103 0.06470588235294103 0.06666666666666653 0.07058823529411752 0.06862745098039205 0.06862745098039202 0.06535947712418289 0.0640522875816992 0.06535947712418287
0.0594771241830064 0.06078431372549007 0.05882352941176457 0.0594771241830064 0.05882352941176457 0.1705882352941174 0.0594771241830064 0.05882352941176457 0.0594771241830064 0.05882352941176457 0.0594771241830064 0.05882352941176457 0.0594771241830064 0.05882352941176457 0.05882352941176457
0.0660130718954247 0.0660130718954247 0.06535947712418286 0.0699346405228757 0.06666666666666654 0.08562091503267959 0.0699346405228757 0.06339869281045739 0.06405228758169922 0.0640522875816992 0.06405228758169922 0.0660130718954247 0.06274509803921555 0.0614379084967319 0.06470588235294104
0.0625 0.06319444444444444 0.06458333333333334 0.06388888888888888 0.06388888888888888 0.1111111111111111 0.06458333333333334 0.06319444444444444 0.06319444444444444 0.06388888888888888 0.06388888888888888 0.0625 0.06319444444444444 0.0625 0.06388888888888888
0.06470588235294103 0.06928104575163384 0.07254901960784299 0.06405228758169922 0.06535947712418287 0.06470588235294104 0.06535947712418287 0.0660130718954247 0.06732026143790835 0.06928104575163384 0.06732026143790834 0.06732026143790837 0.0640522875816992 0.06928104575163387 0.06339869281045737
0.06458333333333334 0.07013888888888889 0.06597222222222222 0.06597222222222222 0.06944444444444445 0.06388888888888888 0.06805555555555555 0.07013888888888889 0.06597222222222222 0.06597222222222222 0.06458333333333334 0.06805555555555555 0.06666666666666667 0.06527777777777778 0.06527777777777778
0.06527777777777778 0.06944444444444445 0.06458333333333334 0.06944444444444445 0.06388888888888888 0.07361111111111111 0.06666666666666667 0.06319444444444444 0.06875 0.06666666666666667 0.06458333333333334 0.06875 0.06388888888888888 0.06388888888888888 0.06736111111111111
0.05925925925925915 0.0574074074074073 0.06172839506172829 0.05925925925925916 0.06111111111111099 0.16358024691358003 0.06296296296296283 0.06358024691358014 0.061111111111111005 0.058024691358024585 0.0574074074074073 0.0604938271604937 0.05740740740740729 0.058024691358024585 0.05864197530864187
0.05132275132275124 0.05343915343915337 0.05185185185185177 0.05026455026455019 0.05291005291005284 0.27142857142857113 0.052380952380952306 0.05185185185185179 0.05079365079365071 0.05449735449735442 0.04920634920634914 0.052380952380952306 0.0539682539682539 0.050264550264550185 0.05343915343915337
0.05497076023391813 0.05497076023391813 0.05497076023391812 0.056725146198830394 0.05555555555555554 0.21403508771929833 0.058479532163742666 0.05614035087719296 0.056725146198830394 0.055555555555555566 0.05847953216374267 0.05730994152046782 0.056725146198830415 0.05614035087719299 0.05321637426900585
0.06023391812865494 0.057309941520467804 0.0678362573099415 0.06374269005847953 0.06081871345029236 0.13742690058479523 0.06666666666666665 0.06198830409356721 0.0614035087719298 0.061988304093567224 0.059064327485380076 0.06491228070175434 0.06081871345029235 0.05555555555555555 0.06023391812865496
