0.05882352941176457 0.061437908496731905 0.06732026143790835 0.06013071895424823 0.08692810457516324 0.06274509803921555 0.09869281045751614 0.059477124183006415 0.06862745098039201 0.06405228758169923 0.06535947712418286 0.06013071895424823 0.06535947712418286 0.06013071895424824 0.060784313725490056
0.062091503267973726 0.06535947712418287 0.06274509803921555 0.06535947712418287 0.06601307189542471 0.06470588235294103 0.06274509803921556 0.06928104575163385 0.06470588235294104 0.07189542483660115 0.06339869281045737 0.06078431372549007 0.06666666666666653 0.0810457516339868 0.07320261437908483
0.06172839506172829 0.05555555555555545 0.06172839506172829 0.13518518518518502 0.06111111111111099 0.06604938271604925 0.06234567901234556 0.05679012345679001 0.0685185185185184 0.06049382716049372 0.059876543209876426 0.05617283950617273 0.061111111111111005 0.07469135802469123 0.058641975308641854
0.06805555555555555 0.06388888888888888 0.06597222222222222 0.06666666666666667 0.06736111111111111 0.07013888888888889 0.06736111111111111 0.06736111111111111 0.06458333333333334 0.06597222222222222 0.07013888888888889 0.06388888888888888 0.06597222222222222 0.06666666666666667 0.06597222222222222
0.06458333333333334 0.06597222222222222 0.06875 0.06388888888888888 0.06527777777777778 0.06527777777777778 0.06736111111111111 0.06458333333333334 0.08402777777777778 0.06527777777777778 0.06597222222222222 0.06319444444444444 0.06527777777777778 0.06388888888888888 0.06666666666666667
0.06319444444444444 0.06458333333333334 0.08541666666666667 0.06458333333333334 0.06597222222222222 0.06319444444444444 0.06388888888888888 0.06319444444444444 0.07083333333333333 0.06319444444444444 0.06319444444444444 0.0625 0.06597222222222222 0.075 0.06527777777777778
0.06209150326797373 0.06339869281045739 0.06862745098039202 0.06274509803921556 0.06405228758169922 0.06732026143790837 0.07254901960784299 0.062091503267973726 0.08496732026143776 0.06535947712418286 0.0679738562091502 0.06274509803921555 0.0640522875816992 0.0660130718954247 0.0660130718954247
0.06209150326797373 0.06535947712418287 0.06797385620915018 0.06339869281045737 0.06666666666666653 0.06078431372549007 0.1039215686274508 0.06078431372549007 0.06862745098039201 0.0594771241830064 0.07124183006535934 0.06274509803921555 0.06274509803921555 0.0614379084967319 0.06274509803921555
0.05882352941176457 0.06013071895424824 0.062091503267973726 0.09607843137254883 0.06339869281045737 0.06013071895424823 0.06078431372549007 0.059477124183006415 0.06470588235294103 0.06209150326797373 0.060784313725490056 0.06013071895424824 0.0999999999999998 0.07254901960784299 0.05882352941176457
0.05882352941176457 0.0594771241830064 0.059477124183006415 0.12483660130718933 0.07058823529411751 0.0699346405228757 0.06535947712418287 0.061437908496731905 0.06274509803921555 0.06078431372549007 0.0614379084967319 0.05882352941176457 0.05882352941176457 0.06535947712418287 0.06209150326797373
0.0625 0.06319444444444444 0.06458333333333334 0.0625 0.06388888888888888 0.06458333333333334 0.06319444444444444 0.10972222222222222 0.0625 0.06388888888888888 0.06458333333333334 0.06388888888888888 0.06319444444444444 0.06388888888888888 0.06388888888888888
0.06209150326797373 0.06601307189542471 0.062091503267973726 0.10915032679738541 0.06013071895424823 0.06666666666666654 0.06339869281045737 0.06797385620915017 0.0640522875816992 0.060784313725490056 0.06274509803921556 0.06470588235294106 0.06405228758169922 0.0640522875816992 0.06209150326797373
0.06319444444444444 0.06527777777777778 0.06736111111111111 0.07430555555555556 0.06458333333333334 0.06736111111111111 0.06875 0.06458333333333334 0.07361111111111111 0.06458333333333334 0.06597222222222222 0.06388888888888888 0.06597222222222222 0.06597222222222222 0.06458333333333334
0.06319444444444444 0.06597222222222222 0.06597222222222222 0.06458333333333334 0.06458333333333334 0.07569444444444444 0.06319444444444444 0.06527777777777778 0.075 0.06666666666666667 0.06388888888888888 0.06805555555555555 0.06527777777777778 0.06388888888888888 0.06875
0.05132275132275124 0.06031746031746022 0.06243386243386236 0.053439153439153377 0.059788359788359745 0.053439153439153356 0.05502645502645496 0.05291005291005284 0.06296296296296287 0.05767195767195758 0.05925925925925918 0.10793650793650784 0.09576719576719567 0.10952380952380941 0.058201058201058135
0.06319444444444444 0.06458333333333334 0.07083333333333333 0.07152777777777777 0.06597222222222222 0.06597222222222222 0.06875 0.06597222222222222 0.06458333333333334 0.06319444444444444 0.06458333333333334 0.07083333333333333 0.06527777777777778 0.06597222222222222 0.06875
0.058641975308641854 0.06234567901234558 0.10864197530864189 0.06172839506172829 0.061111111111111005 0.0679012345679011 0.06049382716049371 0.06049382716049371 0.0679012345679011 0.06666666666666655 0.06790123456790112 0.06358024691358014 0.06481481481481469 0.05987654320987644 0.0679012345679011
0.05499999999999991 0.06833333333333327 0.06999999999999991 0.05722222222222216 0.06333333333333324 0.07666666666666658 0.05722222222222212 0.06388888888888879 0.066111111111111 0.07555555555555546 0.06555555555555545 0.0549999999999999 0.0649999999999999 0.05722222222222214 0.10388888888888886
0.0625 0.06388888888888888 0.06319444444444444 0.06388888888888888 0.0625 0.06736111111111111 0.06319444444444444 0.06875 0.06458333333333334 0.06388888888888888 0.0625 0.0625 0.06666666666666667 0.06319444444444444 0.10138888888888889
0.06296296296296285 0.06358024691358015 0.0679012345679011 0.06358024691358014 0.07098765432098753 0.06666666666666655 0.061728395061728274 0.07160493827160481 0.06728395061728382 0.06543209876543199 0.06666666666666655 0.05987654320987642 0.06049382716049371 0.061111111111111005 0.09012345679012333
0.06078431372549007 0.11437908496732008 0.06274509803921555 0.060784313725490056 0.06274509803921555 0.06732026143790835 0.06339869281045739 0.062091503267973726 0.06339869281045737 0.06862745098039202 0.06274509803921556 0.06013071895424824 0.06339869281045739 0.0614379084967319 0.06601307189542471
0.0543859649122807 0.0596491228070175 0.06725146198830406 0.08245614035087721 0.08479532163742691 0.06549707602339176 0.06257309941520467 0.05964912280701754 0.06608187134502923 0.059649122807017514 0.06491228070175438 0.054970760233918115 0.05964912280701748 0.060818713450292376 0.09766081871345031
0.06078431372549007 0.07124183006535934 0.06535947712418289 0.06601307189542471 0.06601307189542469 0.06732026143790835 0.06535947712418287 0.062091503267973726 0.06470588235294104 0.06732026143790837 0.06862745098039201 0.07843137254901945 0.06274509803921555 0.07385620915032667 0.06013071895424824
0.05611111111111103 0.06944444444444435 0.058888888888888796 0.05444444444444437 0.06277777777777768 0.0699999999999999 0.06944444444444435 0.06055555555555546 0.05555555555555547 0.05555555555555548 0.061666666666666585 0.05444444444444436 0.05888888888888879 0.05944444444444435 0.15277777777777773
0.06319444444444444 0.06458333333333334 0.06527777777777778 0.06319444444444444 0.06388888888888888 0.06458333333333334 0.06458333333333334 0.06527777777777778 0.06458333333333334 0.06527777777777778 0.06666666666666667 0.0625 0.06319444444444444 0.06597222222222222 0.09722222222222222
0.06319444444444444 0.06388888888888888 0.06597222222222222 0.0625 0.09652777777777778 0.06388888888888888 0.06319444444444444 0.06319444444444444 0.07569444444444444 0.06458333333333334 0.0625 0.06319444444444444 0.0625 0.06527777777777778 0.06388888888888888
0.0625 0.11736111111111111 0.0625 0.0625 0.06319444444444444 0.06388888888888888 0.0625 0.06319444444444444 0.0625 0.0625 0.06458333333333334 0.0625 0.06319444444444444 0.06458333333333334 0.0625
0.05925925925925915 0.061111111111111005 0.06481481481481471 0.06296296296296285 0.06790123456790112 0.06172839506172829 0.1043209876543208 0.05679012345679001 0.08827160493827148 0.06358024691358014 0.06358024691358012 0.05925925925925914 0.05740740740740729 0.0648148148148147 0.0641975308641974
0.06527777777777778 0.06597222222222222 0.06875 0.06736111111111111 0.06666666666666667 0.06527777777777778 0.07430555555555556 0.06527777777777778 0.06944444444444445 0.06527777777777778 0.06597222222222222 0.06597222222222222 0.06458333333333334 0.06527777777777778 0.06458333333333334
0.0625 0.0625 0.07013888888888889 0.0625 0.0625 0.06388888888888888 0.08194444444444444 0.0625 0.08958333333333333 0.06388888888888888 0.06388888888888888 0.06319444444444444 0.0625 0.06458333333333334 0.06388888888888888
0.0614379084967319 0.06274509803921555 0.06274509803921555 0.10261437908496714 0.06470588235294104 0.06601307189542469 0.0679738562091502 0.06339869281045739 0.0660130718954247 0.06274509803921556 0.06274509803921555 0.0614379084967319 0.06274509803921556 0.07189542483660118 0.060784313725490056
0.06013071895424824 0.06078431372549007 0.06339869281045737 0.09869281045751617 0.06078431372549007 0.07843137254901947 0.06470588235294103 0.0594771241830064 0.062091503267973726 0.06274509803921556 0.0614379084967319 0.08235294117647042 0.0614379084967319 0.061437908496731905 0.06209150326797373
0.0625 0.0625 0.06319444444444444 0.06319444444444444 0.10972222222222222 0.06458333333333334 0.06319444444444444 0.0625 0.06458333333333334 0.07013888888888889 0.0625 0.0625 0.06319444444444444 0.06319444444444444 0.0625
0.0574074074074073 0.0574074074074073 0.06358024691358014 0.058641975308641875 0.10679012345678998 0.07160493827160481 0.07407407407407395 0.059876543209876426 0.06358024691358012 0.07407407407407395 0.06728395061728382 0.06049382716049371 0.05925925925925915 0.06419753086419742 0.06172839506172829
0.0625 0.06319444444444444 0.06319444444444444 0.06319444444444444 0.10277777777777777 0.06458333333333334 0.06458333333333334 0.0625 0.06319444444444444 0.075 0.0625 0.0625 0.06319444444444444 0.0625 0.06458333333333334
0.0625 0.06388888888888888 0.0625 0.06319444444444444 0.10277777777777777 0.06458333333333334 0.06319444444444444 0.06458333333333334 0.0625 0.07361111111111111 0.06388888888888888 0.06388888888888888 0.0625 0.0625 0.06388888888888888
0.0625 0.06319444444444444 0.06388888888888888 0.08958333333333333 0.07708333333333334 0.06597222222222222 0.06597222222222222 0.06527777777777778 0.06458333333333334 0.06458333333333334 0.0625 0.0625 0.06388888888888888 0.06319444444444444 0.06527777777777778
0.05555555555555547 0.06111111111111103 0.056666666666666574 0.054999999999999924 0.05777777777777768 0.05666666666666658 0.05166666666666658 0.20111111111111102 0.05777777777777769 0.05444444444444437 0.05722222222222214 0.05277777777777769 0.05722222222222214 0.05555555555555547 0.06944444444444438
0.06013071895424823 0.06274509803921555 0.0660130718954247 0.060784313725490056 0.06339869281045737 0.06405228758169923 0.06274509803921556 0.07516339869281033 0.06470588235294104 0.06209150326797371 0.06339869281045737 0.0594771241830064 0.062091503267973726 0.05882352941176457 0.11437908496732015
0.06078431372549007 0.06274509803921555 0.06928104575163385 0.06470588235294103 0.0660130718954247 0.06666666666666653 0.06666666666666651 0.06666666666666653 0.06862745098039204 0.06535947712418289 0.07973856209150312 0.06339869281045739 0.06732026143790837 0.06078431372549007 0.07124183006535932
0.0614379084967319 0.06732026143790837 0.06274509803921556 0.06535947712418286 0.06732026143790838 0.07647058823529397 0.06535947712418286 0.0660130718954247 0.06993464052287567 0.06470588235294103 0.07189542483660118 0.07189542483660118 0.06470588235294106 0.06209150326797373 0.06274509803921556
0.059876543209876426 0.06419753086419741 0.06358024691358014 0.05925925925925915 0.11111111111111095 0.06604938271604925 0.07716049382716036 0.05802469135802457 0.08024691358024683 0.058024691358024585 0.06481481481481469 0.05864197530864187 0.06049382716049371 0.06049382716049372 0.058024691358024585
0.06078431372549007 0.06013071895424824 0.06078431372549008 0.10196078431372527 0.06013071895424824 0.06078431372549007 0.10980392156862721 0.062091503267973726 0.06078431372549007 0.06013071895424824 0.0594771241830064 0.0594771241830064 0.06078431372549007 0.06339869281045739 0.0594771241830064
0.06388888888888888 0.06527777777777778 0.06736111111111111 0.06458333333333334 0.06805555555555555 0.06527777777777778 0.06527777777777778 0.07083333333333333 0.06527777777777778 0.06666666666666667 0.06527777777777778 0.06736111111111111 0.06666666666666667 0.06527777777777778 0.07291666666666667
0.06666666666666651 0.06405228758169922 0.06535947712418287 0.06078431372549007 0.062091503267973726 0.07385620915032665 0.09150326797385608 0.062091503267973726 0.06405228758169922 0.0614379084967319 0.06470588235294106 0.06078431372549008 0.062091503267973726 0.06470588235294104 0.07581699346405214
0.06666666666666667 0.06388888888888888 0.06736111111111111 0.06597222222222222 0.06805555555555555 0.06666666666666667 0.06875 0.06597222222222222 0.07083333333333333 0.06666666666666667 0.06458333333333334 0.06458333333333334 0.06527777777777778 0.06736111111111111 0.06736111111111111
0.06388888888888888 0.06666666666666667 0.06666666666666667 0.06736111111111111 0.06597222222222222 0.07222222222222222 0.06527777777777778 0.06736111111111111 0.06597222222222222 0.07291666666666667 0.06805555555555555 0.06388888888888888 0.06597222222222222 0.06388888888888888 0.06388888888888888
0.06527777777777778 0.06597222222222222 0.07083333333333333 0.06736111111111111 0.06597222222222222 0.06944444444444445 0.06388888888888888 0.06527777777777778 0.06527777777777778 0.06666666666666667 0.07083333333333333 0.06458333333333334 0.06666666666666667 0.06597222222222222 0.06597222222222222
0.05882352941176457 0.05882352941176457 0.0594771241830064 0.09150326797385602 0.061437908496731884 0.0614379084967319 0.06078431372549007 0.059477124183006415 0.05882352941176457 0.06013071895424824 0.06013071895424823 0.13006535947712397 0.059477124183006415 0.0594771241830064 0.06013071895424824
0.058479532163742694 0.1087719298245614 0.05964912280701752 0.059649122807017514 0.0567251461988304 0.09181286549707604 0.05672514619883039 0.08654970760233917 0.061988304093567224 0.05789473684210525 0.058479532163742666 0.05964912280701752 0.059649122807017535 0.056725146198830394 0.0672514619883041
0.060784313725490056 0.06078431372549007 0.07581699346405214 0.09738562091503249 0.0614379084967319 0.0660130718954247 0.0614379084967319 0.06078431372549007 0.06209150326797373 0.06339869281045737 0.06601307189542471 0.07581699346405213 0.06274509803921555 0.0640522875816992 0.0614379084967319
0.0625 0.06319444444444444 0.06388888888888888 0.10347222222222222 0.06388888888888888 0.06805555555555555 0.06388888888888888 0.06388888888888888 0.06319444444444444 0.06319444444444444 0.06388888888888888 0.0625 0.06319444444444444 0.06875 0.0625
0.0625 0.06319444444444444 0.10833333333333334 0.06319444444444444 0.06597222222222222 0.06319444444444444 0.0625 0.0625 0.06458333333333334 0.06388888888888888 0.0625 0.0625 0.0625 0.06527777777777778 0.06736111111111111
0.06319444444444444 0.06319444444444444 0.06458333333333334 0.06458333333333334 0.06875 0.06527777777777778 0.0625 0.07361111111111111 0.06597222222222222 0.07222222222222222 0.06597222222222222 0.06736111111111111 0.06805555555555555 0.06527777777777778 0.06944444444444445
0.058024691358024585 0.11358024691358005 0.061111111111111005 0.058641975308641854 0.06666666666666655 0.09691358024691339 0.05987654320987642 0.05925925925925915 0.07160493827160481 0.05925925925925914 0.05925925925925915 0.06049382716049372 0.05925925925925915 0.05802469135802457 0.05802469135802457
0.06319444444444444 0.06319444444444444 0.0625 0.06319444444444444 0.06319444444444444 0.11388888888888889 0.06458333333333334 0.06527777777777778 0.06319444444444444 0.06319444444444444 0.0625 0.0625 0.06458333333333334 0.0625 0.0625
0.05380116959064327 0.053801169590643266 0.0660818713450292 0.05789473684210525 0.05847953216374265 0.055555555555555546 0.055555555555555546 0.0678362573099416 0.05614035087719298 0.0543859649122807 0.1520467836257309 0.05614035087719296 0.059064327485380076 0.05789473684210527 0.09532163742690057
0.051010101010101026 0.06515151515151518 0.06161616161616166 0.07525252525252529 0.07070707070707073 0.06717171717171726 0.059090909090909145 0.05555555555555557 0.07575757575757586 0.06515151515151521 0.05656565656565658 0.06111111111111121 0.11313131313131326 0.06161616161616166 0.06111111111111119
0.05079365079365071 0.05714285714285706 0.05238095238095231 0.09947089947089935 0.057671957671957576 0.19947089947089916 0.05291005291005284 0.05132275132275125 0.05767195767195758 0.05185185185185177 0.0539682539682539 0.05449735449735442 0.05291005291005283 0.05449735449735443 0.05343915343915337
0.06388888888888888 0.06319444444444444 0.06597222222222222 0.06319444444444444 0.06458333333333334 0.06388888888888888 0.09861111111111111 0.06388888888888888 0.06458333333333334 0.06388888888888888 0.06875 0.06388888888888888 0.06388888888888888 0.06458333333333334 0.06319444444444444
0.061728395061728274 0.06481481481481469 0.0685185185185184 0.06111111111111099 0.059876543209876426 0.06975308641975296 0.06111111111111099 0.06728395061728383 0.06296296296296283 0.06358024691358014 0.10061728395061717 0.06358024691358014 0.06604938271604925 0.06419753086419742 0.06481481481481469
0.0907407407407406 0.058641975308641854 0.06172839506172827 0.05925925925925915 0.08518518518518504 0.05740740740740729 0.061111111111111005 0.08395061728395052 0.06913580246913567 0.06296296296296285 0.06358024691358012 0.05802469135802457 0.05802469135802457 0.06172839506172829 0.06851851851851841
0.05555555555555547 0.053888888888888806 0.13388888888888892 0.053888888888888806 0.0733333333333332 0.06722222222222214 0.05833333333333325 0.08055555555555548 0.06499999999999992 0.06111111111111101 0.05944444444444436 0.05277777777777768 0.06222222222222215 0.0538888888888888 0.0688888888888888
0.0648148148148147 0.05864197530864187 0.05802469135802457 0.05802469135802457 0.06728395061728382 0.06172839506172829 0.06790123456790108 0.061728395061728274 0.06543209876543199 0.05864197530864187 0.13888888888888876 0.05925925925925915 0.059876543209876426 0.05925925925925914 0.06049382716049371
0.0625 0.06319444444444444 0.0625 0.09791666666666667 0.06319444444444444 0.06597222222222222 0.0625 0.06319444444444444 0.0625 0.06319444444444444 0.06319444444444444 0.08194444444444444 0.06319444444444444 0.0625 0.0625
0.06339869281045739 0.06339869281045739 0.07516339869281032 0.06078431372549007 0.0660130718954247 0.06274509803921555 0.06274509803921555 0.06274509803921555 0.06405228758169922 0.06274509803921556 0.11307189542483638 0.06013071895424824 0.06274509803921555 0.06078431372549007 0.0594771241830064
0.11736111111111111 0.06388888888888888 0.0625 0.0625 0.06319444444444444 0.06319444444444444 0.06319444444444444 0.06319444444444444 0.0625 0.06319444444444444 0.06388888888888888 0.0625 0.06319444444444444 0.0625 0.06319444444444444
0.11419753086419734 0.06419753086419741 0.061111111111111005 0.05925925925925914 0.08580246913580235 0.05987654320987642 0.061728395061728274 0.05987654320987642 0.06666666666666655 0.06419753086419742 0.05740740740740729 0.061728395061728294 0.05925925925925915 0.06296296296296283 0.06172839506172829
0.062091503267973726 0.13986928104575141 0.06274509803921556 0.059477124183006415 0.06339869281045737 0.06078431372549007 0.062091503267973726 0.06078431372549007 0.06274509803921555 0.0594771241830064 0.06013071895424824 0.06078431372549007 0.062091503267973726 0.06209150326797373 0.061437908496731884
0.0614379084967319 0.06666666666666653 0.06601307189542469 0.06535947712418289 0.06993464052287568 0.06470588235294104 0.062091503267973726 0.06274509803921555 0.06732026143790834 0.062091503267973726 0.06928104575163384 0.06339869281045737 0.06797385620915018 0.0882352941176469 0.06274509803921555
0.07883597883597873 0.2597883597883594 0.05132275132275125 0.04973544973544965 0.050264550264550185 0.05185185185185179 0.04814814814814808 0.05026455026455019 0.052380952380952306 0.051322751322751256 0.056084656084656015 0.04920634920634914 0.04973544973544967 0.04920634920634914 0.05185185185185177
0.08166666666666657 0.06166666666666658 0.08333333333333327 0.05888888888888882 0.06444444444444433 0.07055555555555548 0.05722222222222214 0.07166666666666659 0.061666666666666564 0.055555555555555476 0.05722222222222214 0.05666666666666658 0.058333333333333244 0.09388888888888879 0.06722222222222211
0.05802469135802457 0.08333333333333318 0.06111111111111099 0.05679012345679001 0.09259259259259246 0.06419753086419742 0.058641975308641854 0.05617283950617273 0.06728395061728382 0.059876543209876426 0.05617283950617273 0.11296296296296278 0.058641975308641854 0.05740740740740729 0.05679012345679001
0.05740740740740729 0.062345679012345556 0.06728395061728384 0.06358024691358014 0.07345679012345668 0.06543209876543199 0.06790123456790112 0.06049382716049372 0.09814814814814805 0.062345679012345556 0.06481481481481469 0.062345679012345556 0.061728395061728274 0.07160493827160479 0.061111111111110984
0.06388888888888888 0.06736111111111111 0.06458333333333334 0.06388888888888888 0.06597222222222222 0.07291666666666667 0.06527777777777778 0.06458333333333334 0.06666666666666667 0.0625 0.06597222222222222 0.0798611111111111 0.06527777777777778 0.06527777777777778 0.06597222222222222
0.06339869281045737 0.06535947712418287 0.06535947712418287 0.0640522875816992 0.06405228758169922 0.06405228758169922 0.06993464052287568 0.06470588235294104 0.07712418300653583 0.06862745098039204 0.06797385620915018 0.06732026143790834 0.06797385620915018 0.06928104575163387 0.06078431372549007
0.0625 0.11944444444444445 0.0625 0.0625 0.0625 0.06388888888888888 0.0625 0.06319444444444444 0.0625 0.06319444444444444 0.06388888888888888 0.0625 0.06319444444444444 0.06319444444444444 0.0625
0.0625 0.06458333333333334 0.06875 0.06388888888888888 0.07430555555555556 0.06597222222222222 0.07013888888888889 0.06666666666666667 0.06875 0.06597222222222222 0.06597222222222222 0.0625 0.06458333333333334 0.06805555555555555 0.06736111111111111
0.06597222222222222 0.06666666666666667 0.06666666666666667 0.06597222222222222 0.06666666666666667 0.06527777777777778 0.06597222222222222 0.06597222222222222 0.06666666666666667 0.06875 0.07013888888888889 0.06944444444444445 0.06666666666666667 0.06527777777777778 0.06388888888888888
0.0625 0.06319444444444444 0.06319444444444444 0.09930555555555555 0.0625 0.06875 0.06527777777777778 0.0625 0.06597222222222222 0.06458333333333334 0.06319444444444444 0.0625 0.0625 0.07152777777777777 0.0625
0.08703703703703687 0.06049382716049371 0.08024691358024681 0.05987654320987644 0.06419753086419742 0.06111111111111099 0.061728395061728274 0.05802469135802457 0.10370370370370358 0.058641975308641854 0.061111111111111005 0.058641975308641854 0.059876543209876426 0.06419753086419742 0.061111111111111005
0.04920634920634913 0.057142857142857065 0.06084656084656076 0.056084656084656 0.05555555555555547 0.05555555555555548 0.05026455026455019 0.053968253968253874 0.053968253968253874 0.06031746031746023 0.05925925925925918 0.1693121693121691 0.055555555555555476 0.10634920634920622 0.05661375661375654
0.05321637426900585 0.08245614035087726 0.0543859649122807 0.05614035087719298 0.05321637426900584 0.05321637426900585 0.05321637426900585 0.053801169590643266 0.05321637426900585 0.052631578947368425 0.21754385964912287 0.05321637426900584 0.05497076023391814 0.05555555555555555 0.05321637426900586
0.19111111111111095 0.09111111111111099 0.052222222222222135 0.05444444444444436 0.06555555555555546 0.054999999999999924 0.05277777777777769 0.05555555555555547 0.05499999999999991 0.055555555555555476 0.05499999999999991 0.052222222222222135 0.05333333333333324 0.05611111111111102 0.0549999999999999
0.06928104575163385 0.06732026143790835 0.07124183006535934 0.06862745098039202 0.06928104575163384 0.06470588235294104 0.06274509803921555 0.062091503267973726 0.07124183006535934 0.06405228758169922 0.06797385620915021 0.06339869281045739 0.06732026143790838 0.06666666666666654 0.06405228758169923
0.06274509803921555 0.06013071895424823 0.06535947712418289 0.059477124183006415 0.0640522875816992 0.06405228758169922 0.11699346405228736 0.06339869281045737 0.06405228758169922 0.06470588235294104 0.06405228758169922 0.06209150326797373 0.06274509803921555 0.062091503267973726 0.0640522875816992
0.0625 0.06666666666666667 0.0763888888888889 0.06944444444444445 0.06666666666666667 0.06597222222222222 0.06736111111111111 0.06597222222222222 0.06597222222222222 0.06458333333333334 0.06666666666666667 0.06666666666666667 0.06458333333333334 0.06666666666666667 0.06388888888888888
0.12549019607843112 0.062091503267973726 0.06209150326797373 0.06601307189542471 0.06209150326797373 0.061437908496731884 0.0614379084967319 0.06013071895424824 0.061437908496731884 0.0614379084967319 0.06339869281045737 0.06470588235294104 0.0640522875816992 0.06274509803921556 0.0614379084967319
0.20493827160493797 0.05740740740740729 0.05679012345679001 0.05617283950617273 0.058641975308641854 0.05679012345679002 0.05555555555555545 0.05617283950617273 0.05617283950617273 0.05679012345679001 0.05802469135802459 0.05617283950617273 0.05617283950617273 0.05617283950617273 0.05802469135802457
0.055555555555555546 0.06725146198830408 0.1122807017543859 0.0596491228070175 0.06491228070175435 0.06023391812865496 0.06374269005847952 0.058479532163742694 0.06783625730994153 0.059064327485380125 0.06023391812865496 0.06959064327485374 0.0666666666666666 0.06900584795321633 0.06549707602339176
0.06111111111111099 0.061728395061728274 0.08580246913580236 0.06419753086419742 0.07592592592592579 0.0641975308641974 0.06296296296296285 0.06234567901234556 0.06975308641975296 0.059876543209876426 0.07283950617283938 0.05925925925925914 0.06543209876543199 0.06851851851851841 0.06604938271604925
0.06209150326797373 0.06013071895424823 0.0790849673202613 0.06470588235294104 0.06666666666666651 0.06078431372549007 0.08169934640522857 0.06013071895424823 0.08692810457516326 0.0594771241830064 0.07058823529411748 0.06078431372549007 0.06078431372549007 0.06209150326797373 0.0640522875816992
0.06013071895424824 0.062091503267973726 0.06339869281045737 0.062091503267973726 0.06274509803921555 0.0660130718954247 0.08169934640522859 0.0633986928104574 0.08627450980392143 0.06601307189542471 0.07385620915032665 0.06405228758169923 0.06470588235294104 0.06209150326797371 0.061437908496731884
0.0625 0.06388888888888888 0.06388888888888888 0.09513888888888888 0.06388888888888888 0.06736111111111111 0.06458333333333334 0.0625 0.06527777777777778 0.06388888888888888 0.06388888888888888 0.06388888888888888 0.06319444444444444 0.07291666666666667 0.06319444444444444
0.06458333333333334 0.06736111111111111 0.06666666666666667 0.06319444444444444 0.06944444444444445 0.06527777777777778 0.07916666666666666 0.06458333333333334 0.06875 0.06527777777777778 0.06388888888888888 0.06666666666666667 0.06666666666666667 0.06458333333333334 0.06388888888888888
0.09135802469135788 0.058024691358024585 0.062345679012345556 0.06172839506172829 0.0604938271604937 0.10185185185185171 0.06358024691358014 0.06419753086419742 0.058641975308641854 0.061728395061728274 0.06419753086419742 0.06234567901234556 0.061728395061728274 0.06358024691358014 0.0641975308641974
0.0625 0.0625 0.06736111111111111 0.0625 0.10416666666666667 0.06458333333333334 0.0625 0.06319444444444444 0.07291666666666667 0.06319444444444444 0.0625 0.0625 0.06388888888888888 0.0625 0.06319444444444444
0.05617283950617273 0.05679012345679001 0.07407407407407392 0.05864197530864187 0.05679012345679002 0.05925925925925915 0.05617283950617273 0.05802469135802457 0.0728395061728394 0.05802469135802457 0.06419753086419741 0.10493827160493807 0.10864197530864185 0.058024691358024585 0.05740740740740729
0.05882352941176457 0.06470588235294103 0.06470588235294103 0.0594771241830064 0.06209150326797373 0.06470588235294107 0.06209150326797373 0.06209150326797371 0.062091503267973726 0.06274509803921555 0.062091503267973726 0.11633986928104549 0.06274509803921555 0.0594771241830064 0.07581699346405214
0.05882352941176457 0.0594771241830064 0.09934640522875797 0.0882352941176469 0.07647058823529397 0.0614379084967319 0.06078431372549007 0.06274509803921555 0.062091503267973726 0.06078431372549007 0.06013071895424824 0.05882352941176457 0.06078431372549007 0.06274509803921555 0.06732026143790835
0.06078431372549007 0.06666666666666653 0.06274509803921556 0.06470588235294104 0.06601307189542471 0.06535947712418287 0.10588235294117629 0.06013071895424824 0.06470588235294104 0.06078431372549007 0.06666666666666654 0.0614379084967319 0.06732026143790837 0.06078431372549007 0.0660130718954247
0.06666666666666667 0.07083333333333333 0.06736111111111111 0.06597222222222222 0.06388888888888888 0.06527777777777778 0.06666666666666667 0.06458333333333334 0.06597222222222222 0.06458333333333334 0.07013888888888889 0.06527777777777778 0.07013888888888889 0.06666666666666667 0.06597222222222222
0.05882352941176457 0.06013071895424823 0.10261437908496711 0.061437908496731884 0.09803921568627434 0.06078431372549007 0.0594771241830064 0.059477124183006415 0.0640522875816992 0.068627450980392 0.059477124183006415 0.0594771241830064 0.0594771241830064 0.06339869281045739 0.06470588235294103
0.06209150326797373 0.06535947712418287 0.10065359477124165 0.06339869281045737 0.0660130718954247 0.06274509803921555 0.062091503267973726 0.06601307189542471 0.0640522875816992 0.06209150326797371 0.06013071895424824 0.061437908496731884 0.0640522875816992 0.07058823529411751 0.06928104575163385
0.05555555555555545 0.06111111111111099 0.07098765432098753 0.07901234567901219 0.08086419753086406 0.07222222222222212 0.05987654320987644 0.06172839506172829 0.07407407407407395 0.05925925925925914 0.06358024691358014 0.05925925925925915 0.061111111111110984 0.061111111111111005 0.08024691358024681
0.06274509803921555 0.06535947712418287 0.06405228758169922 0.06535947712418287 0.06470588235294103 0.06666666666666654 0.0660130718954247 0.07581699346405214 0.06601307189542473 0.0679738562091502 0.06732026143790837 0.06078431372549007 0.06797385620915018 0.06339869281045737 0.07581699346405217
0.05497076023391812 0.05964912280701752 0.05730994152046782 0.05847953216374265 0.06257309941520466 0.06023391812865496 0.05730994152046784 0.12690058479532165 0.05847953216374267 0.05672514619883039 0.059649122807017514 0.05497076023391812 0.0631578947368421 0.055555555555555566 0.11403508771929816
0.0543859649122807 0.06491228070175437 0.06374269005847952 0.05614035087719296 0.05906432748538009 0.06257309941520463 0.056725146198830415 0.07192982456140358 0.0637426900584795 0.057309941520467825 0.05964912280701752 0.05730994152046782 0.0625730994152047 0.05614035087719298 0.15380116959064316
0.059876543209876426 0.06419753086419742 0.062345679012345556 0.07160493827160483 0.06049382716049371 0.0648148148148147 0.059876543209876426 0.06728395061728383 0.06111111111111099 0.06172839506172829 0.05987654320987642 0.05555555555555545 0.12222222222222204 0.061728395061728274 0.06728395061728382
0.06388888888888888 0.06597222222222222 0.06736111111111111 0.06736111111111111 0.06527777777777778 0.06666666666666667 0.06527777777777778 0.06736111111111111 0.06597222222222222 0.06458333333333334 0.06666666666666667 0.0625 0.06527777777777778 0.06319444444444444 0.08263888888888889
0.06209150326797373 0.06405228758169923 0.06797385620915018 0.06209150326797373 0.07189542483660118 0.06470588235294106 0.0640522875816992 0.07647058823529396 0.07189542483660115 0.06405228758169922 0.07124183006535934 0.0633986928104574 0.06732026143790837 0.06535947712418287 0.06339869281045739
0.0625 0.06319444444444444 0.06319444444444444 0.08958333333333333 0.07708333333333334 0.06527777777777778 0.06388888888888888 0.06597222222222222 0.06597222222222222 0.06319444444444444 0.0625 0.06319444444444444 0.06388888888888888 0.06388888888888888 0.06666666666666667
0.05882352941176457 0.060784313725490056 0.05882352941176457 0.09477124183006518 0.0594771241830064 0.0614379084967319 0.06078431372549007 0.07450980392156846 0.06078431372549007 0.05882352941176457 0.062091503267973726 0.07450980392156849 0.05882352941176457 0.06013071895424824 0.095424836601307
0.06013071895424824 0.0594771241830064 0.0660130718954247 0.10653594771241812 0.06339869281045737 0.0660130718954247 0.06078431372549007 0.06274509803921556 0.06797385620915018 0.06013071895424823 0.06405228758169922 0.06339869281045737 0.06339869281045739 0.0640522875816992 0.07189542483660118
0.056725146198830394 0.057309941520467825 0.0666666666666666 0.09298245614035093 0.05847953216374265 0.06725146198830408 0.07251461988304084 0.05614035087719298 0.09298245614035096 0.05847953216374267 0.0596491228070175 0.05438596491228071 0.08304093567251467 0.061403508771929786 0.06198830409356722
0.06388888888888888 0.06319444444444444 0.06666666666666667 0.06388888888888888 0.06388888888888888 0.0625 0.0625 0.0625 0.06666666666666667 0.0625 0.06388888888888888 0.06319444444444444 0.1076388888888889 0.0625 0.06458333333333334
0.05882352941176457 0.059477124183006415 0.06601307189542471 0.060784313725490056 0.06209150326797373 0.06274509803921555 0.06274509803921556 0.0640522875816992 0.06535947712418289 0.06078431372549007 0.06013071895424824 0.062091503267973726 0.12091503267973835 0.06274509803921555 0.07124183006535934
0.06209150326797373 0.06078431372549007 0.06405228758169923 0.06535947712418287 0.06405228758169922 0.06470588235294103 0.06274509803921555 0.06274509803921555 0.06732026143790835 0.0594771241830064 0.06666666666666654 0.06274509803921555 0.062091503267973726 0.11241830065359462 0.06274509803921556
0.05882352941176457 0.06013071895424824 0.061437908496731884 0.0614379084967319 0.06078431372549007 0.06013071895424823 0.12810457516339852 0.061437908496731884 0.06666666666666655 0.06274509803921555 0.07254901960784296 0.0614379084967319 0.06274509803921555 0.062091503267973726 0.0594771241830064
0.05617283950617273 0.05679012345679002 0.061111111111111005 0.059876543209876426 0.05679012345679002 0.05679012345679001 0.058641975308641854 0.0574074074074073 0.06604938271604925 0.05679012345679001 0.05740740740740729 0.05679012345679001 0.05925925925925915 0.18086419753086388 0.05925925925925915
0.05882352941176457 0.11045751633986907 0.05882352941176457 0.0594771241830064 0.06013071895424824 0.05882352941176457 0.05882352941176457 0.08954248366013055 0.06013071895424824 0.06013071895424824 0.059477124183006415 0.05882352941176457 0.05882352941176457 0.060784313725490056 0.08692810457516321
0.06274509803921556 0.09215686274509786 0.06274509803921556 0.06470588235294106 0.06928104575163384 0.062091503267973726 0.07385620915032665 0.06339869281045737 0.061437908496731905 0.06274509803921555 0.06601307189542471 0.06666666666666653 0.06470588235294104 0.0633986928104574 0.0640522875816992
0.059477124183006415 0.062091503267973726 0.06339869281045737 0.09281045751633969 0.06535947712418287 0.060784313725490056 0.06013071895424823 0.0594771241830064 0.06666666666666651 0.061437908496731884 0.062091503267973726 0.06013071895424824 0.0980392156862743 0.06666666666666653 0.0614379084967319
0.05617283950617273 0.05925925925925915 0.05925925925925914 0.05802469135802457 0.06049382716049372 0.06234567901234556 0.05925925925925915 0.08271604938271596 0.05740740740740729 0.10802469135802449 0.05864197530864187 0.058641975308641854 0.059876543209876426 0.05617283950617273 0.10370370370370355
0.06458333333333334 0.06458333333333334 0.0763888888888889 0.06458333333333334 0.06875 0.06458333333333334 0.06527777777777778 0.06527777777777778 0.06944444444444445 0.06527777777777778 0.06736111111111111 0.06388888888888888 0.06666666666666667 0.06597222222222222 0.06736111111111111
0.05497076023391813 0.05789473684210522 0.06140350877192979 0.07368421052631578 0.13333333333333328 0.05789473684210524 0.06549707602339173 0.06198830409356722 0.0660818713450292 0.07251461988304088 0.060233918128654966 0.055555555555555546 0.058479532163742645 0.059649122807017535 0.060818713450292376
0.05617283950617273 0.06296296296296283 0.06543209876543198 0.05925925925925915 0.06358024691358014 0.1172839506172838 0.06234567901234558 0.05802469135802457 0.06296296296296283 0.061111111111110984 0.07654320987654309 0.06234567901234556 0.06666666666666655 0.06049382716049372 0.06481481481481469
0.05672514619883039 0.05614035087719296 0.08421052631578942 0.061403508771929786 0.06842105263157897 0.10350877192982452 0.09064327485380118 0.05555555555555555 0.05789473684210524 0.05847953216374267 0.07251461988304088 0.056725146198830394 0.0596491228070175 0.0590643274853801 0.05906432748538011
0.05740740740740729 0.06049382716049371 0.0679012345679011 0.05987654320987645 0.06851851851851838 0.06790123456790112 0.06358024691358012 0.06604938271604927 0.06172839506172829 0.09691358024691342 0.0641975308641974 0.058641975308641875 0.07407407407407395 0.06234567901234558 0.07037037037037026
0.05438596491228069 0.054970760233918115 0.1263157894736841 0.061403508771929786 0.09005847953216374 0.05555555555555554 0.08713450292397663 0.05555555555555554 0.06023391812865497 0.05730994152046782 0.06491228070175438 0.05438596491228071 0.05614035087719298 0.059649122807017514 0.06198830409356721
0.09738562091503249 0.062091503267973726 0.06274509803921555 0.0594771241830064 0.09869281045751618 0.06666666666666653 0.059477124183006415 0.06013071895424824 0.06732026143790834 0.06209150326797373 0.0614379084967319 0.059477124183006415 0.060784313725490056 0.06013071895424824 0.062091503267973726
0.06527777777777778 0.06736111111111111 0.06666666666666667 0.06736111111111111 0.06805555555555555 0.06875 0.06875 0.06319444444444444 0.06597222222222222 0.06736111111111111 0.06736111111111111 0.06666666666666667 0.06666666666666667 0.06597222222222222 0.06458333333333334
0.0614379084967319 0.06013071895424824 0.08169934640522859 0.06339869281045737 0.06274509803921555 0.06013071895424823 0.06274509803921555 0.06078431372549007 0.0705882352941175 0.061437908496731905 0.06209150326797373 0.09738562091503249 0.06013071895424824 0.072549019607843 0.06274509803921556
0.055555555555555546 0.1146198830409356 0.056725146198830394 0.08830409356725151 0.05555555555555557 0.0567251461988304 0.05614035087719297 0.08479532163742681 0.05730994152046782 0.05847953216374269 0.056725146198830415 0.056725146198830415 0.05789473684210523 0.0701754385964912 0.07426900584795329
0.06078431372549007 0.06078431372549007 0.0640522875816992 0.062091503267973726 0.06078431372549007 0.0614379084967319 0.06209150326797371 0.0594771241830064 0.0614379084967319 0.0751633986928103 0.0614379084967319 0.061437908496731905 0.10522875816993446 0.08235294117647043 0.0614379084967319
0.05925925925925915 0.06358024691358012 0.06481481481481469 0.062345679012345556 0.07345679012345664 0.07407407407407396 0.06296296296296285 0.06296296296296285 0.06913580246913567 0.06604938271604927 0.0641975308641974 0.058024691358024585 0.06604938271604927 0.06296296296296286 0.09012345679012333
0.06013071895424823 0.061437908496731884 0.06274509803921555 0.06339869281045739 0.08039215686274495 0.06013071895424823 0.06013071895424823 0.06470588235294103 0.06862745098039201 0.06470588235294103 0.06078431372549008 0.0594771241830064 0.10915032679738541 0.06013071895424823 0.0640522875816992
0.05321637426900586 0.05555555555555555 0.09766081871345032 0.09181286549707604 0.05730994152046782 0.05672514619883037 0.07719298245614038 0.053801169590643266 0.08421052631578943 0.05847953216374267 0.07309941520467832 0.05497076023391812 0.06198830409356721 0.06432748538011697 0.05964912280701752
