0.05555555555555545 0.05617283950617273 0.05864197530864187 0.058641975308641854 0.05617283950617273 0.05617283950617273 0.05555555555555545 0.05555555555555545 0.05555555555555545 0.05617283950617273 0.05617283950617273 0.05555555555555545 0.21296296296296258 0.05555555555555545 0.05555555555555545
0.06339869281045737 0.06078431372549007 0.06535947712418287 0.09346405228758156 0.0614379084967319 0.07124183006535934 0.0594771241830064 0.07058823529411752 0.08104575163398677 0.06209150326797371 0.05882352941176457 0.06339869281045739 0.06339869281045737 0.062091503267973726 0.0633986928104574
0.07516339869281032 0.06274509803921555 0.11960784313725466 0.06013071895424823 0.06013071895424824 0.06013071895424823 0.0594771241830064 0.0614379084967319 0.07777777777777763 0.06209150326797373 0.0614379084967319 0.06013071895424824 0.060784313725490056 0.059477124183006415 0.0594771241830064
0.06274509803921556 0.0594771241830064 0.059477124183006415 0.06862745098039204 0.0614379084967319 0.0640522875816992 0.06013071895424823 0.06470588235294104 0.06339869281045739 0.07712418300653581 0.059477124183006415 0.05882352941176457 0.12091503267973835 0.05882352941176457 0.060784313725490056
0.11166666666666658 0.05555555555555547 0.055555555555555476 0.052222222222222135 0.09944444444444436 0.052222222222222135 0.055555555555555476 0.053333333333333253 0.058888888888888796 0.058333333333333244 0.052222222222222135 0.058333333333333244 0.12944444444444442 0.0527777777777777 0.05444444444444436
0.07407407407407395 0.059876543209876426 0.10555555555555537 0.06358024691358012 0.08395061728395047 0.05740740740740729 0.05802469135802457 0.05925925925925916 0.0679012345679011 0.06111111111111099 0.06851851851851842 0.05987654320987644 0.058641975308641854 0.06234567901234558 0.059876543209876426
0.05661375661375652 0.04814814814814808 0.05026455026455019 0.050793650793650724 0.23492063492063456 0.06984126984126975 0.05026455026455019 0.0539682539682539 0.07619047619047611 0.05449735449735444 0.048677248677248604 0.05132275132275125 0.051322751322751256 0.048677248677248604 0.05449735449735441
0.07361111111111111 0.06458333333333334 0.06805555555555555 0.06944444444444445 0.06388888888888888 0.06527777777777778 0.06319444444444444 0.06458333333333334 0.07222222222222222 0.06666666666666667 0.06319444444444444 0.06458333333333334 0.06736111111111111 0.06527777777777778 0.06805555555555555
0.05555555555555548 0.05026455026455019 0.052910052910052824 0.053968253968253894 0.050264550264550185 0.051322751322751256 0.050264550264550185 0.050264550264550185 0.0910052910052909 0.051851851851851774 0.04973544973544967 0.05026455026455019 0.24074074074074037 0.05026455026455019 0.051322751322751256
0.06913580246913567 0.05925925925925915 0.06049382716049371 0.06790123456790112 0.06666666666666655 0.09938271604938254 0.061111111111110984 0.061728395061728274 0.08148148148148136 0.06296296296296286 0.06296296296296285 0.061111111111111005 0.06419753086419742 0.06049382716049372 0.06111111111111099
0.0728395061728394 0.05925925925925914 0.06296296296296286 0.0648148148148147 0.10061728395061713 0.06172839506172827 0.061111111111111005 0.06358024691358014 0.06604938271604925 0.06666666666666654 0.06296296296296285 0.06172839506172829 0.07345679012345668 0.0604938271604937 0.061728395061728274
0.07098765432098753 0.061111111111111005 0.062345679012345556 0.06604938271604927 0.06666666666666655 0.07407407407407395 0.058641975308641854 0.06172839506172829 0.061111111111111005 0.06728395061728384 0.05740740740740729 0.06296296296296285 0.11543209876543191 0.05617283950617273 0.058024691358024585
0.09206349206349197 0.05026455026455019 0.05291005291005284 0.0619047619047618 0.050793650793650724 0.0629629629629629 0.04920634920634914 0.05079365079365073 0.14867724867724852 0.052380952380952306 0.052380952380952306 0.0539682539682539 0.11322751322751312 0.05026455026455019 0.058201058201058115
0.08187134502923972 0.057309941520467825 0.06257309941520464 0.06666666666666665 0.09473684210526319 0.059649122807017514 0.059649122807017514 0.06198830409356724 0.07017543859649117 0.07602339181286549 0.05614035087719298 0.057309941520467825 0.0777777777777778 0.05555555555555555 0.06257309941520466
0.06388888888888888 0.06736111111111111 0.0625 0.06388888888888888 0.06319444444444444 0.08263888888888889 0.06458333333333334 0.06944444444444445 0.06458333333333334 0.08402777777777778 0.06319444444444444 0.0625 0.0625 0.06319444444444444 0.0625
0.05882352941176457 0.05882352941176457 0.05882352941176457 0.0594771241830064 0.05882352941176457 0.05882352941176457 0.07712418300653578 0.05882352941176457 0.05882352941176457 0.05882352941176457 0.15751633986928082 0.05882352941176457 0.05882352941176457 0.05882352941176457 0.05882352941176457
0.11620370370370368 0.045370370370370325 0.048148148148148114 0.044907407407407354 0.09583333333333331 0.049537037037037004 0.0763888888888889 0.09351851851851846 0.04537037037037032 0.049074074074074055 0.09907407407407405 0.09027777777777776 0.04629629629629624 0.05555555555555555 0.044444444444444384
0.05730994152046784 0.06725146198830408 0.05847953216374269 0.0660818713450292 0.06959064327485377 0.08596491228070163 0.07894736842105257 0.05614035087719297 0.06257309941520467 0.06257309941520464 0.0614035087719298 0.10701754385964908 0.054970760233918115 0.05555555555555557 0.05614035087719298
0.05882352941176457 0.05882352941176457 0.06013071895424823 0.05882352941176457 0.05882352941176457 0.05882352941176457 0.08169934640522859 0.05882352941176457 0.05882352941176457 0.05882352941176457 0.1503267973856207 0.059477124183006415 0.059477124183006415 0.059477124183006415 0.05882352941176457
0.05679012345679001 0.05555555555555545 0.08395061728395048 0.05555555555555545 0.05679012345679001 0.05617283950617273 0.05679012345679001 0.05555555555555545 0.05555555555555545 0.05555555555555545 0.09135802469135786 0.11234567901234546 0.06172839506172829 0.08888888888888877 0.05740740740740729
0.06470588235294104 0.0633986928104574 0.0614379084967319 0.07189542483660116 0.06405228758169922 0.06862745098039202 0.0594771241830064 0.06078431372549007 0.12026143790849655 0.0614379084967319 0.0594771241830064 0.05882352941176457 0.06078431372549007 0.0594771241830064 0.06535947712418287
0.076111111111111 0.05499999999999991 0.05222222222222214 0.062222222222222116 0.05611111111111102 0.05944444444444436 0.05833333333333325 0.0538888888888888 0.15722222222222218 0.06444444444444439 0.05111111111111103 0.053888888888888806 0.0927777777777777 0.0538888888888888 0.05333333333333324
0.06388888888888888 0.06319444444444444 0.06319444444444444 0.0625 0.0625 0.06319444444444444 0.0625 0.06319444444444444 0.0625 0.06458333333333334 0.0625 0.0625 0.11875 0.0625 0.0625
0.06388888888888888 0.0625 0.06319444444444444 0.06388888888888888 0.06319444444444444 0.06319444444444444 0.0625 0.0625 0.0625 0.0625 0.0625 0.0625 0.12013888888888889 0.0625 0.0625
0.07083333333333333 0.07430555555555556 0.06527777777777778 0.06875 0.06388888888888888 0.07291666666666667 0.06458333333333334 0.06458333333333334 0.06736111111111111 0.06527777777777778 0.06388888888888888 0.06319444444444444 0.06597222222222222 0.06319444444444444 0.06597222222222222
0.0625 0.0625 0.0625 0.06319444444444444 0.0625 0.0625 0.06319444444444444 0.0625 0.0625 0.0625 0.0625 0.0625 0.0625 0.12361111111111112 0.0625
0.061437908496731905 0.06732026143790838 0.061437908496731905 0.0640522875816992 0.12026143790849649 0.0640522875816992 0.06405228758169922 0.06274509803921555 0.06470588235294104 0.060784313725490056 0.05882352941176457 0.059477124183006415 0.06601307189542471 0.06209150326797371 0.06274509803921555
0.061728395061728294 0.06234567901234556 0.06728395061728384 0.0753086419753085 0.10864197530864178 0.06419753086419741 0.05679012345679002 0.05925925925925916 0.058641975308641854 0.05925925925925914 0.05925925925925915 0.08024691358024677 0.06111111111111099 0.06111111111111099 0.06481481481481469
0.09236111111111112 0.0625 0.06666666666666667 0.06388888888888888 0.06527777777777778 0.06319444444444444 0.06388888888888888 0.06736111111111111 0.06388888888888888 0.06319444444444444 0.06388888888888888 0.06458333333333334 0.07152777777777777 0.06319444444444444 0.06458333333333334
0.0728395061728394 0.06234567901234558 0.06296296296296286 0.06728395061728383 0.09876543209876527 0.06419753086419741 0.061728395061728274 0.05987654320987644 0.0641975308641974 0.07654320987654306 0.058641975308641854 0.06296296296296285 0.06481481481481469 0.06049382716049371 0.06234567901234558
0.05740740740740729 0.058641975308641875 0.05802469135802457 0.059876543209876426 0.059876543209876426 0.16111111111111084 0.05925925925925914 0.058024691358024585 0.06790123456790112 0.058641975308641854 0.05925925925925914 0.058024691358024585 0.0574074074074073 0.06728395061728383 0.05925925925925915
0.0625 0.06458333333333334 0.06388888888888888 0.0625 0.11944444444444445 0.0625 0.0625 0.0625 0.0625 0.06388888888888888 0.0625 0.0625 0.06319444444444444 0.0625 0.0625
0.06458333333333334 0.06944444444444445 0.06527777777777778 0.06527777777777778 0.07708333333333334 0.07083333333333333 0.06527777777777778 0.06736111111111111 0.06666666666666667 0.06527777777777778 0.06319444444444444 0.06388888888888888 0.06527777777777778 0.06388888888888888 0.06666666666666667
0.058333333333333244 0.05055555555555547 0.0927777777777777 0.05944444444444435 0.13833333333333342 0.04999999999999991 0.05444444444444436 0.07722222222222214 0.05722222222222214 0.05333333333333324 0.05166666666666657 0.05166666666666658 0.08611111111111099 0.053333333333333253 0.06555555555555545
0.1751633986928102 0.05882352941176457 0.05882352941176457 0.05882352941176457 0.05882352941176457 0.06013071895424823 0.05882352941176457 0.05882352941176457 0.05882352941176457 0.05882352941176457 0.05882352941176457 0.05882352941176457 0.05882352941176457 0.05882352941176457 0.05882352941176457
0.1313725490196076 0.06078431372549007 0.06013071895424823 0.07908496732026128 0.0594771241830064 0.06078431372549007 0.059477124183006415 0.06013071895424823 0.0614379084967319 0.0614379084967319 0.060784313725490056 0.062091503267973726 0.062091503267973726 0.0614379084967319 0.059477124183006415
0.05882352941176457 0.0614379084967319 0.059477124183006415 0.0640522875816992 0.06209150326797373 0.09738562091503253 0.06339869281045737 0.07189542483660118 0.07320261437908482 0.06862745098039202 0.06797385620915018 0.06274509803921556 0.06274509803921555 0.05882352941176457 0.06732026143790837
0.0625 0.0625 0.0625 0.06319444444444444 0.06319444444444444 0.0625 0.0625 0.06319444444444444 0.0625 0.0625 0.0625 0.0625 0.0625 0.0625 0.12291666666666666
0.048989898989899 0.04646464646464645 0.06767676767676771 0.053030303030303066 0.046464646464646445 0.045454545454545435 0.045454545454545435 0.05151515151515155 0.04696969696969696 0.2520202020202022 0.045454545454545435 0.045454545454545435 0.096969696969697 0.061111111111111144 0.04696969696969695
0.058024691358024585 0.05802469135802457 0.061111111111111005 0.06481481481481469 0.05864197530864187 0.11296296296296274 0.058641975308641854 0.10370370370370353 0.06296296296296285 0.07345679012345666 0.05617283950617273 0.0574074074074073 0.0574074074074073 0.058641975308641854 0.05802469135802457
0.058585858585858616 0.051010101010101026 0.0494949494949495 0.06818181818181825 0.04696969696969695 0.11969696969696975 0.047474747474747475 0.05101010101010102 0.0752525252525253 0.05353535353535354 0.061111111111111144 0.06616161616161613 0.14444444444444454 0.04949494949494951 0.05757575757575762
0.053888888888888806 0.05611111111111103 0.05166666666666658 0.07277777777777777 0.05944444444444436 0.056666666666666615 0.06444444444444436 0.053333333333333253 0.10055555555555562 0.053333333333333253 0.05055555555555547 0.05277777777777769 0.16499999999999995 0.052222222222222135 0.05722222222222212
0.0594771241830064 0.0594771241830064 0.05882352941176457 0.06013071895424824 0.0614379084967319 0.1431372549019606 0.0594771241830064 0.05882352941176457 0.06013071895424823 0.0594771241830064 0.0660130718954247 0.07516339869281029 0.06013071895424824 0.05882352941176457 0.0594771241830064
0.06319444444444444 0.06319444444444444 0.06319444444444444 0.06458333333333334 0.06319444444444444 0.06388888888888888 0.06319444444444444 0.06388888888888888 0.06458333333333334 0.06597222222222222 0.06388888888888888 0.0625 0.10902777777777778 0.0625 0.06319444444444444
0.05925925925925915 0.05740740740740729 0.059876543209876426 0.061111111111111005 0.061111111111111005 0.14259259259259244 0.05740740740740729 0.058641975308641854 0.06172839506172829 0.06604938271604928 0.06172839506172827 0.07530864197530852 0.05802469135802457 0.05925925925925916 0.06049382716049372
0.230917874396135 0.047826086956521824 0.04782608695652181 0.05120772946859911 0.04492753623188414 0.067632850241546 0.05362318840579718 0.04830917874396144 0.1289855072463768 0.04637681159420297 0.04492753623188413 0.0473429951690822 0.04927536231884068 0.04492753623188414 0.04589371980676335
0.1105555555555555 0.0527777777777777 0.05444444444444434 0.06388888888888881 0.053333333333333253 0.06333333333333324 0.0538888888888888 0.1622222222222223 0.05611111111111101 0.05944444444444435 0.055555555555555476 0.05166666666666658 0.05555555555555547 0.0538888888888888 0.053333333333333253
0.053030303030303025 0.09343434343434343 0.047474747474747454 0.06262626262626268 0.04747474747474746 0.06464646464646469 0.04797979797979798 0.054545454545454564 0.05151515151515152 0.08131313131313138 0.04747474747474746 0.05050505050505052 0.057070707070707126 0.04797979797979798 0.1929292929292928
0.05882352941176457 0.16666666666666644 0.05882352941176457 0.05882352941176457 0.05882352941176457 0.06078431372549007 0.05882352941176457 0.05882352941176457 0.06601307189542469 0.05882352941176457 0.05882352941176457 0.05882352941176457 0.0594771241830064 0.05882352941176457 0.05882352941176457
0.06274509803921555 0.06274509803921556 0.06339869281045737 0.06339869281045737 0.11699346405228735 0.06274509803921556 0.060784313725490056 0.062091503267973726 0.06274509803921555 0.07450980392156849 0.059477124183006415 0.06078431372549007 0.06470588235294104 0.062091503267973726 0.06078431372549008
0.07569444444444444 0.06458333333333334 0.06388888888888888 0.06319444444444444 0.07708333333333334 0.06875 0.06388888888888888 0.06388888888888888 0.06736111111111111 0.07361111111111111 0.0625 0.06388888888888888 0.06458333333333334 0.0625 0.06458333333333334
0.05617283950617273 0.05555555555555545 0.05617283950617273 0.05617283950617273 0.12901234567901224 0.05555555555555545 0.05617283950617273 0.05802469135802457 0.13888888888888862 0.05679012345679001 0.05617283950617273 0.05740740740740729 0.05617283950617273 0.05555555555555545 0.05617283950617273
0.06577777777777782 0.06844444444444449 0.04355555555555559 0.046222222222222255 0.17777777777777756 0.04400000000000003 0.044444444444444474 0.05644444444444448 0.10533333333333336 0.047111111111111145 0.04311111111111114 0.04355555555555558 0.12888888888888883 0.04222222222222225 0.04311111111111114
0.0640522875816992 0.06666666666666653 0.06928104575163387 0.06535947712418287 0.062091503267973726 0.06535947712418287 0.06862745098039202 0.07189542483660116 0.06732026143790834 0.07973856209150312 0.06339869281045739 0.0679738562091502 0.06601307189542471 0.06078431372549007 0.0614379084967319
0.061111111111111005 0.05802469135802457 0.1462962962962961 0.06358024691358014 0.06172839506172829 0.06111111111111099 0.06358024691358012 0.061111111111111005 0.061111111111111005 0.05864197530864187 0.0604938271604937 0.06913580246913567 0.05617283950617273 0.058641975308641854 0.05925925925925915
0.052631578947368425 0.075438596491228 0.22046783625731 0.052631578947368425 0.052631578947368425 0.052631578947368425 0.05321637426900585 0.05321637426900584 0.052631578947368425 0.052631578947368425 0.05614035087719297 0.052631578947368425 0.05789473684210523 0.06257309941520463 0.052631578947368425
0.16928104575163375 0.05882352941176457 0.0594771241830064 0.061437908496731884 0.05882352941176457 0.05882352941176457 0.05882352941176457 0.06013071895424823 0.05882352941176457 0.0594771241830064 0.05882352941176457 0.05882352941176457 0.0594771241830064 0.0594771241830064 0.0594771241830064
0.06257309941520467 0.05321637426900586 0.057309941520467804 0.05380116959064327 0.17192982456140357 0.0543859649122807 0.08479532163742691 0.05847953216374267 0.052631578947368425 0.05321637426900585 0.07660818713450294 0.0543859649122807 0.05906432748538011 0.05321637426900584 0.0543859649122807
0.05291005291005283 0.048677248677248604 0.09841269841269838 0.11693121693121683 0.04973544973544967 0.05079365079365073 0.05132275132275125 0.05132275132275125 0.051851851851851774 0.05343915343915337 0.10052910052910038 0.07566137566137567 0.09682539682539672 0.04973544973544966 0.051851851851851774
0.053888888888888806 0.05611111111111103 0.10888888888888898 0.05777777777777769 0.05499999999999991 0.06055555555555546 0.10888888888888876 0.05722222222222214 0.07111111111111104 0.0638888888888888 0.056666666666666574 0.07222222222222216 0.06722222222222216 0.053333333333333253 0.057222222222222126
0.0625 0.0625 0.0625 0.0625 0.0625 0.0625 0.0625 0.0625 0.0625 0.0625 0.0625 0.06319444444444444 0.0625 0.0625 0.12430555555555556
0.06274509803921555 0.06209150326797373 0.0640522875816992 0.06339869281045737 0.06601307189542469 0.06732026143790835 0.06470588235294103 0.09411764705882339 0.0614379084967319 0.08431372549019593 0.0614379084967319 0.0614379084967319 0.06274509803921556 0.062091503267973726 0.062091503267973726
0.06535947712418286 0.06535947712418287 0.06274509803921556 0.1143790849673201 0.0640522875816992 0.06405228758169922 0.06470588235294104 0.06078431372549007 0.06274509803921555 0.06470588235294104 0.059477124183006415 0.06209150326797373 0.06666666666666654 0.06013071895424823 0.06274509803921555
0.06597222222222222 0.0625 0.06319444444444444 0.06666666666666667 0.06319444444444444 0.06319444444444444 0.0625 0.0625 0.1111111111111111 0.06388888888888888 0.0625 0.0625 0.06319444444444444 0.0625 0.06458333333333334
0.05611111111111102 0.06166666666666656 0.06444444444444436 0.13611111111111113 0.05777777777777768 0.0627777777777777 0.053888888888888806 0.11333333333333333 0.054999999999999924 0.06888888888888879 0.05222222222222213 0.056666666666666594 0.0549999999999999 0.05222222222222213 0.053888888888888806
0.05438596491228071 0.05438596491228071 0.05614035087719297 0.05438596491228071 0.052631578947368425 0.06432748538011694 0.05555555555555555 0.05321637426900585 0.05497076023391812 0.05614035087719296 0.053801169590643266 0.1777777777777776 0.05614035087719296 0.05321637426900584 0.1029239766081871
0.07083333333333333 0.06666666666666667 0.06805555555555555 0.06527777777777778 0.07361111111111111 0.06388888888888888 0.06319444444444444 0.06527777777777778 0.06527777777777778 0.06597222222222222 0.06388888888888888 0.07013888888888889 0.06527777777777778 0.06527777777777778 0.06736111111111111
0.04973544973544967 0.11269841269841258 0.11534391534391528 0.04761904761904755 0.04761904761904755 0.04973544973544967 0.05026455026455019 0.05714285714285708 0.048677248677248604 0.050264550264550185 0.04761904761904755 0.13756613756613745 0.05291005291005284 0.06613756613756605 0.06666666666666664
0.05617283950617273 0.05740740740740729 0.05617283950617273 0.05679012345679001 0.10802469135802449 0.05925925925925914 0.05740740740740729 0.05617283950617273 0.05679012345679001 0.05925925925925915 0.08395061728395047 0.11358024691358008 0.05617283950617273 0.05740740740740729 0.06543209876543196
0.0527777777777777 0.052222222222222135 0.05222222222222214 0.05333333333333324 0.05444444444444436 0.18277777777777773 0.052222222222222135 0.05333333333333324 0.05277777777777769 0.0538888888888888 0.07499999999999987 0.10333333333333326 0.053333333333333253 0.05111111111111102 0.05722222222222215
0.09494949494949498 0.0823232323232324 0.09747474747474755 0.05101010101010102 0.054545454545454564 0.04949494949494949 0.04848484848484848 0.11919191919191936 0.05 0.04747474747474746 0.04696969696969695 0.06515151515151528 0.04646464646464645 0.047474747474747475 0.09898989898989904
0.07944444444444433 0.09888888888888873 0.07555555555555543 0.05166666666666658 0.10499999999999993 0.04999999999999991 0.050555555555555465 0.10222222222222206 0.05166666666666657 0.05333333333333324 0.05166666666666658 0.052222222222222135 0.05666666666666658 0.06999999999999991 0.05111111111111103
0.06319444444444444 0.0625 0.06319444444444444 0.0625 0.0625 0.06527777777777778 0.06458333333333334 0.0625 0.06388888888888888 0.06319444444444444 0.10416666666666667 0.07361111111111111 0.06319444444444444 0.0625 0.06319444444444444
0.09691358024691342 0.05555555555555545 0.06543209876543198 0.05679012345679001 0.05617283950617273 0.05617283950617273 0.05679012345679001 0.05617283950617273 0.05555555555555545 0.05617283950617273 0.05555555555555545 0.05617283950617273 0.05679012345679001 0.1641975308641973 0.05555555555555545
0.05740740740740729 0.09135802469135786 0.08024691358024678 0.05864197530864187 0.05617283950617273 0.05679012345679002 0.05617283950617273 0.05617283950617273 0.05617283950617273 0.05679012345679001 0.05679012345679001 0.05617283950617273 0.12283950617283933 0.08209876543209865 0.05617283950617273
0.10499999999999995 0.050555555555555465 0.10499999999999987 0.0549999999999999 0.05055555555555547 0.07666666666666654 0.07222222222222212 0.052222222222222135 0.08444444444444435 0.05444444444444436 0.07944444444444433 0.05166666666666659 0.058888888888888796 0.05166666666666658 0.052222222222222135
0.05380116959064329 0.05380116959064327 0.05321637426900584 0.05321637426900584 0.05321637426900585 0.05730994152046784 0.05321637426900584 0.05614035087719296 0.0543859649122807 0.05321637426900584 0.08654970760233917 0.15789473684210512 0.052631578947368425 0.053801169590643266 0.10760233918128649
0.05882352941176457 0.059477124183006415 0.05882352941176457 0.0594771241830064 0.05882352941176457 0.05882352941176457 0.05882352941176457 0.17189542483660106 0.05882352941176457 0.05882352941176457 0.0594771241830064 0.059477124183006415 0.0594771241830064 0.0594771241830064 0.059477124183006415
0.04830917874396143 0.046859903381642594 0.10096618357487933 0.12898550724637675 0.04927536231884067 0.046859903381642594 0.08260869565217399 0.09420289855072475 0.04637681159420297 0.045410628019323745 0.06666666666666675 0.04830917874396144 0.08985507246376821 0.05845410628019334 0.046859903381642594
0.059477124183006415 0.05882352941176457 0.05882352941176457 0.05882352941176457 0.05882352941176457 0.06274509803921556 0.06013071895424824 0.059477124183006415 0.0594771241830064 0.05882352941176457 0.10196078431372528 0.11241830065359455 0.0594771241830064 0.07189542483660116 0.05882352941176457
0.1017543859649123 0.12397660818713442 0.06608187134502927 0.0567251461988304 0.0543859649122807 0.05380116959064327 0.052631578947368425 0.052631578947368425 0.052631578947368425 0.053801169590643266 0.05555555555555555 0.10292397660818708 0.05321637426900585 0.05380116959064329 0.06608187134502927
0.053801169590643266 0.053801169590643266 0.05380116959064327 0.05438596491228069 0.05321637426900584 0.05321637426900586 0.05321637426900585 0.052631578947368425 0.052631578947368425 0.052631578947368425 0.08771929824561411 0.054970760233918115 0.09181286549707608 0.05438596491228069 0.17777777777777753
0.11785714285714287 0.04007936507936504 0.06031746031746026 0.06428571428571424 0.04166666666666665 0.0575396825396825 0.04246031746031744 0.04325396825396823 0.04047619047619046 0.046825396825396805 0.08769841269841257 0.05555555555555552 0.13928571428571426 0.051984126984126945 0.11071428571428572
0.05925925925925915 0.05864197530864187 0.0604938271604937 0.1216049382716048 0.05740740740740729 0.07530864197530857 0.06049382716049371 0.06049382716049372 0.05555555555555545 0.05740740740740729 0.05864197530864187 0.09876543209876532 0.058641975308641854 0.05925925925925915 0.058024691358024585
0.05925925925925915 0.061728395061728274 0.05864197530864187 0.07098765432098755 0.06358024691358014 0.06604938271604925 0.062345679012345556 0.059876543209876426 0.10185185185185171 0.062345679012345556 0.05864197530864187 0.06234567901234556 0.0956790123456789 0.05802469135802457 0.05864197530864187
0.06470588235294103 0.0594771241830064 0.06405228758169922 0.062091503267973726 0.06078431372549007 0.06013071895424824 0.06274509803921557 0.05882352941176457 0.0660130718954247 0.06470588235294104 0.126143790849673 0.0614379084967319 0.06470588235294106 0.061437908496731884 0.06274509803921555
0.056666666666666574 0.05111111111111103 0.053333333333333253 0.0538888888888888 0.06222222222222216 0.05111111111111102 0.05166666666666658 0.04999999999999991 0.08499999999999987 0.09055555555555544 0.14666666666666678 0.05111111111111103 0.09388888888888884 0.05111111111111103 0.05166666666666658
0.0625 0.0625 0.0625 0.09375 0.0625 0.07430555555555556 0.06319444444444444 0.0625 0.0625 0.06319444444444444 0.0625 0.0798611111111111 0.0625 0.0625 0.06319444444444444
0.06521739130434791 0.04879227053140103 0.046376811594202975 0.08164251207729477 0.04541062801932375 0.05942028985507255 0.055555555555555636 0.06328502415458946 0.04975845410628028 0.13140096618357486 0.047342995169082205 0.06618357487922714 0.14057971014492757 0.046859903381642594 0.052173913043478334
0.05679012345679001 0.05617283950617273 0.05802469135802457 0.08395061728395047 0.06358024691358012 0.06604938271604925 0.05555555555555545 0.05617283950617273 0.05617283950617273 0.05802469135802457 0.07654320987654309 0.07160493827160483 0.12962962962962948 0.05555555555555545 0.05617283950617273
0.05882352941176457 0.05882352941176457 0.05882352941176457 0.05882352941176457 0.06601307189542469 0.059477124183006415 0.06078431372549007 0.05882352941176457 0.05882352941176457 0.0594771241830064 0.06013071895424823 0.05882352941176457 0.16405228758169912 0.05882352941176457 0.059477124183006415
0.07283950617283938 0.05925925925925915 0.05864197530864187 0.061111111111111005 0.05740740740740729 0.05679012345679001 0.059876543209876426 0.08888888888888877 0.05864197530864187 0.14074074074074053 0.05555555555555545 0.05802469135802457 0.05555555555555545 0.05864197530864187 0.058024691358024585
0.06209150326797371 0.062091503267973726 0.062091503267973726 0.06209150326797373 0.06013071895424824 0.06535947712418287 0.0614379084967319 0.06470588235294106 0.0614379084967319 0.06470588235294104 0.0614379084967319 0.0640522875816992 0.12614379084967295 0.06013071895424824 0.06209150326797373
0.04999999999999991 0.05277777777777769 0.06777777777777769 0.07666666666666658 0.05055555555555547 0.0944444444444444 0.05444444444444436 0.0527777777777777 0.053888888888888806 0.05333333333333326 0.04999999999999991 0.0738888888888888 0.05499999999999991 0.16166666666666663 0.0527777777777777
0.050555555555555465 0.04999999999999991 0.04999999999999991 0.05055555555555547 0.04999999999999991 0.04999999999999991 0.05111111111111103 0.04999999999999991 0.04999999999999991 0.04999999999999991 0.04999999999999991 0.04999999999999991 0.09666666666666653 0.2511111111111111 0.04999999999999991
0.05740740740740729 0.05802469135802457 0.058024691358024585 0.07839506172839493 0.05740740740740729 0.059876543209876426 0.06419753086419742 0.05864197530864187 0.10925925925925907 0.05864197530864187 0.05679012345679001 0.05679012345679002 0.06481481481481469 0.10308641975308623 0.05864197530864187
0.053888888888888806 0.05611111111111104 0.07333333333333322 0.05444444444444435 0.05833333333333324 0.05777777777777769 0.10611111111111096 0.06222222222222214 0.05333333333333324 0.10999999999999989 0.0538888888888888 0.0549999999999999 0.07333333333333326 0.07833333333333325 0.053888888888888806
0.06666666666666654 0.05864197530864187 0.06234567901234558 0.10432098765432085 0.07160493827160481 0.07839506172839494 0.05802469135802457 0.05987654320987644 0.05740740740740729 0.06481481481481471 0.05679012345679001 0.08086419753086405 0.059876543209876426 0.061728395061728274 0.058641975308641854
0.05343915343915337 0.05132275132275124 0.05185185185185179 0.05449735449735443 0.07037037037037026 0.06243386243386232 0.053439153439153356 0.05449735449735443 0.05026455026455019 0.0925925925925925 0.14444444444444435 0.05502645502645496 0.10476190476190464 0.051851851851851774 0.04920634920634914
0.06419753086419742 0.05802469135802457 0.09938271604938254 0.08641975308641961 0.06296296296296286 0.06543209876543199 0.05802469135802457 0.0574074074074073 0.05740740740740729 0.05740740740740729 0.05679012345679001 0.07901234567901222 0.06728395061728384 0.07345679012345667 0.05679012345679002
0.06405228758169923 0.06797385620915018 0.09411764705882339 0.06339869281045739 0.0614379084967319 0.06274509803921555 0.06013071895424824 0.0614379084967319 0.062091503267973726 0.062091503267973726 0.06078431372549007 0.062091503267973726 0.07450980392156849 0.08235294117647043 0.06078431372549007
0.058479532163742694 0.054970760233918115 0.053801169590643266 0.09005847953216374 0.13391812865497063 0.07017543859649122 0.058479532163742645 0.05614035087719297 0.056725146198830415 0.07543859649122799 0.057309941520467804 0.06081871345029241 0.06198830409356719 0.05614035087719297 0.055555555555555546
0.06358024691358012 0.05679012345679001 0.058641975308641854 0.098148148148148 0.13580246913580227 0.06296296296296285 0.05679012345679001 0.05617283950617273 0.05679012345679002 0.05864197530864187 0.05679012345679002 0.06851851851851841 0.05740740740740729 0.05679012345679001 0.05617283950617273
0.04888888888888892 0.044444444444444474 0.044444444444444474 0.12977777777777774 0.20088888888888878 0.07822222222222228 0.048000000000000036 0.0506666666666667 0.045333333333333364 0.056444444444444485 0.045777777777777806 0.06488888888888894 0.04977777777777781 0.04844444444444448 0.04400000000000003
0.13148148148148148 0.04675925925925923 0.09629629629629623 0.05092592592592592 0.14166666666666664 0.04629629629629627 0.044444444444444384 0.05277777777777778 0.044444444444444384 0.06851851851851853 0.04490740740740734 0.044907407407407354 0.06481481481481484 0.07453703703703707 0.0472222222222222
0.046859903381642594 0.09130434782608705 0.10628019323671499 0.07246376811594214 0.045893719806763364 0.0898550724637682 0.0468599033816426 0.04782608695652183 0.04637681159420297 0.046376811594202975 0.045410628019323745 0.05797101449275372 0.04830917874396145 0.16280193236714982 0.04541062801932375
0.05882352941176457 0.0594771241830064 0.0594771241830064 0.09150326797385604 0.06078431372549007 0.068627450980392 0.059477124183006415 0.05882352941176457 0.05882352941176457 0.11372549019607821 0.05882352941176457 0.07320261437908482 0.05882352941176457 0.0594771241830064 0.06013071895424823
0.06049382716049371 0.05802469135802457 0.06419753086419742 0.07592592592592581 0.059876543209876426 0.06543209876543199 0.05617283950617273 0.058641975308641854 0.06419753086419742 0.062345679012345584 0.061111111111111005 0.12283950617283933 0.06851851851851838 0.05679012345679001 0.06543209876543199
0.19722222222222208 0.05277777777777769 0.081111111111111 0.05388888888888881 0.05111111111111102 0.05222222222222214 0.05611111111111103 0.053333333333333253 0.05388888888888881 0.05611111111111102 0.05277777777777769 0.05166666666666658 0.05777777777777768 0.07833333333333323 0.05166666666666657
0.06732026143790835 0.06339869281045739 0.06535947712418289 0.0699346405228757 0.07647058823529397 0.07973856209150312 0.06666666666666653 0.06274509803921555 0.06209150326797373 0.06405228758169922 0.06732026143790835 0.0614379084967319 0.06732026143790835 0.06274509803921556 0.06339869281045737
0.057309941520467825 0.052631578947368425 0.08538011695906438 0.05497076023391812 0.09356725146198835 0.05555555555555554 0.052631578947368425 0.05321637426900584 0.05380116959064327 0.053801169590643266 0.08888888888888895 0.05555555555555554 0.06374269005847953 0.06842105263157892 0.11052631578947365
0.04266666666666669 0.05866666666666671 0.0466666666666667 0.08400000000000006 0.05244444444444448 0.12488888888888883 0.05422222222222226 0.04266666666666669 0.11733333333333328 0.08177777777777782 0.04266666666666669 0.09777777777777777 0.0466666666666667 0.044444444444444474 0.06311111111111115
0.05333333333333324 0.04999999999999991 0.05111111111111103 0.08333333333333322 0.050555555555555465 0.05777777777777767 0.09055555555555542 0.11833333333333346 0.05111111111111103 0.0822222222222221 0.04999999999999991 0.06222222222222214 0.09166666666666651 0.05055555555555547 0.05722222222222212
0.07777777777777771 0.04722222222222217 0.04537037037037032 0.04212962962962958 0.042592592592592536 0.0430555555555555 0.060648148148148166 0.04351851851851846 0.04351851851851847 0.0814814814814814 0.20416666666666664 0.06157407407407409 0.041666666666666616 0.12222222222222225 0.043055555555555514
0.05614035087719298 0.05380116959064329 0.06608187134502923 0.05497076023391812 0.05730994152046786 0.05321637426900584 0.05847953216374267 0.05497076023391812 0.05321637426900584 0.05614035087719297 0.05906432748538009 0.07192982456140352 0.15263157894736812 0.05438596491228069 0.09766081871345032
0.1466666666666668 0.053333333333333253 0.09666666666666658 0.05444444444444436 0.052222222222222135 0.08333333333333325 0.05166666666666658 0.05333333333333324 0.06777777777777769 0.056666666666666594 0.06611111111111104 0.05222222222222213 0.05555555555555547 0.0527777777777777 0.057222222222222126
0.06339869281045739 0.06013071895424824 0.059477124183006415 0.06405228758169922 0.06013071895424824 0.12614379084967295 0.06209150326797373 0.0640522875816992 0.062091503267973726 0.06862745098039201 0.062091503267973726 0.06339869281045737 0.06274509803921555 0.05882352941176457 0.06274509803921556
0.059876543209876426 0.05740740740740729 0.05802469135802457 0.058641975308641854 0.12283950617283933 0.058641975308641875 0.06049382716049372 0.05864197530864187 0.05679012345679001 0.06234567901234556 0.11049382716049365 0.05740740740740729 0.06049382716049372 0.05864197530864187 0.05925925925925914
0.0625 0.0625 0.06388888888888888 0.06319444444444444 0.0625 0.10486111111111111 0.0625 0.0625 0.0625 0.06388888888888888 0.0625 0.07916666666666666 0.0625 0.0625 0.0625
0.044888888888888916 0.04222222222222225 0.05333333333333337 0.04400000000000003 0.06844444444444449 0.12888888888888875 0.045777777777777806 0.055555555555555594 0.04355555555555559 0.045777777777777806 0.0844444444444445 0.2102222222222222 0.044444444444444474 0.045777777777777806 0.04266666666666669
0.059649122807017535 0.05380116959064327 0.05438596491228071 0.05497076023391812 0.05321637426900584 0.0543859649122807 0.05321637426900584 0.053801169590643266 0.05555555555555555 0.1596491228070174 0.10409356725146199 0.06900584795321633 0.06666666666666662 0.05321637426900585 0.05438596491228069
0.06458333333333334 0.06319444444444444 0.06319444444444444 0.06388888888888888 0.0625 0.10347222222222222 0.0625 0.0625 0.0625 0.0625 0.0625 0.07708333333333334 0.0625 0.06388888888888888 0.06319444444444444
0.059477124183006415 0.05882352941176457 0.05882352941176457 0.05882352941176457 0.05882352941176457 0.17450980392156837 0.05882352941176457 0.05882352941176457 0.05882352941176457 0.05882352941176457 0.05882352941176457 0.0594771241830064 0.0594771241830064 0.05882352941176457 0.05882352941176457
0.06458333333333334 0.06666666666666667 0.06527777777777778 0.06666666666666667 0.06944444444444445 0.06458333333333334 0.06875 0.06805555555555555 0.06666666666666667 0.06666666666666667 0.06527777777777778 0.06388888888888888 0.06805555555555555 0.06944444444444445 0.06597222222222222
0.05603864734299525 0.08309178743961362 0.050724637681159486 0.05265700483091797 0.06183574879227064 0.05024154589371989 0.05507246376811602 0.049758454106280284 0.05458937198067641 0.1855072463768117 0.09420289855072475 0.0502415458937199 0.05603864734299524 0.04927536231884066 0.05072463768115951
0.06388888888888888 0.06388888888888888 0.06319444444444444 0.06388888888888888 0.06319444444444444 0.06736111111111111 0.06458333333333334 0.06527777777777778 0.06319444444444444 0.09791666666666667 0.06319444444444444 0.06319444444444444 0.06458333333333334 0.06388888888888888 0.06875
0.05740740740740729 0.059876543209876426 0.059876543209876426 0.05864197530864187 0.05679012345679001 0.07037037037037025 0.05740740740740729 0.059876543209876426 0.05925925925925915 0.17283950617283925 0.05679012345679001 0.06296296296296283 0.05555555555555545 0.05555555555555545 0.05679012345679002
0.06296296296296283 0.093827160493827 0.05925925925925915 0.06543209876543199 0.05679012345679001 0.05740740740740729 0.059876543209876426 0.07777777777777767 0.05864197530864187 0.10864197530864178 0.05864197530864187 0.06296296296296286 0.061111111111111005 0.0574074074074073 0.05925925925925914
0.0625 0.06458333333333334 0.06319444444444444 0.10069444444444445 0.06388888888888888 0.06458333333333334 0.0625 0.06458333333333334 0.06666666666666667 0.06805555555555555 0.06388888888888888 0.06388888888888888 0.06319444444444444 0.06319444444444444 0.06458333333333334
0.06339869281045737 0.059477124183006415 0.05882352941176457 0.0614379084967319 0.059477124183006415 0.06078431372549007 0.06078431372549007 0.062091503267973726 0.15686274509803896 0.06013071895424824 0.05882352941176457 0.0594771241830064 0.05882352941176457 0.06013071895424823 0.0594771241830064
0.05449735449735441 0.05185185185185179 0.051322751322751256 0.05502645502645494 0.05238095238095229 0.09100529100529094 0.05132275132275125 0.05026455026455019 0.055555555555555476 0.21216931216931184 0.05449735449735443 0.06455026455026448 0.053439153439153377 0.05291005291005284 0.04920634920634912
0.0627777777777777 0.05666666666666658 0.053333333333333253 0.06499999999999992 0.053888888888888806 0.05888888888888881 0.05666666666666658 0.05555555555555547 0.06833333333333325 0.1488888888888889 0.09999999999999987 0.05499999999999993 0.05333333333333324 0.05277777777777769 0.05888888888888881
0.1111111111111109 0.060784313725490056 0.06013071895424824 0.06470588235294104 0.06013071895424824 0.0614379084967319 0.06274509803921555 0.05882352941176457 0.06339869281045739 0.0908496732026142 0.0594771241830064 0.061437908496731905 0.06209150326797371 0.06078431372549007 0.06209150326797373
0.06597222222222222 0.06319444444444444 0.06319444444444444 0.07569444444444444 0.06388888888888888 0.08194444444444444 0.06319444444444444 0.06319444444444444 0.06319444444444444 0.06527777777777778 0.06319444444444444 0.07083333333333333 0.06736111111111111 0.06597222222222222 0.06388888888888888
0.10277777777777763 0.053888888888888806 0.06666666666666658 0.06499999999999992 0.05611111111111103 0.05833333333333325 0.06055555555555548 0.10888888888888879 0.058333333333333244 0.05666666666666658 0.059999999999999915 0.07333333333333325 0.05944444444444435 0.056666666666666574 0.06333333333333324
0.05000000000000001 0.053030303030303066 0.055555555555555594 0.0696969696969697 0.047474747474747475 0.1348484848484848 0.04797979797979797 0.05757575757575762 0.05151515151515154 0.09090909090909091 0.055050505050505086 0.13030303030303028 0.0494949494949495 0.05404040404040408 0.052525252525252565
0.052222222222222135 0.05111111111111102 0.05277777777777769 0.05166666666666659 0.07277777777777769 0.12555555555555575 0.05111111111111103 0.05888888888888879 0.05444444444444436 0.0999999999999999 0.052222222222222135 0.1205555555555555 0.055555555555555476 0.04999999999999991 0.05111111111111103
