0.05847953216374269 0.05614035087719296 0.09766081871345028 0.055555555555555546 0.054970760233918115 0.05964912280701749 0.0660818713450292 0.0596491228070175 0.0766081871345029 0.06491228070175438 0.056725146198830394 0.12222222222222207 0.06257309941520466 0.053801169590643266 0.05497076023391813
0.0625 0.0625 0.0625 0.0625 0.0625 0.0625 0.1125 0.0625 0.06319444444444444 0.06319444444444444 0.0625 0.0625 0.07291666666666667 0.06319444444444444 0.0625
0.0625 0.06388888888888888 0.06388888888888888 0.0625 0.06319444444444444 0.11388888888888889 0.06319444444444444 0.0625 0.0625 0.06388888888888888 0.0625 0.06319444444444444 0.06527777777777778 0.06319444444444444 0.06388888888888888
0.0594771241830064 0.059477124183006415 0.0614379084967319 0.06274509803921555 0.06274509803921555 0.0921568627450979 0.09150326797385604 0.061437908496731884 0.062091503267973726 0.06732026143790835 0.06928104575163382 0.06013071895424823 0.0699346405228757 0.06013071895424824 0.06013071895424824
0.05882352941176457 0.06078431372549007 0.06470588235294106 0.06339869281045739 0.06013071895424824 0.08496732026143773 0.06078431372549007 0.08235294117647045 0.062091503267973726 0.062091503267973726 0.06078431372549008 0.08888888888888873 0.07058823529411752 0.059477124183006415 0.06013071895424824
0.0549707602339181 0.052631578947368425 0.11637426900584787 0.1865497076023392 0.053801169590643266 0.05380116959064327 0.052631578947368425 0.053801169590643266 0.05497076023391812 0.052631578947368425 0.052631578947368425 0.056725146198830435 0.05321637426900584 0.052631578947368425 0.052631578947368425
0.05497076023391812 0.05497076023391814 0.06198830409356721 0.10994152046783623 0.05789473684210523 0.05789473684210522 0.05847953216374264 0.05789473684210525 0.15029239766081853 0.060233918128654966 0.053801169590643266 0.056725146198830415 0.05497076023391813 0.05614035087719298 0.053801169590643266
0.05882352941176457 0.12287581699346381 0.05882352941176457 0.06013071895424823 0.06405228758169922 0.06405228758169923 0.0614379084967319 0.06470588235294106 0.06535947712418286 0.06013071895424823 0.06209150326797371 0.06013071895424824 0.07712418300653578 0.06078431372549007 0.059477124183006415
0.052380952380952306 0.08412698412698402 0.05291005291005283 0.059259259259259185 0.057142857142857065 0.057142857142857065 0.05767195767195762 0.05925925925925918 0.06455026455026446 0.07037037037037026 0.16719576719576698 0.05343915343915337 0.059788359788359724 0.05291005291005283 0.05185185185185179
0.06319444444444444 0.06319444444444444 0.06388888888888888 0.06319444444444444 0.0625 0.06875 0.06319444444444444 0.07777777777777778 0.06388888888888888 0.06319444444444444 0.06319444444444444 0.09444444444444444 0.06458333333333334 0.0625 0.0625
0.06319444444444444 0.10416666666666667 0.06388888888888888 0.0625 0.06319444444444444 0.06597222222222222 0.06319444444444444 0.06388888888888888 0.06458333333333334 0.06458333333333334 0.06388888888888888 0.0625 0.06319444444444444 0.06805555555555555 0.06319444444444444
0.0594771241830064 0.05882352941176457 0.0679738562091502 0.10261437908496711 0.059477124183006415 0.0614379084967319 0.10588235294117625 0.06013071895424824 0.059477124183006415 0.06013071895424823 0.0594771241830064 0.0614379084967319 0.0640522875816992 0.06013071895424824 0.0594771241830064
0.059477124183006415 0.06862745098039204 0.06339869281045737 0.06274509803921556 0.0614379084967319 0.0633986928104574 0.06535947712418289 0.0614379084967319 0.06535947712418287 0.062091503267973726 0.06405228758169922 0.06013071895424824 0.0614379084967319 0.12026143790849649 0.060784313725490056
0.06944444444444445 0.06388888888888888 0.06458333333333334 0.0625 0.06527777777777778 0.06458333333333334 0.06944444444444445 0.0625 0.06319444444444444 0.08402777777777778 0.07708333333333334 0.06319444444444444 0.06388888888888888 0.06319444444444444 0.06319444444444444
0.06604938271604927 0.05925925925925916 0.05802469135802457 0.05679012345679002 0.06296296296296286 0.06543209876543199 0.06296296296296285 0.0641975308641974 0.05802469135802457 0.10555555555555542 0.06234567901234556 0.05679012345679002 0.07654320987654309 0.06728395061728382 0.07777777777777765
0.11944444444444442 0.05046296296296296 0.11944444444444441 0.047685185185185136 0.10879629629629635 0.05740740740740742 0.04861111111111109 0.04953703703703701 0.04768518518518517 0.05370370370370367 0.055555555555555525 0.049537037037037025 0.05370370370370372 0.06944444444444449 0.0689814814814815
0.05882352941176457 0.059477124183006415 0.05882352941176457 0.059477124183006415 0.0594771241830064 0.0594771241830064 0.05882352941176457 0.05882352941176457 0.0594771241830064 0.05882352941176457 0.17254901960784286 0.05882352941176457 0.05882352941176457 0.05882352941176457 0.059477124183006415
0.059876543209876426 0.05925925925925914 0.05925925925925915 0.0574074074074073 0.07222222222222209 0.06666666666666653 0.062345679012345556 0.06543209876543199 0.058641975308641854 0.06049382716049371 0.14074074074074056 0.05987654320987644 0.061111111111111005 0.058641975308641854 0.05802469135802457
0.059477124183006415 0.05882352941176457 0.06013071895424824 0.061437908496731884 0.06013071895424824 0.05882352941176457 0.0594771241830064 0.05882352941176457 0.05882352941176457 0.0633986928104574 0.16209150326797359 0.05882352941176457 0.06078431372549007 0.05882352941176457 0.06013071895424824
0.10444444444444437 0.0577777777777777 0.06277777777777767 0.05277777777777769 0.06222222222222214 0.07833333333333323 0.06388888888888881 0.06055555555555546 0.06166666666666658 0.059999999999999915 0.052222222222222135 0.05444444444444436 0.11666666666666663 0.05444444444444435 0.05777777777777768
0.06319444444444444 0.0625 0.0625 0.0625 0.0625 0.06527777777777778 0.11180555555555556 0.0625 0.0625 0.06388888888888888 0.0625 0.0625 0.07083333333333333 0.0625 0.0625
0.06597222222222222 0.06458333333333334 0.06875 0.06805555555555555 0.06666666666666667 0.06597222222222222 0.06597222222222222 0.06666666666666667 0.06805555555555555 0.07152777777777777 0.06736111111111111 0.06597222222222222 0.06527777777777778 0.0625 0.06666666666666667
0.05864197530864187 0.06296296296296285 0.07469135802469123 0.05925925925925916 0.058024691358024585 0.06419753086419742 0.06790123456790112 0.07283950617283937 0.059876543209876426 0.0802469135802468 0.062345679012345556 0.093827160493827 0.06358024691358014 0.06172839506172829 0.05987654320987644
0.05380116959064329 0.05321637426900584 0.12397660818713435 0.09064327485380122 0.0543859649122807 0.056725146198830394 0.05789473684210527 0.059649122807017514 0.104093567251462 0.0567251461988304 0.058479532163742666 0.05847953216374267 0.06374269005847952 0.05438596491228071 0.05380116959064327
0.04920634920634913 0.05343915343915337 0.04973544973544967 0.05132275132275125 0.10529100529100525 0.06084656084656076 0.09841269841269844 0.07460317460317453 0.04973544973544967 0.04973544973544967 0.04761904761904755 0.048677248677248604 0.06719576719576707 0.13756613756613748 0.05661375661375653
0.05614035087719299 0.05672514619883039 0.055555555555555566 0.05438596491228069 0.05497076023391813 0.056725146198830394 0.06432748538011693 0.05555555555555554 0.0543859649122807 0.055555555555555546 0.05555555555555557 0.05438596491228071 0.056725146198830394 0.21286549707602337 0.05614035087719297
0.05611111111111102 0.10499999999999991 0.15166666666666676 0.05444444444444436 0.05611111111111103 0.05611111111111102 0.05777777777777768 0.05833333333333324 0.05666666666666658 0.054999999999999924 0.07277777777777769 0.0527777777777777 0.06055555555555546 0.053888888888888806 0.0527777777777777
0.0625 0.0625 0.06666666666666667 0.06388888888888888 0.06527777777777778 0.06805555555555555 0.06527777777777778 0.06319444444444444 0.09027777777777778 0.06527777777777778 0.06319444444444444 0.0625 0.07430555555555556 0.06319444444444444 0.06388888888888888
0.05882352941176457 0.061437908496731905 0.09215686274509785 0.06470588235294104 0.06339869281045737 0.06209150326797373 0.06013071895424823 0.06405228758169922 0.10065359477124163 0.06732026143790835 0.0594771241830064 0.06339869281045737 0.06274509803921555 0.06078431372549007 0.05882352941176457
0.05617283950617273 0.1148148148148146 0.08703703703703689 0.05802469135802457 0.058641975308641854 0.06728395061728382 0.06234567901234556 0.05864197530864187 0.06111111111111099 0.05679012345679001 0.058024691358024585 0.06049382716049371 0.0876543209876542 0.05617283950617273 0.05679012345679002
0.05617283950617273 0.05617283950617273 0.05617283950617273 0.06358024691358014 0.05555555555555545 0.12283950617283934 0.05925925925925915 0.059876543209876426 0.08950617283950602 0.05925925925925914 0.058024691358024585 0.05740740740740729 0.09012345679012332 0.05802469135802457 0.058024691358024585
0.06013071895424824 0.11699346405228735 0.06078431372549007 0.0614379084967319 0.06732026143790835 0.06535947712418287 0.06535947712418287 0.06274509803921555 0.0640522875816992 0.0614379084967319 0.06732026143790837 0.061437908496731884 0.06470588235294103 0.061437908496731905 0.0594771241830064
0.06458333333333334 0.06458333333333334 0.06666666666666667 0.06319444444444444 0.06388888888888888 0.06805555555555555 0.08680555555555555 0.06458333333333334 0.06319444444444444 0.06458333333333334 0.06388888888888888 0.06319444444444444 0.07569444444444444 0.06388888888888888 0.06319444444444444
0.06388888888888888 0.07847222222222222 0.06319444444444444 0.06388888888888888 0.06805555555555555 0.07013888888888889 0.06736111111111111 0.06875 0.06597222222222222 0.06666666666666667 0.06319444444444444 0.06388888888888888 0.06875 0.06319444444444444 0.06458333333333334
0.04589371980676337 0.04444444444444452 0.047342995169082205 0.04879227053140103 0.04927536231884066 0.05169082125603875 0.04879227053140105 0.047342995169082205 0.06183574879227064 0.05217391304347834 0.07777777777777786 0.04444444444444452 0.054589371980676406 0.04444444444444452 0.2811594202898551
0.05847953216374267 0.05380116959064327 0.055555555555555546 0.055555555555555546 0.05847953216374269 0.059649122807017535 0.06491228070175434 0.09707602339181286 0.05555555555555554 0.08888888888888882 0.060233918128654945 0.05672514619883039 0.0573099415204678 0.055555555555555546 0.12222222222222212
0.06319444444444444 0.06388888888888888 0.06388888888888888 0.0625 0.06319444444444444 0.06597222222222222 0.06527777777777778 0.06527777777777778 0.06319444444444444 0.06597222222222222 0.06944444444444445 0.06458333333333334 0.09791666666666667 0.0625 0.06319444444444444
0.058024691358024585 0.05864197530864187 0.0685185185185184 0.06604938271604927 0.05802469135802457 0.10432098765432081 0.05987654320987644 0.061728395061728274 0.08765432098765416 0.06111111111111099 0.0574074074074073 0.08827160493827145 0.05802469135802457 0.05679012345679001 0.05555555555555545
0.0625 0.0625 0.0625 0.0625 0.06319444444444444 0.06319444444444444 0.06319444444444444 0.0625 0.06388888888888888 0.0625 0.0625 0.0625 0.0625 0.12152777777777778 0.0625
0.05166666666666658 0.05166666666666658 0.22499999999999976 0.053333333333333253 0.05277777777777769 0.05222222222222214 0.05666666666666658 0.05944444444444436 0.053888888888888806 0.05944444444444436 0.052222222222222135 0.07277777777777769 0.054999999999999924 0.0527777777777777 0.05111111111111103
0.06388888888888888 0.06666666666666667 0.06597222222222222 0.06388888888888888 0.0625 0.06736111111111111 0.075 0.06736111111111111 0.06527777777777778 0.06944444444444445 0.06597222222222222 0.06319444444444444 0.075 0.06388888888888888 0.06458333333333334
0.05964912280701748 0.07660818713450288 0.059649122807017535 0.05497076023391812 0.06257309941520467 0.0567251461988304 0.06257309941520463 0.10233918128654966 0.058479532163742666 0.05730994152046782 0.059649122807017514 0.05497076023391813 0.06491228070175441 0.11403508771929821 0.055555555555555525
0.05789473684210523 0.05555555555555555 0.11637426900584788 0.05614035087719297 0.061988304093567245 0.05789473684210525 0.060233918128654966 0.061403508771929786 0.057894736842105284 0.0637426900584795 0.11578947368421046 0.06023391812865496 0.06315789473684208 0.05497076023391813 0.056725146198830394
0.052631578947368425 0.052631578947368425 0.052631578947368425 0.053801169590643266 0.052631578947368425 0.052631578947368425 0.052631578947368425 0.052631578947368425 0.05321637426900585 0.05438596491228071 0.20877192982456141 0.052631578947368425 0.052631578947368425 0.10233918128654973 0.05380116959064327
0.0679012345679011 0.06049382716049372 0.062345679012345556 0.06049382716049371 0.06543209876543198 0.08580246913580235 0.07345679012345666 0.06543209876543199 0.061111111111111005 0.06358024691358012 0.07407407407407397 0.06049382716049371 0.07469135802469123 0.06049382716049372 0.06419753086419742
0.06388888888888888 0.0625 0.06458333333333334 0.06319444444444444 0.06388888888888888 0.06805555555555555 0.07291666666666667 0.06527777777777778 0.06388888888888888 0.06388888888888888 0.07847222222222222 0.06388888888888888 0.0798611111111111 0.0625 0.06319444444444444
0.06491228070175435 0.05672514619883042 0.058479532163742694 0.0590643274853801 0.0567251461988304 0.07309941520467834 0.06491228070175438 0.06432748538011691 0.07251461988304092 0.08713450292397666 0.06315789473684208 0.05614035087719298 0.07777777777777775 0.05380116959064329 0.09122807017543863
0.1203703703703702 0.05679012345679001 0.05679012345679001 0.05925925925925914 0.06049382716049372 0.06419753086419742 0.06728395061728383 0.05864197530864187 0.05864197530864187 0.0796296296296295 0.06543209876543198 0.05740740740740729 0.05864197530864187 0.05925925925925914 0.07716049382716036
0.06339869281045739 0.06470588235294104 0.06274509803921556 0.061437908496731905 0.07254901960784298 0.06470588235294104 0.07320261437908483 0.06993464052287568 0.06666666666666655 0.06535947712418286 0.06470588235294104 0.06862745098039202 0.061437908496731905 0.062091503267973726 0.07843137254901947
0.06405228758169922 0.07124183006535932 0.06666666666666653 0.0640522875816992 0.06797385620915018 0.06666666666666654 0.06470588235294106 0.0640522875816992 0.06666666666666654 0.06601307189542471 0.06732026143790837 0.07058823529411752 0.06339869281045739 0.06535947712418289 0.07124183006535934
0.0730994152046783 0.0590643274853801 0.05438596491228069 0.0543859649122807 0.06023391812865497 0.06666666666666662 0.07368421052631577 0.06432748538011693 0.08421052631578944 0.10994152046783619 0.06666666666666668 0.0590643274853801 0.06198830409356724 0.055555555555555546 0.0567251461988304
0.05111111111111115 0.04844444444444448 0.06044444444444449 0.08311111111111116 0.04977777777777781 0.07066666666666671 0.056888888888888926 0.057333333333333375 0.09422222222222226 0.1422222222222221 0.05333333333333337 0.04977777777777781 0.08044444444444451 0.0506666666666667 0.051555555555555584
0.05555555555555545 0.05617283950617273 0.058641975308641854 0.05679012345679002 0.05617283950617273 0.05679012345679001 0.05617283950617273 0.05679012345679001 0.05617283950617273 0.05864197530864187 0.05555555555555545 0.05740740740740729 0.05555555555555545 0.058024691358024585 0.20555555555555524
0.0574074074074073 0.05925925925925916 0.10802469135802455 0.11234567901234552 0.058641975308641854 0.06234567901234556 0.059876543209876426 0.05864197530864187 0.05925925925925915 0.059876543209876426 0.05987654320987644 0.059876543209876426 0.06543209876543198 0.05864197530864187 0.06049382716049372
0.058024691358024585 0.059876543209876426 0.05802469135802457 0.05740740740740729 0.05864197530864187 0.05925925925925916 0.06111111111111099 0.05925925925925915 0.05925925925925915 0.059876543209876426 0.12530864197530844 0.05925925925925914 0.059876543209876426 0.10925925925925907 0.05555555555555545
0.16604938271604916 0.06049382716049371 0.059876543209876426 0.05679012345679001 0.0574074074074073 0.05987654320987644 0.0641975308641974 0.06913580246913567 0.06172839506172829 0.059876543209876426 0.05617283950617273 0.05864197530864187 0.05740740740740729 0.05617283950617273 0.05617283950617273
0.08888888888888893 0.057309941520467804 0.06081871345029235 0.056725146198830394 0.060818713450292376 0.058479532163742694 0.07309941520467834 0.060233918128654945 0.08654970760233914 0.05614035087719298 0.05964912280701752 0.05614035087719298 0.06666666666666662 0.052631578947368425 0.10584795321637427
0.0672222222222221 0.0577777777777777 0.056666666666666574 0.05333333333333324 0.05722222222222214 0.06333333333333324 0.11388888888888879 0.06444444444444436 0.05722222222222212 0.07722222222222215 0.06666666666666658 0.058333333333333244 0.06611111111111098 0.053333333333333253 0.0872222222222221
0.06013071895424823 0.06274509803921555 0.06339869281045737 0.06339869281045739 0.062091503267973726 0.06470588235294106 0.06339869281045737 0.06274509803921555 0.06274509803921555 0.0699346405228757 0.11503267973856188 0.0640522875816992 0.06535947712418287 0.05882352941176457 0.0614379084967319
0.06013071895424823 0.05882352941176457 0.0614379084967319 0.06666666666666653 0.0614379084967319 0.0614379084967319 0.0614379084967319 0.06339869281045737 0.06013071895424823 0.06601307189542471 0.09803921568627431 0.06013071895424824 0.061437908496731884 0.05882352941176457 0.10065359477124163
0.06388888888888888 0.06388888888888888 0.06458333333333334 0.0625 0.06388888888888888 0.07569444444444444 0.06805555555555555 0.06319444444444444 0.06319444444444444 0.06319444444444444 0.06319444444444444 0.0625 0.09583333333333334 0.0625 0.06388888888888888
0.06666666666666667 0.06319444444444444 0.06319444444444444 0.06527777777777778 0.06319444444444444 0.06597222222222222 0.06805555555555555 0.06736111111111111 0.06666666666666667 0.07083333333333333 0.07013888888888889 0.06458333333333334 0.07430555555555556 0.06458333333333334 0.06597222222222222
0.07254901960784299 0.06339869281045737 0.06274509803921556 0.06209150326797373 0.06797385620915017 0.06405228758169922 0.06601307189542469 0.06797385620915021 0.06274509803921555 0.09150326797385606 0.061437908496731884 0.06209150326797373 0.06601307189542471 0.062091503267973726 0.06732026143790835
0.059477124183006415 0.05882352941176457 0.0594771241830064 0.0594771241830064 0.16078431372548996 0.05882352941176457 0.0594771241830064 0.0614379084967319 0.06013071895424823 0.0594771241830064 0.05882352941176457 0.06601307189542469 0.06013071895424823 0.05882352941176457 0.05882352941176457
0.06608187134502927 0.05906432748538012 0.060818713450292376 0.05789473684210524 0.11637426900584788 0.06315789473684205 0.06608187134502923 0.06549707602339176 0.05847953216374267 0.09239766081871345 0.0596491228070175 0.05906432748538011 0.06257309941520466 0.05438596491228069 0.05847953216374265
0.06388888888888888 0.06666666666666667 0.06944444444444445 0.06388888888888888 0.06666666666666667 0.06527777777777778 0.07013888888888889 0.06666666666666667 0.06527777777777778 0.06666666666666667 0.06875 0.06666666666666667 0.07013888888888889 0.06319444444444444 0.06666666666666667
0.12456140350877178 0.05730994152046782 0.06023391812865494 0.10584795321637427 0.05614035087719297 0.06315789473684214 0.057309941520467804 0.06315789473684211 0.059649122807017514 0.06432748538011691 0.05614035087719295 0.05555555555555554 0.06374269005847948 0.057309941520467846 0.05555555555555555
0.061111111111111005 0.06172839506172827 0.06234567901234555 0.058641975308641854 0.06666666666666655 0.06728395061728384 0.062345679012345556 0.0648148148148147 0.06358024691358014 0.06234567901234555 0.06111111111111099 0.11604938271604924 0.06543209876543198 0.061111111111110984 0.06543209876543199
0.052631578947368425 0.14795321637426875 0.06315789473684207 0.09181286549707607 0.05497076023391813 0.05321637426900584 0.053801169590643266 0.05321637426900584 0.05497076023391813 0.05438596491228069 0.05380116959064329 0.055555555555555566 0.053801169590643266 0.10175438596491229 0.054970760233918115
0.06319444444444444 0.0625 0.07013888888888889 0.11319444444444444 0.0625 0.06319444444444444 0.06319444444444444 0.0625 0.0625 0.0625 0.0625 0.06458333333333334 0.0625 0.0625 0.0625
0.05882352941176457 0.05882352941176457 0.062091503267973726 0.06078431372549007 0.06078431372549007 0.06405228758169923 0.13790849673202596 0.062091503267973726 0.062091503267973726 0.06339869281045739 0.0614379084967319 0.06013071895424824 0.06928104575163382 0.0594771241830064 0.05882352941176457
0.05864197530864187 0.0648148148148147 0.062345679012345556 0.05925925925925914 0.05987654320987644 0.06604938271604927 0.06851851851851838 0.06049382716049371 0.1253086419753085 0.06604938271604928 0.06481481481481469 0.059876543209876426 0.06296296296296285 0.06049382716049371 0.06049382716049371
0.16198830409356707 0.0573099415204678 0.057309941520467825 0.05438596491228069 0.05614035087719298 0.05614035087719295 0.055555555555555546 0.05614035087719296 0.10409356725146199 0.05614035087719298 0.05555555555555554 0.05614035087719299 0.058479532163742694 0.059064327485380055 0.05555555555555555
0.05925925925925915 0.11851851851851831 0.06604938271604925 0.05925925925925914 0.06543209876543198 0.06358024691358014 0.06604938271604925 0.06481481481481471 0.0679012345679011 0.06358024691358014 0.05740740740740729 0.06481481481481469 0.06728395061728383 0.0574074074074073 0.05864197530864187
0.07013888888888889 0.06458333333333334 0.06458333333333334 0.06458333333333334 0.06597222222222222 0.06597222222222222 0.06666666666666667 0.06805555555555555 0.06527777777777778 0.06666666666666667 0.07152777777777777 0.06527777777777778 0.07222222222222222 0.06388888888888888 0.06458333333333334
0.0625 0.0625 0.06388888888888888 0.0625 0.06458333333333334 0.06388888888888888 0.07569444444444444 0.06527777777777778 0.09791666666666667 0.06597222222222222 0.06388888888888888 0.0625 0.06319444444444444 0.0625 0.06319444444444444
0.054497354497354454 0.05449735449735442 0.10846560846560833 0.053968253968253894 0.05291005291005283 0.05502645502645495 0.053968253968253894 0.10582010582010576 0.05502645502645494 0.0761904761904761 0.10476190476190467 0.06084656084656076 0.055555555555555476 0.05396825396825389 0.05449735449735442
0.06274509803921555 0.06339869281045739 0.0699346405228757 0.06405228758169922 0.07385620915032666 0.06601307189542471 0.06339869281045739 0.06339869281045737 0.06862745098039204 0.06993464052287568 0.06666666666666654 0.06797385620915018 0.07058823529411751 0.06535947712418287 0.0640522875816992
0.0594771241830064 0.0594771241830064 0.07647058823529397 0.10261437908496711 0.06013071895424824 0.060784313725490056 0.06078431372549007 0.05882352941176457 0.059477124183006415 0.06013071895424823 0.05882352941176457 0.10392156862745075 0.06013071895424824 0.0594771241830064 0.0594771241830064
0.0458333333333333 0.04722222222222218 0.05509259259259261 0.2222222222222222 0.050462962962962946 0.04675925925925923 0.05185185185185184 0.06249999999999999 0.13055555555555556 0.05370370370370372 0.045833333333333295 0.047222222222222165 0.04999999999999996 0.04537037037037032 0.04537037037037034
0.06388888888888888 0.06527777777777778 0.09513888888888888 0.06388888888888888 0.06319444444444444 0.06736111111111111 0.06319444444444444 0.07152777777777777 0.06458333333333334 0.06319444444444444 0.06319444444444444 0.06527777777777778 0.06388888888888888 0.06319444444444444 0.06319444444444444
0.06319444444444444 0.06388888888888888 0.06597222222222222 0.0625 0.06597222222222222 0.06944444444444445 0.06805555555555555 0.06597222222222222 0.07916666666666666 0.07013888888888889 0.06527777777777778 0.06388888888888888 0.07083333333333333 0.06319444444444444 0.0625
0.08235294117647045 0.061437908496731884 0.06274509803921556 0.06078431372549007 0.06535947712418287 0.07450980392156849 0.07058823529411752 0.06339869281045737 0.0660130718954247 0.06862745098039202 0.062091503267973726 0.06274509803921556 0.07254901960784299 0.06274509803921556 0.06405228758169922
0.0836601307189541 0.0653594771241829 0.06993464052287567 0.06339869281045739 0.06339869281045739 0.062091503267973726 0.06732026143790838 0.06339869281045737 0.06405228758169922 0.06862745098039202 0.06928104575163384 0.06797385620915018 0.06470588235294103 0.06078431372549007 0.06601307189542469
0.06209150326797373 0.06732026143790835 0.09411764705882333 0.061437908496731905 0.06601307189542471 0.0751633986928103 0.06339869281045739 0.07189542483660115 0.06274509803921556 0.06078431372549007 0.06274509803921555 0.0640522875816992 0.0660130718954247 0.06078431372549007 0.0614379084967319
0.1732026143790847 0.05882352941176457 0.05882352941176457 0.0594771241830064 0.0594771241830064 0.05882352941176457 0.05882352941176457 0.0594771241830064 0.0594771241830064 0.05882352941176457 0.05882352941176457 0.05882352941176457 0.059477124183006415 0.05882352941176457 0.05882352941176457
0.09135802469135788 0.05987654320987644 0.06234567901234556 0.05802469135802457 0.06172839506172829 0.0716049382716048 0.0679012345679011 0.059876543209876426 0.059876543209876426 0.0648148148148147 0.0685185185185184 0.06604938271604925 0.09259259259259248 0.05740740740740729 0.058024691358024585
0.14277777777777792 0.09722222222222207 0.05111111111111103 0.05111111111111102 0.050555555555555465 0.05277777777777769 0.04999999999999991 0.05055555555555547 0.05111111111111103 0.05055555555555547 0.05111111111111103 0.05277777777777769 0.05055555555555547 0.14722222222222242 0.050555555555555465
0.07013888888888889 0.06944444444444445 0.06597222222222222 0.06527777777777778 0.06388888888888888 0.06527777777777778 0.06736111111111111 0.06458333333333334 0.06944444444444445 0.06666666666666667 0.07083333333333333 0.06388888888888888 0.06875 0.06388888888888888 0.06458333333333334
0.05882352941176457 0.0594771241830064 0.059477124183006415 0.06013071895424824 0.06013071895424824 0.0594771241830064 0.06013071895424824 0.0594771241830064 0.05882352941176457 0.0594771241830064 0.059477124183006415 0.05882352941176457 0.059477124183006415 0.16797385620915006 0.05882352941176457
0.08222222222222209 0.05277777777777769 0.05444444444444436 0.05111111111111103 0.05166666666666658 0.09444444444444443 0.10111111111111115 0.05166666666666658 0.06222222222222215 0.058888888888888775 0.05388888888888881 0.052222222222222135 0.09055555555555544 0.08999999999999986 0.05277777777777769
0.05740740740740729 0.0574074074074073 0.06049382716049371 0.05802469135802457 0.0679012345679011 0.06234567901234556 0.07160493827160483 0.06111111111111101 0.14938271604938252 0.061728395061728274 0.05740740740740729 0.05617283950617273 0.06234567901234555 0.058641975308641854 0.058024691358024585
0.05672514619883039 0.056725146198830394 0.15964912280701732 0.05380116959064327 0.0678362573099415 0.05789473684210522 0.08479532163742687 0.06140350877192977 0.056725146198830415 0.06198830409356727 0.05847953216374269 0.056725146198830394 0.061403508771929814 0.05321637426900584 0.052631578947368425
0.06732026143790838 0.06666666666666653 0.06339869281045737 0.06078431372549007 0.06862745098039201 0.06928104575163385 0.06535947712418286 0.07254901960784298 0.06339869281045737 0.08104575163398679 0.06470588235294104 0.0614379084967319 0.06928104575163384 0.06274509803921557 0.06339869281045739
0.0625 0.06666666666666667 0.06666666666666667 0.06736111111111111 0.06597222222222222 0.06736111111111111 0.06597222222222222 0.06597222222222222 0.06944444444444445 0.07013888888888889 0.06666666666666667 0.06458333333333334 0.06805555555555555 0.06736111111111111 0.06527777777777778
0.07160493827160481 0.06419753086419742 0.06111111111111099 0.059876543209876426 0.11604938271604917 0.06419753086419741 0.06543209876543198 0.06358024691358014 0.06234567901234556 0.06728395061728383 0.06296296296296285 0.06172839506172829 0.06358024691358011 0.05802469135802457 0.05802469135802457
0.06078431372549008 0.08169934640522859 0.06013071895424823 0.09999999999999978 0.06013071895424823 0.0633986928104574 0.06470588235294104 0.06339869281045739 0.061437908496731905 0.062091503267973726 0.059477124183006415 0.06078431372549008 0.06732026143790835 0.07385620915032667 0.06078431372549007
0.053801169590643266 0.09941520467836258 0.053801169590643266 0.06140350877192979 0.052631578947368425 0.05438596491228069 0.0543859649122807 0.05555555555555554 0.08304093567251464 0.056725146198830415 0.052631578947368425 0.052631578947368425 0.0543859649122807 0.16257309941520445 0.052631578947368425
0.061437908496731884 0.0640522875816992 0.062091503267973726 0.06078431372549007 0.06470588235294104 0.06666666666666653 0.07450980392156847 0.05882352941176457 0.06274509803921556 0.09150326797385608 0.08823529411764693 0.06339869281045739 0.06274509803921555 0.05882352941176457 0.059477124183006415
0.09122807017543863 0.05847953216374269 0.1093567251461988 0.053801169590643266 0.05672514619883039 0.05380116959064327 0.07777777777777775 0.07192982456140355 0.05789473684210525 0.07017543859649115 0.05672514619883039 0.058479532163742694 0.07543859649122803 0.0543859649122807 0.053801169590643266
0.06601307189542471 0.0614379084967319 0.06993464052287567 0.061437908496731884 0.06209150326797373 0.06274509803921556 0.06078431372549007 0.07843137254901945 0.06013071895424823 0.103267973856209 0.062091503267973726 0.06274509803921556 0.06535947712418287 0.06013071895424824 0.06339869281045737
0.06458333333333334 0.06388888888888888 0.06527777777777778 0.06666666666666667 0.0625 0.08263888888888889 0.07152777777777777 0.06597222222222222 0.06319444444444444 0.06805555555555555 0.06666666666666667 0.06319444444444444 0.07013888888888889 0.06319444444444444 0.0625
0.06049382716049372 0.08641975308641961 0.07777777777777765 0.06049382716049371 0.061728395061728274 0.06234567901234558 0.06358024691358012 0.06296296296296283 0.061728395061728274 0.059876543209876426 0.0574074074074073 0.08827160493827148 0.06666666666666655 0.07222222222222212 0.05802469135802457
0.05740740740740729 0.05740740740740729 0.06111111111111099 0.05802469135802457 0.05679012345679001 0.06172839506172829 0.11111111111111094 0.05864197530864187 0.059876543209876426 0.0839506172839505 0.08765432098765419 0.05925925925925915 0.07283950617283935 0.05617283950617273 0.05802469135802457
0.056725146198830394 0.11345029239766075 0.06023391812865496 0.054970760233918115 0.06081871345029235 0.060818713450292376 0.060233918128654945 0.0567251461988304 0.05730994152046784 0.059064327485380125 0.0596491228070175 0.06900584795321635 0.060818713450292376 0.1122807017543859 0.05789473684210526
0.06319444444444444 0.0625 0.0625 0.06458333333333334 0.0625 0.11527777777777778 0.06527777777777778 0.0625 0.0625 0.06388888888888888 0.0625 0.0625 0.06458333333333334 0.0625 0.06319444444444444
0.0648148148148147 0.05925925925925914 0.061111111111111005 0.06172839506172829 0.06111111111111099 0.07222222222222212 0.07777777777777765 0.08888888888888874 0.06296296296296283 0.08580246913580233 0.061111111111111005 0.058641975308641854 0.06728395061728383 0.0574074074074073 0.05987654320987644
0.06111111111111099 0.05679012345679001 0.05987654320987642 0.05925925925925915 0.06049382716049372 0.1129629629629629 0.11172839506172831 0.05864197530864187 0.06172839506172829 0.0641975308641974 0.05864197530864187 0.05802469135802457 0.06049382716049372 0.05864197530864187 0.0574074074074073
0.052020202020202036 0.047474747474747475 0.056060606060606095 0.04949494949494951 0.059595959595959654 0.08535353535353545 0.14141414141414146 0.05404040404040407 0.05757575757575759 0.05909090909090916 0.0646464646464647 0.055050505050505086 0.10909090909090921 0.05808080808080812 0.05101010101010104
0.06319444444444444 0.06319444444444444 0.07777777777777778 0.0625 0.0625 0.06597222222222222 0.06458333333333334 0.06458333333333334 0.06319444444444444 0.0625 0.06319444444444444 0.09652777777777778 0.06388888888888888 0.06319444444444444 0.06319444444444444
0.059477124183006415 0.05882352941176457 0.11307189542483635 0.059477124183006415 0.0614379084967319 0.06405228758169922 0.0614379084967319 0.061437908496731905 0.07189542483660118 0.07908496732026125 0.06535947712418287 0.062091503267973726 0.0614379084967319 0.0614379084967319 0.0594771241830064
0.0625 0.0625 0.0625 0.0625 0.06388888888888888 0.06458333333333334 0.06805555555555555 0.0625 0.06388888888888888 0.09027777777777778 0.08611111111111111 0.0625 0.06319444444444444 0.0625 0.0625
0.059477124183006415 0.05882352941176457 0.0614379084967319 0.05882352941176457 0.06078431372549007 0.05882352941176457 0.061437908496731884 0.0614379084967319 0.05882352941176457 0.13333333333333316 0.08627450980392151 0.0594771241830064 0.06013071895424824 0.06013071895424824 0.06078431372549007
0.0543859649122807 0.05555555555555554 0.07076023391812869 0.05614035087719297 0.05380116959064329 0.05438596491228071 0.05847953216374265 0.05614035087719296 0.06198830409356722 0.06257309941520472 0.16725146198830376 0.08245614035087714 0.05672514619883042 0.055555555555555546 0.05380116959064327
0.0625 0.0625 0.06319444444444444 0.06319444444444444 0.11944444444444445 0.0625 0.0625 0.06319444444444444 0.06319444444444444 0.06388888888888888 0.06319444444444444 0.0625 0.06319444444444444 0.0625 0.0625
0.1686274509803919 0.06013071895424823 0.05882352941176457 0.05882352941176457 0.0594771241830064 0.059477124183006415 0.059477124183006415 0.0594771241830064 0.059477124183006415 0.06078431372549007 0.05882352941176457 0.05882352941176457 0.06013071895424824 0.05882352941176457 0.05882352941176457
0.12083333333333333 0.06319444444444444 0.06319444444444444 0.0625 0.0625 0.06319444444444444 0.0625 0.06319444444444444 0.06319444444444444 0.0625 0.0625 0.0625 0.06319444444444444 0.0625 0.0625
0.16601307189542455 0.06013071895424824 0.059477124183006415 0.06013071895424824 0.06013071895424824 0.06078431372549007 0.05882352941176457 0.06013071895424824 0.059477124183006415 0.05882352941176457 0.06013071895424824 0.0594771241830064 0.05882352941176457 0.05882352941176457 0.05882352941176457
0.059876543209876426 0.07037037037037024 0.061111111111111005 0.05864197530864187 0.06604938271604925 0.08271604938271593 0.07160493827160483 0.0722222222222221 0.05740740740740729 0.07098765432098754 0.06913580246913567 0.07469135802469123 0.06481481481481469 0.06296296296296286 0.05740740740740729
0.16928104575163372 0.05882352941176457 0.059477124183006415 0.0594771241830064 0.05882352941176457 0.06078431372549007 0.059477124183006415 0.06013071895424823 0.05882352941176457 0.05882352941176457 0.05882352941176457 0.0594771241830064 0.05882352941176457 0.05882352941176457 0.06013071895424823
0.0625 0.06458333333333334 0.06458333333333334 0.0625 0.0625 0.07152777777777777 0.06458333333333334 0.07569444444444444 0.06458333333333334 0.06319444444444444 0.0625 0.09027777777777778 0.06527777777777778 0.06319444444444444 0.0625
0.06736111111111111 0.06527777777777778 0.06388888888888888 0.06458333333333334 0.06527777777777778 0.06875 0.06875 0.06527777777777778 0.07013888888888889 0.06666666666666667 0.06597222222222222 0.07013888888888889 0.06805555555555555 0.06527777777777778 0.06458333333333334
0.050724637681159486 0.05265700483091797 0.060869565217391376 0.09130434782608705 0.05169082125603873 0.058937198067632944 0.059903381642512174 0.06618357487922716 0.0753623188405798 0.05845410628019331 0.04879227053140105 0.06666666666666675 0.060386473429951765 0.14637681159420285 0.05169082125603873
0.062091503267973726 0.06732026143790835 0.06797385620915021 0.06535947712418286 0.06470588235294106 0.06666666666666651 0.07254901960784299 0.06666666666666653 0.06862745098039202 0.06535947712418287 0.06405228758169922 0.06274509803921556 0.07777777777777763 0.06274509803921556 0.0653594771241829
0.059477124183006415 0.05882352941176457 0.06013071895424823 0.06470588235294104 0.05882352941176457 0.059477124183006415 0.06013071895424823 0.062091503267973726 0.15359477124182982 0.06339869281045737 0.059477124183006415 0.05882352941176457 0.06078431372549007 0.0614379084967319 0.05882352941176457
0.052222222222222135 0.05166666666666658 0.052222222222222135 0.056666666666666574 0.052222222222222135 0.053333333333333253 0.052222222222222135 0.16722222222222216 0.08055555555555544 0.07222222222222212 0.05111111111111103 0.053888888888888806 0.0549999999999999 0.05222222222222213 0.09722222222222208
0.0888888888888888 0.0772222222222221 0.058333333333333244 0.05611111111111103 0.05555555555555547 0.05944444444444435 0.05499999999999991 0.05444444444444435 0.058888888888888796 0.057222222222222126 0.058333333333333244 0.15333333333333343 0.056666666666666594 0.05166666666666659 0.05888888888888879
0.05611111111111101 0.05611111111111102 0.05833333333333325 0.05166666666666658 0.10222222222222216 0.0538888888888888 0.055555555555555476 0.054999999999999924 0.05333333333333324 0.05499999999999991 0.05111111111111103 0.05166666666666658 0.053333333333333253 0.0527777777777777 0.19388888888888875
0.054970760233918115 0.05321637426900585 0.06315789473684208 0.10233918128654967 0.05614035087719297 0.058479532163742645 0.057309941520467804 0.05497076023391813 0.15847953216374247 0.05672514619883039 0.05789473684210526 0.05847953216374269 0.05906432748538011 0.05438596491228071 0.05438596491228071
0.08222222222222214 0.05499999999999991 0.0527777777777777 0.05277777777777769 0.06666666666666658 0.05611111111111102 0.06499999999999989 0.14111111111111108 0.0527777777777777 0.09666666666666668 0.05999999999999991 0.0538888888888888 0.05833333333333325 0.053888888888888806 0.05277777777777769
0.0625 0.06319444444444444 0.06319444444444444 0.0625 0.06388888888888888 0.06319444444444444 0.0625 0.11736111111111111 0.06388888888888888 0.0625 0.0625 0.06527777777777778 0.0625 0.0625 0.0625
0.05555555555555545 0.05679012345679001 0.05555555555555545 0.05679012345679001 0.05740740740740729 0.06358024691358014 0.16296296296296273 0.05740740740740729 0.05740740740740729 0.05925925925925914 0.05555555555555545 0.05679012345679001 0.09197530864197516 0.05617283950617273 0.05679012345679001
0.05882352941176457 0.0594771241830064 0.06078431372549007 0.05882352941176457 0.059477124183006415 0.0594771241830064 0.062091503267973726 0.0594771241830064 0.16274509803921544 0.06013071895424823 0.06013071895424824 0.060784313725490056 0.06013071895424824 0.05882352941176457 0.05882352941176457
0.06319444444444444 0.06388888888888888 0.0625 0.06458333333333334 0.06319444444444444 0.11319444444444444 0.06388888888888888 0.0625 0.0625 0.06319444444444444 0.06319444444444444 0.06319444444444444 0.06527777777777778 0.0625 0.06319444444444444
0.06013071895424823 0.06013071895424823 0.06013071895424824 0.061437908496731884 0.062091503267973726 0.062091503267973726 0.0751633986928103 0.06339869281045737 0.10718954248365993 0.06274509803921555 0.059477124183006415 0.0614379084967319 0.08692810457516327 0.05882352941176457 0.05882352941176457
0.0625 0.0625 0.07083333333333333 0.10833333333333334 0.0625 0.0625 0.0625 0.0625 0.06388888888888888 0.0625 0.0625 0.06805555555555555 0.06319444444444444 0.0625 0.06319444444444444
0.0594771241830064 0.0594771241830064 0.0614379084967319 0.06928104575163385 0.05882352941176457 0.06470588235294106 0.06013071895424823 0.061437908496731905 0.09411764705882333 0.10784313725490177 0.061437908496731884 0.05882352941176457 0.06274509803921555 0.06013071895424823 0.06013071895424824
0.06388888888888879 0.05611111111111104 0.06166666666666658 0.10055555555555547 0.05999999999999991 0.06999999999999992 0.06944444444444434 0.1083333333333333 0.05777777777777769 0.05888888888888881 0.05777777777777769 0.06222222222222214 0.06055555555555548 0.05444444444444436 0.058333333333333244
