0.06458333333333334 0.06875 0.06527777777777778 0.06944444444444445 0.06319444444444444 0.06597222222222222 0.06597222222222222 0.06458333333333334 0.06875 0.07013888888888889 0.06527777777777778 0.06666666666666667 0.06458333333333334 0.06736111111111111 0.06944444444444445
0.06388888888888888 0.06875 0.06319444444444444 0.06805555555555555 0.06388888888888888 0.06527777777777778 0.06875 0.06875 0.06597222222222222 0.06666666666666667 0.06944444444444445 0.06805555555555555 0.06597222222222222 0.06805555555555555 0.06527777777777778
0.06458333333333334 0.06736111111111111 0.06319444444444444 0.06597222222222222 0.06527777777777778 0.06805555555555555 0.06736111111111111 0.06875 0.06458333333333334 0.06875 0.06527777777777778 0.06736111111111111 0.06805555555555555 0.07013888888888889 0.06527777777777778
0.05611111111111102 0.06388888888888879 0.058333333333333244 0.07777777777777768 0.06388888888888881 0.06111111111111102 0.07555555555555546 0.06611111111111102 0.06333333333333327 0.06555555555555548 0.07222222222222212 0.06944444444444435 0.07444444444444438 0.06444444444444436 0.06777777777777767
0.0625 0.06527777777777778 0.06458333333333334 0.06875 0.06319444444444444 0.06388888888888888 0.07013888888888889 0.06736111111111111 0.06736111111111111 0.07013888888888889 0.06527777777777778 0.06736111111111111 0.06805555555555555 0.06666666666666667 0.06944444444444445
0.06078431372549007 0.06862745098039204 0.0614379084967319 0.072549019607843 0.0614379084967319 0.062091503267973726 0.09411764705882339 0.062091503267973726 0.06535947712418286 0.07843137254901948 0.06339869281045737 0.061437908496731905 0.061437908496731905 0.0614379084967319 0.06535947712418286
0.061728395061728274 0.06543209876543199 0.058641975308641854 0.06728395061728384 0.058024691358024585 0.06358024691358012 0.07777777777777767 0.06666666666666655 0.06604938271604928 0.06666666666666655 0.07469135802469123 0.06790123456790112 0.06296296296296283 0.06296296296296283 0.07962962962962951
0.06458333333333334 0.06527777777777778 0.06319444444444444 0.06875 0.0625 0.06319444444444444 0.08472222222222223 0.06319444444444444 0.06597222222222222 0.07916666666666666 0.06666666666666667 0.06388888888888888 0.06319444444444444 0.0625 0.06319444444444444
0.06597222222222222 0.06736111111111111 0.06736111111111111 0.06805555555555555 0.06527777777777778 0.06458333333333334 0.06875 0.06458333333333334 0.06666666666666667 0.06805555555555555 0.06527777777777778 0.06666666666666667 0.06944444444444445 0.06458333333333334 0.06736111111111111
0.06274509803921555 0.06274509803921556 0.07777777777777763 0.06928104575163385 0.06666666666666654 0.06209150326797373 0.0699346405228757 0.06470588235294103 0.0640522875816992 0.06732026143790837 0.0660130718954247 0.0699346405228757 0.06470588235294103 0.06666666666666653 0.06535947712418286
0.06388888888888888 0.06527777777777778 0.06388888888888888 0.06805555555555555 0.06597222222222222 0.06666666666666667 0.06458333333333334 0.06388888888888888 0.06597222222222222 0.06736111111111111 0.07013888888888889 0.06458333333333334 0.07083333333333333 0.06875 0.07013888888888889
0.05925925925925914 0.06975308641975297 0.06049382716049371 0.06419753086419741 0.06666666666666654 0.06172839506172829 0.07283950617283938 0.06728395061728383 0.0641975308641974 0.0679012345679011 0.0691358024691357 0.06728395061728384 0.07407407407407395 0.06851851851851838 0.06666666666666655
0.06728395061728383 0.06975308641975296 0.06296296296296283 0.06666666666666655 0.06172839506172829 0.06604938271604925 0.06296296296296285 0.06419753086419741 0.0648148148148147 0.07098765432098751 0.07037037037037024 0.06666666666666654 0.07222222222222209 0.06975308641975297 0.06358024691358014
0.06049382716049372 0.07345679012345667 0.05925925925925915 0.07345679012345668 0.06049382716049372 0.06296296296296285 0.07839506172839496 0.06728395061728383 0.06851851851851841 0.06851851851851841 0.06666666666666653 0.06172839506172827 0.06481481481481469 0.06172839506172829 0.0722222222222221
0.06944444444444445 0.06736111111111111 0.06458333333333334 0.06527777777777778 0.06527777777777778 0.06736111111111111 0.06597222222222222 0.06666666666666667 0.06666666666666667 0.06944444444444445 0.06458333333333334 0.06875 0.06458333333333334 0.06736111111111111 0.06666666666666667
0.06274509803921555 0.06862745098039202 0.06405228758169922 0.06535947712418287 0.0640522875816992 0.06013071895424824 0.06928104575163387 0.06339869281045737 0.07058823529411752 0.06339869281045739 0.0660130718954247 0.08039215686274495 0.06797385620915021 0.06601307189542471 0.0679738562091502
0.06772486772486765 0.07301587301587292 0.06296296296296289 0.07037037037037028 0.055555555555555476 0.06507936507936499 0.06613756613756604 0.06772486772486765 0.06190476190476181 0.061375661375661285 0.06825396825396816 0.061904761904761824 0.07089947089947081 0.07777777777777772 0.06931216931216927
0.0679012345679011 0.07530864197530854 0.05925925925925915 0.06728395061728384 0.061111111111111005 0.06358024691358014 0.06728395061728383 0.06049382716049371 0.06728395061728384 0.06790123456790112 0.06543209876543199 0.06234567901234558 0.06790123456790113 0.07777777777777765 0.06913580246913567
0.06296296296296286 0.0679012345679011 0.061111111111111005 0.07222222222222209 0.06111111111111099 0.05925925925925914 0.07407407407407397 0.06234567901234558 0.06296296296296283 0.07160493827160483 0.07654320987654309 0.06604938271604927 0.06296296296296285 0.06666666666666654 0.07222222222222212
0.06388888888888888 0.06597222222222222 0.06319444444444444 0.07083333333333333 0.0625 0.0625 0.08402777777777778 0.06388888888888888 0.06666666666666667 0.075 0.06597222222222222 0.06388888888888888 0.06319444444444444 0.0625 0.06597222222222222
0.06597222222222222 0.06597222222222222 0.06666666666666667 0.06736111111111111 0.06527777777777778 0.06805555555555555 0.06666666666666667 0.06458333333333334 0.06597222222222222 0.06527777777777778 0.06527777777777778 0.07083333333333333 0.06805555555555555 0.06666666666666667 0.06736111111111111
0.06296296296296285 0.07098765432098753 0.06358024691358014 0.06543209876543198 0.06481481481481469 0.06543209876543198 0.06728395061728384 0.06543209876543199 0.06481481481481469 0.06666666666666657 0.06481481481481469 0.06543209876543199 0.06543209876543199 0.07345679012345667 0.07345679012345668
0.06527777777777778 0.06666666666666667 0.06388888888888888 0.06875 0.06388888888888888 0.06458333333333334 0.06666666666666667 0.06666666666666667 0.06875 0.06805555555555555 0.06875 0.06527777777777778 0.06736111111111111 0.06736111111111111 0.06805555555555555
0.06315789473684208 0.06959064327485379 0.060233918128654945 0.0719298245614035 0.061988304093567224 0.067251461988304 0.0637426900584795 0.06725146198830408 0.07017543859649118 0.06725146198830405 0.06374269005847946 0.06959064327485377 0.07251461988304088 0.06725146198830408 0.06432748538011693
0.06666666666666667 0.06736111111111111 0.06736111111111111 0.06666666666666667 0.06736111111111111 0.06527777777777778 0.06458333333333334 0.07222222222222222 0.06736111111111111 0.06597222222222222 0.06597222222222222 0.06458333333333334 0.06666666666666667 0.06597222222222222 0.06597222222222222
0.0625 0.06527777777777778 0.0625 0.06805555555555555 0.0625 0.06319444444444444 0.08611111111111111 0.06319444444444444 0.06597222222222222 0.0798611111111111 0.06458333333333334 0.06319444444444444 0.06388888888888888 0.06388888888888888 0.06527777777777778
0.06666666666666667 0.06805555555555555 0.06527777777777778 0.06458333333333334 0.06527777777777778 0.06597222222222222 0.06666666666666667 0.06805555555555555 0.06805555555555555 0.06597222222222222 0.06597222222222222 0.06666666666666667 0.06736111111111111 0.06666666666666667 0.06875
0.06666666666666655 0.07160493827160481 0.06172839506172829 0.06604938271604927 0.06296296296296283 0.06728395061728384 0.06728395061728386 0.06604938271604927 0.06728395061728384 0.06296296296296285 0.06419753086419741 0.06728395061728383 0.07160493827160479 0.06604938271604927 0.07098765432098754
0.06458333333333334 0.06527777777777778 0.06319444444444444 0.06666666666666667 0.06875 0.06388888888888888 0.06875 0.06805555555555555 0.06666666666666667 0.06805555555555555 0.06527777777777778 0.06805555555555555 0.06875 0.06597222222222222 0.06805555555555555
0.06458333333333334 0.06597222222222222 0.06458333333333334 0.06597222222222222 0.06527777777777778 0.06875 0.06666666666666667 0.06458333333333334 0.06597222222222222 0.06944444444444445 0.06875 0.06944444444444445 0.06597222222222222 0.06527777777777778 0.06875
0.06666666666666667 0.06527777777777778 0.06597222222222222 0.06597222222222222 0.06597222222222222 0.06597222222222222 0.06527777777777778 0.06666666666666667 0.06944444444444445 0.06944444444444445 0.06736111111111111 0.06875 0.06666666666666667 0.06458333333333334 0.06597222222222222
0.06049382716049371 0.0679012345679011 0.06666666666666654 0.0648148148148147 0.06481481481481469 0.061728395061728274 0.06604938271604929 0.06358024691358014 0.06851851851851842 0.0679012345679011 0.06913580246913567 0.07160493827160483 0.06975308641975297 0.06543209876543199 0.07160493827160483
0.062345679012345556 0.0648148148148147 0.06049382716049371 0.07345679012345666 0.06358024691358014 0.06851851851851841 0.06543209876543199 0.06604938271604928 0.06172839506172829 0.06790123456790112 0.06975308641975296 0.07037037037037026 0.06913580246913568 0.06358024691358011 0.07283950617283938
0.06388888888888888 0.06666666666666667 0.06666666666666667 0.06736111111111111 0.06527777777777778 0.06666666666666667 0.06736111111111111 0.06458333333333334 0.06666666666666667 0.06666666666666667 0.06736111111111111 0.06875 0.06805555555555555 0.06527777777777778 0.06875
0.06319444444444444 0.06597222222222222 0.0625 0.06944444444444445 0.0625 0.06319444444444444 0.0875 0.06319444444444444 0.06527777777777778 0.07777777777777778 0.06388888888888888 0.06319444444444444 0.06388888888888888 0.06388888888888888 0.06458333333333334
0.06736111111111111 0.06944444444444445 0.06805555555555555 0.06527777777777778 0.06527777777777778 0.06805555555555555 0.06805555555555555 0.06597222222222222 0.06388888888888888 0.06805555555555555 0.06597222222222222 0.06597222222222222 0.06458333333333334 0.06805555555555555 0.06597222222222222
0.06374269005847953 0.0637426900584795 0.05964912280701749 0.06666666666666668 0.06198830409356722 0.06491228070175437 0.0678362573099415 0.06783625730994149 0.0725146198830409 0.07134502923976603 0.06608187134502921 0.07192982456140347 0.06900584795321635 0.06432748538011691 0.06842105263157895
0.05555555555555547 0.06455026455026448 0.05502645502645494 0.059259259259259164 0.101058201058201 0.06613756613756604 0.07301587301587291 0.07037037037037028 0.06296296296296289 0.06031746031746022 0.06402116402116394 0.0682539682539682 0.06931216931216921 0.059259259259259164 0.07089947089947084
0.061988304093567245 0.07017543859649122 0.06491228070175435 0.0637426900584795 0.06257309941520466 0.06374269005847953 0.0654970760233918 0.06257309941520466 0.06374269005847953 0.0707602339181286 0.06959064327485377 0.07309941520467836 0.06900584795321632 0.06432748538011691 0.07426900584795315
0.0574074074074073 0.06604938271604928 0.05987654320987642 0.06358024691358014 0.11481481481481465 0.061728395061728274 0.061728395061728274 0.06543209876543198 0.06049382716049372 0.06604938271604927 0.06481481481481469 0.06543209876543198 0.06604938271604928 0.06234567901234556 0.06419753086419741
0.06470588235294104 0.06535947712418289 0.0679738562091502 0.06732026143790837 0.06470588235294103 0.06339869281045737 0.07189542483660118 0.06535947712418286 0.06274509803921555 0.06535947712418286 0.06732026143790835 0.06862745098039201 0.07058823529411752 0.06862745098039204 0.0660130718954247
0.06049382716049372 0.06728395061728384 0.062345679012345556 0.06481481481481469 0.06296296296296283 0.06234567901234558 0.07901234567901222 0.06851851851851838 0.06481481481481471 0.06913580246913567 0.06975308641975297 0.06728395061728383 0.06296296296296283 0.06666666666666655 0.07160493827160483
0.05757575757575761 0.06414141414141415 0.05656565656565658 0.06616161616161624 0.05555555555555557 0.05909090909090913 0.09595959595959602 0.06363636363636371 0.06616161616161621 0.08232323232323241 0.06818181818181825 0.05656565656565661 0.06666666666666672 0.06212121212121216 0.0792929292929294
0.06783625730994151 0.06666666666666665 0.05906432748538011 0.06783625730994153 0.06315789473684205 0.06198830409356724 0.06608187134502917 0.07134502923976607 0.06608187134502923 0.06315789473684205 0.06959064327485374 0.06432748538011691 0.0707602339181286 0.07543859649122804 0.06666666666666664
0.06470588235294104 0.06666666666666654 0.0614379084967319 0.06601307189542473 0.07581699346405214 0.06470588235294104 0.07058823529411751 0.06862745098039202 0.06666666666666653 0.06666666666666654 0.06470588235294103 0.06470588235294104 0.06535947712418286 0.06928104575163387 0.0640522875816992
0.07426900584795318 0.0614035087719298 0.05789473684210524 0.07485380116959053 0.0643274853801169 0.058479532163742666 0.07192982456140345 0.0748538011695906 0.06081871345029234 0.059649122807017514 0.07602339181286537 0.06374269005847953 0.0637426900584795 0.07076023391812865 0.06725146198830409
0.06458333333333334 0.06944444444444445 0.06597222222222222 0.06597222222222222 0.06944444444444445 0.06666666666666667 0.06388888888888888 0.06666666666666667 0.06388888888888888 0.06805555555555555 0.06527777777777778 0.06875 0.06805555555555555 0.06597222222222222 0.06736111111111111
0.062091503267973726 0.07058823529411751 0.06339869281045737 0.06862745098039201 0.06666666666666653 0.06601307189542471 0.06274509803921556 0.06732026143790837 0.0640522875816992 0.06928104575163387 0.06601307189542471 0.072549019607843 0.0699346405228757 0.06470588235294103 0.06601307189542471
0.06388888888888888 0.06319444444444444 0.06319444444444444 0.06666666666666667 0.06388888888888888 0.06458333333333334 0.07222222222222222 0.06666666666666667 0.06944444444444445 0.06944444444444445 0.06736111111111111 0.06666666666666667 0.06527777777777778 0.06597222222222222 0.07152777777777777
0.06358024691358014 0.07098765432098755 0.06543209876543199 0.06851851851851841 0.06481481481481471 0.0685185185185184 0.06790123456790112 0.06296296296296283 0.06604938271604927 0.05802469135802457 0.06604938271604928 0.08580246913580232 0.06419753086419741 0.05925925925925914 0.0679012345679011
0.06928104575163382 0.07189542483660118 0.0640522875816992 0.0699346405228757 0.06274509803921555 0.06274509803921555 0.0640522875816992 0.06535947712418287 0.07189542483660116 0.06535947712418289 0.06666666666666653 0.06601307189542471 0.06862745098039201 0.06732026143790838 0.06405228758169922
0.06078431372549007 0.06274509803921555 0.06013071895424824 0.0699346405228757 0.059477124183006415 0.06078431372549007 0.06928104575163385 0.07058823529411754 0.06862745098039204 0.07058823529411752 0.0679738562091502 0.06928104575163384 0.07058823529411752 0.06666666666666654 0.072549019607843
0.0614379084967319 0.06862745098039204 0.06470588235294104 0.0679738562091502 0.0699346405228757 0.0660130718954247 0.06797385620915018 0.06862745098039201 0.06339869281045739 0.06535947712418287 0.07124183006535935 0.06797385620915018 0.06732026143790837 0.06339869281045737 0.0660130718954247
0.0574074074074073 0.06543209876543199 0.06419753086419742 0.06543209876543198 0.058641975308641854 0.06419753086419741 0.06851851851851838 0.06604938271604927 0.06851851851851844 0.06604938271604928 0.0679012345679011 0.07407407407407395 0.06728395061728383 0.07222222222222209 0.07407407407407396
0.06078431372549007 0.06666666666666651 0.06274509803921555 0.06993464052287568 0.0594771241830064 0.06274509803921555 0.07385620915032665 0.07058823529411752 0.06601307189542471 0.06928104575163384 0.0660130718954247 0.06862745098039202 0.06732026143790837 0.06274509803921556 0.07320261437908483
0.07013888888888889 0.06875 0.06666666666666667 0.06597222222222222 0.06388888888888888 0.06666666666666667 0.06458333333333334 0.06805555555555555 0.06527777777777778 0.06805555555555555 0.06458333333333334 0.06527777777777778 0.06875 0.06597222222222222 0.06736111111111111
0.06481481481481473 0.06666666666666654 0.06172839506172829 0.06851851851851841 0.06049382716049371 0.06358024691358014 0.06975308641975296 0.07037037037037026 0.06419753086419741 0.06419753086419741 0.07037037037037024 0.06975308641975296 0.07160493827160481 0.06913580246913568 0.06481481481481469
0.05444444444444437 0.06666666666666657 0.06111111111111102 0.07722222222222211 0.06111111111111101 0.05777777777777767 0.07944444444444436 0.06388888888888879 0.06222222222222214 0.07388888888888884 0.06944444444444434 0.06833333333333325 0.0699999999999999 0.06666666666666657 0.0677777777777777
0.06458333333333334 0.06666666666666667 0.06736111111111111 0.06736111111111111 0.06944444444444445 0.06597222222222222 0.06944444444444445 0.06597222222222222 0.06458333333333334 0.06458333333333334 0.06666666666666667 0.06944444444444445 0.06458333333333334 0.06805555555555555 0.06527777777777778
0.05925925925925915 0.0648148148148147 0.06111111111111099 0.07345679012345667 0.058641975308641854 0.061728395061728274 0.09012345679012333 0.06543209876543196 0.06728395061728382 0.07839506172839494 0.06913580246913567 0.061728395061728274 0.061111111111111005 0.061728395061728274 0.06604938271604925
0.0594771241830064 0.06732026143790835 0.06013071895424824 0.0718954248366012 0.06013071895424823 0.06732026143790837 0.06470588235294104 0.07058823529411751 0.06470588235294103 0.06274509803921555 0.07581699346405214 0.061437908496731905 0.07058823529411752 0.06862745098039201 0.07450980392156849
0.061437908496731905 0.0699346405228757 0.06078431372549007 0.06470588235294104 0.06535947712418286 0.062091503267973726 0.06862745098039202 0.06928104575163385 0.06666666666666654 0.0679738562091502 0.06601307189542471 0.07124183006535934 0.07124183006535934 0.06209150326797373 0.072549019607843
0.06527777777777778 0.06805555555555555 0.06875 0.06458333333333334 0.06458333333333334 0.06388888888888888 0.06805555555555555 0.06805555555555555 0.07013888888888889 0.06597222222222222 0.06388888888888888 0.06666666666666667 0.06666666666666667 0.07013888888888889 0.06527777777777778
0.06535947712418289 0.06862745098039202 0.060784313725490056 0.06535947712418286 0.0614379084967319 0.0614379084967319 0.06666666666666655 0.06862745098039204 0.06862745098039201 0.06797385620915018 0.06797385620915021 0.072549019607843 0.0679738562091502 0.06732026143790838 0.06928104575163385
0.06527777777777778 0.06875 0.06388888888888888 0.06388888888888888 0.06388888888888888 0.06736111111111111 0.06458333333333334 0.06458333333333334 0.06597222222222222 0.06875 0.06597222222222222 0.06805555555555555 0.075 0.06458333333333334 0.06944444444444445
0.06597222222222222 0.06805555555555555 0.06597222222222222 0.06736111111111111 0.06527777777777778 0.06388888888888888 0.06875 0.06666666666666667 0.06527777777777778 0.06736111111111111 0.06666666666666667 0.06875 0.06666666666666667 0.06805555555555555 0.06527777777777778
0.06458333333333334 0.06736111111111111 0.06527777777777778 0.06736111111111111 0.06597222222222222 0.06597222222222222 0.06527777777777778 0.06805555555555555 0.06388888888888888 0.07222222222222222 0.06597222222222222 0.06805555555555555 0.06736111111111111 0.06736111111111111 0.06527777777777778
0.06319444444444444 0.06666666666666667 0.06736111111111111 0.06736111111111111 0.06875 0.06527777777777778 0.06736111111111111 0.06458333333333334 0.06597222222222222 0.06875 0.06736111111111111 0.06736111111111111 0.06805555555555555 0.06666666666666667 0.06527777777777778
0.06274509803921555 0.0640522875816992 0.06601307189542473 0.06732026143790834 0.06405228758169922 0.06470588235294106 0.07516339869281032 0.06862745098039202 0.06470588235294104 0.06666666666666654 0.06862745098039202 0.06862745098039201 0.06732026143790835 0.0660130718954247 0.06535947712418289
0.06527777777777778 0.07013888888888889 0.06527777777777778 0.06736111111111111 0.06527777777777778 0.06527777777777778 0.06666666666666667 0.06458333333333334 0.06736111111111111 0.06805555555555555 0.06458333333333334 0.06944444444444445 0.06666666666666667 0.06597222222222222 0.06805555555555555
0.0538888888888888 0.06499999999999989 0.05277777777777769 0.071111111111111 0.0527777777777777 0.05499999999999991 0.08833333333333322 0.055555555555555476 0.08333333333333322 0.08722222222222217 0.07833333333333327 0.06444444444444436 0.0655555555555555 0.06111111111111103 0.06555555555555546
0.062091503267973726 0.06666666666666654 0.061437908496731884 0.0660130718954247 0.06797385620915021 0.06797385620915018 0.06732026143790835 0.06732026143790835 0.0699346405228757 0.06732026143790835 0.06732026143790837 0.07124183006535935 0.06535947712418287 0.0640522875816992 0.0679738562091502
0.05730994152046784 0.0660818713450292 0.06549707602339179 0.06725146198830403 0.07251461988304092 0.06081871345029236 0.06842105263157895 0.06374269005847949 0.06900584795321635 0.07134502923976603 0.06842105263157892 0.06608187134502924 0.07426900584795322 0.06666666666666662 0.06257309941520464
0.0625 0.06527777777777778 0.06805555555555555 0.06736111111111111 0.06527777777777778 0.06597222222222222 0.07222222222222222 0.06388888888888888 0.06597222222222222 0.06736111111111111 0.06736111111111111 0.06944444444444445 0.06805555555555555 0.06458333333333334 0.06666666666666667
0.061437908496731905 0.0640522875816992 0.05882352941176457 0.06601307189542471 0.059477124183006415 0.06078431372549007 0.0660130718954247 0.06405228758169923 0.0699346405228757 0.062091503267973726 0.06535947712418289 0.0999999999999998 0.0660130718954247 0.06535947712418289 0.07058823529411752
0.0594771241830064 0.06339869281045739 0.05882352941176457 0.06862745098039205 0.06013071895424824 0.05882352941176457 0.059477124183006415 0.06013071895424823 0.07647058823529398 0.0594771241830064 0.0614379084967319 0.126143790849673 0.059477124183006415 0.06013071895424823 0.06797385620915021
0.0614379084967319 0.06862745098039202 0.06732026143790837 0.0705882352941175 0.06274509803921555 0.0640522875816992 0.07124183006535935 0.06274509803921556 0.06601307189542469 0.07320261437908483 0.06993464052287568 0.06339869281045737 0.06797385620915018 0.06405228758169922 0.06666666666666654
0.060784313725490056 0.06339869281045739 0.061437908496731884 0.06928104575163382 0.0614379084967319 0.06928104575163387 0.06405228758169922 0.06666666666666654 0.07647058823529397 0.0640522875816992 0.06993464052287567 0.06732026143790838 0.07581699346405217 0.062091503267973726 0.06797385620915018
0.05291005291005285 0.06825396825396816 0.05449735449735441 0.06402116402116392 0.05661375661375652 0.0634920634920634 0.065079365079365 0.06190476190476181 0.07830687830687823 0.07248677248677243 0.07301587301587291 0.07301587301587294 0.07989417989417985 0.0597883597883597 0.07671957671957663
0.06470588235294106 0.07254901960784302 0.06209150326797371 0.06535947712418287 0.06339869281045739 0.06405228758169923 0.06862745098039201 0.06274509803921555 0.07058823529411751 0.0679738562091502 0.06666666666666653 0.07189542483660119 0.06993464052287567 0.06535947712418287 0.06405228758169922
0.06527777777777778 0.06944444444444445 0.06388888888888888 0.06736111111111111 0.06666666666666667 0.06458333333333334 0.06666666666666667 0.06805555555555555 0.06527777777777778 0.06666666666666667 0.06805555555555555 0.06736111111111111 0.06805555555555555 0.06666666666666667 0.06597222222222222
0.0625 0.06597222222222222 0.06319444444444444 0.06527777777777778 0.06319444444444444 0.0625 0.06388888888888888 0.06458333333333334 0.07708333333333334 0.07222222222222222 0.07361111111111111 0.06458333333333334 0.06875 0.0625 0.07013888888888889
0.0594771241830064 0.06797385620915021 0.059477124183006415 0.0660130718954247 0.06209150326797373 0.07450980392156849 0.06535947712418287 0.0653594771241829 0.06797385620915018 0.06470588235294103 0.06928104575163384 0.0660130718954247 0.07581699346405214 0.06339869281045737 0.07254901960784298
0.06339869281045737 0.06666666666666653 0.06274509803921556 0.06470588235294104 0.06732026143790835 0.06535947712418287 0.07124183006535934 0.06535947712418287 0.06862745098039202 0.06535947712418287 0.0679738562091502 0.06339869281045739 0.06928104575163385 0.07058823529411751 0.06797385620915018
0.06458333333333334 0.06527777777777778 0.06597222222222222 0.06805555555555555 0.06388888888888888 0.06805555555555555 0.06666666666666667 0.06527777777777778 0.06736111111111111 0.06805555555555555 0.06805555555555555 0.06458333333333334 0.06875 0.06597222222222222 0.06944444444444445
0.06388888888888888 0.06527777777777778 0.06527777777777778 0.06736111111111111 0.06527777777777778 0.06736111111111111 0.06805555555555555 0.07013888888888889 0.06527777777777778 0.06597222222222222 0.06736111111111111 0.06527777777777778 0.06875 0.06666666666666667 0.06805555555555555
0.07901234567901222 0.06728395061728383 0.06234567901234556 0.06790123456790113 0.061111111111111005 0.062345679012345556 0.06481481481481469 0.07037037037037024 0.06049382716049371 0.06790123456790113 0.07407407407407395 0.06666666666666655 0.06851851851851841 0.06543209876543198 0.06172839506172829
0.06405228758169922 0.06862745098039202 0.06732026143790835 0.06928104575163387 0.0614379084967319 0.06470588235294104 0.06535947712418289 0.0660130718954247 0.06601307189542471 0.07124183006535935 0.06928104575163385 0.06797385620915021 0.06535947712418287 0.0660130718954247 0.06732026143790837
0.06319444444444444 0.06736111111111111 0.06388888888888888 0.06597222222222222 0.06527777777777778 0.06388888888888888 0.0625 0.06458333333333334 0.06875 0.06736111111111111 0.06527777777777778 0.09027777777777778 0.0625 0.06597222222222222 0.06319444444444444
0.05925925925925915 0.06296296296296286 0.061728395061728274 0.0722222222222221 0.06296296296296286 0.06604938271604925 0.06296296296296286 0.05925925925925915 0.07037037037037026 0.06604938271604929 0.0648148148148147 0.09320987654320977 0.06049382716049372 0.06851851851851838 0.0691358024691357
0.06388888888888888 0.06388888888888888 0.06319444444444444 0.06597222222222222 0.0625 0.06388888888888888 0.06319444444444444 0.06319444444444444 0.07222222222222222 0.06388888888888888 0.06388888888888888 0.09444444444444444 0.06319444444444444 0.06597222222222222 0.06666666666666667
0.059876543209876426 0.06481481481481469 0.05925925925925914 0.06666666666666655 0.061728395061728294 0.06358024691358014 0.06543209876543196 0.06172839506172829 0.07037037037037026 0.06111111111111099 0.06358024691358014 0.10123456790123443 0.06728395061728383 0.06913580246913567 0.0641975308641974
0.06527777777777778 0.06805555555555555 0.06527777777777778 0.06666666666666667 0.06666666666666667 0.06319444444444444 0.0625 0.06805555555555555 0.06666666666666667 0.06597222222222222 0.07013888888888889 0.06666666666666667 0.06875 0.06875 0.06736111111111111
0.06527777777777778 0.06805555555555555 0.06527777777777778 0.06527777777777778 0.06736111111111111 0.06527777777777778 0.06527777777777778 0.06527777777777778 0.06458333333333334 0.06666666666666667 0.06736111111111111 0.06805555555555555 0.06805555555555555 0.07083333333333333 0.06736111111111111
0.06527777777777778 0.06666666666666667 0.06388888888888888 0.06597222222222222 0.06805555555555555 0.06388888888888888 0.06527777777777778 0.06458333333333334 0.06458333333333334 0.06736111111111111 0.07013888888888889 0.06805555555555555 0.06805555555555555 0.07152777777777777 0.06666666666666667
0.04797979797979798 0.0691919191919193 0.05050505050505052 0.0626262626262627 0.047474747474747475 0.055050505050505065 0.0671717171717172 0.05101010101010104 0.09848484848484856 0.08939393939393943 0.09040404040404047 0.06616161616161623 0.08080808080808084 0.053535353535353575 0.07020202020202027
0.11944444444444445 0.06319444444444444 0.0625 0.06319444444444444 0.0625 0.06319444444444444 0.0625 0.0625 0.0625 0.0625 0.06388888888888888 0.06319444444444444 0.0625 0.06388888888888888 0.0625
0.06319444444444444 0.06944444444444445 0.0625 0.07013888888888889 0.06319444444444444 0.06319444444444444 0.08541666666666667 0.06319444444444444 0.06527777777777778 0.0763888888888889 0.06319444444444444 0.06388888888888888 0.06319444444444444 0.0625 0.06527777777777778
0.0625 0.06527777777777778 0.0625 0.06597222222222222 0.06319444444444444 0.06388888888888888 0.0625 0.06319444444444444 0.07083333333333333 0.06319444444444444 0.06458333333333334 0.09583333333333334 0.06458333333333334 0.06388888888888888 0.06805555555555555
0.06419753086419741 0.07037037037037025 0.06543209876543199 0.06851851851851841 0.06049382716049371 0.06234567901234556 0.062345679012345556 0.06851851851851838 0.062345679012345556 0.06851851851851838 0.06975308641975299 0.06543209876543199 0.07037037037037024 0.06728395061728384 0.07407407407407395
0.05222222222222213 0.05777777777777769 0.14222222222222228 0.06277777777777767 0.053333333333333253 0.058333333333333244 0.06222222222222215 0.05944444444444435 0.0666666666666666 0.058333333333333244 0.05666666666666658 0.0916666666666666 0.06277777777777768 0.058333333333333244 0.05722222222222214
0.06736111111111111 0.06458333333333334 0.06666666666666667 0.06666666666666667 0.06458333333333334 0.06527777777777778 0.06527777777777778 0.06736111111111111 0.06597222222222222 0.07013888888888889 0.06597222222222222 0.06875 0.06666666666666667 0.06666666666666667 0.06805555555555555
0.05666666666666658 0.066111111111111 0.05555555555555547 0.06944444444444435 0.059999999999999894 0.06055555555555548 0.07277777777777769 0.06055555555555548 0.07444444444444435 0.06333333333333326 0.06833333333333325 0.07833333333333323 0.0638888888888888 0.06944444444444435 0.08055555555555549
0.06078431372549007 0.06928104575163385 0.06470588235294104 0.06666666666666654 0.06470588235294104 0.06862745098039202 0.06535947712418287 0.07385620915032666 0.06601307189542471 0.062091503267973726 0.06797385620915021 0.0699346405228757 0.06862745098039201 0.06535947712418287 0.0660130718954247
0.06458333333333334 0.06527777777777778 0.06388888888888888 0.06805555555555555 0.06388888888888888 0.06527777777777778 0.06875 0.06597222222222222 0.06666666666666667 0.06805555555555555 0.06666666666666667 0.06736111111111111 0.06666666666666667 0.06875 0.07013888888888889
0.06527777777777778 0.06597222222222222 0.06527777777777778 0.06458333333333334 0.06805555555555555 0.06736111111111111 0.06875 0.06875 0.06597222222222222 0.06805555555555555 0.06527777777777778 0.06736111111111111 0.06597222222222222 0.06736111111111111 0.06597222222222222
0.0625 0.07083333333333333 0.07013888888888889 0.06597222222222222 0.06666666666666667 0.06319444444444444 0.06875 0.06875 0.06736111111111111 0.06597222222222222 0.06875 0.06388888888888888 0.07083333333333333 0.06319444444444444 0.06319444444444444
0.0625 0.07013888888888889 0.06527777777777778 0.06458333333333334 0.06388888888888888 0.06458333333333334 0.06458333333333334 0.06458333333333334 0.075 0.06805555555555555 0.06666666666666667 0.07083333333333333 0.06805555555555555 0.06319444444444444 0.06805555555555555
0.05497076023391813 0.07251461988304088 0.057309941520467825 0.06491228070175437 0.0608187134502924 0.061403508771929786 0.0660818713450292 0.06374269005847952 0.07660818713450285 0.07017543859649128 0.07660818713450288 0.07485380116959064 0.06783625730994151 0.0637426900584795 0.06842105263157891
0.0625 0.06527777777777778 0.06875 0.06944444444444445 0.06319444444444444 0.06319444444444444 0.06875 0.06597222222222222 0.06666666666666667 0.06527777777777778 0.06875 0.06458333333333334 0.07152777777777777 0.06805555555555555 0.06805555555555555
0.06527777777777778 0.06458333333333334 0.06736111111111111 0.06319444444444444 0.06736111111111111 0.06666666666666667 0.06805555555555555 0.06388888888888888 0.06875 0.06875 0.06875 0.06666666666666667 0.07013888888888889 0.06458333333333334 0.06597222222222222
0.06358024691358012 0.07037037037037026 0.06728395061728383 0.07345679012345666 0.058024691358024585 0.06358024691358014 0.06666666666666655 0.06604938271604927 0.06296296296296283 0.0679012345679011 0.06604938271604927 0.0691358024691357 0.0716049382716048 0.06913580246913568 0.0641975308641974
0.0594771241830064 0.06666666666666653 0.06078431372549007 0.06862745098039204 0.06274509803921556 0.06470588235294106 0.06078431372549007 0.06274509803921555 0.06732026143790838 0.06274509803921556 0.0660130718954247 0.099346405228758 0.06209150326797371 0.06666666666666654 0.06928104575163387
0.05802469135802459 0.06604938271604925 0.058024691358024585 0.06666666666666655 0.059876543209876426 0.06419753086419742 0.06604938271604925 0.06481481481481469 0.07098765432098755 0.06419753086419741 0.07530864197530854 0.07962962962962951 0.0679012345679011 0.06543209876543198 0.07283950617283938
0.06535947712418287 0.068627450980392 0.061437908496731905 0.07189542483660118 0.06339869281045739 0.06470588235294106 0.06535947712418287 0.06928104575163385 0.06601307189542471 0.061437908496731905 0.06666666666666653 0.07516339869281032 0.06732026143790835 0.06601307189542471 0.06732026143790837
0.062091503267973726 0.06339869281045737 0.06339869281045739 0.06535947712418287 0.06274509803921557 0.0640522875816992 0.0797385620915031 0.0614379084967319 0.06797385620915018 0.08235294117647048 0.06928104575163382 0.0640522875816992 0.06732026143790835 0.061437908496731905 0.06535947712418289
0.06078431372549007 0.06797385620915018 0.06078431372549007 0.06928104575163384 0.062091503267973726 0.07058823529411751 0.0640522875816992 0.06339869281045737 0.07124183006535935 0.06339869281045737 0.0679738562091502 0.07516339869281032 0.06993464052287568 0.06535947712418289 0.0679738562091502
0.05672514619883042 0.06842105263157888 0.05964912280701752 0.05789473684210524 0.057309941520467846 0.059649122807017535 0.06374269005847949 0.058479532163742694 0.09707602339181276 0.07953216374269007 0.08011695906432742 0.06374269005847949 0.06900584795321639 0.06023391812865497 0.06842105263157888
0.06535947712418287 0.06732026143790835 0.0679738562091502 0.06928104575163387 0.06274509803921555 0.06535947712418287 0.06601307189542471 0.0660130718954247 0.062091503267973726 0.06405228758169922 0.06862745098039201 0.06862745098039204 0.06862745098039202 0.07320261437908483 0.06470588235294104
0.06319444444444444 0.06736111111111111 0.0625 0.06805555555555555 0.06875 0.06388888888888888 0.06736111111111111 0.06805555555555555 0.06597222222222222 0.06666666666666667 0.06875 0.06944444444444445 0.06736111111111111 0.06666666666666667 0.06597222222222222
0.06388888888888888 0.06458333333333334 0.0625 0.07013888888888889 0.0625 0.0625 0.0798611111111111 0.0625 0.06736111111111111 0.07708333333333334 0.06805555555555555 0.06527777777777778 0.06458333333333334 0.06458333333333334 0.06458333333333334
0.06078431372549007 0.0660130718954247 0.06274509803921555 0.0660130718954247 0.0594771241830064 0.07581699346405214 0.06470588235294106 0.06405228758169922 0.072549019607843 0.06601307189542469 0.07450980392156847 0.062091503267973726 0.07450980392156849 0.06470588235294103 0.0660130718954247
0.06388888888888888 0.07013888888888889 0.06597222222222222 0.06666666666666667 0.06527777777777778 0.06597222222222222 0.06736111111111111 0.06458333333333334 0.06736111111111111 0.06736111111111111 0.06666666666666667 0.06666666666666667 0.06527777777777778 0.07013888888888889 0.06666666666666667
0.05617283950617273 0.06666666666666655 0.05555555555555545 0.07345679012345666 0.05617283950617273 0.06913580246913567 0.09506172839506165 0.05617283950617273 0.0641975308641974 0.08333333333333323 0.06913580246913567 0.058024691358024585 0.0691358024691357 0.061111111111111005 0.06666666666666654
0.06319444444444444 0.06736111111111111 0.06527777777777778 0.06875 0.06458333333333334 0.06666666666666667 0.06527777777777778 0.06666666666666667 0.07013888888888889 0.06666666666666667 0.06597222222222222 0.06875 0.06736111111111111 0.06736111111111111 0.06597222222222222
0.06458333333333334 0.06944444444444445 0.06527777777777778 0.06597222222222222 0.06388888888888888 0.06527777777777778 0.06875 0.06319444444444444 0.06736111111111111 0.07013888888888889 0.06805555555555555 0.06527777777777778 0.06875 0.06458333333333334 0.06944444444444445
0.05079365079365073 0.06296296296296286 0.04973544973544967 0.06613756613756606 0.05343915343915337 0.05343915343915337 0.07301587301587291 0.05555555555555548 0.07724867724867719 0.06772486772486766 0.06719576719576711 0.13968253968253946 0.05502645502645495 0.058730158730158646 0.06931216931216923
0.06339869281045739 0.06470588235294103 0.06013071895424824 0.06470588235294104 0.06535947712418287 0.0705882352941175 0.06666666666666653 0.06470588235294104 0.06862745098039202 0.0660130718954247 0.06862745098039202 0.06274509803921555 0.072549019607843 0.07058823529411752 0.07058823529411751
0.061728395061728274 0.06543209876543199 0.06172839506172829 0.06728395061728384 0.061728395061728274 0.062345679012345556 0.06604938271604925 0.06790123456790112 0.07407407407407395 0.06358024691358014 0.07037037037037026 0.07098765432098754 0.06975308641975299 0.07098765432098754 0.06604938271604925
0.0625 0.06666666666666667 0.0625 0.07083333333333333 0.0625 0.06319444444444444 0.08472222222222223 0.06319444444444444 0.06597222222222222 0.0763888888888889 0.06388888888888888 0.06458333333333334 0.06388888888888888 0.06388888888888888 0.06527777777777778
0.06274509803921556 0.06862745098039202 0.06405228758169922 0.06732026143790837 0.0640522875816992 0.0679738562091502 0.06862745098039201 0.06797385620915021 0.06666666666666654 0.06339869281045737 0.06993464052287568 0.06797385620915018 0.06928104575163387 0.06666666666666654 0.06470588235294104
0.053333333333333253 0.0638888888888888 0.05555555555555547 0.06666666666666658 0.05722222222222215 0.06499999999999992 0.06555555555555544 0.06444444444444436 0.07499999999999991 0.0638888888888888 0.06666666666666657 0.09888888888888883 0.06944444444444435 0.06055555555555547 0.07388888888888884
0.05789473684210523 0.06900584795321636 0.06140350877192977 0.0701754385964912 0.0596491228070175 0.06608187134502921 0.06959064327485373 0.06725146198830403 0.06608187134502926 0.06432748538011693 0.07251461988304093 0.07251461988304092 0.07017543859649118 0.06725146198830405 0.06608187134502921
0.06527777777777778 0.06666666666666667 0.06319444444444444 0.06458333333333334 0.08125 0.06388888888888888 0.06527777777777778 0.06666666666666667 0.06666666666666667 0.06388888888888888 0.06666666666666667 0.06458333333333334 0.06458333333333334 0.06805555555555555 0.06875
0.06458333333333334 0.06666666666666667 0.06388888888888888 0.06319444444444444 0.06319444444444444 0.06666666666666667 0.06319444444444444 0.06527777777777778 0.07152777777777777 0.06944444444444445 0.07083333333333333 0.07222222222222222 0.06805555555555555 0.06388888888888888 0.06736111111111111
0.06013071895424823 0.06535947712418286 0.06078431372549007 0.06666666666666653 0.06535947712418287 0.06274509803921555 0.06339869281045739 0.06078431372549007 0.06993464052287572 0.06470588235294103 0.06732026143790837 0.099346405228758 0.0640522875816992 0.062091503267973726 0.06732026143790837
0.0625 0.06666666666666667 0.06388888888888888 0.06597222222222222 0.0625 0.07013888888888889 0.06458333333333334 0.06319444444444444 0.07083333333333333 0.06666666666666667 0.06805555555555555 0.06527777777777778 0.07361111111111111 0.06597222222222222 0.07013888888888889
