0.05055555555555547 0.059999999999999915 0.04999999999999991 0.05055555555555547 0.05166666666666658 0.052222222222222135 0.05277777777777769 0.061666666666666585 0.05166666666666658 0.05166666666666657 0.05166666666666657 0.07222222222222212 0.05111111111111102 0.052222222222222135 0.23999999999999994
0.05555555555555545 0.07160493827160481 0.093827160493827 0.05679012345679002 0.05864197530864187 0.05679012345679001 0.05617283950617273 0.0574074074074073 0.05679012345679001 0.058024691358024585 0.05617283950617273 0.06666666666666655 0.05740740740740729 0.0999999999999998 0.098148148148148
0.06458333333333334 0.06388888888888888 0.06736111111111111 0.0625 0.06597222222222222 0.06388888888888888 0.07152777777777777 0.06458333333333334 0.06319444444444444 0.06388888888888888 0.08958333333333333 0.06388888888888888 0.06388888888888888 0.06527777777777778 0.06597222222222222
0.05277777777777769 0.05166666666666657 0.05333333333333323 0.05222222222222214 0.053333333333333253 0.05611111111111103 0.057222222222222126 0.06111111111111101 0.24944444444444444 0.0527777777777777 0.05166666666666658 0.050555555555555465 0.05277777777777769 0.053888888888888806 0.05111111111111103
0.04973544973544965 0.04920634920634913 0.05661375661375654 0.04920634920634914 0.052380952380952306 0.05502645502645496 0.06296296296296287 0.051851851851851774 0.05238095238095231 0.05132275132275125 0.2645502645502642 0.05291005291005284 0.053439153439153377 0.05026455026455019 0.04814814814814808
0.06460905349794242 0.042798353909465056 0.04567901234567906 0.040329218106995926 0.07613168724279844 0.049794238683127594 0.044855967078189354 0.04279835390946508 0.1300411522633744 0.042798353909465056 0.2534979423868313 0.0386831275720165 0.047736625514403344 0.04115226337448564 0.039094650205761354
0.05497076023391814 0.05789473684210525 0.06783625730994151 0.052631578947368425 0.060818713450292376 0.06842105263157888 0.0567251461988304 0.06783625730994156 0.05438596491228069 0.055555555555555525 0.11403508771929817 0.0543859649122807 0.054970760233918115 0.12573099415204664 0.05380116959064327
0.0625 0.0625 0.0625 0.06319444444444444 0.12152777777777778 0.0625 0.0625 0.0625 0.06319444444444444 0.06388888888888888 0.0625 0.0625 0.0625 0.0625 0.06319444444444444
0.07222222222222222 0.0625 0.06666666666666667 0.0625 0.06388888888888888 0.06736111111111111 0.06597222222222222 0.06597222222222222 0.08263888888888889 0.06666666666666667 0.06388888888888888 0.0625 0.06319444444444444 0.07083333333333333 0.06319444444444444
0.043589743589743546 0.04316239316239311 0.09786324786324775 0.04059829059829056 0.05940170940170937 0.05811965811965807 0.047008547008547 0.21794871794871784 0.04145299145299142 0.0444444444444444 0.046153846153846136 0.11282051282051271 0.04786324786324782 0.057692307692307626 0.041880341880341836
0.06319444444444444 0.06319444444444444 0.08125 0.0625 0.08958333333333333 0.0625 0.06319444444444444 0.0625 0.06319444444444444 0.06388888888888888 0.0625 0.06736111111111111 0.06319444444444444 0.06944444444444445 0.0625
0.06666666666666654 0.062091503267973726 0.08431372549019595 0.06078431372549007 0.09019607843137238 0.06535947712418287 0.06470588235294104 0.062091503267973726 0.06470588235294103 0.06274509803921555 0.0614379084967319 0.06078431372549007 0.061437908496731905 0.072549019607843 0.06013071895424824
0.06458333333333334 0.0625 0.06666666666666667 0.06458333333333334 0.07569444444444444 0.075 0.07013888888888889 0.06458333333333334 0.06458333333333334 0.06597222222222222 0.06527777777777778 0.06527777777777778 0.06597222222222222 0.06666666666666667 0.0625
0.060784313725490056 0.0594771241830064 0.072549019607843 0.05882352941176457 0.1267973856209148 0.06535947712418287 0.06013071895424824 0.07254901960784298 0.0594771241830064 0.06078431372549007 0.05882352941176457 0.06601307189542471 0.06078431372549007 0.05882352941176457 0.05882352941176457
0.05679012345679001 0.05802469135802457 0.05925925925925915 0.05555555555555545 0.1672839506172837 0.05740740740740729 0.06358024691358014 0.05925925925925915 0.05802469135802457 0.059876543209876426 0.05802469135802457 0.058641975308641854 0.07283950617283935 0.05925925925925915 0.05617283950617273
0.06013071895424823 0.06013071895424824 0.10653594771241807 0.0594771241830064 0.118300653594771 0.059477124183006415 0.06013071895424824 0.0594771241830064 0.0594771241830064 0.0594771241830064 0.059477124183006415 0.05882352941176457 0.0594771241830064 0.05882352941176457 0.06078431372549007
0.0625 0.0625 0.0625 0.0625 0.12291666666666666 0.0625 0.06319444444444444 0.0625 0.0625 0.06319444444444444 0.06319444444444444 0.0625 0.0625 0.0625 0.0625
0.06458333333333334 0.06319444444444444 0.06736111111111111 0.06319444444444444 0.06666666666666667 0.0798611111111111 0.06666666666666667 0.06527777777777778 0.06458333333333334 0.07013888888888889 0.06527777777777778 0.06388888888888888 0.06527777777777778 0.06875 0.06527777777777778
0.0594771241830064 0.06274509803921556 0.0614379084967319 0.059477124183006415 0.12026143790849646 0.062091503267973726 0.09542483660130699 0.0594771241830064 0.05882352941176457 0.06078431372549007 0.059477124183006415 0.0614379084967319 0.059477124183006415 0.06078431372549007 0.05882352941176457
0.06458333333333334 0.06319444444444444 0.06319444444444444 0.06388888888888888 0.06458333333333334 0.06388888888888888 0.06388888888888888 0.0625 0.06388888888888888 0.06388888888888888 0.06458333333333334 0.06319444444444444 0.0625 0.10972222222222222 0.0625
0.05925925925925914 0.05864197530864187 0.06543209876543198 0.05617283950617273 0.06975308641975296 0.061728395061728274 0.06790123456790113 0.10925925925925907 0.05925925925925915 0.06049382716049372 0.061111111111110984 0.058641975308641875 0.05864197530864187 0.09629629629629617 0.0574074074074073
0.059876543209876426 0.058024691358024585 0.07530864197530852 0.05679012345679001 0.06975308641975296 0.07592592592592583 0.06728395061728382 0.12098765432098749 0.05617283950617273 0.07037037037037025 0.059876543209876426 0.05679012345679001 0.05617283950617273 0.06049382716049372 0.05617283950617273
0.053888888888888806 0.0527777777777777 0.06444444444444433 0.05222222222222214 0.12222222222222211 0.07944444444444435 0.05333333333333324 0.14166666666666672 0.05444444444444436 0.05333333333333324 0.0538888888888888 0.05166666666666658 0.05222222222222213 0.06111111111111101 0.05333333333333324
0.07283950617283938 0.05740740740740729 0.06358024691358014 0.05864197530864187 0.06851851851851841 0.12592592592592572 0.07407407407407396 0.06049382716049372 0.05925925925925915 0.059876543209876426 0.05802469135802457 0.0574074074074073 0.058024691358024585 0.0648148148148147 0.06111111111111099
0.07013888888888889 0.06597222222222222 0.06736111111111111 0.06597222222222222 0.06736111111111111 0.07013888888888889 0.06597222222222222 0.06527777777777778 0.06527777777777778 0.06875 0.06458333333333334 0.06736111111111111 0.06527777777777778 0.06458333333333334 0.06597222222222222
0.05213675213675207 0.04102564102564098 0.21111111111111122 0.043162393162393134 0.057692307692307654 0.05512820512820508 0.04999999999999996 0.09743589743589734 0.04188034188034184 0.07350427350427341 0.04999999999999995 0.04786324786324782 0.051282051282051225 0.08547008547008537 0.04230769230769227
0.06319444444444444 0.06319444444444444 0.07083333333333333 0.06458333333333334 0.06805555555555555 0.06736111111111111 0.06458333333333334 0.06527777777777778 0.06736111111111111 0.06527777777777778 0.06527777777777778 0.06527777777777778 0.06875 0.07361111111111111 0.06736111111111111
0.05555555555555545 0.06419753086419741 0.05679012345679001 0.05925925925925915 0.05617283950617273 0.05679012345679002 0.05617283950617273 0.05555555555555545 0.05617283950617273 0.05555555555555545 0.05617283950617273 0.05617283950617273 0.05617283950617273 0.05617283950617273 0.2030864197530861
0.034444444444444444 0.04037037037037038 0.06185185185185184 0.31999999999999995 0.03851851851851851 0.03592592592592592 0.03592592592592592 0.035555555555555535 0.034814814814814805 0.03703703703703702 0.03592592592592592 0.03592592592592592 0.06740740740740739 0.03962962962962961 0.14666666666666653
0.07058823529411752 0.0594771241830064 0.06078431372549007 0.05882352941176457 0.06470588235294104 0.08823529411764684 0.06405228758169922 0.0614379084967319 0.05882352941176457 0.06078431372549007 0.059477124183006415 0.06013071895424823 0.0594771241830064 0.06209150326797373 0.1111111111111109
0.05111111111111103 0.057222222222222126 0.05277777777777769 0.0538888888888888 0.05333333333333324 0.05555555555555547 0.06444444444444435 0.0538888888888888 0.04999999999999991 0.05111111111111103 0.050555555555555465 0.05055555555555547 0.052222222222222135 0.05222222222222214 0.2511111111111112
0.05802469135802457 0.07222222222222209 0.1049382716049381 0.05617283950617273 0.058024691358024585 0.0691358024691357 0.06790123456790113 0.06481481481481469 0.058024691358024585 0.0641975308641974 0.05679012345679001 0.05555555555555545 0.05679012345679001 0.059876543209876426 0.09753086419753071
0.03769841269841266 0.17023809523809513 0.04285714285714287 0.19047619047619038 0.09246031746031733 0.03611111111111109 0.03730158730158728 0.03968253968253966 0.036507936507936475 0.03730158730158728 0.03849206349206346 0.037301587301587266 0.07301587301587295 0.04365079365079367 0.08690476190476178
0.05906432748538009 0.07894736842105259 0.07543859649122805 0.06608187134502917 0.07719298245614035 0.060233918128654966 0.059064327485380076 0.06666666666666667 0.054970760233918115 0.06257309941520464 0.05730994152046782 0.10877192982456135 0.058479532163742666 0.060818713450292376 0.05438596491228069
0.048989898989899 0.1292929292929294 0.053030303030303066 0.1474747474747476 0.05808080808080808 0.051010101010101026 0.04797979797979798 0.09292929292929294 0.04848484848484849 0.05000000000000001 0.05151515151515154 0.04646464646464645 0.04696969696969695 0.057070707070707105 0.07070707070707073
0.05679012345679001 0.061111111111111005 0.12716049382716035 0.06049382716049372 0.06543209876543199 0.07283950617283937 0.07530864197530851 0.06358024691358012 0.05740740740740729 0.06234567901234556 0.05987654320987642 0.058024691358024585 0.061728395061728274 0.058641975308641854 0.05925925925925915
0.0614379084967319 0.059477124183006415 0.06339869281045739 0.0594771241830064 0.06078431372549007 0.1339869281045749 0.062091503267973726 0.06339869281045737 0.060784313725490056 0.06274509803921556 0.06666666666666653 0.06274509803921556 0.06013071895424824 0.06405228758169922 0.05882352941176457
0.05617283950617273 0.05617283950617273 0.05987654320987644 0.05679012345679001 0.05864197530864187 0.05617283950617273 0.05740740740740729 0.19197530864197496 0.05679012345679001 0.058641975308641854 0.05679012345679001 0.05925925925925915 0.0574074074074073 0.061728395061728274 0.05617283950617273
0.05111111111111102 0.05055555555555547 0.05111111111111103 0.0977777777777776 0.05055555555555547 0.050555555555555465 0.05166666666666658 0.04999999999999991 0.05055555555555547 0.04999999999999991 0.15388888888888907 0.04999999999999991 0.09277777777777764 0.09833333333333319 0.05111111111111103
0.0625 0.06527777777777778 0.06388888888888888 0.06458333333333334 0.06666666666666667 0.06388888888888888 0.06388888888888888 0.06458333333333334 0.0625 0.06458333333333334 0.06388888888888888 0.0625 0.0625 0.08611111111111111 0.08263888888888889
0.04999999999999991 0.11333333333333327 0.05333333333333324 0.08388888888888876 0.05444444444444435 0.05111111111111102 0.05111111111111103 0.04999999999999991 0.05166666666666658 0.04999999999999991 0.05111111111111103 0.05111111111111102 0.05055555555555547 0.050555555555555465 0.18777777777777765
0.06319444444444444 0.06388888888888888 0.0625 0.06388888888888888 0.06597222222222222 0.06527777777777778 0.06458333333333334 0.0625 0.06319444444444444 0.06319444444444444 0.06319444444444444 0.0625 0.0625 0.06319444444444444 0.11041666666666666
0.052631578947368425 0.052631578947368425 0.052631578947368425 0.2614035087719301 0.05321637426900585 0.052631578947368425 0.052631578947368425 0.05321637426900585 0.052631578947368425 0.052631578947368425 0.052631578947368425 0.052631578947368425 0.05321637426900586 0.052631578947368425 0.052631578947368425
0.06296296296296285 0.06604938271604925 0.06666666666666655 0.059876543209876426 0.06975308641975299 0.07777777777777765 0.06543209876543198 0.06481481481481469 0.06358024691358014 0.0728395061728394 0.06790123456790115 0.05925925925925915 0.06049382716049372 0.06851851851851838 0.07407407407407396
0.058024691358024585 0.06975308641975296 0.07037037037037026 0.06358024691358014 0.09012345679012336 0.06790123456790109 0.06111111111111099 0.061728395061728274 0.05617283950617273 0.05925925925925915 0.059876543209876426 0.05740740740740729 0.05802469135802457 0.0691358024691357 0.09753086419753071
0.06319444444444444 0.06388888888888888 0.06458333333333334 0.06527777777777778 0.06527777777777778 0.06736111111111111 0.06319444444444444 0.07222222222222222 0.0625 0.06319444444444444 0.06319444444444444 0.09444444444444444 0.06388888888888888 0.06458333333333334 0.06319444444444444
0.06944444444444435 0.05277777777777769 0.09888888888888879 0.0549999999999999 0.06444444444444436 0.06722222222222213 0.05666666666666658 0.05944444444444435 0.05999999999999991 0.07833333333333324 0.10444444444444435 0.05944444444444436 0.05999999999999991 0.058888888888888796 0.0549999999999999
0.062091503267973726 0.06078431372549007 0.06405228758169922 0.06078431372549007 0.06405228758169923 0.13006535947712394 0.06470588235294103 0.061437908496731905 0.0614379084967319 0.06535947712418286 0.0614379084967319 0.060784313725490056 0.0594771241830064 0.06274509803921555 0.06078431372549007
0.06527777777777778 0.06319444444444444 0.07361111111111111 0.06388888888888888 0.07083333333333333 0.06597222222222222 0.07291666666666667 0.06458333333333334 0.06319444444444444 0.07847222222222222 0.06319444444444444 0.0625 0.06388888888888888 0.06458333333333334 0.06388888888888888
0.06875 0.06388888888888888 0.06944444444444445 0.06736111111111111 0.06388888888888888 0.06875 0.0763888888888889 0.06666666666666667 0.06458333333333334 0.06736111111111111 0.06458333333333334 0.06319444444444444 0.06388888888888888 0.06527777777777778 0.06597222222222222
0.06319444444444444 0.0625 0.12083333333333333 0.0625 0.06319444444444444 0.06319444444444444 0.06319444444444444 0.06319444444444444 0.0625 0.0625 0.0625 0.0625 0.06319444444444444 0.0625 0.0625
0.0637426900584795 0.05730994152046782 0.09005847953216374 0.05438596491228069 0.12222222222222207 0.0637426900584795 0.056725146198830435 0.06023391812865497 0.05672514619883039 0.059649122807017535 0.05906432748538012 0.06491228070175435 0.0567251461988304 0.07777777777777783 0.05672514619883039
0.06319444444444444 0.06666666666666667 0.06875 0.06805555555555555 0.06805555555555555 0.06597222222222222 0.06597222222222222 0.06875 0.06527777777777778 0.06527777777777778 0.07152777777777777 0.0625 0.06736111111111111 0.06597222222222222 0.06666666666666667
0.061437908496731905 0.05882352941176457 0.06470588235294106 0.06013071895424824 0.061437908496731905 0.152941176470588 0.06078431372549007 0.06013071895424823 0.05882352941176457 0.06078431372549007 0.062091503267973726 0.059477124183006415 0.059477124183006415 0.0594771241830064 0.0594771241830064
0.06597222222222222 0.06319444444444444 0.06944444444444445 0.06319444444444444 0.06597222222222222 0.08055555555555556 0.06666666666666667 0.06458333333333334 0.06319444444444444 0.07013888888888889 0.06805555555555555 0.06458333333333334 0.06458333333333334 0.06527777777777778 0.06458333333333334
0.0625 0.06319444444444444 0.08541666666666667 0.06319444444444444 0.06527777777777778 0.07013888888888889 0.06944444444444445 0.06666666666666667 0.0625 0.0625 0.06666666666666667 0.06388888888888888 0.06597222222222222 0.06944444444444445 0.06319444444444444
0.08456790123456778 0.05617283950617273 0.06419753086419742 0.05679012345679001 0.07037037037037026 0.06419753086419741 0.06358024691358014 0.06049382716049372 0.05864197530864187 0.06296296296296286 0.11049382716049365 0.058641975308641854 0.06666666666666654 0.06296296296296283 0.05925925925925915
0.05987654320987645 0.05925925925925914 0.05925925925925915 0.058024691358024585 0.06049382716049372 0.061111111111111005 0.05925925925925915 0.14259259259259238 0.058024691358024585 0.05925925925925915 0.06049382716049372 0.06172839506172827 0.06049382716049371 0.08086419753086406 0.05925925925925915
0.11960784313725467 0.05882352941176457 0.06797385620915021 0.05882352941176457 0.06928104575163384 0.07320261437908485 0.06078431372549007 0.0640522875816992 0.062091503267973726 0.0614379084967319 0.06078431372549007 0.06078431372549007 0.06078431372549007 0.060784313725490056 0.06078431372549007
0.13742690058479518 0.05614035087719299 0.06081871345029236 0.0596491228070175 0.06608187134502923 0.09298245614035087 0.05964912280701752 0.060233918128654945 0.056725146198830415 0.0590643274853801 0.0614035087719298 0.056725146198830394 0.0567251461988304 0.059649122807017514 0.056725146198830394
0.2712121212121211 0.04898989898989899 0.04848484848484848 0.04696969696969696 0.0565656565656566 0.05353535353535357 0.04797979797979797 0.0494949494949495 0.051010101010101026 0.0818181818181819 0.0494949494949495 0.04797979797979798 0.0494949494949495 0.0494949494949495 0.047474747474747475
0.12430555555555556 0.06319444444444444 0.0625 0.0625 0.0625 0.0625 0.0625 0.0625 0.0625 0.0625 0.0625 0.0625 0.0625 0.0625 0.0625
0.07516339869281032 0.059477124183006415 0.0614379084967319 0.06013071895424824 0.06470588235294103 0.06274509803921555 0.06078431372549007 0.12287581699346385 0.0614379084967319 0.06078431372549007 0.06274509803921556 0.05882352941176457 0.06339869281045739 0.06535947712418286 0.06013071895424824
0.13742690058479518 0.05555555555555552 0.05789473684210525 0.05497076023391812 0.07134502923976607 0.09298245614035092 0.06081871345029236 0.05906432748538011 0.056725146198830415 0.05906432748538009 0.05964912280701752 0.057309941520467825 0.06315789473684207 0.06081871345029236 0.05321637426900585
0.18 0.05111111111111102 0.09555555555555553 0.05055555555555547 0.05499999999999991 0.06722222222222211 0.053333333333333253 0.0549999999999999 0.05888888888888882 0.06666666666666658 0.056666666666666574 0.05111111111111102 0.0527777777777777 0.05444444444444435 0.05166666666666658
0.04999999999999991 0.06611111111111098 0.05499999999999991 0.06722222222222213 0.05166666666666657 0.052222222222222135 0.050555555555555465 0.0527777777777777 0.05055555555555547 0.050555555555555465 0.05333333333333324 0.05111111111111103 0.05111111111111103 0.05166666666666658 0.24611111111111114
0.0625 0.08055555555555556 0.0625 0.0625 0.0625 0.0625 0.0625 0.0625 0.0625 0.0625 0.0625 0.0625 0.0625 0.0625 0.10694444444444444
0.06458333333333334 0.06458333333333334 0.06805555555555555 0.0625 0.07013888888888889 0.06736111111111111 0.06597222222222222 0.06875 0.06388888888888888 0.06458333333333334 0.06875 0.06388888888888888 0.07013888888888889 0.06944444444444445 0.06736111111111111
0.052631578947368425 0.07368421052631573 0.1947368421052632 0.05321637426900584 0.052631578947368425 0.05380116959064327 0.05321637426900585 0.05321637426900584 0.052631578947368425 0.054970760233918115 0.05321637426900585 0.05730994152046784 0.05555555555555554 0.05321637426900586 0.08596491228070181
0.04999999999999991 0.06777777777777769 0.08499999999999987 0.0566666666666666 0.1049999999999999 0.05055555555555547 0.05111111111111103 0.052222222222222135 0.05055555555555547 0.05444444444444436 0.05111111111111103 0.1372222222222223 0.05166666666666658 0.05111111111111103 0.08555555555555543
0.05882352941176457 0.0594771241830064 0.05882352941176457 0.05882352941176457 0.05882352941176457 0.05882352941176457 0.059477124183006415 0.05882352941176457 0.05882352941176457 0.05882352941176457 0.1751633986928102 0.05882352941176457 0.05882352941176457 0.05882352941176457 0.05882352941176457
0.05380116959064327 0.057309941520467825 0.09590643274853808 0.05380116959064327 0.057309941520467825 0.05789473684210525 0.058479532163742694 0.059064327485380076 0.05438596491228072 0.06198830409356719 0.16257309941520443 0.05380116959064329 0.0590643274853801 0.05906432748538009 0.055555555555555566
0.058024691358024585 0.06172839506172829 0.14135802469135783 0.05864197530864187 0.06296296296296285 0.0685185185185184 0.06666666666666657 0.06172839506172829 0.05740740740740729 0.0641975308641974 0.05925925925925914 0.05864197530864187 0.05740740740740729 0.06604938271604925 0.05740740740740729
0.055555555555555546 0.05614035087719296 0.061988304093567224 0.054970760233918115 0.05614035087719296 0.060233918128654924 0.0567251461988304 0.13918128654970752 0.05380116959064329 0.05789473684210527 0.05847953216374267 0.058479532163742715 0.06023391812865492 0.11345029239766073 0.056725146198830394
0.07916666666666666 0.0625 0.06736111111111111 0.06388888888888888 0.06736111111111111 0.06458333333333334 0.07222222222222222 0.06736111111111111 0.06527777777777778 0.06527777777777778 0.06458333333333334 0.06666666666666667 0.06597222222222222 0.06458333333333334 0.06319444444444444
0.06736111111111111 0.06458333333333334 0.06736111111111111 0.06319444444444444 0.06805555555555555 0.06875 0.06736111111111111 0.07083333333333333 0.06319444444444444 0.06805555555555555 0.06944444444444445 0.06597222222222222 0.06458333333333334 0.06458333333333334 0.06666666666666667
0.06875 0.06388888888888888 0.06597222222222222 0.0625 0.07013888888888889 0.07083333333333333 0.07361111111111111 0.06388888888888888 0.06666666666666667 0.06944444444444445 0.06597222222222222 0.06388888888888888 0.06458333333333334 0.06666666666666667 0.06319444444444444
0.05882352941176457 0.0699346405228757 0.05882352941176457 0.059477124183006415 0.059477124183006415 0.05882352941176457 0.05882352941176457 0.05882352941176457 0.05882352941176457 0.05882352941176457 0.05882352941176457 0.0594771241830064 0.05882352941176457 0.0594771241830064 0.1627450980392154
0.04920634920634913 0.0576719576719576 0.09894179894179889 0.05132275132275125 0.05132275132275124 0.0597883597883597 0.056084656084655994 0.04920634920634914 0.04761904761904755 0.05291005291005283 0.04814814814814808 0.05767195767195758 0.050264550264550185 0.05502645502645495 0.2148148148148144
0.05679012345679001 0.13333333333333314 0.10493827160493807 0.05679012345679001 0.05679012345679001 0.0574074074074073 0.05679012345679001 0.05617283950617273 0.05679012345679001 0.05679012345679001 0.05617283950617273 0.05555555555555545 0.05555555555555545 0.05555555555555545 0.08456790123456775
0.05882352941176457 0.07843137254901947 0.06013071895424824 0.06013071895424824 0.0614379084967319 0.06013071895424823 0.0594771241830064 0.06013071895424824 0.05882352941176457 0.0594771241830064 0.05882352941176457 0.10784313725490173 0.05882352941176457 0.06078431372549007 0.09673202614379064
0.05789473684210524 0.054970760233918115 0.12456140350877186 0.052631578947368425 0.06198830409356722 0.0701754385964912 0.059649122807017535 0.058479532163742666 0.05614035087719297 0.06023391812865496 0.11345029239766073 0.0543859649122807 0.058479532163742694 0.061403508771929786 0.05555555555555555
0.048677248677248604 0.0634920634920634 0.048677248677248604 0.2650793650793648 0.04761904761904755 0.04973544973544967 0.04814814814814808 0.04867724867724859 0.04920634920634913 0.05132275132275125 0.048677248677248604 0.048677248677248604 0.04814814814814808 0.04973544973544966 0.08412698412698401
0.06388888888888888 0.06458333333333334 0.075 0.07361111111111111 0.06805555555555555 0.06597222222222222 0.06597222222222222 0.06597222222222222 0.06319444444444444 0.06944444444444445 0.06458333333333334 0.06458333333333334 0.06527777777777778 0.06388888888888888 0.06597222222222222
0.058024691358024585 0.08209876543209867 0.06296296296296285 0.061728395061728274 0.06234567901234556 0.05925925925925915 0.05617283950617273 0.06481481481481469 0.05925925925925915 0.05864197530864187 0.058024691358024585 0.058641975308641854 0.05925925925925916 0.07345679012345666 0.12530864197530844
0.05111111111111103 0.14611111111111114 0.08666666666666653 0.06555555555555549 0.05166666666666657 0.05111111111111103 0.05277777777777769 0.052222222222222135 0.050555555555555465 0.05277777777777769 0.052222222222222135 0.06166666666666658 0.05111111111111102 0.052222222222222135 0.12222222222222226
0.0625 0.0625 0.11041666666666666 0.0625 0.06527777777777778 0.0625 0.0625 0.0625 0.0625 0.06458333333333334 0.0625 0.07083333333333333 0.06319444444444444 0.06319444444444444 0.0625
0.4856630824372763 0.03369175627240141 0.03440860215053761 0.03297491039426521 0.03548387096774191 0.03512544802867381 0.05949820788530462 0.03405017921146951 0.048028673835125414 0.03369175627240141 0.03405017921146951 0.03261648745519711 0.03333333333333331 0.03476702508960571 0.03261648745519711
0.30897435897435904 0.043589743589743546 0.05042735042735039 0.04188034188034185 0.05213675213675209 0.050427350427350366 0.05256410256410252 0.049145299145299096 0.06623931623931616 0.04529914529914525 0.04914529914529909 0.04615384615384613 0.04529914529914526 0.05299145299145294 0.04572649572649569
0.14949494949494962 0.04696969696969696 0.06515151515151525 0.04797979797979798 0.06212121212121218 0.1065656565656566 0.06515151515151521 0.051010101010101026 0.05151515151515154 0.05404040404040407 0.06060606060606062 0.04949494949494951 0.055555555555555594 0.08434343434343435 0.05000000000000001
0.11913580246913556 0.059876543209876426 0.06358024691358014 0.05925925925925914 0.06666666666666655 0.07160493827160483 0.061728395061728294 0.06913580246913568 0.05925925925925916 0.07098765432098753 0.058024691358024585 0.05864197530864187 0.06049382716049371 0.061728395061728274 0.059876543209876426
0.04133333333333336 0.05288888888888892 0.04222222222222225 0.3182222222222223 0.04755555555555559 0.04088888888888891 0.04133333333333336 0.04088888888888891 0.04044444444444447 0.04088888888888891 0.04133333333333336 0.04133333333333336 0.07822222222222228 0.04088888888888891 0.0915555555555556
0.05679012345679001 0.06975308641975296 0.14814814814814797 0.05555555555555545 0.05679012345679001 0.05617283950617273 0.059876543209876426 0.05617283950617273 0.05555555555555545 0.05864197530864187 0.05617283950617273 0.06296296296296285 0.05679012345679001 0.05555555555555545 0.09506172839506155
0.0625 0.06319444444444444 0.10833333333333334 0.06388888888888888 0.06388888888888888 0.06388888888888888 0.07152777777777777 0.0625 0.06319444444444444 0.06388888888888888 0.0625 0.0625 0.06319444444444444 0.0625 0.0625
0.05882352941176457 0.06013071895424823 0.0614379084967319 0.06013071895424823 0.06209150326797373 0.06666666666666654 0.060784313725490056 0.06274509803921555 0.11764705882352915 0.06339869281045739 0.06274509803921555 0.05882352941176457 0.059477124183006415 0.08496732026143775 0.06013071895424823
0.05882352941176457 0.05882352941176457 0.059477124183006415 0.059477124183006415 0.05882352941176457 0.059477124183006415 0.05882352941176457 0.05882352941176457 0.17320261437908469 0.0594771241830064 0.0594771241830064 0.05882352941176457 0.05882352941176457 0.05882352941176457 0.05882352941176457
0.059064327485380076 0.052631578947368425 0.05321637426900585 0.052631578947368425 0.05555555555555554 0.05847953216374265 0.05614035087719297 0.05380116959064327 0.22514619883040948 0.05438596491228071 0.06023391812865496 0.05555555555555555 0.05321637426900585 0.0567251461988304 0.05321637426900586
0.11960784313725466 0.0594771241830064 0.06470588235294106 0.06013071895424824 0.0614379084967319 0.06797385620915018 0.0594771241830064 0.06078431372549007 0.06601307189542471 0.08104575163398677 0.06013071895424823 0.06013071895424823 0.0594771241830064 0.06013071895424823 0.059477124183006415
0.05679012345679001 0.0574074074074073 0.05925925925925915 0.05679012345679001 0.17777777777777748 0.05925925925925916 0.05740740740740729 0.058024691358024585 0.059876543209876426 0.05740740740740729 0.07037037037037025 0.05617283950617273 0.05864197530864187 0.058641975308641854 0.05617283950617273
0.06358024691358014 0.061728395061728274 0.06851851851851841 0.06049382716049372 0.06296296296296285 0.08765432098765416 0.06172839506172829 0.06111111111111099 0.06234567901234556 0.06049382716049371 0.11172839506172821 0.05925925925925916 0.05987654320987644 0.05987654320987642 0.05864197530864187
0.0625 0.0625 0.0625 0.0625 0.0625 0.0625 0.06319444444444444 0.06319444444444444 0.12152777777777778 0.06319444444444444 0.06319444444444444 0.0625 0.0625 0.06319444444444444 0.0625
0.04396135265700491 0.05072463768115952 0.04637681159420299 0.26280193236714955 0.04396135265700491 0.047342995169082205 0.04396135265700491 0.08309178743961367 0.04444444444444452 0.0434782608695653 0.046859903381642594 0.04492753623188414 0.08599033816425138 0.045410628019323745 0.06666666666666675
0.0594771241830064 0.0594771241830064 0.095424836601307 0.06013071895424823 0.06405228758169922 0.06209150326797371 0.06078431372549007 0.05882352941176457 0.0594771241830064 0.06535947712418289 0.062091503267973726 0.06078431372549007 0.0594771241830064 0.11111111111111087 0.0614379084967319
0.05944444444444435 0.05666666666666658 0.06166666666666658 0.05999999999999993 0.06777777777777767 0.06166666666666656 0.0638888888888888 0.1427777777777778 0.058888888888888796 0.060555555555555446 0.05833333333333324 0.05333333333333324 0.06222222222222214 0.07055555555555548 0.06222222222222213
0.06013071895424823 0.07581699346405212 0.0660130718954247 0.08300653594771228 0.0614379084967319 0.06405228758169922 0.06339869281045737 0.06535947712418287 0.06274509803921555 0.06601307189542471 0.06013071895424824 0.06078431372549007 0.06013071895424824 0.06274509803921555 0.08823529411764691
0.0625 0.06319444444444444 0.10625 0.0625 0.06388888888888888 0.0625 0.0625 0.0625 0.0625 0.06458333333333334 0.06388888888888888 0.07291666666666667 0.06458333333333334 0.06319444444444444 0.0625
0.0625 0.08541666666666667 0.06319444444444444 0.0625 0.06319444444444444 0.0625 0.0625 0.0625 0.0625 0.0625 0.0625 0.0625 0.0625 0.0625 0.10069444444444445
0.05882352941176457 0.05882352941176457 0.05882352941176457 0.05882352941176457 0.05882352941176457 0.05882352941176457 0.05882352941176457 0.05882352941176457 0.05882352941176457 0.05882352941176457 0.05882352941176457 0.05882352941176457 0.17647058823529385 0.05882352941176457 0.05882352941176457
0.05882352941176457 0.05882352941176457 0.0594771241830064 0.05882352941176457 0.05882352941176457 0.05882352941176457 0.06013071895424823 0.05882352941176457 0.05882352941176457 0.11503267973856184 0.0594771241830064 0.05882352941176457 0.11764705882352915 0.05882352941176457 0.05882352941176457
0.05321637426900584 0.11052631578947365 0.053801169590643266 0.05555555555555555 0.05380116959064327 0.05380116959064327 0.05321637426900585 0.05380116959064327 0.052631578947368425 0.052631578947368425 0.05321637426900584 0.05380116959064327 0.052631578947368425 0.05380116959064329 0.19356725146198833
0.05987654320987644 0.06851851851851841 0.059876543209876426 0.08518518518518504 0.061111111111111005 0.05740740740740729 0.058641975308641854 0.0574074074074073 0.05555555555555545 0.05925925925925915 0.05617283950617273 0.05617283950617273 0.05802469135802457 0.0574074074074073 0.14938271604938252
0.0614379084967319 0.06339869281045737 0.10065359477124165 0.06078431372549007 0.06862745098039202 0.072549019607843 0.072549019607843 0.06470588235294104 0.0594771241830064 0.06405228758169922 0.06274509803921555 0.06078431372549007 0.06339869281045739 0.0614379084967319 0.06339869281045739
0.04311111111111114 0.0417777777777778 0.08400000000000006 0.2546666666666667 0.045333333333333364 0.04844444444444448 0.04755555555555559 0.0506666666666667 0.04044444444444447 0.045333333333333364 0.08888888888888895 0.08222222222222228 0.04311111111111114 0.04266666666666669 0.0417777777777778
0.0625 0.0625 0.0625 0.125 0.0625 0.0625 0.0625 0.0625 0.0625 0.0625 0.0625 0.0625 0.0625 0.0625 0.0625
0.052222222222222135 0.06888888888888879 0.0888888888888888 0.05111111111111103 0.054999999999999924 0.054999999999999924 0.05333333333333324 0.053333333333333253 0.05111111111111103 0.053333333333333253 0.05444444444444435 0.10944444444444439 0.10722222222222211 0.06055555555555547 0.086111111111111
0.04814814814814808 0.07619047619047611 0.05026455026455019 0.21904761904761866 0.04920634920634914 0.04814814814814808 0.04973544973544966 0.048677248677248604 0.04867724867724861 0.048677248677248604 0.04761904761904755 0.04973544973544966 0.04973544973544967 0.04867724867724859 0.11746031746031736
0.05166666666666657 0.09722222222222218 0.09666666666666655 0.05388888888888881 0.06388888888888879 0.053333333333333253 0.05444444444444435 0.07222222222222215 0.05111111111111103 0.053333333333333253 0.05166666666666658 0.06888888888888878 0.053333333333333253 0.05555555555555547 0.12277777777777782
0.06388888888888888 0.0625 0.06736111111111111 0.06458333333333334 0.06458333333333334 0.06388888888888888 0.0625 0.06319444444444444 0.06388888888888888 0.06458333333333334 0.06458333333333334 0.06319444444444444 0.10347222222222222 0.06388888888888888 0.06388888888888888
0.0614379084967319 0.06470588235294104 0.07124183006535932 0.06339869281045739 0.07124183006535932 0.07450980392156847 0.07647058823529398 0.06732026143790838 0.0660130718954247 0.06732026143790838 0.06470588235294103 0.062091503267973726 0.06535947712418289 0.06274509803921556 0.0614379084967319
0.059477124183006415 0.07516339869281032 0.059477124183006415 0.06013071895424824 0.0594771241830064 0.11503267973856184 0.05882352941176457 0.05882352941176457 0.05882352941176457 0.05882352941176457 0.05882352941176457 0.05882352941176457 0.05882352941176457 0.05882352941176457 0.10065359477124161
0.05555555555555547 0.05238095238095229 0.08677248677248667 0.05079365079365071 0.06243386243386235 0.0851851851851851 0.06825396825396815 0.05661375661375653 0.05079365079365073 0.058201058201058115 0.09735449735449726 0.04973544973544967 0.05502645502645496 0.11640211640211637 0.05449735449735441
0.06274509803921556 0.08039215686274494 0.06993464052287568 0.0614379084967319 0.06339869281045737 0.062091503267973726 0.062091503267973726 0.06535947712418287 0.06013071895424823 0.06209150326797373 0.06209150326797373 0.05882352941176457 0.06339869281045739 0.0614379084967319 0.10457516339869263
0.06993464052287567 0.0614379084967319 0.07516339869281033 0.06078431372549007 0.07320261437908483 0.0882352941176469 0.07320261437908483 0.06013071895424824 0.06013071895424824 0.06470588235294103 0.06405228758169922 0.062091503267973726 0.06013071895424823 0.06535947712418289 0.0614379084967319
0.06274509803921556 0.06339869281045739 0.06209150326797373 0.06274509803921556 0.06666666666666651 0.06928104575163385 0.0614379084967319 0.062091503267973726 0.06013071895424824 0.06666666666666651 0.06339869281045739 0.0614379084967319 0.11633986928104553 0.062091503267973726 0.0594771241830064
0.06666666666666655 0.06419753086419742 0.06728395061728384 0.06049382716049372 0.06728395061728384 0.07098765432098755 0.06481481481481469 0.061111111111111005 0.05925925925925915 0.06604938271604927 0.06728395061728382 0.06296296296296285 0.098148148148148 0.06296296296296285 0.06049382716049372
0.05789473684210522 0.08187134502923972 0.05847953216374265 0.05380116959064327 0.06257309941520466 0.06081871345029237 0.06198830409356721 0.05614035087719298 0.05614035087719298 0.06140350877192979 0.061403508771929814 0.05789473684210527 0.05555555555555555 0.05555555555555555 0.1584795321637426
0.06458333333333334 0.06527777777777778 0.06597222222222222 0.06388888888888888 0.06597222222222222 0.06805555555555555 0.07916666666666666 0.06944444444444445 0.06527777777777778 0.07222222222222222 0.06319444444444444 0.06319444444444444 0.06458333333333334 0.06597222222222222 0.06319444444444444
0.06049382716049371 0.05679012345679001 0.0648148148148147 0.05679012345679002 0.06358024691358014 0.06975308641975296 0.06234567901234558 0.061728395061728274 0.05617283950617273 0.06481481481481469 0.059876543209876426 0.05679012345679001 0.08765432098765416 0.11851851851851837 0.059876543209876426
0.05555555555555545 0.14074074074074056 0.05555555555555545 0.11049382716049361 0.05555555555555545 0.05555555555555545 0.05555555555555545 0.05555555555555545 0.05555555555555545 0.05555555555555545 0.05555555555555545 0.05555555555555545 0.05555555555555545 0.05555555555555545 0.08209876543209862
0.05617283950617273 0.08518518518518509 0.05740740740740729 0.05555555555555545 0.058024691358024585 0.05679012345679001 0.05555555555555545 0.05617283950617273 0.05679012345679001 0.05555555555555545 0.10123456790123439 0.05555555555555545 0.05617283950617273 0.05555555555555545 0.13827160493827143
0.06274509803921555 0.07777777777777763 0.06862745098039202 0.08562091503267957 0.06274509803921555 0.06274509803921556 0.06535947712418289 0.0640522875816992 0.06013071895424824 0.06274509803921556 0.06535947712418287 0.0614379084967319 0.06274509803921555 0.0679738562091502 0.06993464052287568
0.05380116959064327 0.05438596491228071 0.1216374269005847 0.05321637426900584 0.06900584795321632 0.0543859649122807 0.05321637426900584 0.05321637426900585 0.052631578947368425 0.05321637426900585 0.05438596491228069 0.05380116959064329 0.053801169590643266 0.164327485380117 0.05497076023391813
0.0625 0.0625 0.0625 0.0625 0.06388888888888888 0.12152777777777778 0.06319444444444444 0.0625 0.06319444444444444 0.06319444444444444 0.0625 0.0625 0.0625 0.0625 0.0625
0.05679012345679001 0.09876543209876532 0.06049382716049372 0.05679012345679001 0.07962962962962951 0.06790123456790112 0.10617283950617264 0.0604938271604937 0.05555555555555545 0.05802469135802457 0.05740740740740729 0.06111111111111101 0.05864197530864187 0.06172839506172827 0.06049382716049371
0.0625 0.06319444444444444 0.10138888888888889 0.0625 0.06666666666666667 0.06666666666666667 0.06666666666666667 0.06666666666666667 0.0625 0.06527777777777778 0.06458333333333334 0.06319444444444444 0.06319444444444444 0.0625 0.0625
0.06277777777777768 0.05055555555555547 0.05777777777777768 0.05277777777777769 0.06833333333333323 0.07388888888888881 0.09111111111111102 0.076111111111111 0.058888888888888796 0.0627777777777777 0.05999999999999991 0.05888888888888879 0.0527777777777777 0.12166666666666662 0.05166666666666658
0.054970760233918115 0.0543859649122807 0.05906432748538011 0.05321637426900586 0.06081871345029236 0.05730994152046784 0.05906432748538009 0.10058479532163746 0.053801169590643266 0.05789473684210524 0.16783625730994128 0.05497076023391812 0.053801169590643266 0.057309941520467825 0.05497076023391813
0.12361111111111112 0.0625 0.0625 0.0625 0.06319444444444444 0.0625 0.06319444444444444 0.0625 0.0625 0.0625 0.0625 0.0625 0.0625 0.0625 0.0625
0.06458333333333334 0.06875 0.06666666666666667 0.0625 0.06527777777777778 0.06875 0.06736111111111111 0.06388888888888888 0.06597222222222222 0.07083333333333333 0.06736111111111111 0.06666666666666667 0.06597222222222222 0.06944444444444445 0.06597222222222222
0.05882352941176457 0.07973856209150311 0.11241830065359452 0.0594771241830064 0.059477124183006415 0.059477124183006415 0.05882352941176457 0.05882352941176457 0.0594771241830064 0.059477124183006415 0.05882352941176457 0.05882352941176457 0.0594771241830064 0.05882352941176457 0.09803921568627431
0.06388888888888888 0.06319444444444444 0.0625 0.0625 0.06319444444444444 0.06319444444444444 0.0625 0.06388888888888888 0.0625 0.0625 0.0625 0.06319444444444444 0.0625 0.11944444444444445 0.0625
