6.422216814039645E-5 3.1773072658933E-4 0.8182208431356647 1.1492387983018257E-4 3.042102701387201E-5 8.112273870365875E-5 3.042102701387201E-5 8.112273870365874E-5 0.0026500094643195095 0.03498080095184015 6.422216814039653E-5 3.684324382791166E-4 1.1492387983018287E-4 6.422216814039653E-5 6.422216814039651E-5 3.042102701387201E-5 6.422216814039653E-5 8.112273870365876E-5 4.73215975771343E-5 3.042102701387201E-5 8.112273870365874E-5 0.14241772802249802
1.3564839934888768E-4 2.110086212093813E-4 0.3507114004943631 0.0771537951407727 1.3564839934888768E-4 2.110086212093813E-4 3.617290649303677E-4 2.110086212093813E-4 5.124495086513547E-4 1.3564839934888768E-4 2.110086212093813E-4 1.3564839934888768E-4 2.110086212093809E-4 1.3564839934888768E-4 1.3564839934888768E-4 2.8636884306987444E-4 1.3564839934888768E-4 1.3564839934888768E-4 1.3564839934888768E-4 1.3564839934888768E-4 1.3564839934888768E-4 0.5684270814493276
5.892057506481256E-5 9.165422787859735E-5 1.571215335061667E-4 1.5712153350616674E-4 9.165422787859729E-5 1.2438788069238195E-4 1.5712153350616695E-4 2.2258883913373628E-4 0.17384188336344827 1.571215335061667E-4 1.571215335061667E-4 1.2438788069238206E-4 9.165422787859715E-5 1.2438788069238198E-4 5.892057506481256E-5 1.8985518631995163E-4 5.892057506481256E-5 1.5712153350616695E-4 0.05695000916542279 5.892057506481256E-5 9.165422787859712E-5 0.7668774713907878
2.393007380538555E-4 0.38601728003224256 4.282223733595303E-4 1.133529811834053E-4 3.652484949243053E-4 1.133529811834053E-4 1.133529811834053E-4 4.911962517947549E-4 0.08991410362981404 2.393007380538558E-4 2.3930073805385543E-4 8.060656439708811E-4 0.43734099095695106 3.022746164890811E-4 3.022746164890809E-4 1.133529811834053E-4 5.541701302299796E-4 3.02274616489081E-4 1.763268596186306E-4 1.133529811834053E-4 1.133529811834053E-4 0.08160155167636468
7.39535571660996E-5 7.39535571660996E-5 7.39535571660996E-5 7.39535571660996E-5 1.1503886670282165E-4 1.1503886670282165E-4 1.561241762395437E-4 7.39535571660996E-5 2.382947953129878E-4 1.9720948577626573E-4 1.1503886670282165E-4 1.561241762395437E-4 3.204654143864319E-4 7.39535571660996E-5 2.382947953129878E-4 1.9720948577626573E-4 7.39535571660996E-5 1.1503886670282165E-4 7.39535571660996E-5 1.561241762395437E-4 1.1503886670282165E-4 0.9971733307038751
1.1854561465901178E-4 7.620789513793621E-5 0.9345966908838415 7.620789513793621E-5 4.149096513065434E-4 7.620789513793621E-5 7.620789513793621E-5 3.725719317854667E-4 9.65300005080522E-4 3.3023421226439166E-4 7.620789513793621E-5 2.0322105370116383E-4 7.620789513793621E-5 1.1854561465901193E-4 7.620789513793621E-5 1.1854561465901189E-4 7.620789513793621E-5 7.620789513793621E-5 1.1854561465901193E-4 7.620789513793621E-5 7.620789513793621E-5 0.06180460295686634
1.478383915182999E-4 5.174343703140496E-4 8.342309235675533E-4 1.478383915182999E-4 2.0063781706055044E-4 1.478383915183002E-4 5.174343703140506E-4 0.008437348201651578 0.005110984392489824 0.61568354136307 2.5343724260280044E-4 3.590360936873007E-4 0.12169211598977804 2.0063781706055028E-4 2.5343724260280066E-4 2.534372426028009E-4 3.5903609368730105E-4 2.5343724260280055E-4 2.5343724260280055E-4 1.478383915182999E-4 3.59036093687301E-4 0.24386998669454465
3.2552083333333294E-4 6.872106481481488E-4 0.007921006944444444 5.063657407407417E-4 6.87210648148149E-4 5.06365740740741E-4 5.063657407407415E-4 5.063657407407407E-4 3.2552083333333294E-4 5.063657407407414E-4 3.2552083333333294E-4 0.0048466435185185175 6.872106481481487E-4 5.063657407407419E-4 0.0015914351851851827 5.063657407407406E-4 5.063657407407414E-4 0.9768880208333331 5.063657407407414E-4 3.2552083333333294E-4 3.2552083333333294E-4 5.063657407407414E-4
3.2552083333333294E-4 3.2552083333333294E-4 0.0028573495370370363 3.2552083333333294E-4 5.063657407407419E-4 3.2552083333333294E-4 6.872106481481504E-4 5.063657407407406E-4 3.2552083333333294E-4 5.063657407407406E-4 6.872106481481504E-4 0.004665798611111105 0.0012297453703703704 3.2552083333333294E-4 6.872106481481494E-4 3.2552083333333294E-4 5.063657407407417E-4 0.9835792824074078 3.2552083333333294E-4 3.2552083333333294E-4 3.2552083333333294E-4 3.2552083333333294E-4
3.2552083333333294E-4 3.2552083333333294E-4 0.006293402777777779 5.063657407407419E-4 3.2552083333333294E-4 3.2552083333333294E-4 5.063657407407406E-4 3.2552083333333294E-4 3.2552083333333294E-4 3.2552083333333294E-4 3.2552083333333294E-4 0.0046657986111111075 0.0010489004629629633 5.063657407407408E-4 0.0023148148148148173 3.2552083333333294E-4 5.063657407407409E-4 0.9792390046296295 3.2552083333333294E-4 3.2552083333333294E-4 3.2552083333333294E-4 5.063657407407411E-4
3.2552083333333294E-4 8.680555555555536E-4 0.0028573495370370367 6.872106481481501E-4 0.0012297453703703676 3.2552083333333294E-4 5.063657407407417E-4 3.2552083333333294E-4 5.063657407407419E-4 3.2552083333333294E-4 3.2552083333333294E-4 0.005570023148148139 3.2552083333333294E-4 5.063657407407418E-4 5.063657407407416E-4 3.2552083333333294E-4 5.063657407407411E-4 0.9821325231481481 5.063657407407415E-4 5.063657407407419E-4 3.2552083333333294E-4 5.063657407407414E-4
1.5109584247860821E-4 2.306199700989278E-4 0.00468397111683684 0.08969526354295891 0.003848967776823481 7.475267996310092E-4 1.1133377866844831E-4 2.3061997009892786E-4 0.2617854757133316 5.487164805802094E-4 3.4990616152940756E-4 2.7038203390908724E-4 0.11359226389286518 2.306199700989279E-4 1.5109584247860813E-4 1.1133377866844812E-4 3.499061615294073E-4 0.008262556859751238 2.7038203390908724E-4 1.1133377866844812E-4 1.510958424786083E-4 0.5141155326526067
1.055743243243243E-4 0.9943224474474474 8.094031531531529E-4 1.055743243243243E-4 5.747935435435437E-4 1.055743243243243E-4 1.055743243243243E-4 2.2287912912912936E-4 2.2287912912912958E-4 2.2287912912912972E-4 1.64226726726727E-4 1.642267267267267E-4 2.815315315315318E-4 2.815315315315321E-4 1.6422672672672715E-4 1.642267267267267E-4 1.642267267267268E-4 1.055743243243243E-4 1.642267267267272E-4 1.055743243243243E-4 1.642267267267268E-4 0.0012786223723723726
1.8580453363062024E-4 0.9957663109837028 5.175983436853012E-4 1.858045336306201E-4 1.8580453363062054E-4 1.8580453363062032E-4 1.1944577161968459E-4 1.1944577161968459E-4 1.8580453363062054E-4 1.1944577161968459E-4 2.521632956415563E-4 3.185220576524923E-4 3.84880819663429E-4 1.858045336306205E-4 1.1944577161968459E-4 1.1944577161968459E-4 1.1944577161968459E-4 1.1944577161968459E-4 1.1944577161968459E-4 1.8580453363062035E-4 1.858045336306205E-4 3.18522057652492E-4
7.620789513793621E-5 1.6088333418008764E-4 0.9282460329556799 7.620789513793621E-5 1.6088333418008756E-4 7.620789513793621E-5 7.620789513793621E-5 2.455587732222391E-4 7.959491269962186E-4 7.620789513793621E-5 7.620789513793621E-5 1.185456146590118E-4 4.149096513065426E-4 1.1854561465901182E-4 1.6088333418008756E-4 2.4555877322223965E-4 1.1854561465901176E-4 7.620789513793621E-5 1.1854561465901174E-4 1.1854561465901193E-4 7.620789513793621E-5 0.06836694948263307
2.6718577044925363E-4 1.7176228100309156E-4 5.534562387877408E-4 2.6718577044925363E-4 8.397267071262238E-4 2.6718577044925363E-4 0.0025573495171571452 2.671857704492535E-4 5.53456238787741E-4 1.7176228100309156E-4 3.62609259895416E-4 3.6260925989541575E-4 2.6718577044925363E-4 1.7176228100309156E-4 1.7176228100309156E-4 3.6260925989541575E-4 3.6260925989541585E-4 2.671857704492535E-4 4.580327493415777E-4 2.6718577044925363E-4 4.5803274934157824E-4 0.9905721592427181
1.3564839934888768E-4 2.1100862120938094E-4 0.007294869476095733 5.878097305118482E-4 3.617290649303677E-4 2.110086212093812E-4 1.3564839934888768E-4 0.0013414119491167796 0.0010399710616748072 4.3708928679086134E-4 1.3564839934888768E-4 0.9844908663411106 3.617290649303677E-4 1.3564839934888768E-4 2.110086212093811E-4 1.3564839934888768E-4 1.3564839934888768E-4 1.3564839934888768E-4 1.3564839934888768E-4 2.110086212093813E-4 2.110086212093813E-4 0.001944293724000723
8.540093491549782E-4 6.292700467457748E-4 4.045307443365694E-4 4.045307443365694E-4 6.292700467457761E-4 4.045307443365694E-4 6.292700467457761E-4 0.0013034879539733876 6.292700467457749E-4 6.292700467457763E-4 8.540093491549796E-4 0.9874595469255657 4.045307443365694E-4 4.045307443365694E-4 0.001078748651564184 4.045307443365694E-4 6.292700467457761E-4 4.045307443365694E-4 4.045307443365694E-4 4.045307443365694E-4 6.292700467457747E-4 4.045307443365694E-4
1.3564839934888768E-4 1.3564839934888768E-4 0.36103575088925055 0.07715379514077268 2.8636884306987434E-4 2.863688430698743E-4 2.1100862120938092E-4 3.6172906493036857E-4 8.138903960933271E-4 1.3564839934888768E-4 1.3564839934888768E-4 2.8636884306987477E-4 1.3564839934888768E-4 1.3564839934888768E-4 2.1100862120938083E-4 2.1100862120938083E-4 2.110086212093813E-4 2.110086212093813E-4 2.110086212093813E-4 2.110086212093813E-4 1.3564839934888768E-4 0.5573491288358354
1.3564839934888768E-4 1.3564839934888768E-4 0.3638994393199494 0.07835955869054056 2.1100862120938116E-4 2.863688430698752E-4 1.3564839934888768E-4 2.110086212093813E-4 0.0011906915053957936 3.6172906493036857E-4 1.3564839934888768E-4 1.3564839934888768E-4 2.863688430698741E-4 1.3564839934888768E-4 3.6172906493036857E-4 2.110086212093813E-4 1.3564839934888768E-4 3.6172906493036786E-4 2.110086212093813E-4 2.110086212093813E-4 1.3564839934888768E-4 0.5527521553023451
7.379654859218884E-4 0.0036709052376627306 0.0030086285195277005 1.702997275204363E-4 0.002535573720859831 7.379654859218896E-4 5.487435664547394E-4 6.433545261883135E-4 3.5952164698758657E-4 1.702997275204363E-4 3.5952164698758695E-4 0.41380941568271273 0.5697282773236454 3.595216469875868E-4 8.325764456554645E-4 5.487435664547393E-4 2.649106872540111E-4 2.649106872540113E-4 1.702997275204363E-4 3.5952164698758744E-4 3.595216469875868E-4 3.595216469875868E-4
5.643340857787801E-4 5.643340857787801E-4 0.447642337597191 0.1360045146726859 0.06797090544268868 5.643340857787801E-4 5.643340857787801E-4 0.010910458991723136 5.643340857787801E-4 0.004953599197391517 0.29715324805618265 0.001191371958866318 5.643340857787801E-4 5.643340857787801E-4 5.643340857787801E-4 0.0011913719588663167 8.778530223225489E-4 8.778530223225489E-4 8.778530223225495E-4 8.778530223225497E-4 5.643340857787801E-4 0.02439177326310513
8.494733265375457E-5 2.2652622041001243E-4 0.5786706686298939 0.13760524030656593 7.456488088496237E-4 1.321402952391743E-4 1.3214029523917427E-4 1.7933325782459343E-4 2.2652622041001273E-4 0.2791841280628234 1.3214029523917425E-4 8.494733265375457E-5 2.265262204100122E-4 8.494733265375457E-5 8.494733265375457E-5 2.265262204100125E-4 3.209121455808503E-4 8.494733265375457E-5 8.494733265375457E-5 8.494733265375457E-5 8.494733265375457E-5 0.0013119643598746547
2.231146809460066E-4 1.4343086632243255E-4 0.5227895709823421 4.6216612481672566E-4 1.4343086632243255E-4 4.621661248167267E-4 2.2311468094600624E-4 1.4343086632243255E-4 3.0279849556958007E-4 2.2311468094600675E-4 1.4343086632243255E-4 3.824823101931535E-4 5.418499394402999E-4 2.2311468094600632E-4 3.0279849556958104E-4 2.231146809460066E-4 1.4343086632243255E-4 2.2311468094600643E-4 1.4343086632243255E-4 2.2311468094600648E-4 0.07544463568559953 0.3968891438770956
7.34106592277198E-5 1.549780583696309E-4 1.1419435879867556E-4 7.34106592277198E-5 7.34106592277198E-5 1.54978058369631E-4 7.34106592277198E-5 1.5497805836963126E-4 1.141943587986756E-4 1.549780583696312E-4 7.34106592277198E-5 1.9576175794058638E-4 1.549780583696313E-4 7.34106592277198E-5 3.181128566534533E-4 1.9576175794058648E-4 7.34106592277198E-5 2.36545457511542E-4 7.34106592277198E-5 1.9576175794058684E-4 7.34106592277198E-5 0.9971940814695183
3.217924384231076E-4 2.3998080153587724E-4 0.3080698998625565 1.3089861901956955E-4 1.3089861901956969E-4 3.217924384231077E-4 0.0026397888168946558 1.581691646486465E-4 4.3087462093941516E-4 1.581691646486464E-4 7.635752776141537E-5 1.5816916464864652E-4 0.07741562493182363 1.5816916464864633E-4 0.10414075964831905 2.1271025590680016E-4 1.581691646486465E-4 2.3998080153587708E-4 2.945218927940305E-4 2.945218927940303E-4 8.944738966337231E-4 0.5033542771123766
6.591088847877665E-5 2.1237952954272437E-4 0.021706652605677154 0.400657644198377 1.3914520901075087E-4 1.0252804874476374E-4 6.591088847877665E-5 0.003471306793215578 5.78551132202597E-4 1.39145209010751E-4 6.591088847877665E-5 1.75762369276738E-4 1.0252804874476379E-4 6.591088847877665E-5 1.0252804874476378E-4 2.1237952954272473E-4 1.39145209010751E-4 6.591088847877665E-5 1.3914520901075092E-4 6.591088847877665E-5 6.591088847877665E-5 0.5716597826405367
8.352823254259932E-5 1.7633737981215405E-4 0.5737368675056612 0.13827634851690948 0.0015684745888554746 8.352823254259932E-5 8.352823254259932E-5 2.6914652708170895E-4 4.083602479860438E-4 0.2803207484129636 1.7633737981215405E-4 1.2993280617737676E-4 4.083602479860425E-4 1.2993280617737676E-4 1.2993280617737676E-4 1.7633737981215405E-4 1.2993280617737665E-4 8.352823254259932E-5 1.2993280617737662E-4 8.352823254259932E-5 8.352823254259932E-5 0.0033318483869770204
6.591088847877665E-5 6.591088847877665E-5 0.028956850338342503 0.4087134194568941 2.1237952954272437E-4 1.3914520901075109E-4 6.591088847877665E-5 0.001970003222310095 0.012259425257052526 1.3914520901075109E-4 1.757623692767381E-4 2.8561385007469856E-4 6.591088847877665E-5 1.0252804874476387E-4 2.123795295427252E-4 3.5884817060667244E-4 2.123795295427253E-4 2.1237952954272532E-4 1.0252804874476372E-4 6.591088847877665E-5 1.0252804874476374E-4 0.5455151302106217
2.063664035495023E-4 8.512614146416967E-4 0.25085556071471565 2.4935940428898185E-4 5.933034102048187E-4 4.6432440798638026E-4 0.0026569674456998404 2.0636640354950258E-4 2.923524050284617E-4 7.222824124232577E-4 3.7833840650742086E-4 7.738740133106317E-5 0.09552184904297593 4.2133140724690026E-4 0.11194517532545702 7.738740133106317E-5 3.353454057679411E-4 2.49359404288982E-4 1.633734028100228E-4 1.6337340281002266E-4 3.353454057679412E-4 0.5332335895716176
7.34106592277198E-5 1.549780583696312E-4 7.34106592277198E-5 2.3654545751154198E-4 7.34106592277198E-5 7.34106592277198E-5 7.34106592277198E-5 7.34106592277198E-5 2.3654545751154198E-4 1.9576175794058657E-4 2.3654545751154225E-4 7.34106592277198E-5 1.9576175794058654E-4 1.141943587986756E-4 3.181128566534531E-4 7.34106592277198E-5 7.34106592277198E-5 1.5497805836963083E-4 7.34106592277198E-5 1.5497805836963118E-4 1.5497805836963102E-4 0.9971125140703765
1.2438788069238192E-4 1.243878806923819E-4 9.16542278785972E-5 1.2438788069238195E-4 1.2438788069238209E-4 5.892057506481256E-5 5.892057506481256E-5 1.2438788069238214E-4 0.17194333150024874 5.892057506481256E-5 1.24387880692382E-4 5.892057506481256E-5 9.165422787859726E-5 9.165422787859711E-5 5.892057506481256E-5 9.165422787859711E-5 1.24387880692382E-4 1.2438788069238214E-4 0.056753607248540075 9.165422787859723E-5 9.165422787859711E-5 0.7694634299630762
5.982487627127874E-4 5.982487627127878E-4 1.9035187904497725E-4 1.2236906510034246E-4 2.583346929896121E-4 1.9035187904497725E-4 1.2236906510034246E-4 3.263175069342468E-4 0.006784684831674538 3.9430032087888275E-4 1.9035187904497725E-4 1.9035187904497725E-4 1.9035187904497725E-4 4.6228313482351777E-4 2.583346929896121E-4 1.9035187904497725E-4 1.2236906510034246E-4 1.2236906510034246E-4 2.583346929896121E-4 6.662315766574217E-4 1.9035187904497725E-4 0.9875727416109217
4.5803274934157835E-4 2.671857704492535E-4 2.6718577044925363E-4 1.7176228100309156E-4 1.7176228100309156E-4 4.5803274934157765E-4 0.0010305736860185502 3.6260925989541575E-4 1.7176228100309156E-4 1.7176228100309156E-4 3.6260925989541575E-4 2.6718577044925363E-4 8.397267071262261E-4 7.443032176800636E-4 1.7176228100309156E-4 6.488797282339028E-4 1.7176228100309156E-4 4.580327493415782E-4 1.7176228100309156E-4 1.7176228100309156E-4 2.6718577044925347E-4 0.9921943585633026
3.803333102828293E-4 2.074545328815431E-4 4.379595694165912E-4 1.114107676586063E-4 3.611245572382418E-4 9.220201461401926E-5 2.4587203897071794E-4 5.378450852484467E-5 0.048786390982642945 9.220201461401931E-5 7.452996181299891E-4 2.8428954505989236E-4 3.61124557238242E-4 0.1394709141061399 7.299326156943215E-5 7.299326156943214E-5 3.0349829810447993E-4 0.003300063773060119 0.006738430568041254 3.611245572382418E-4 3.457575548025718E-5 0.7974859584015247
9.678668215253581E-5 6.222000995520159E-5 6.222000995520159E-5 6.222000995520159E-5 9.678668215253581E-5 6.222000995520159E-5 6.222000995520159E-5 0.9985551131021507 6.222000995520159E-5 6.222000995520159E-5 6.222000995520159E-5 9.678668215253581E-5 6.222000995520159E-5 6.222000995520159E-5 6.222000995520159E-5 6.222000995520159E-5 6.222000995520159E-5 6.222000995520159E-5 6.222000995520159E-5 6.222000995520159E-5 6.222000995520159E-5 9.678668215253581E-5
1.7435054422277002E-4 0.005903011282970943 0.0021669281924829977 6.10226904779697E-4 2.988866472390347E-4 3.6115469874716796E-4 1.7435054422277002E-4 0.1975018057734939 0.14357767316745143 2.9888664723903537E-4 2.988866472390355E-4 2.3661859573090302E-4 8.592991108122251E-4 1.7435054422277002E-4 1.7435054422277002E-4 0.006276619592019738 0.026077859971605753 1.7435054422276986E-4 1.7435054422277002E-4 2.366185957309026E-4 1.7435054422276994E-4 0.6140750703628982
6.815703380588877E-5 1.817520901490374E-4 1.0602205258693815E-4 1.438870713679881E-4 6.815703380588877E-5 6.815703380588877E-5 1.0602205258693808E-4 6.815703380588877E-5 1.4388707136798762E-4 6.815703380588877E-5 6.815703380588877E-5 6.815703380588877E-5 1.0602205258693831E-4 1.0602205258693824E-4 6.815703380588877E-5 3.332121652732335E-4 1.0602205258693826E-4 1.0602205258693831E-4 1.0602205258693822E-4 6.815703380588877E-5 1.4388707136798762E-4 0.997697806858112
1.26756482688686E-4 1.7202665507750245E-4 0.7581757931334203 0.04313342025206428 1.26756482688686E-4 5.794582065768491E-4 2.172968274663191E-4 7.605388961321155E-4 0.0018017528610748926 2.1729682746631984E-4 8.148631029986955E-5 8.148631029986955E-5 3.0783717224395276E-4 1.26756482688686E-4 8.148631029986955E-5 1.26756482688686E-4 8.148631029986955E-5 8.148631029986955E-5 1.26756482688686E-4 0.05721244386498636 1.26756482688686E-4 0.13625416485585976
7.401693819196093E-5 9.349507982142445E-5 1.5192950470981482E-4 9.349507982142449E-5 1.714076463392785E-4 5.4538796562497514E-5 5.453879656249744E-5 5.4538796562497514E-5 0.028180975309507705 1.3245136308035122E-4 3.5060654933034095E-5 3.5060654933034095E-5 9.349507982142429E-5 5.453879656249749E-5 3.5060654933034095E-5 3.5060654933034095E-5 7.401693819196084E-5 1.5192950470981474E-4 5.4538796562497514E-5 7.401693819196093E-5 5.453879656249742E-5 0.970241295218506
5.243288590604021E-5 5.243288590604021E-5 5.243288590604021E-5 8.156226696495146E-5 8.156226696495146E-5 1.3982102908277405E-4 5.243288590604021E-5 5.767617449664432E-4 0.2736064504101413 8.156226696495146E-5 5.243288590604021E-5 8.156226696495146E-5 6.058911260253545E-4 5.243288590604021E-5 5.243288590604021E-5 1.9807979120059702E-4 0.3014832680835194 8.156226696495146E-5 5.243288590604021E-5 8.156226696495146E-5 5.243288590604021E-5 0.42242845824011926
5.243288590604021E-5 8.156226696495146E-5 3.14597315436242E-4 1.3982102908277437E-4 1.9807979120059724E-4 5.243288590604021E-5 5.243288590604021E-5 2.563385533184193E-4 0.26078952274422035 1.6895041014168568E-4 5.243288590604021E-5 5.243288590604021E-5 1.1069164802386286E-4 5.243288590604021E-5 5.243288590604021E-5 5.243288590604021E-5 0.2981916480238625 8.156226696495146E-5 8.156226696495146E-5 8.156226696495146E-5 5.243288590604021E-5 0.4390322054436988
2.0958711338662863E-4 1.3473457289140376E-4 0.20567981077277778 2.0958711338662863E-4 0.0053744124075571125 2.8443965388185393E-4 2.0958711338662863E-4 2.0958711338662863E-4 8.832599778436485E-4 3.5929219437707757E-4 3.5929219437707757E-4 2.0958711338662858E-4 0.15485493577651996 1.3473457289140376E-4 1.3473457289140376E-4 2.0958711338662863E-4 0.0222910865594779 2.0958711338662858E-4 1.3473457289140376E-4 2.0958711338662863E-4 2.0958711338662863E-4 0.6074882481511422
2.1098260352532766E-4 1.3905671595987494E-4 2.1098260352532774E-4 1.630320118150254E-4 3.5483437865623267E-4 4.3155532539271466E-5 1.3905671595987494E-4 2.589331952356299E-4 0.07105798185549612 6.713082839442236E-5 9.11061242495734E-5 6.713082839442244E-5 1.1508142010472418E-4 1.1508142010472375E-4 4.3155532539271466E-5 4.3155532539271466E-5 1.630320118150253E-4 3.548343786562337E-4 0.23085332873007658 0.0024886357097646653 4.3155532539271466E-5 0.6929771563381091
4.2037258285764916E-4 7.522456745873696E-4 0.25308641975308643 0.05794504181600938 0.12210717288375603 3.0974821894774095E-4 5.30996946767557E-4 0.23239966370193374 4.2037258285764953E-4 0.09422983317845957 0.21104916146732144 3.097482189477414E-4 0.0021903624054161685 4.2037258285764916E-4 5.309969467675569E-4 4.2037258285764883E-4 7.522456745873697E-4 3.097482189477417E-4 1.9912385503783345E-4 1.9912385503783345E-4 3.0974821894774165E-4 0.021107128634010357
1.2220083707573426E-4 9.674232935162277E-5 9.674232935162276E-5 2.240348679721784E-4 1.2220083707573402E-4 2.4949337569628977E-4 2.74951883420401E-4 7.12838216275114E-5 0.047933278342956714 0.0016751698082465216 4.582531390340032E-5 3.5132740659273465E-4 0.14266438558437458 0.05653825395370624 0.01473538427071558 1.2220083707573435E-4 1.222008370757342E-4 1.9857636024806812E-4 2.7495188342040096E-4 1.7311785252395673E-4 2.2403486797217877E-4 0.733683642399617
8.181966944853533E-5 0.8252331860579288 0.0012636593392607136 1.727304132802413E-4 1.2727504136438833E-4 1.2727504136438833E-4 8.181966944853533E-5 2.1818578519609437E-4 3.0909652902780027E-4 1.272750413643882E-4 1.2727504136438833E-4 5.363733886070653E-4 0.17013036600665446 8.181966944853533E-5 4.454626447753593E-4 1.2727504136438822E-4 1.2727504136438833E-4 1.272750413643882E-4 8.181966944853533E-5 8.181966944853533E-5 1.7273041328024134E-4 2.181857851960943E-4
1.3383297644539596E-4 1.3383297644539596E-4 0.5319712110397338 1.3383297644539596E-4 2.8253628360694826E-4 8.773495122531532E-4 1.3383297644539596E-4 2.0818463002617203E-4 2.82536283606948E-4 4.3123959076849856E-4 1.3383297644539596E-4 2.08184630026172E-4 2.0818463002617203E-4 2.0818463002617198E-4 3.5688793718772344E-4 1.3383297644539596E-4 1.3383297644539596E-4 1.3383297644539596E-4 1.3383297644539596E-4 3.568879371877238E-4 0.04980073756840352 0.41360337853913876
3.8105287841481923E-4 8.793527963418917E-5 0.09735412514167337 2.3449407902450408E-4 5.276116778051349E-4 8.793527963418917E-5 1.367882127642944E-4 1.8564114589439957E-4 0.10570797670692132 3.3219994528471464E-4 8.793527963418917E-5 6.253175440653456E-4 0.4481670379489584 1.3678821276429467E-4 2.8334701215461E-4 4.7875874467503E-4 2.8334701215460955E-4 2.3449407902450398E-4 3.810528784148195E-4 8.793527963418917E-5 0.05367960292335931 0.2905186227381093
3.782781857778213E-5 9.186755940318483E-5 2.4317883371431377E-5 5.133775378413275E-5 7.835762419683415E-5 3.782781857778213E-5 2.4317883371431377E-5 0.003320742073721012 0.2332868591562236 9.186755940318482E-5 3.782781857778213E-5 3.7827818577782125E-5 0.6809115423482426 2.4317883371431377E-5 6.484768899048357E-5 3.782781857778213E-5 3.7827818577782125E-5 3.7827818577782125E-5 3.7827818577782125E-5 3.782781857778213E-5 2.4317883371431377E-5 0.08166485633534902
2.4317883371431377E-5 2.4317883371431377E-5 3.7827818577782125E-5 2.4317883371431377E-5 6.484768899048338E-5 5.133775378413286E-5 3.7827818577782125E-5 0.0029559738231495418 0.22889613021415944 3.7827818577782125E-5 2.4317883371431377E-5 2.4317883371431377E-5 0.681073661570719 2.4317883371431377E-5 3.782781857778213E-5 2.4317883371431377E-5 2.4317883371431377E-5 3.7827818577782125E-5 3.782781857778213E-5 2.4317883371431377E-5 3.7827818577782125E-5 0.08647439326880989
3.4818941504178354E-4 5.416279789538858E-4 0.004023522129371708 0.0026694521819869976 9.285051067780839E-4 7.350665428659858E-4 5.416279789538851E-4 0.4359718353450944 0.003830083565459605 5.416279789538855E-4 0.0011219436706901861 3.4818941504178354E-4 7.350665428659858E-4 0.002862890745899099 5.416279789538851E-4 7.350665428659863E-4 0.0028628907458991023 9.285051067780861E-4 0.010793871866295261 5.416279789538851E-4 7.35066542865986E-4 0.5276617146394305
2.615350732298198E-4 2.6153507322981996E-4 0.2946949675145909 1.2388503468780947E-4 1.9271005395881438E-4 2.6153507322981996E-4 1.2388503468780947E-4 3.303600925008252E-4 6.74485188855855E-4 0.0010186102852108802 1.2388503468780947E-4 2.615350732298202E-4 6.744851888558535E-4 1.9271005395881486E-4 1.9271005395881486E-4 3.3036009250082533E-4 1.927100539588148E-4 1.927100539588148E-4 3.303600925008257E-4 0.3307592776125977 2.6153507322982023E-4 0.3685442131923796
9.989439735137124E-5 0.708030082484231 0.10762907783200618 6.421782686873872E-5 9.989439735137132E-5 1.7124753831663654E-4 2.0692410879926914E-4 3.1395382024716707E-4 0.017331677940463003 2.782772497645344E-4 2.0692410879926917E-4 5.280132431429629E-4 0.0893269971744156 1.3557096783400403E-4 1.3557096783400386E-4 3.4963039072979967E-4 9.98943973513712E-5 6.421782686873872E-5 2.426006792819018E-4 1.7124753831663646E-4 7.777492365213924E-4 0.07373633587350516
1.0962508221881183E-4 1.705279056737072E-4 0.08159760286486883 0.06241321347657695 1.7052790567370724E-4 1.0962508221881183E-4 2.3143072912860238E-4 5.35944846403078E-4 4.141391994932879E-4 4.7504202294818324E-4 1.0962508221881183E-4 1.0962508221881183E-4 2.3143072912860173E-4 1.705279056737072E-4 2.3143072912860222E-4 1.0962508221881183E-4 4.141391994932877E-4 5.35944846403079E-4 1.0962508221881183E-4 1.0962508221881183E-4 1.0962508221881183E-4 0.8515310969816559
1.0962508221881183E-4 1.0962508221881183E-4 0.08111038027722964 0.05869814124582832 1.0962508221881183E-4 1.7052790567370732E-4 2.9233355258349717E-4 0.0010840702574971405 4.7504202294818254E-4 0.0013885843747716156 2.314307291286018E-4 5.359448464030784E-4 5.359448464030783E-4 1.0962508221881183E-4 1.0962508221881183E-4 1.705279056737072E-4 1.0962508221881183E-4 3.5323637603839274E-4 4.141391994932882E-4 2.3143072912860238E-4 1.705279056737072E-4 0.8534799873322125
5.61104253170239E-5 1.4962780084539734E-4 0.025025249691392717 5.61104253170239E-5 4.301799274305158E-4 8.728288382648143E-5 2.119727178643126E-4 1.8080025935485482E-4 5.61104253170239E-5 0.5615032606391602 1.4962780084539724E-4 1.8080025935485492E-4 1.1845534233593944E-4 1.1845534233593962E-4 1.496278008453969E-4 8.728288382648163E-5 8.728288382648145E-5 5.61104253170239E-5 5.61104253170239E-5 1.1845534233593943E-4 5.61104253170239E-5 0.41106497587251717
1.8362943579855839E-4 1.0711717088249264E-4 6.88610384244595E-5 6.88610384244595E-5 1.4537330334052565E-4 1.0711717088249266E-4 6.88610384244595E-5 1.453733033405256E-4 1.8362943579855847E-4 6.88610384244595E-5 1.0711717088249256E-4 1.071171708824927E-4 1.4537330334052573E-4 1.0711717088249252E-4 6.88610384244595E-5 1.0711717088249268E-4 1.0711717088249252E-4 6.88610384244595E-5 6.88610384244595E-5 1.0711717088249259E-4 6.88610384244595E-5 0.997788795543925
0.0444874493560584 5.3756139516987046E-5 0.19542903057875555 0.46719460854213307 6.790249202145724E-5 2.5463434508046456E-5 9.619519703039747E-5 8.204884452592757E-5 0.2644773771530749 2.0936601706615947E-4 9.619519703039774E-5 8.204884452592754E-5 2.8009777958851086E-4 8.204884452592757E-5 1.386342545438084E-4 2.0936601706616012E-4 5.3756139516987046E-5 2.5463434508046456E-5 6.790249202145728E-5 6.790249202145734E-5 2.5463434508046456E-5 0.026747923315452345
1.8362943579855839E-4 1.0711717088249272E-4 6.88610384244595E-5 1.0711717088249252E-4 1.4537330334052562E-4 2.9839783317265706E-4 1.0711717088249252E-4 1.071171708824927E-4 1.0711717088249252E-4 2.218855682565915E-4 1.0711717088249255E-4 1.0711717088249252E-4 1.0711717088249259E-4 6.88610384244595E-5 6.88610384244595E-5 1.0711717088249252E-4 6.88610384244595E-5 6.88610384244595E-5 6.88610384244595E-5 6.88610384244595E-5 1.071171708824926E-4 0.9975975148816347
0.0027612529051792172 9.488475234013527E-4 4.1578711699609763E-4 8.955414827608273E-4 5.757052389176729E-4 6.823173201987255E-4 5.223991982771475E-4 0.9319921533508179 0.0029744770677413196 0.005319942855924437 5.223991982771473E-4 2.025629544339965E-4 5.75705238917673E-4 2.0256295443399626E-4 2.5586899507452194E-4 0.004200516002473403 2.0256295443399634E-4 1.4925691379347083E-4 1.4925691379347062E-4 9.595087315294571E-5 7.889294014797774E-4 0.04556600353952111
4.128819157720893E-4 6.422607578676935E-4 0.45274795852830546 0.13207633727864887 0.11510230296357463 4.128819157720893E-4 6.422607578676937E-4 0.0027066703367281445 4.128819157720893E-4 0.0017891549683457205 0.28071382695660146 6.422607578676934E-4 0.0013303972841545093 6.422607578676928E-4 6.422607578676932E-4 0.0011010184420589026 8.716395999632981E-4 4.128819157720893E-4 4.128819157720893E-4 4.128819157720893E-4 8.716395999632991E-4 0.0050004587576842
4.679019277559425E-5 7.278474431759123E-5 4.679019277559425E-5 1.2477384740158454E-4 2.287520535695726E-4 7.278474431759129E-5 4.679019277559425E-5 4.679019277559425E-5 0.054219435606296856 1.247738474015848E-4 2.547466051115684E-4 4.679019277559425E-5 1.2477384740158427E-4 3.5872481127955557E-4 4.679019277559425E-5 7.278474431759112E-5 1.7676295048557822E-4 7.278474431759127E-5 0.33524653232682433 9.877929585958791E-5 1.247738474015846E-4 0.6083452908270426
3.6003468089171087E-4 3.6003468089171027E-4 0.005540125497803055 6.61288189392937E-5 1.7634351717144974E-4 0.0010947993357727484 1.0286705168334565E-4 2.86558215403606E-4 0.9779276697673733 1.396052844273978E-4 7.274170083322306E-4 1.0286705168334565E-4 0.009397639935928525 2.1308174991550185E-4 5.437258446119723E-4 6.61288189392937E-5 5.804640773560252E-4 7.2741700833223E-4 2.498199826595539E-4 2.8655821540360605E-4 2.8655821540360605E-4 7.641552410762827E-4
9.114108640174982E-5 0.504405152509418 3.949447077409162E-4 9.114108640174982E-5 9.114108640174982E-5 9.114108640174982E-5 1.924089601814719E-4 1.9240896018147196E-4 1.924089601814719E-4 3.443107708510551E-4 9.114108640174982E-5 3.443107708510551E-4 0.004951999027828403 2.43042897071333E-4 9.012840766395267E-4 9.114108640174982E-5 1.417750232916109E-4 1.4177502329161087E-4 2.9367683396119403E-4 1.9240896018147196E-4 9.114108640174982E-5 0.48643010491351724
9.114108640174982E-5 0.5032912058978409 2.9367683396119403E-4 1.9240896018147196E-4 1.417750232916109E-4 1.9240896018147196E-4 2.9367683396119403E-4 9.114108640174982E-5 6.987483290800826E-4 1.924089601814719E-4 1.9240896018147196E-4 3.949447077409162E-4 0.004395025722039932 1.417750232916109E-4 8.506501397496657E-4 1.924089601814719E-4 2.9367683396119403E-4 1.417750232916109E-4 1.4177502329161087E-4 1.9240896018147196E-4 3.443107708510551E-4 0.48724024790375514
9.072763563781541E-5 1.915361196798324E-4 0.0032157906409403542 5.443658138268904E-4 0.22307909433657933 2.4194036170084091E-4 2.4194036170084086E-4 0.002459727010625208 0.11954878122542764 1.915361196798324E-4 9.072763563781541E-5 1.915361196798324E-4 0.004828726385612615 1.4113187765882391E-4 2.4194036170084086E-4 4.939615718058814E-4 0.38724571059900403 9.072763563781541E-5 2.4194036170084091E-4 9.072763563781541E-5 9.072763563781541E-5 0.256446702554487
0.001077407591579644 6.630200563567059E-4 0.7000110503342732 0.27871705619095044 5.248908779490585E-4 2.4863252113376417E-4 5.248908779490578E-4 6.63020056356705E-4 0.002873086910879061 2.4863252113376417E-4 3.86761699541411E-4 8.011492347643522E-4 0.0012155367699872915 5.248908779490587E-4 0.006050058014254895 9.392784131719966E-4 2.4863252113376417E-4 2.4863252113376417E-4 3.8676169954141135E-4 8.011492347643511E-4 2.4863252113376417E-4 0.0025968285540637678
3.5682318504003704E-4 1.1490916128407947E-4 0.8949851222875387 0.009186685052132436 2.3586617316205828E-4 1.7538766722306878E-4 1.149091612840795E-4 0.011908217819386986 0.016806976800445177 3.2658393207054344E-4 5.443065534509036E-5 2.661054261315529E-4 0.011787260807509014 1.4514841425357404E-4 3.5682318504003753E-4 2.3586617316205812E-4 2.3586617316205882E-4 1.7538766722306878E-4 4.1730169097902673E-4 1.1490916128407946E-4 0.001173283015216393 0.05082613639112659
1.2784454103809776E-4 1.2784454103809776E-4 1.2784454103809776E-4 1.2784454103809776E-4 1.2784454103809776E-4 1.2784454103809776E-4 1.2784454103809776E-4 1.2784454103809776E-4 1.2784454103809776E-4 1.2784454103809776E-4 1.2784454103809776E-4 0.996960140913096 1.9886928605926315E-4 1.2784454103809776E-4 2.698940310804289E-4 1.9886928605926315E-4 1.2784454103809776E-4 1.9886928605926315E-4 1.2784454103809776E-4 1.2784454103809776E-4 1.2784454103809776E-4 1.2784454103809776E-4
2.4863252113376417E-4 8.011492347643507E-4 0.6971103375877127 0.27567821426598227 3.867616995414108E-4 2.4863252113376417E-4 6.630200563567061E-4 3.8676169954141124E-4 0.004392507873363176 6.630200563567056E-4 2.4863252113376417E-4 2.4863252113376417E-4 5.248908779490576E-4 2.4863252113376417E-4 0.012127741864191357 9.392784131719971E-4 5.248908779490577E-4 2.4863252113376417E-4 2.4863252113376417E-4 6.630200563567064E-4 3.867616995414108E-4 0.0030112160892867062
2.202792463060862E-4 7.90746012380822E-5 0.6901461750485746 7.907460123808222E-5 1.355564592652839E-4 1.355564592652838E-4 0.0026772400704893557 7.90746012380821E-5 7.907460123808203E-5 1.3555645926528357E-4 4.744476074284947E-4 7.907460123808209E-5 7.907460123808203E-5 3.6148389137409043E-4 7.907460123808224E-5 5.0833672224481435E-5 7.907460123808217E-5 4.462066784148942E-4 1.9203831729248534E-4 3.050020333468887E-4 1.3555645926528382E-4 0.3039514707875831
6.111954139268249E-4 0.002929522846063062 4.004383746417129E-4 1.8968133535660073E-4 0.0010327094924970491 0.0011380880121396053 5.058168942842689E-4 4.004383746417129E-4 0.3458312257629406 0.010095262181756872 0.0016649806103523855 0.0013488450514247173 2.950598549991568E-4 0.021792277862080586 1.8968133535660073E-4 2.950598549991568E-4 1.8968133535660073E-4 1.8968133535660073E-4 0.0014542235710672735 5.05816894284269E-4 7.165739335693811E-4 0.608223739672905
1.426126640045636E-4 1.6902241659800128E-4 0.06596892100314806 6.338340622425049E-5 0.8695120534110833 2.3768777334093947E-5 6.338340622425053E-5 2.2184192178487645E-4 5.91578458093004E-4 1.822272928947199E-4 2.3768777334093947E-5 6.338340622425047E-5 0.05516733219243203 5.017852992753168E-5 0.0064149289049460255 6.338340622425055E-5 2.3768777334093947E-5 1.426126640045636E-4 3.697365363081269E-5 3.6973653630812744E-5 3.697365363081277E-5 0.0010009296232912884
4.5720555961960466E-5 4.5720555961960466E-5 0.024455417377875356 4.5720555961960466E-5 1.7272210030073998E-4 9.652117369747221E-5 4.5720555961960466E-5 0.1183857595708364 0.15326038364626496 0.5248923026904009 9.65211736974723E-5 4.5720555961960466E-5 0.0014935381614240447 4.5720555961960466E-5 4.5720555961960466E-5 9.65211736974722E-5 1.9812240916849519E-4 4.5720555961960466E-5 4.5720555961960466E-5 9.652117369747229E-5 4.5720555961960466E-5 0.17629846378931968
5.717753039744201E-4 2.2170879133702126E-4 0.04713062148474876 0.42053490163130997 5.717753039744219E-4 3.3839762888282146E-4 2.8005321010992116E-4 0.04374664519592057 0.33290158463441394 2.2170879133702112E-4 1.0501995379122037E-4 1.6336437256412085E-4 0.02239258792503911 0.12875446334803606 1.0501995379122037E-4 2.8005321010992116E-4 2.2170879133702112E-4 3.383976288828215E-4 1.0501995379122037E-4 1.0501995379122037E-4 2.2170879133702112E-4 6.884641415202219E-4
1.2950012950012935E-4 2.0144464588909056E-4 0.009842009842009825 9.208898097786936E-4 4.1727819505597364E-4 1.2950012950012935E-4 1.2950012950012935E-4 0.004086448530892981 1.2950012950012935E-4 0.0014964459408903835 2.0144464588909056E-4 0.978646867535757 4.172781950559734E-4 1.2950012950012935E-4 4.172781950559726E-4 6.33111744222856E-4 4.892227114449342E-4 1.2950012950012935E-4 1.2950012950012935E-4 3.4533367866701264E-4 1.2950012950012935E-4 8.489452933897379E-4
4.030919523877281E-4 0.01279224166548108 1.0670081092616307E-4 1.6597903921847552E-4 4.623701806800403E-4 1.6597903921847587E-4 1.6597903921847552E-4 1.6597903921847557E-4 0.9794423104282263 2.2525726751078886E-4 4.030919523877266E-4 3.4381372409541465E-4 8.773177787262284E-4 2.845354958031018E-4 5.809266372646656E-4 4.030919523877272E-4 3.438137240954148E-4 1.0670081092616307E-4 2.2525726751078918E-4 2.2525726751078918E-4 4.030919523877269E-4 0.0017072129748186104
4.6825874640444236E-4 3.0102347983142647E-4 0.002642317211853641 3.0102347983142647E-4 3.0102347983142647E-4 3.0102347983142647E-4 4.6825874640444253E-4 9.699645461234857E-4 6.354940129774577E-4 3.0102347983142647E-4 3.0102347983142647E-4 3.0102347983142647E-4 0.9881597431266307 3.0102347983142647E-4 4.6825874640444253E-4 9.699645461234846E-4 4.682587464044422E-4 4.682587464044426E-4 3.0102347983142647E-4 3.0102347983142647E-4 3.0102347983142647E-4 9.699645461234865E-4
4.5720555961960466E-5 4.5720555961960466E-5 0.0350727464845973 7.112086482971631E-5 1.2192148256522838E-4 9.652117369747233E-5 7.112086482971631E-5 0.11449951231406973 0.1558512151507761 0.5195836381370398 4.5720555961960466E-5 1.7272210030074014E-4 6.299276599203458E-4 4.5720555961960466E-5 1.2192148256522803E-4 7.11208648297163E-5 1.9812240916849519E-4 4.5720555961960466E-5 4.5720555961960466E-5 4.5720555961960466E-5 4.5720555961960466E-5 0.1730726245631147
1.3905671595987497E-4 9.110612424957332E-5 0.1457170531484359 4.3155532539271466E-5 2.8290849109078025E-4 4.3155532539271466E-5 1.3905671595987472E-4 1.6303201181502576E-4 1.870073076701766E-4 6.71308283944224E-5 6.713082839442253E-5 0.0022488827512131514 0.10922665285689627 4.3155532539271466E-5 0.7407359456815698 6.713082839442253E-5 4.3155532539271466E-5 6.713082839442248E-5 4.3155532539271466E-5 1.39056715959875E-4 4.3155532539271466E-5 4.027849703665345E-4
3.0102347983142647E-4 8.027292795504728E-4 0.0013044350792695129 3.0102347983142647E-4 4.6825874640444253E-4 6.35494012977458E-4 8.027292795504717E-4 9.699645461234872E-4 6.354940129774572E-4 6.354940129774581E-4 3.0102347983142647E-4 3.0102347983142647E-4 0.9883269783932037 3.0102347983142647E-4 6.354940129774577E-4 9.699645461234847E-4 3.0102347983142647E-4 4.6825874640444236E-4 4.6825874640444285E-4 3.0102347983142647E-4 3.0102347983142647E-4 4.68258746404442E-4
1.6597903921847554E-4 2.8453549580310174E-4 1.6597903921847552E-4 1.0670081092616307E-4 1.6597903921847587E-4 1.659790392184757E-4 3.438137240954147E-4 4.623701806800387E-4 0.2827452933086728 1.6597903921847552E-4 1.0670081092616307E-4 2.2525726751078875E-4 9.365960070185408E-4 1.0670081092616307E-4 1.659790392184757E-4 2.25257267510789E-4 0.31398491961872205 1.659790392184755E-4 1.0670081092616307E-4 1.6597903921847554E-4 1.0670081092616307E-4 0.39893062076160685
2.3685457129322612E-4 2.3685457129322612E-4 3.6844044423390686E-4 3.6844044423390686E-4 0.0016842991736407166 3.6844044423390686E-4 2.3685457129322612E-4 0.9416021895889249 0.032080635822938165 0.0014211274277593567 2.3685457129322612E-4 5.000263171745877E-4 0.0023422285383441228 3.6844044423390686E-4 5.000263171745861E-4 3.6844044423390686E-4 2.3685457129322612E-4 3.6844044423390686E-4 2.3685457129322612E-4 2.3685457129322612E-4 2.3685457129322612E-4 0.01576398757829358
5.567734975815141E-4 5.567734975815143E-4 0.11195497094338311 0.4271409680899189 6.002714270800702E-4 0.002862163761004986 0.07528621637610029 1.2179420259595654E-4 0.3773793367435707 2.522879910916243E-4 2.9578592059018006E-4 1.2179420259595655E-4 5.567734975815143E-4 2.0879006159306847E-4 2.087900615930683E-4 7.829627309740067E-5 2.0879006159306836E-4 2.5228799109162426E-4 3.39283850088736E-4 4.2627970908584706E-4 1.2179420259595671E-4 4.697776385844027E-4
