0.06527777777777778 0.06736111111111111 0.06527777777777778 0.06319444444444444 0.06736111111111111 0.06597222222222222 0.06666666666666667 0.07222222222222222 0.06736111111111111 0.06875 0.06458333333333334 0.06319444444444444 0.06805555555555555 0.06736111111111111 0.06736111111111111
0.0614379084967319 0.0594771241830064 0.06274509803921555 0.08235294117647043 0.0614379084967319 0.06928104575163385 0.060784313725490056 0.06535947712418286 0.062091503267973726 0.06601307189542469 0.06274509803921556 0.08888888888888874 0.06274509803921555 0.0751633986928103 0.059477124183006415
0.05321637426900584 0.05789473684210527 0.05380116959064327 0.052631578947368425 0.06491228070175437 0.05906432748538011 0.07660818713450292 0.05438596491228071 0.05380116959064327 0.14853801169590614 0.10467836257309943 0.05614035087719299 0.052631578947368425 0.058479532163742666 0.05321637426900585
0.06013071895424823 0.05882352941176457 0.07385620915032665 0.05882352941176457 0.062091503267973726 0.06274509803921556 0.05882352941176457 0.06405228758169922 0.06601307189542473 0.12222222222222197 0.0594771241830064 0.07189542483660118 0.05882352941176457 0.062091503267973726 0.06013071895424824
0.06783625730994153 0.05497076023391814 0.05847953216374267 0.0543859649122807 0.053801169590643266 0.05906432748538005 0.05321637426900586 0.05614035087719298 0.059064327485380076 0.05321637426900585 0.052631578947368425 0.05789473684210526 0.095906432748538 0.06491228070175435 0.1584795321637424
0.06319444444444444 0.06458333333333334 0.07152777777777777 0.06458333333333334 0.06388888888888888 0.06736111111111111 0.06388888888888888 0.07083333333333333 0.08263888888888889 0.06805555555555555 0.0625 0.06458333333333334 0.06527777777777778 0.06319444444444444 0.06388888888888888
0.1511111111111112 0.11611111111111108 0.05333333333333324 0.05222222222222214 0.09833333333333319 0.05611111111111104 0.05555555555555547 0.05222222222222214 0.05111111111111102 0.05166666666666658 0.050555555555555465 0.054999999999999924 0.05111111111111103 0.0538888888888888 0.05166666666666658
0.05882352941176457 0.05882352941176457 0.05882352941176457 0.06013071895424823 0.0594771241830064 0.06013071895424823 0.05882352941176457 0.0594771241830064 0.06013071895424824 0.060784313725490056 0.11503267973856184 0.060784313725490056 0.11111111111111087 0.05882352941176457 0.05882352941176457
0.04999999999999991 0.050555555555555465 0.04999999999999991 0.04999999999999991 0.04999999999999991 0.05055555555555547 0.04999999999999991 0.04999999999999991 0.05166666666666658 0.24222222222222223 0.09611111111111095 0.050555555555555465 0.050555555555555465 0.057222222222222105 0.050555555555555465
0.12013888888888889 0.06388888888888888 0.0625 0.0625 0.06388888888888888 0.06319444444444444 0.0625 0.0625 0.0625 0.0625 0.0625 0.0625 0.06319444444444444 0.0625 0.06319444444444444
0.0594771241830064 0.06078431372549007 0.060784313725490056 0.06013071895424824 0.059477124183006415 0.06078431372549007 0.0594771241830064 0.06013071895424824 0.0594771241830064 0.09869281045751623 0.0614379084967319 0.05882352941176457 0.0594771241830064 0.059477124183006415 0.12156862745098028
0.06805555555555555 0.08194444444444444 0.06527777777777778 0.0625 0.06666666666666667 0.06597222222222222 0.07361111111111111 0.06597222222222222 0.06597222222222222 0.06527777777777778 0.06458333333333334 0.06388888888888888 0.06388888888888888 0.06319444444444444 0.06319444444444444
0.06993464052287565 0.1071895424836599 0.09215686274509786 0.060784313725490056 0.05882352941176457 0.0614379084967319 0.06013071895424823 0.06274509803921555 0.05882352941176457 0.06078431372549007 0.05882352941176457 0.06078431372549007 0.0594771241830064 0.06666666666666651 0.0614379084967319
0.057222222222222126 0.055555555555555476 0.05777777777777769 0.06111111111111102 0.06166666666666658 0.06666666666666657 0.08722222222222215 0.056666666666666574 0.057222222222222126 0.05333333333333324 0.05111111111111103 0.06722222222222211 0.12333333333333332 0.07888888888888883 0.0649999999999999
0.0594771241830064 0.06013071895424823 0.06013071895424824 0.14379084967320246 0.06013071895424823 0.06078431372549007 0.06078431372549007 0.06013071895424824 0.060784313725490056 0.05882352941176457 0.0594771241830064 0.06013071895424823 0.06732026143790834 0.06928104575163384 0.05882352941176457
0.03518518518518517 0.06444444444444443 0.04666666666666666 0.03444444444444444 0.03407407407407407 0.03407407407407407 0.033703703703703694 0.03407407407407407 0.272962962962963 0.23888888888888893 0.034814814814814805 0.033703703703703694 0.03407407407407407 0.03481481481481481 0.03407407407407407
0.055555555555555546 0.052631578947368425 0.05497076023391814 0.05614035087719297 0.05555555555555554 0.05438596491228068 0.0567251461988304 0.05438596491228069 0.05497076023391813 0.055555555555555525 0.1865497076023391 0.05614035087719297 0.05438596491228072 0.05380116959064327 0.09824561403508773
0.06805555555555555 0.06388888888888888 0.06527777777777778 0.06319444444444444 0.06458333333333334 0.0625 0.06388888888888888 0.08958333333333333 0.06319444444444444 0.0625 0.06388888888888888 0.06527777777777778 0.06388888888888888 0.07569444444444444 0.06458333333333334
0.05740740740740729 0.09382716049382703 0.06049382716049371 0.0574074074074073 0.05679012345679001 0.05925925925925915 0.05679012345679001 0.06172839506172829 0.05740740740740729 0.058641975308641854 0.05925925925925915 0.05679012345679001 0.05925925925925914 0.05802469135802457 0.14691358024691337
0.050793650793650724 0.05608465608465602 0.04761904761904755 0.05132275132275125 0.06190476190476183 0.05449735449735441 0.07301587301587295 0.05343915343915337 0.10264550264550251 0.04814814814814808 0.04973544973544967 0.050264550264550185 0.04973544973544967 0.050264550264550185 0.2005291005291005
0.056725146198830435 0.05555555555555555 0.05438596491228071 0.05555555555555555 0.05497076023391813 0.05321637426900584 0.055555555555555546 0.053801169590643266 0.05906432748538012 0.05497076023391813 0.05555555555555559 0.055555555555555566 0.0543859649122807 0.05497076023391814 0.22573099415204692
0.062091503267973726 0.06078431372549007 0.06013071895424823 0.06405228758169922 0.06339869281045739 0.060784313725490056 0.06405228758169922 0.06862745098039201 0.06535947712418287 0.0614379084967319 0.06274509803921555 0.07058823529411752 0.06209150326797371 0.07254901960784298 0.10130718954248345
0.04088888888888892 0.04088888888888891 0.04044444444444447 0.04044444444444447 0.4133333333333329 0.04311111111111114 0.05155555555555559 0.04133333333333336 0.04266666666666669 0.04222222222222225 0.04000000000000003 0.04133333333333336 0.04044444444444447 0.04044444444444447 0.04088888888888891
0.05925925925925915 0.06049382716049371 0.05740740740740729 0.05802469135802457 0.14567901234567876 0.06604938271604929 0.05740740740740729 0.05925925925925915 0.061111111111110984 0.05802469135802457 0.05802469135802457 0.058024691358024585 0.05740740740740729 0.059876543209876426 0.08395061728395047
0.05222222222222214 0.05055555555555547 0.052222222222222135 0.052222222222222135 0.28277777777777807 0.05166666666666657 0.05111111111111102 0.04999999999999991 0.04999999999999991 0.05111111111111103 0.04999999999999991 0.05111111111111103 0.05055555555555547 0.052222222222222135 0.052222222222222135
0.03786008230452679 0.03991769547325108 0.03827160493827165 0.037860082304526796 0.06584362139917703 0.039094650205761354 0.037448559670781936 0.4366255144032915 0.039917695473251066 0.03827160493827164 0.03827160493827165 0.03827160493827164 0.03703703703703708 0.037448559670781936 0.03786008230452679
0.05617283950617273 0.05617283950617273 0.05555555555555545 0.05617283950617273 0.05555555555555545 0.05555555555555545 0.05555555555555545 0.05617283950617273 0.05555555555555545 0.05555555555555545 0.05555555555555545 0.05555555555555545 0.05617283950617273 0.05740740740740729 0.21728395061728356
0.039094650205761375 0.037860082304526796 0.03786008230452679 0.1534979423868313 0.037448559670781936 0.038271604938271656 0.03703703703703708 0.03786008230452679 0.03950617283950622 0.24897119341563792 0.07572016460905356 0.04197530864197536 0.08971193415637858 0.04732510288065847 0.037860082304526796
0.061437908496731884 0.0614379084967319 0.06274509803921555 0.06339869281045739 0.060784313725490056 0.06993464052287567 0.0614379084967319 0.062091503267973726 0.061437908496731905 0.06078431372549007 0.12222222222222201 0.06470588235294106 0.06078431372549007 0.059477124183006415 0.06732026143790834
0.0877777777777777 0.06333333333333324 0.060555555555555446 0.05777777777777767 0.06722222222222209 0.07444444444444435 0.053888888888888806 0.09777777777777773 0.05555555555555547 0.0538888888888888 0.05277777777777769 0.055555555555555455 0.09499999999999993 0.06388888888888881 0.060555555555555446
0.06425120772946871 0.05362318840579718 0.06666666666666675 0.0531400966183576 0.05942028985507252 0.05362318840579718 0.05024154589371988 0.07439613526570057 0.10821256038647345 0.148792270531401 0.0507246376811595 0.05265700483091797 0.05314009661835758 0.05362318840579717 0.05748792270531411
0.07777777777777789 0.07676767676767686 0.06010101010101016 0.10353535353535362 0.055050505050505086 0.053030303030303066 0.05252525252525254 0.08131313131313148 0.12474747474747472 0.052525252525252544 0.04848484848484849 0.05202020202020203 0.057070707070707105 0.05303030303030306 0.05202020202020205
0.05111111111111102 0.05111111111111103 0.05166666666666658 0.08222222222222211 0.053333333333333253 0.05055555555555547 0.05111111111111103 0.05111111111111103 0.05333333333333324 0.23555555555555546 0.05499999999999991 0.052222222222222135 0.05166666666666658 0.05555555555555545 0.05444444444444436
0.05132275132275125 0.04973544973544967 0.06031746031746024 0.051851851851851774 0.053968253968253874 0.053968253968253894 0.052380952380952306 0.08095238095238087 0.05502645502645497 0.15026455026455013 0.050793650793650724 0.07989417989417978 0.07830687830687823 0.07830687830687823 0.05291005291005285
0.05155555555555559 0.05777777777777782 0.04755555555555559 0.0506666666666667 0.08800000000000006 0.045777777777777806 0.05022222222222226 0.05822222222222225 0.047111111111111145 0.10622222222222223 0.08222222222222228 0.09511111111111116 0.044444444444444474 0.13111111111111107 0.04400000000000003
0.05238095238095229 0.07671957671957666 0.04973544973544966 0.05555555555555547 0.051851851851851774 0.05132275132275125 0.06296296296296287 0.1603174603174601 0.05079365079365071 0.04920634920634913 0.050793650793650724 0.0910052910052909 0.05502645502645494 0.09417989417989414 0.04814814814814808
0.06944444444444445 0.06597222222222222 0.06736111111111111 0.0625 0.06666666666666667 0.06666666666666667 0.06527777777777778 0.06736111111111111 0.06805555555555555 0.06458333333333334 0.06597222222222222 0.06527777777777778 0.06805555555555555 0.07083333333333333 0.06597222222222222
0.05268817204301072 0.055913978494623616 0.04551971326164871 0.08100358422939062 0.05376344086021501 0.043727598566308215 0.04444444444444441 0.15842293906810043 0.039784946236559114 0.03655913978494621 0.03870967741935481 0.04121863799283151 0.13333333333333344 0.057347670250896016 0.11756272401433697
0.05882352941176457 0.060784313725490056 0.05882352941176457 0.05882352941176457 0.05882352941176457 0.05882352941176457 0.05882352941176457 0.05882352941176457 0.11307189542483638 0.11045751633986904 0.05882352941176457 0.06013071895424823 0.05882352941176457 0.06666666666666651 0.0594771241830064
0.05999999999999993 0.08055555555555546 0.05166666666666658 0.055555555555555455 0.0766666666666666 0.07388888888888877 0.11777777777777779 0.05888888888888881 0.05944444444444436 0.09499999999999988 0.0527777777777777 0.05888888888888879 0.052222222222222135 0.055555555555555476 0.05111111111111103
0.06388888888888888 0.06319444444444444 0.06319444444444444 0.06388888888888888 0.1076388888888889 0.06319444444444444 0.06319444444444444 0.06458333333333334 0.06597222222222222 0.06458333333333334 0.06319444444444444 0.0625 0.06319444444444444 0.06458333333333334 0.06319444444444444
0.0625 0.11944444444444445 0.06458333333333334 0.0625 0.0625 0.0625 0.0625 0.06319444444444444 0.06388888888888888 0.06319444444444444 0.0625 0.0625 0.06319444444444444 0.0625 0.0625
0.057309941520467804 0.08771929824561402 0.06491228070175435 0.09883040935672517 0.06198830409356722 0.061988304093567245 0.0590643274853801 0.06140350877192979 0.061988304093567245 0.07076023391812862 0.05789473684210524 0.06081871345029236 0.05730994152046782 0.07426900584795318 0.06374269005847953
0.16444444444444464 0.053333333333333253 0.13833333333333345 0.053888888888888806 0.050555555555555465 0.05444444444444436 0.05444444444444437 0.05777777777777768 0.058333333333333244 0.053888888888888806 0.05166666666666657 0.052222222222222135 0.05111111111111102 0.05333333333333323 0.052222222222222135
0.0625 0.0625 0.0625 0.125 0.0625 0.0625 0.0625 0.0625 0.0625 0.0625 0.0625 0.0625 0.0625 0.0625 0.0625
0.06319444444444444 0.0625 0.06319444444444444 0.0625 0.0625 0.0625 0.0625 0.0625 0.06319444444444444 0.0625 0.0625 0.07152777777777777 0.1 0.0763888888888889 0.0625
0.05888888888888881 0.07555555555555546 0.08055555555555545 0.08833333333333326 0.05888888888888879 0.0699999999999999 0.0733333333333332 0.07499999999999994 0.05444444444444436 0.05611111111111102 0.06111111111111103 0.06388888888888881 0.05833333333333325 0.07166666666666657 0.053888888888888806
0.05617283950617273 0.05617283950617273 0.058024691358024585 0.05679012345679001 0.05555555555555545 0.05679012345679001 0.05740740740740729 0.05679012345679001 0.05617283950617273 0.05617283950617273 0.05617283950617273 0.11728395061728374 0.12222222222222207 0.08209876543209867 0.05617283950617273
0.05802469135802457 0.0574074074074073 0.06111111111111099 0.058024691358024585 0.05987654320987644 0.059876543209876426 0.06111111111111099 0.06728395061728384 0.06049382716049371 0.05802469135802457 0.05987654320987642 0.11543209876543187 0.09320987654320974 0.07098765432098754 0.05925925925925914
0.05679012345679001 0.06543209876543199 0.05555555555555545 0.10802469135802449 0.06604938271604925 0.05987654320987642 0.08148148148148134 0.0574074074074073 0.05802469135802457 0.05617283950617273 0.05555555555555545 0.05864197530864187 0.10925925925925904 0.05555555555555545 0.05617283950617273
0.0640522875816992 0.06339869281045739 0.06339869281045737 0.060784313725490056 0.06535947712418289 0.06535947712418289 0.0699346405228757 0.062091503267973726 0.060784313725490056 0.0614379084967319 0.0614379084967319 0.11176470588235277 0.06405228758169923 0.06470588235294104 0.061437908496731905
0.06339869281045737 0.0614379084967319 0.06732026143790835 0.0614379084967319 0.0640522875816992 0.0614379084967319 0.0614379084967319 0.0640522875816992 0.06470588235294106 0.06209150326797373 0.06013071895424824 0.06928104575163385 0.10326797385620894 0.07320261437908483 0.06274509803921556
0.06388888888888888 0.06805555555555555 0.06319444444444444 0.06458333333333334 0.06458333333333334 0.06388888888888888 0.06527777777777778 0.06458333333333334 0.06944444444444445 0.0625 0.06527777777777778 0.0625 0.06458333333333334 0.06388888888888888 0.09375
0.06527777777777778 0.06736111111111111 0.0625 0.0625 0.07361111111111111 0.06458333333333334 0.09583333333333334 0.06458333333333334 0.06458333333333334 0.0625 0.0625 0.06666666666666667 0.0625 0.0625 0.0625
0.05888888888888881 0.0549999999999999 0.11499999999999998 0.0638888888888888 0.05555555555555547 0.05888888888888882 0.05722222222222214 0.06111111111111103 0.05611111111111103 0.054999999999999924 0.10499999999999982 0.08333333333333327 0.055555555555555455 0.06222222222222213 0.05722222222222215
0.06736111111111111 0.06388888888888888 0.06388888888888888 0.06666666666666667 0.06875 0.06597222222222222 0.06597222222222222 0.06805555555555555 0.06736111111111111 0.0625 0.06458333333333334 0.06944444444444445 0.06805555555555555 0.06527777777777778 0.07222222222222222
0.10261437908496715 0.06339869281045739 0.06601307189542471 0.0640522875816992 0.0705882352941175 0.06535947712418287 0.0614379084967319 0.06470588235294104 0.062091503267973726 0.060784313725490056 0.0614379084967319 0.062091503267973726 0.06470588235294104 0.06535947712418287 0.06535947712418287
0.06031746031746022 0.058730158730158646 0.0555555555555555 0.053968253968253894 0.13068783068783055 0.06190476190476181 0.10952380952380945 0.07142857142857136 0.06507936507936499 0.056613756613756554 0.053439153439153377 0.053968253968253915 0.0576719576719576 0.057142857142857065 0.0539682539682539
0.05132275132275125 0.056084656084655994 0.04761904761904755 0.04920634920634913 0.07037037037037029 0.09523809523809508 0.09682539682539677 0.04973544973544967 0.04973544973544966 0.04920634920634913 0.18359788359788334 0.05238095238095231 0.050264550264550185 0.048677248677248604 0.04973544973544967
0.06078431372549007 0.06732026143790835 0.059477124183006415 0.08562091503267959 0.06993464052287568 0.07189542483660119 0.08692810457516324 0.06209150326797373 0.061437908496731884 0.0594771241830064 0.0614379084967319 0.06405228758169922 0.059477124183006415 0.07124183006535932 0.05882352941176457
0.08412698412698405 0.05661375661375652 0.05132275132275124 0.0555555555555555 0.08624338624338615 0.05714285714285706 0.09206349206349197 0.05873015873015866 0.058730158730158646 0.05343915343915335 0.05291005291005283 0.09312169312169302 0.05502645502645494 0.08306878306878301 0.061904761904761824
0.05438596491228071 0.057309941520467846 0.05730994152046786 0.055555555555555546 0.057309941520467804 0.056140350877193 0.05614035087719296 0.05614035087719299 0.05555555555555554 0.08362573099415205 0.05614035087719298 0.06081871345029241 0.15614035087719277 0.07953216374269004 0.05789473684210525
0.05277777777777769 0.05055555555555547 0.05555555555555547 0.05444444444444435 0.0527777777777777 0.052222222222222135 0.05277777777777769 0.05499999999999991 0.05555555555555547 0.05444444444444435 0.05333333333333326 0.19444444444444434 0.07888888888888877 0.08499999999999995 0.052222222222222135
0.055555555555555546 0.0573099415204678 0.052631578947368425 0.052631578947368425 0.061988304093567224 0.05789473684210526 0.07368421052631574 0.053801169590643266 0.05847953216374265 0.052631578947368425 0.20935672514619885 0.05497076023391815 0.052631578947368425 0.05321637426900586 0.05321637426900585
0.10396825396825402 0.047619047619047616 0.14087301587301584 0.04126984126984125 0.08650793650793642 0.04563492063492061 0.10555555555555551 0.04365079365079362 0.05714285714285713 0.04007936507936505 0.04007936507936505 0.052777777777777715 0.0904761904761904 0.06309523809523807 0.04126984126984125
0.10164609053497932 0.08888888888888889 0.10329218106995887 0.04403292181069964 0.07366255144032931 0.04197530864197536 0.05102880658436221 0.06090534979423871 0.15596707818930042 0.041975308641975365 0.05020576131687246 0.04444444444444448 0.046090534979423926 0.04279835390946507 0.05308641975308646
0.06296296296296285 0.09012345679012329 0.0679012345679011 0.058641975308641854 0.06296296296296285 0.05802469135802457 0.0604938271604937 0.06604938271604927 0.0950617283950616 0.05925925925925914 0.06234567901234558 0.06728395061728384 0.06481481481481469 0.061111111111110984 0.06296296296296283
0.04927536231884065 0.051207729468599104 0.04396135265700491 0.04396135265700491 0.05362318840579719 0.048792270531401054 0.06618357487922716 0.06473429951690828 0.1908212560386475 0.10434782608695659 0.10289855072463772 0.046859903381642594 0.04492753623188413 0.0434782608695653 0.04492753623188414
0.06209150326797373 0.059477124183006415 0.0640522875816992 0.0594771241830064 0.06013071895424823 0.06078431372549007 0.06078431372549007 0.09673202614379064 0.059477124183006415 0.06274509803921556 0.0594771241830064 0.0640522875816992 0.095424836601307 0.07581699346405214 0.0594771241830064
0.05238095238095231 0.05396825396825389 0.05343915343915335 0.05396825396825389 0.05767195767195762 0.05449735449735441 0.08095238095238085 0.05449735449735442 0.1359788359788359 0.10158730158730145 0.09894179894179879 0.05185185185185177 0.05132275132275125 0.050264550264550185 0.048677248677248604
0.06666666666666667 0.06666666666666667 0.06666666666666667 0.06458333333333334 0.07013888888888889 0.06666666666666667 0.06458333333333334 0.07013888888888889 0.06527777777777778 0.06597222222222222 0.06666666666666667 0.06736111111111111 0.06597222222222222 0.06666666666666667 0.06597222222222222
0.06388888888888888 0.0625 0.06319444444444444 0.0625 0.0625 0.06458333333333334 0.06458333333333334 0.06319444444444444 0.06458333333333334 0.0625 0.06666666666666667 0.10486111111111111 0.06597222222222222 0.06458333333333334 0.06388888888888888
0.0637426900584795 0.0543859649122807 0.09707602339181276 0.056140350877193 0.06023391812865497 0.05730994152046782 0.05789473684210522 0.0614035087719298 0.08888888888888893 0.061988304093567224 0.05497076023391812 0.06432748538011696 0.09415204678362572 0.06783625730994151 0.05964912280701752
0.07566137566137558 0.07142857142857133 0.055555555555555476 0.05026455026455019 0.06613756613756606 0.057142857142857065 0.06825396825396816 0.056084656084656 0.06560846560846552 0.10317460317460304 0.10158730158730148 0.05449735449735442 0.055555555555555476 0.06349206349206342 0.05555555555555548
0.08641975308641962 0.0574074074074073 0.05925925925925915 0.058641975308641854 0.08456790123456775 0.061728395061728294 0.058024691358024585 0.05864197530864187 0.11604938271604917 0.05740740740740729 0.058641975308641854 0.061111111111111005 0.05987654320987644 0.059876543209876426 0.06234567901234556
0.055555555555555476 0.05444444444444436 0.056666666666666574 0.05611111111111102 0.053888888888888806 0.05888888888888881 0.06444444444444435 0.06999999999999992 0.058333333333333244 0.05666666666666658 0.1255555555555554 0.09499999999999995 0.0716666666666666 0.06222222222222214 0.06055555555555546
0.06666666666666667 0.06319444444444444 0.06944444444444445 0.06527777777777778 0.06458333333333334 0.06805555555555555 0.06388888888888888 0.07708333333333334 0.06597222222222222 0.06458333333333334 0.06597222222222222 0.06666666666666667 0.06527777777777778 0.06805555555555555 0.06527777777777778
0.05882352941176457 0.05882352941176457 0.06209150326797371 0.06078431372549007 0.0594771241830064 0.06013071895424823 0.06013071895424824 0.0614379084967319 0.11045751633986912 0.11045751633986907 0.05882352941176457 0.059477124183006415 0.060784313725490056 0.0594771241830064 0.05882352941176457
0.06666666666666667 0.06805555555555555 0.0625 0.06319444444444444 0.07708333333333334 0.06388888888888888 0.09305555555555556 0.06319444444444444 0.06527777777777778 0.0625 0.0625 0.06458333333333334 0.0625 0.0625 0.0625
0.05396825396825387 0.050793650793650724 0.05820105820105812 0.05132275132275125 0.2047619047619045 0.05449735449735441 0.05291005291005284 0.0597883597883597 0.05925925925925918 0.050264550264550185 0.05132275132275125 0.052910052910052824 0.053439153439153356 0.05449735449735441 0.09206349206349197
0.06013071895424824 0.062091503267973726 0.06339869281045739 0.062091503267973726 0.06405228758169922 0.06470588235294104 0.06274509803921555 0.07189542483660118 0.06862745098039202 0.06013071895424824 0.062091503267973726 0.06339869281045739 0.10980392156862724 0.06470588235294104 0.06013071895424824
0.0417777777777778 0.04133333333333337 0.3608888888888887 0.04177777777777781 0.04000000000000003 0.04266666666666669 0.04044444444444447 0.0417777777777778 0.04088888888888891 0.04000000000000003 0.04000000000000003 0.045333333333333364 0.09288888888888894 0.04977777777777781 0.04044444444444447
0.054970760233918115 0.053801169590643266 0.05555555555555557 0.11286549707602332 0.05555555555555554 0.060233918128654966 0.05672514619883039 0.05614035087719298 0.05438596491228069 0.05497076023391813 0.055555555555555525 0.06198830409356721 0.14795321637426884 0.06432748538011693 0.05497076023391812
0.22333333333333327 0.05666666666666658 0.06888888888888879 0.07277777777777769 0.05166666666666658 0.052222222222222135 0.04999999999999991 0.05222222222222214 0.053888888888888806 0.05166666666666658 0.05277777777777769 0.052222222222222135 0.05777777777777769 0.05333333333333324 0.05055555555555547
0.09150326797385604 0.060784313725490056 0.11830065359477102 0.061437908496731905 0.06078431372549007 0.06078431372549008 0.0594771241830064 0.06078431372549007 0.062091503267973726 0.06078431372549007 0.06013071895424824 0.0614379084967319 0.061437908496731905 0.06013071895424824 0.06013071895424823
0.04973544973544967 0.048677248677248604 0.24391534391534347 0.04814814814814808 0.04973544973544966 0.04973544973544967 0.04973544973544967 0.08042328042328031 0.04920634920634913 0.04920634920634913 0.04814814814814808 0.053968253968253874 0.07566137566137555 0.05502645502645495 0.048677248677248604
0.04629629629629625 0.04259259259259253 0.3625 0.04351851851851846 0.04212962962962958 0.04259259259259254 0.04259259259259253 0.0430555555555555 0.04212962962962958 0.041666666666666616 0.04398148148148143 0.045370370370370325 0.06620370370370372 0.052314814814814814 0.04305555555555551
0.1638888888888889 0.04351851851851846 0.06018518518518521 0.045370370370370325 0.15370370370370356 0.04351851851851847 0.0486111111111111 0.04351851851851847 0.04861111111111109 0.04398148148148142 0.041666666666666616 0.046759259259259216 0.06944444444444445 0.056481481481481466 0.09074074074074083
0.04830917874396142 0.0478260869565218 0.07777777777777785 0.05169082125603873 0.0507246376811595 0.045893719806763364 0.04782608695652181 0.047342995169082185 0.057004830917874484 0.11256038647342986 0.048792270531401054 0.07246376811594214 0.06521739130434791 0.18067632850241566 0.045893719806763364
0.044444444444444384 0.04768518518518518 0.0430555555555555 0.042592592592592536 0.04999999999999998 0.04490740740740734 0.05972222222222224 0.0430555555555555 0.044907407407407354 0.1995370370370371 0.04259259259259254 0.10925925925925926 0.06111111111111112 0.12500000000000006 0.042129629629629566
0.05730994152046782 0.056725146198830394 0.053801169590643266 0.05497076023391812 0.06491228070175435 0.05964912280701755 0.08596491228070179 0.05497076023391812 0.05672514619883039 0.10116959064327488 0.11169590643274847 0.06608187134502926 0.055555555555555546 0.06608187134502916 0.0543859649122807
0.05507246376811602 0.044444444444444516 0.267149758454106 0.08743961352657018 0.049758454106280284 0.045410628019323745 0.04589371980676335 0.04492753623188414 0.045410628019323745 0.045893719806763364 0.04492753623188414 0.047826086956521824 0.0710144927536233 0.057487922705314075 0.0473429951690822
0.06527777777777778 0.06527777777777778 0.06458333333333334 0.06736111111111111 0.06597222222222222 0.07222222222222222 0.06666666666666667 0.07291666666666667 0.06388888888888888 0.06388888888888888 0.06388888888888888 0.06805555555555555 0.06944444444444445 0.06597222222222222 0.06458333333333334
0.08095238095238086 0.05396825396825389 0.059259259259259185 0.060317460317460214 0.06772486772486765 0.06666666666666658 0.0597883597883597 0.08253968253968247 0.07089947089947078 0.051322751322751256 0.04973544973544967 0.05820105820105812 0.0645502645502645 0.05820105820105812 0.11587301587301578
0.06315789473684208 0.08011695906432746 0.0567251461988304 0.1076023391812865 0.06023391812865494 0.06315789473684205 0.0719298245614035 0.08011695906432749 0.05847953216374265 0.05497076023391813 0.06257309941520463 0.06608187134502928 0.05964912280701754 0.061403508771929835 0.05380116959064329
0.05987654320987644 0.05802469135802459 0.06296296296296283 0.062345679012345556 0.06049382716049371 0.06049382716049373 0.05802469135802457 0.05864197530864187 0.05864197530864187 0.05617283950617273 0.05679012345679001 0.09629629629629613 0.09197530864197516 0.10061728395061718 0.058641975308641854
0.0625 0.0625 0.06319444444444444 0.06388888888888888 0.0625 0.06319444444444444 0.0625 0.0625 0.06319444444444444 0.0625 0.06319444444444444 0.0625 0.06388888888888888 0.11944444444444445 0.0625
0.059064327485380076 0.06959064327485377 0.05380116959064327 0.052631578947368425 0.05672514619883042 0.05321637426900586 0.061403508771929786 0.05847953216374265 0.052631578947368425 0.05321637426900585 0.05380116959064327 0.06198830409356726 0.07543859649122803 0.1853801169590643 0.052631578947368425
0.0594771241830064 0.060784313725490056 0.062091503267973726 0.0614379084967319 0.05882352941176457 0.06666666666666651 0.068627450980392 0.06732026143790838 0.06013071895424824 0.0594771241830064 0.06666666666666655 0.06928104575163385 0.09215686274509785 0.08823529411764694 0.05882352941176457
0.06166666666666658 0.056666666666666574 0.05888888888888882 0.06666666666666657 0.06499999999999992 0.06722222222222213 0.0627777777777777 0.06222222222222213 0.06111111111111102 0.05944444444444435 0.06222222222222215 0.09777777777777774 0.06277777777777767 0.0927777777777777 0.0627777777777777
0.05085470085470079 0.046153846153846115 0.04871794871794867 0.042735042735042694 0.3239316239316239 0.0521367521367521 0.04700854700854698 0.05641025641025639 0.04487179487179484 0.04658119658119656 0.04572649572649568 0.045299145299145256 0.056837606837606774 0.046581196581196554 0.0461538461538461
0.055555555555555594 0.049537037037037025 0.04768518518518516 0.050462962962962946 0.1148148148148148 0.07175925925925926 0.06759259259259259 0.05277777777777777 0.1083333333333333 0.08287037037037032 0.049537037037037 0.04722222222222217 0.04861111111111109 0.05370370370370371 0.09953703703703705
0.04814814814814813 0.053240740740740734 0.05138888888888886 0.1324074074074074 0.06666666666666668 0.05462962962962961 0.08379629629629634 0.05972222222222223 0.061574074074074114 0.04722222222222218 0.04999999999999998 0.04907407407407403 0.04999999999999996 0.04953703703703703 0.14259259259259258
0.04629629629629628 0.07824074074074076 0.049537037037037025 0.09166666666666659 0.05833333333333334 0.05092592592592593 0.07268518518518519 0.048148148148148134 0.08101851851851868 0.049537037037037004 0.045833333333333295 0.04907407407407407 0.04999999999999998 0.049074074074074055 0.1796296296296296
0.05987654320987642 0.05679012345679001 0.058024691358024585 0.05679012345679001 0.05987654320987644 0.059876543209876426 0.06049382716049371 0.06172839506172829 0.06543209876543198 0.10925925925925904 0.11234567901234548 0.0604938271604937 0.05987654320987644 0.05925925925925914 0.05987654320987644
0.06458333333333334 0.06597222222222222 0.06597222222222222 0.07569444444444444 0.06388888888888888 0.06805555555555555 0.06736111111111111 0.06458333333333334 0.06388888888888888 0.06458333333333334 0.06458333333333334 0.07222222222222222 0.06527777777777778 0.06736111111111111 0.06597222222222222
0.060233918128654945 0.05906432748538012 0.055555555555555546 0.055555555555555546 0.07485380116959064 0.06549707602339179 0.09239766081871345 0.0596491228070175 0.06549707602339178 0.10526315789473684 0.07309941520467836 0.06081871345029237 0.05789473684210526 0.05614035087719296 0.05847953216374267
0.1624999999999999 0.10694444444444434 0.051388888888888866 0.030555555555555506 0.05722222222222224 0.03972222222222218 0.05749999999999999 0.07111111111111114 0.06416666666666662 0.02888888888888885 0.027777777777777735 0.03694444444444441 0.14250000000000004 0.03388888888888885 0.08888888888888889
0.06388888888888888 0.06666666666666667 0.0625 0.0625 0.07569444444444444 0.06736111111111111 0.09791666666666667 0.06388888888888888 0.0625 0.0625 0.0625 0.06388888888888888 0.06319444444444444 0.0625 0.0625
0.06875 0.08680555555555555 0.06388888888888888 0.0625 0.06319444444444444 0.06319444444444444 0.07222222222222222 0.06736111111111111 0.0625 0.0625 0.0625 0.07083333333333333 0.0625 0.06805555555555555 0.06319444444444444
0.05882352941176457 0.06013071895424824 0.05882352941176457 0.0594771241830064 0.0594771241830064 0.059477124183006415 0.05882352941176457 0.05882352941176457 0.05882352941176457 0.1117647058823527 0.11568627450980369 0.05882352941176457 0.05882352941176457 0.06339869281045737 0.05882352941176457
0.06296296296296285 0.11234567901234553 0.10679012345678993 0.05555555555555545 0.06234567901234556 0.061111111111111005 0.06604938271604927 0.058641975308641875 0.05987654320987644 0.058024691358024585 0.05740740740740729 0.06049382716049371 0.058024691358024585 0.06358024691358014 0.05679012345679001
0.0728395061728394 0.05987654320987644 0.09506172839506163 0.06049382716049371 0.0574074074074073 0.0759259259259258 0.061728395061728294 0.07592592592592581 0.06604938271604927 0.05925925925925915 0.06049382716049372 0.05925925925925914 0.061728395061728274 0.06358024691358014 0.07037037037037025
0.06875 0.06597222222222222 0.06597222222222222 0.06736111111111111 0.06597222222222222 0.07013888888888889 0.06666666666666667 0.06736111111111111 0.06597222222222222 0.06319444444444444 0.06736111111111111 0.06388888888888888 0.06666666666666667 0.06597222222222222 0.06875
0.06209150326797373 0.06405228758169922 0.05882352941176457 0.059477124183006415 0.07843137254901947 0.0640522875816992 0.10718954248365999 0.06470588235294104 0.06274509803921555 0.06013071895424824 0.0594771241830064 0.0614379084967319 0.06732026143790835 0.06928104575163387 0.06078431372549007
0.06388888888888888 0.0625 0.06388888888888888 0.11180555555555556 0.06388888888888888 0.06458333333333334 0.06319444444444444 0.06388888888888888 0.06388888888888888 0.06319444444444444 0.0625 0.06388888888888888 0.0625 0.06319444444444444 0.06319444444444444
0.05672514619883039 0.0637426900584795 0.05497076023391813 0.11111111111111108 0.07953216374269007 0.06432748538011689 0.08128654970760234 0.06725146198830408 0.05906432748538009 0.06491228070175435 0.052631578947368425 0.07134502923976607 0.056725146198830394 0.058479532163742666 0.05789473684210523
0.06296296296296285 0.06049382716049371 0.06358024691358014 0.06049382716049372 0.058641975308641854 0.06358024691358012 0.06111111111111099 0.0641975308641974 0.06419753086419742 0.05987654320987642 0.06296296296296285 0.12962962962962946 0.061728395061728274 0.0648148148148147 0.06172839506172829
0.05789473684210526 0.06140350877192979 0.0590643274853801 0.1087719298245614 0.06783625730994144 0.06198830409356721 0.0883040935672515 0.06491228070175438 0.05730994152046782 0.05555555555555555 0.055555555555555546 0.09122807017543864 0.05555555555555554 0.05906432748538009 0.055555555555555566
0.0633986928104574 0.0882352941176469 0.06274509803921556 0.06013071895424823 0.06535947712418287 0.06470588235294103 0.072549019607843 0.06274509803921555 0.06339869281045737 0.06078431372549007 0.07973856209150311 0.06601307189542469 0.0614379084967319 0.06470588235294103 0.06405228758169922
0.06728395061728384 0.08518518518518503 0.06543209876543199 0.058641975308641854 0.06172839506172829 0.05925925925925915 0.06851851851851838 0.07777777777777765 0.08703703703703694 0.05864197530864187 0.05679012345679002 0.07469135802469125 0.0604938271604937 0.06049382716049371 0.058024691358024585
0.05864197530864187 0.06172839506172829 0.05864197530864187 0.05617283950617273 0.07160493827160483 0.0604938271604937 0.09012345679012329 0.05987654320987644 0.05925925925925915 0.05617283950617273 0.05987654320987642 0.13024691358024676 0.05802469135802457 0.061111111111111005 0.058024691358024585
0.0527777777777777 0.14277777777777778 0.0716666666666666 0.05166666666666658 0.06222222222222213 0.05833333333333324 0.09055555555555542 0.05944444444444438 0.08944444444444434 0.05722222222222212 0.053888888888888806 0.05277777777777769 0.0538888888888888 0.05166666666666658 0.05166666666666658
0.05847953216374269 0.061988304093567224 0.05789473684210525 0.055555555555555546 0.058479532163742666 0.06608187134502923 0.07134502923976607 0.11228070175438593 0.05614035087719298 0.06023391812865496 0.057309941520467846 0.05847953216374265 0.055555555555555546 0.06491228070175441 0.1052631578947368
0.06555555555555546 0.10111111111111105 0.06444444444444436 0.058333333333333244 0.05444444444444437 0.06111111111111101 0.05555555555555547 0.06444444444444433 0.06444444444444435 0.08277777777777769 0.055555555555555476 0.06499999999999992 0.05666666666666658 0.0577777777777777 0.09277777777777765
0.17839506172839475 0.059876543209876426 0.05925925925925915 0.05802469135802457 0.05864197530864187 0.06296296296296283 0.05679012345679001 0.05740740740740729 0.05802469135802459 0.06049382716049371 0.05740740740740729 0.06049382716049372 0.05802469135802457 0.0574074074074073 0.05679012345679001
0.05111111111111102 0.05055555555555547 0.05222222222222214 0.05055555555555547 0.05444444444444435 0.2750000000000002 0.05166666666666659 0.05222222222222214 0.04999999999999991 0.05166666666666658 0.05111111111111103 0.052222222222222135 0.052222222222222135 0.05277777777777769 0.052222222222222135
0.04920634920634912 0.04814814814814808 0.04973544973544965 0.04814814814814808 0.05132275132275124 0.04814814814814808 0.051851851851851774 0.050264550264550206 0.04814814814814808 0.17619047619047612 0.04973544973544967 0.04761904761904755 0.04814814814814808 0.048677248677248604 0.1846560846560848
0.058024691358024585 0.05617283950617273 0.05679012345679001 0.2024691358024688 0.05679012345679001 0.0574074074074073 0.05617283950617273 0.05617283950617273 0.05740740740740729 0.05617283950617273 0.05555555555555545 0.0574074074074073 0.05925925925925915 0.05864197530864187 0.05555555555555545
0.07499999999999991 0.053888888888888806 0.052222222222222135 0.0727777777777777 0.05111111111111103 0.0527777777777777 0.052222222222222135 0.06222222222222214 0.053888888888888806 0.05055555555555547 0.053888888888888806 0.053333333333333253 0.17166666666666675 0.09333333333333338 0.05111111111111103
0.05111111111111103 0.05111111111111102 0.05111111111111103 0.055555555555555476 0.05111111111111102 0.050555555555555465 0.050555555555555465 0.05333333333333324 0.052222222222222135 0.05166666666666659 0.05166666666666658 0.052222222222222135 0.2744444444444446 0.053333333333333253 0.04999999999999991
0.12152777777777778 0.06319444444444444 0.0625 0.06319444444444444 0.06319444444444444 0.06319444444444444 0.0625 0.0625 0.06319444444444444 0.0625 0.0625 0.0625 0.0625 0.0625 0.0625
0.0614379084967319 0.06013071895424824 0.0614379084967319 0.060784313725490056 0.06013071895424823 0.14183006535947693 0.06078431372549007 0.06013071895424824 0.06405228758169922 0.0594771241830064 0.06078431372549007 0.06078431372549007 0.05882352941176457 0.059477124183006415 0.06993464052287565
0.06049382716049372 0.05925925925925915 0.058024691358024585 0.05740740740740729 0.05679012345679001 0.06049382716049373 0.061111111111111005 0.05864197530864187 0.05925925925925914 0.148148148148148 0.06172839506172829 0.06543209876543198 0.05864197530864187 0.0753086419753085 0.05925925925925915
0.04973544973544967 0.04867724867724859 0.048677248677248604 0.07830687830687817 0.04920634920634914 0.11164021164021166 0.04761904761904755 0.22275132275132264 0.04814814814814808 0.04920634920634913 0.04761904761904755 0.04920634920634913 0.04867724867724861 0.051851851851851774 0.048677248677248604
0.048677248677248604 0.04814814814814808 0.04973544973544967 0.04814814814814808 0.04920634920634914 0.04867724867724861 0.04973544973544967 0.04814814814814808 0.04761904761904755 0.08888888888888877 0.04814814814814808 0.04761904761904755 0.04920634920634913 0.05661375661375651 0.27142857142857124
0.07944444444444435 0.04999999999999991 0.05166666666666658 0.05166666666666658 0.06611111111111101 0.050555555555555465 0.05166666666666658 0.050555555555555465 0.050555555555555465 0.08888888888888878 0.04999999999999991 0.06444444444444433 0.05055555555555547 0.19222222222222204 0.05166666666666658
