0.05882352941176457 0.076470588235294 0.0594771241830064 0.06013071895424823 0.06013071895424823 0.062091503267973726 0.06078431372549007 0.06274509803921557 0.06339869281045737 0.06405228758169922 0.06078431372549007 0.061437908496731884 0.06013071895424823 0.12222222222222204 0.06732026143790834
0.06527777777777778 0.06597222222222222 0.06666666666666667 0.07430555555555556 0.06875 0.0625 0.0625 0.08472222222222223 0.06388888888888888 0.06458333333333334 0.0625 0.06458333333333334 0.06458333333333334 0.06527777777777778 0.06388888888888888
0.06736111111111111 0.06597222222222222 0.06597222222222222 0.06597222222222222 0.06736111111111111 0.06875 0.06597222222222222 0.06805555555555555 0.06319444444444444 0.07708333333333334 0.06527777777777778 0.06527777777777778 0.06736111111111111 0.06319444444444444 0.06319444444444444
0.06078431372549007 0.06209150326797373 0.05882352941176457 0.06078431372549007 0.10980392156862721 0.06732026143790834 0.061437908496731905 0.06405228758169922 0.0751633986928103 0.06013071895424823 0.06013071895424824 0.06078431372549007 0.05882352941176457 0.08039215686274495 0.059477124183006415
0.05964912280701748 0.05614035087719295 0.05614035087719296 0.05672514619883039 0.0567251461988304 0.05789473684210526 0.11461988304093561 0.05380116959064329 0.0567251461988304 0.14502923976608173 0.05438596491228071 0.05964912280701752 0.05847953216374267 0.05789473684210525 0.05614035087719297
0.05740740740740729 0.058024691358024585 0.058641975308641854 0.06604938271604925 0.05617283950617273 0.058024691358024585 0.05925925925925915 0.06358024691358014 0.06172839506172829 0.167901234567901 0.05740740740740729 0.05679012345679001 0.06172839506172829 0.05864197530864187 0.058641975308641854
0.06319444444444444 0.0625 0.0625 0.0625 0.0625 0.0625 0.0625 0.0625 0.06319444444444444 0.06319444444444444 0.0625 0.0625 0.0625 0.0625 0.12291666666666666
0.05882352941176457 0.061437908496731884 0.05882352941176457 0.0594771241830064 0.11307189542483635 0.05882352941176457 0.0594771241830064 0.05882352941176457 0.11503267973856184 0.0594771241830064 0.05882352941176457 0.05882352941176457 0.06013071895424823 0.059477124183006415 0.059477124183006415
0.05444444444444435 0.06055555555555548 0.058888888888888796 0.05611111111111102 0.0549999999999999 0.07666666666666658 0.0699999999999999 0.05555555555555547 0.05833333333333324 0.09333333333333325 0.05277777777777769 0.053333333333333253 0.15111111111111106 0.05111111111111103 0.05277777777777769
0.06458333333333334 0.10486111111111111 0.06458333333333334 0.06319444444444444 0.06666666666666667 0.06388888888888888 0.06319444444444444 0.06388888888888888 0.06388888888888888 0.06388888888888888 0.06319444444444444 0.06527777777777778 0.06319444444444444 0.06319444444444444 0.0625
0.04675925925925923 0.07361111111111121 0.06620370370370374 0.055555555555555525 0.15231481481481482 0.061574074074074066 0.059722222222222204 0.05509259259259257 0.06157407407407409 0.08611111111111111 0.048611111111111084 0.04537037037037032 0.0560185185185185 0.08611111111111108 0.045370370370370325
0.05820105820105812 0.058201058201058115 0.05291005291005283 0.053968253968253894 0.061375661375661306 0.05291005291005286 0.05925925925925918 0.05238095238095231 0.05502645502645495 0.05502645502645496 0.0925925925925925 0.05396825396825389 0.1883597883597881 0.05502645502645495 0.05079365079365071
0.06319444444444444 0.06875 0.06388888888888888 0.06458333333333334 0.07152777777777777 0.07083333333333333 0.06805555555555555 0.06458333333333334 0.06736111111111111 0.06805555555555555 0.06388888888888888 0.06458333333333334 0.07222222222222222 0.06527777777777778 0.06319444444444444
0.05277777777777769 0.05666666666666658 0.05555555555555547 0.056666666666666574 0.056666666666666574 0.21111111111111086 0.05333333333333324 0.057222222222222126 0.0627777777777777 0.05333333333333324 0.06055555555555547 0.05111111111111102 0.05444444444444436 0.0627777777777777 0.05499999999999991
0.05321637426900585 0.10350877192982456 0.0994152046783626 0.052631578947368425 0.054970760233918115 0.053801169590643266 0.05321637426900585 0.05321637426900585 0.05321637426900585 0.052631578947368425 0.05380116959064327 0.1573099415204675 0.05321637426900584 0.05321637426900584 0.052631578947368425
0.06319444444444444 0.06388888888888888 0.10902777777777778 0.06319444444444444 0.0625 0.06458333333333334 0.06319444444444444 0.06319444444444444 0.06388888888888888 0.06319444444444444 0.06666666666666667 0.0625 0.0625 0.06458333333333334 0.06388888888888888
0.06928104575163384 0.06405228758169922 0.06470588235294103 0.07058823529411754 0.06274509803921555 0.06535947712418287 0.0614379084967319 0.07647058823529397 0.06797385620915021 0.06405228758169922 0.06928104575163385 0.07647058823529397 0.0614379084967319 0.06274509803921556 0.06339869281045737
0.04487179487179483 0.04700854700854698 0.12606837606837595 0.05170940170940167 0.18076923076923054 0.04401709401709398 0.04401709401709398 0.044017094017093965 0.07350427350427342 0.042307692307692275 0.043162393162393134 0.11794871794871782 0.04188034188034183 0.05726495726495721 0.04145299145299141
0.053333333333333253 0.061666666666666585 0.06888888888888878 0.09611111111111104 0.052222222222222135 0.07666666666666658 0.05444444444444435 0.1238888888888889 0.06111111111111102 0.05944444444444436 0.0627777777777777 0.05333333333333324 0.05499999999999991 0.0616666666666666 0.05944444444444436
0.05617283950617273 0.05679012345679001 0.05679012345679001 0.05555555555555545 0.11296296296296277 0.05617283950617273 0.05555555555555545 0.10555555555555536 0.05679012345679001 0.1074074074074072 0.05555555555555545 0.05555555555555545 0.05740740740740729 0.05617283950617273 0.05555555555555545
0.06140350877192979 0.061403508771929766 0.06140350877192979 0.06666666666666667 0.059064327485380125 0.057309941520467804 0.05672514619883042 0.12865497076023377 0.06491228070175435 0.07660818713450294 0.05730994152046782 0.05555555555555555 0.05555555555555555 0.06257309941520463 0.07485380116959059
0.050793650793650724 0.055555555555555476 0.0835978835978835 0.05026455026455019 0.10105820105820096 0.05132275132275125 0.050264550264550185 0.053968253968253874 0.10793650793650779 0.07671957671957662 0.05079365079365071 0.0984126984126983 0.06719576719576713 0.04973544973544967 0.05238095238095231
0.0625 0.06388888888888888 0.06666666666666667 0.0625 0.06319444444444444 0.06458333333333334 0.0625 0.06458333333333334 0.08958333333333333 0.06319444444444444 0.06319444444444444 0.06388888888888888 0.06458333333333334 0.08194444444444444 0.06319444444444444
0.05185185185185179 0.06560846560846552 0.05502645502645494 0.05767195767195758 0.07724867724867715 0.05608465608465602 0.12751322751322736 0.05132275132275125 0.05873015873015863 0.05925925925925918 0.052380952380952306 0.05132275132275125 0.06455026455026446 0.05238095238095231 0.11904761904761892
0.05740740740740729 0.0574074074074073 0.05740740740740729 0.05555555555555545 0.06049382716049372 0.06481481481481473 0.09382716049382699 0.05617283950617273 0.05617283950617273 0.15987654320987632 0.05617283950617273 0.05617283950617273 0.05679012345679001 0.05617283950617273 0.05555555555555545
0.0444444444444444 0.05046296296296294 0.04444444444444438 0.05833333333333332 0.0444444444444444 0.04768518518518515 0.04953703703703703 0.04629629629629625 0.07037037037037037 0.04861111111111109 0.04629629629629626 0.04629629629629625 0.044444444444444384 0.062037037037037 0.29629629629629634
0.053439153439153356 0.10899470899470884 0.056084656084655994 0.0597883597883597 0.05661375661375654 0.05978835978835972 0.10634920634920622 0.051322751322751256 0.059259259259259164 0.05925925925925918 0.053439153439153377 0.05661375661375654 0.058201058201058115 0.10793650793650783 0.05291005291005283
0.05151515151515154 0.06111111111111118 0.05151515151515153 0.052525252525252544 0.10505050505050509 0.05757575757575759 0.11565656565656579 0.05404040404040408 0.05909090909090913 0.053030303030303066 0.05151515151515153 0.05151515151515153 0.054545454545454584 0.09797979797979804 0.08333333333333338
0.059064327485380076 0.060818713450292376 0.07426900584795318 0.06081871345029236 0.060233918128654945 0.05614035087719298 0.06549707602339179 0.06140350877192982 0.07251461988304092 0.05906432748538009 0.05497076023391812 0.055555555555555525 0.058479532163742666 0.1426900584795321 0.05847953216374265
0.052525252525252544 0.10252525252525262 0.08030303030303039 0.053535353535353575 0.05555555555555559 0.059090909090909145 0.055555555555555594 0.08383838383838389 0.06565656565656568 0.054545454545454584 0.05202020202020203 0.04646464646464645 0.05151515151515153 0.13636363636363644 0.05050505050505051
0.09064327485380122 0.052631578947368425 0.05321637426900585 0.05438596491228071 0.05614035087719299 0.14385964912280685 0.06666666666666665 0.05555555555555555 0.05438596491228069 0.0631578947368421 0.056725146198830394 0.09415204678362572 0.052631578947368425 0.05321637426900585 0.052631578947368425
0.06666666666666667 0.06527777777777778 0.07013888888888889 0.06736111111111111 0.06527777777777778 0.06736111111111111 0.06597222222222222 0.06458333333333334 0.06319444444444444 0.06458333333333334 0.06666666666666667 0.06319444444444444 0.08263888888888889 0.06388888888888888 0.06319444444444444
0.04920634920634913 0.04973544973544967 0.11005291005290996 0.054497354497354406 0.051851851851851774 0.18465608465608435 0.0952380952380951 0.05661375661375653 0.04814814814814808 0.050793650793650724 0.04973544973544967 0.04973544973544967 0.04920634920634914 0.04973544973544966 0.050793650793650724
0.06805555555555555 0.07222222222222222 0.06597222222222222 0.06805555555555555 0.06458333333333334 0.06388888888888888 0.06458333333333334 0.06805555555555555 0.07013888888888889 0.06527777777777778 0.06319444444444444 0.06388888888888888 0.06319444444444444 0.07569444444444444 0.06319444444444444
0.051010101010101026 0.06111111111111111 0.12929292929292938 0.051010101010101026 0.05050505050505053 0.04848484848484849 0.06313131313131319 0.04797979797979798 0.05353535353535355 0.06111111111111117 0.053030303030303046 0.04898989898989899 0.18080808080808078 0.05303030303030304 0.04696969696969696
0.0625 0.0625 0.0625 0.06319444444444444 0.0625 0.0625 0.06319444444444444 0.06319444444444444 0.0763888888888889 0.0625 0.0625 0.0625 0.06319444444444444 0.1076388888888889 0.06319444444444444
0.05449735449735441 0.06878306878306871 0.05449735449735442 0.05978835978835972 0.056084656084655994 0.05820105820105812 0.061904761904761844 0.06719576719576709 0.0825396825396824 0.05449735449735443 0.05238095238095231 0.0999999999999999 0.053968253968253894 0.1232804232804232 0.05238095238095229
0.06419753086419741 0.06604938271604925 0.05617283950617273 0.06296296296296283 0.11543209876543191 0.058024691358024585 0.06296296296296285 0.08888888888888877 0.06604938271604928 0.061728395061728274 0.058024691358024585 0.059876543209876426 0.06049382716049371 0.06049382716049371 0.05864197530864187
0.05987654320987642 0.06543209876543199 0.06234567901234555 0.06358024691358014 0.06419753086419741 0.05925925925925915 0.06481481481481469 0.06111111111111099 0.07160493827160481 0.06543209876543198 0.058641975308641854 0.11975308641975288 0.06296296296296285 0.062345679012345556 0.05864197530864187
0.05802469135802457 0.05864197530864187 0.06234567901234556 0.06666666666666655 0.05864197530864187 0.0679012345679011 0.08024691358024677 0.05987654320987642 0.11790123456790105 0.07654320987654308 0.058024691358024585 0.05617283950617273 0.05679012345679002 0.06543209876543198 0.05679012345679002
0.059477124183006415 0.0699346405228757 0.06470588235294103 0.06928104575163384 0.0771241830065358 0.0660130718954247 0.0614379084967319 0.06339869281045737 0.08562091503267956 0.06405228758169922 0.060784313725490056 0.06274509803921557 0.06274509803921555 0.07124183006535935 0.0614379084967319
0.06198830409356724 0.07134502923976603 0.060233918128654966 0.06666666666666662 0.06900584795321635 0.05789473684210527 0.06257309941520466 0.058479532163742666 0.11637426900584788 0.06783625730994149 0.059649122807017535 0.05964912280701748 0.06315789473684208 0.0654970760233918 0.059649122807017514
0.06419753086419742 0.07037037037037025 0.05925925925925914 0.06728395061728384 0.06728395061728384 0.06419753086419741 0.061728395061728274 0.06604938271604925 0.098148148148148 0.06419753086419742 0.05802469135802457 0.05617283950617273 0.061111111111111005 0.0851851851851851 0.05679012345679001
0.10833333333333334 0.0625 0.06319444444444444 0.06666666666666667 0.0625 0.06388888888888888 0.0625 0.06944444444444445 0.0625 0.06388888888888888 0.06319444444444444 0.0625 0.06319444444444444 0.06319444444444444 0.0625
0.061437908496731905 0.06470588235294106 0.06601307189542469 0.06666666666666654 0.0699346405228757 0.06339869281045737 0.0660130718954247 0.0640522875816992 0.06732026143790838 0.0816993464052286 0.06470588235294104 0.062091503267973726 0.06274509803921555 0.06666666666666653 0.07254901960784299
0.0625 0.0625 0.0625 0.06458333333333334 0.0625 0.0625 0.0625 0.06319444444444444 0.0625 0.0625 0.12083333333333333 0.0625 0.06319444444444444 0.06319444444444444 0.0625
0.15490196078431348 0.059477124183006415 0.06078431372549007 0.06013071895424824 0.06013071895424824 0.059477124183006415 0.05882352941176457 0.062091503267973726 0.061437908496731905 0.05882352941176457 0.06339869281045739 0.06274509803921555 0.0594771241830064 0.0594771241830064 0.05882352941176457
0.07017543859649122 0.09122807017543859 0.06023391812865494 0.05555555555555555 0.059649122807017514 0.12514619883040917 0.0695906432748538 0.06198830409356724 0.05789473684210525 0.060818713450292376 0.057309941520467846 0.055555555555555546 0.059649122807017514 0.059064327485380076 0.05614035087719298
0.11895424836601287 0.06405228758169922 0.06274509803921556 0.06405228758169922 0.06013071895424823 0.06209150326797371 0.061437908496731905 0.06535947712418287 0.0640522875816992 0.06405228758169922 0.062091503267973726 0.06274509803921555 0.06274509803921555 0.06339869281045737 0.062091503267973726
0.10915032679738548 0.06078431372549007 0.06013071895424823 0.0771241830065358 0.0594771241830064 0.06013071895424824 0.05882352941176457 0.08954248366013054 0.059477124183006415 0.062091503267973726 0.060784313725490056 0.06274509803921555 0.059477124183006415 0.06078431372549007 0.0594771241830064
0.08388888888888883 0.05944444444444435 0.05555555555555547 0.06722222222222214 0.05666666666666658 0.14611111111111116 0.053333333333333253 0.07277777777777766 0.058888888888888796 0.0549999999999999 0.05888888888888879 0.06777777777777766 0.052222222222222135 0.0527777777777777 0.05944444444444435
0.118300653594771 0.0614379084967319 0.06666666666666654 0.06274509803921556 0.062091503267973726 0.06339869281045737 0.06013071895424823 0.06339869281045739 0.06470588235294104 0.0614379084967319 0.06732026143790837 0.061437908496731884 0.06535947712418287 0.061437908496731905 0.06013071895424824
0.05111111111111102 0.06111111111111102 0.05277777777777769 0.052222222222222135 0.24111111111111114 0.05277777777777769 0.05166666666666658 0.05111111111111103 0.05666666666666658 0.058333333333333244 0.053888888888888806 0.052222222222222135 0.0527777777777777 0.05999999999999991 0.052222222222222135
0.059999999999999894 0.06777777777777767 0.056666666666666574 0.05166666666666657 0.07666666666666658 0.07833333333333324 0.09166666666666656 0.05333333333333324 0.06888888888888878 0.053888888888888806 0.05111111111111102 0.055555555555555476 0.11666666666666659 0.06444444444444436 0.053333333333333253
0.06013071895424824 0.0705882352941175 0.060784313725490056 0.05882352941176457 0.08039215686274497 0.05882352941176457 0.06013071895424823 0.06013071895424824 0.0594771241830064 0.05882352941176457 0.0594771241830064 0.05882352941176457 0.0705882352941175 0.061437908496731905 0.12156862745098014
0.0527777777777777 0.05944444444444435 0.06055555555555548 0.059999999999999894 0.10388888888888881 0.05777777777777768 0.05944444444444436 0.05499999999999991 0.07499999999999989 0.09333333333333324 0.0549999999999999 0.05333333333333324 0.07999999999999992 0.0749999999999999 0.05944444444444437
0.0549707602339181 0.09766081871345021 0.05497076023391813 0.05380116959064327 0.14035087719298234 0.05614035087719299 0.055555555555555566 0.05555555555555554 0.06023391812865496 0.056725146198830415 0.05438596491228068 0.05321637426900585 0.06315789473684208 0.08947368421052639 0.05380116959064327
0.06013071895424823 0.07450980392156849 0.10522875816993442 0.0640522875816992 0.06274509803921555 0.06274509803921555 0.06339869281045739 0.07058823529411751 0.0614379084967319 0.0614379084967319 0.059477124183006415 0.0614379084967319 0.07385620915032666 0.06013071895424824 0.05882352941176457
0.04797979797979798 0.0540404040404041 0.05505050505050508 0.04848484848484849 0.08383838383838381 0.05151515151515154 0.21515151515151532 0.05000000000000002 0.04848484848484848 0.04848484848484848 0.047474747474747475 0.046464646464646445 0.10707070707070705 0.046464646464646445 0.04949494949494951
0.05497076023391813 0.09415204678362568 0.06023391812865494 0.05847953216374267 0.061403508771929786 0.055555555555555546 0.09883040935672507 0.05555555555555554 0.05614035087719297 0.06491228070175438 0.053801169590643266 0.05497076023391814 0.11695906432748533 0.06023391812865494 0.05380116959064329
0.055050505050505086 0.06666666666666675 0.0747474747474748 0.060101010101010134 0.053030303030303046 0.053030303030303046 0.08484848484848485 0.056060606060606116 0.05505050505050511 0.12121212121212128 0.05151515151515154 0.05 0.11111111111111123 0.055555555555555594 0.05202020202020205
0.07777777777777789 0.052631578947368425 0.05321637426900584 0.05321637426900584 0.058479532163742694 0.05964912280701748 0.09356725146198834 0.05321637426900584 0.052631578947368425 0.09883040935672519 0.05321637426900585 0.0842105263157894 0.053801169590643266 0.05321637426900585 0.10233918128654972
0.05617283950617273 0.06975308641975296 0.06296296296296285 0.06049382716049371 0.0648148148148147 0.06481481481481473 0.10370370370370353 0.05987654320987642 0.09320987654320974 0.061111111111110984 0.05555555555555545 0.05740740740740729 0.059876543209876426 0.07098765432098753 0.05925925925925914
0.05882352941176457 0.06013071895424824 0.0594771241830064 0.05882352941176457 0.06078431372549007 0.06797385620915021 0.10326797385620894 0.059477124183006415 0.06013071895424823 0.05882352941176457 0.05882352941176457 0.05882352941176457 0.11633986928104549 0.0594771241830064 0.05882352941176457
0.06319444444444444 0.06458333333333334 0.0625 0.0625 0.12013888888888889 0.0625 0.06319444444444444 0.06319444444444444 0.06319444444444444 0.0625 0.0625 0.0625 0.0625 0.0625 0.0625
0.0625 0.06319444444444444 0.06319444444444444 0.06319444444444444 0.0625 0.0625 0.06388888888888888 0.0625 0.0625 0.0625 0.0625 0.0625 0.12152777777777778 0.0625 0.0625
0.0594771241830064 0.08431372549019589 0.06339869281045737 0.11045751633986907 0.08104575163398679 0.0614379084967319 0.06013071895424824 0.0594771241830064 0.06013071895424824 0.05882352941176457 0.05882352941176457 0.06274509803921555 0.06078431372549007 0.0594771241830064 0.0594771241830064
0.06319444444444444 0.06319444444444444 0.0625 0.0625 0.06388888888888888 0.06388888888888888 0.06458333333333334 0.0625 0.06458333333333334 0.0625 0.0625 0.0625 0.11666666666666667 0.0625 0.0625
0.04316239316239312 0.07136752136752127 0.07393162393162385 0.048290598290598244 0.060683760683760635 0.13119658119658098 0.050854700854700834 0.057692307692307654 0.05128205128205124 0.07222222222222213 0.04188034188034184 0.05726495726495722 0.05555555555555552 0.04829059829059824 0.13632478632478615
0.0614379084967319 0.059477124183006415 0.1483660130718952 0.0594771241830064 0.059477124183006415 0.062091503267973726 0.0594771241830064 0.06078431372549007 0.060784313725490056 0.06274509803921555 0.06274509803921556 0.05882352941176457 0.0614379084967319 0.06274509803921556 0.06013071895424823
0.05497076023391814 0.05555555555555554 0.05906432748538011 0.05847953216374265 0.05614035087719299 0.06491228070175435 0.0643274853801169 0.05847953216374267 0.053801169590643266 0.05906432748538012 0.0543859649122807 0.05497076023391813 0.054970760233918115 0.05497076023391813 0.19590643274853797
0.04761904761904755 0.04761904761904755 0.04761904761904755 0.04814814814814808 0.04814814814814808 0.04761904761904755 0.04920634920634913 0.048677248677248604 0.04761904761904755 0.04814814814814808 0.04814814814814808 0.04761904761904755 0.04814814814814808 0.04761904761904755 0.32804232804232764
0.05679012345679002 0.05740740740740729 0.05740740740740729 0.05802469135802457 0.05740740740740729 0.05740740740740729 0.05740740740740729 0.05679012345679001 0.058024691358024585 0.058024691358024585 0.05740740740740729 0.05740740740740729 0.06666666666666655 0.05740740740740729 0.18641975308641948
0.06234567901234556 0.05555555555555545 0.06419753086419741 0.05925925925925915 0.05802469135802457 0.06111111111111099 0.058641975308641854 0.05925925925925915 0.058024691358024585 0.05740740740740729 0.05679012345679001 0.06481481481481469 0.05555555555555545 0.05864197530864187 0.17037037037037014
0.05333333333333324 0.05277777777777769 0.053333333333333253 0.05166666666666658 0.05277777777777769 0.05166666666666658 0.05166666666666658 0.0549999999999999 0.076111111111111 0.06222222222222215 0.05111111111111102 0.05166666666666658 0.05111111111111103 0.05999999999999989 0.2255555555555554
0.05497076023391812 0.09181286549707607 0.05321637426900586 0.0883040935672515 0.05555555555555555 0.052631578947368425 0.05321637426900585 0.06666666666666662 0.0543859649122807 0.05497076023391814 0.10116959064327487 0.05380116959064327 0.05321637426900584 0.061988304093567245 0.104093567251462
0.05614035087719299 0.05497076023391812 0.05321637426900584 0.05614035087719298 0.05497076023391812 0.1988304093567252 0.08830409356725155 0.0543859649122807 0.05730994152046784 0.05555555555555555 0.05321637426900585 0.05380116959064329 0.05380116959064327 0.055555555555555546 0.05380116959064327
0.04814814814814813 0.06944444444444448 0.05046296296296294 0.05416666666666667 0.12129629629629633 0.10370370370370367 0.05509259259259262 0.04722222222222219 0.0722222222222222 0.07129629629629634 0.04722222222222218 0.04861111111111106 0.10138888888888889 0.06157407407407404 0.048148148148148114
0.06388888888888888 0.06319444444444444 0.06319444444444444 0.0625 0.0625 0.06319444444444444 0.06319444444444444 0.0625 0.06527777777777778 0.06319444444444444 0.0625 0.0625 0.0625 0.11736111111111111 0.0625
0.06388888888888888 0.07291666666666667 0.06388888888888888 0.06458333333333334 0.06458333333333334 0.06388888888888888 0.06458333333333334 0.06458333333333334 0.07916666666666666 0.07013888888888889 0.06388888888888888 0.06319444444444444 0.06597222222222222 0.07222222222222222 0.0625
0.06049382716049371 0.058024691358024585 0.05925925925925915 0.05925925925925914 0.0574074074074073 0.05617283950617273 0.05925925925925915 0.05740740740740729 0.0604938271604937 0.08086419753086405 0.093827160493827 0.058024691358024585 0.07901234567901222 0.10246913580246897 0.05802469135802457
0.061728395061728274 0.06975308641975296 0.06419753086419742 0.06604938271604927 0.06543209876543198 0.06419753086419741 0.07222222222222212 0.07160493827160483 0.06790123456790113 0.07777777777777765 0.06049382716049371 0.05987654320987644 0.05864197530864187 0.07469135802469122 0.06543209876543198
0.06078431372549007 0.07647058823529397 0.06666666666666654 0.06339869281045737 0.0614379084967319 0.062091503267973726 0.06339869281045737 0.06535947712418286 0.06470588235294103 0.06470588235294103 0.0614379084967319 0.062091503267973726 0.06274509803921556 0.06666666666666653 0.09803921568627434
0.06535947712418286 0.06797385620915017 0.062091503267973726 0.07385620915032665 0.06339869281045739 0.0640522875816992 0.062091503267973726 0.06274509803921556 0.07777777777777763 0.07712418300653581 0.0640522875816992 0.061437908496731884 0.06339869281045739 0.06797385620915018 0.06666666666666654
0.061111111111111005 0.07345679012345668 0.06296296296296283 0.06358024691358014 0.07222222222222212 0.061111111111111005 0.06419753086419742 0.06049382716049372 0.06419753086419741 0.06296296296296285 0.06049382716049372 0.06049382716049371 0.0993827160493826 0.07037037037037026 0.06296296296296286
0.06111111111111099 0.06913580246913566 0.058641975308641854 0.06296296296296285 0.06481481481481469 0.05864197530864187 0.058641975308641875 0.06049382716049372 0.061728395061728294 0.05925925925925915 0.06049382716049371 0.06049382716049371 0.059876543209876426 0.06172839506172827 0.1419753086419751
0.06319444444444444 0.06527777777777778 0.06319444444444444 0.06388888888888888 0.07222222222222222 0.0625 0.06805555555555555 0.06388888888888888 0.0625 0.06319444444444444 0.0625 0.0625 0.1 0.06388888888888888 0.06319444444444444
0.06458333333333334 0.06597222222222222 0.06388888888888888 0.06875 0.06388888888888888 0.06388888888888888 0.06319444444444444 0.06388888888888888 0.07291666666666667 0.0625 0.06458333333333334 0.0625 0.06458333333333334 0.09097222222222222 0.06388888888888888
0.05740740740740729 0.06111111111111099 0.061111111111110984 0.05864197530864187 0.06111111111111099 0.06049382716049372 0.06296296296296285 0.06111111111111099 0.05864197530864187 0.05925925925925915 0.09938271604938254 0.05925925925925915 0.12283950617283934 0.05925925925925915 0.05740740740740729
0.06527777777777778 0.06736111111111111 0.06458333333333334 0.06458333333333334 0.06666666666666667 0.06319444444444444 0.06319444444444444 0.06319444444444444 0.07708333333333334 0.06388888888888888 0.0625 0.06388888888888888 0.06388888888888888 0.08680555555555555 0.06388888888888888
0.06736111111111111 0.06597222222222222 0.07291666666666667 0.07569444444444444 0.06597222222222222 0.06388888888888888 0.06527777777777778 0.06527777777777778 0.06388888888888888 0.06666666666666667 0.06388888888888888 0.0625 0.06388888888888888 0.07291666666666667 0.06388888888888888
0.06013071895424824 0.06993464052287568 0.11633986928104553 0.06274509803921555 0.062091503267973726 0.06535947712418287 0.06209150326797371 0.06078431372549007 0.06666666666666654 0.060784313725490056 0.06274509803921556 0.062091503267973726 0.06470588235294103 0.060784313725490056 0.06274509803921555
0.05909090909090917 0.06363636363636369 0.06060606060606068 0.06919191919191921 0.06212121212121217 0.06818181818181825 0.056060606060606095 0.11010101010101013 0.07020202020202027 0.0636363636363637 0.07727272727272734 0.053030303030303066 0.05505050505050509 0.07929292929292936 0.05252525252525256
0.06527777777777778 0.07152777777777777 0.06666666666666667 0.06458333333333334 0.06666666666666667 0.06944444444444445 0.06319444444444444 0.06597222222222222 0.06944444444444445 0.06597222222222222 0.06736111111111111 0.06527777777777778 0.06666666666666667 0.06666666666666667 0.06527777777777778
0.06209150326797373 0.0745098039215685 0.06535947712418286 0.06339869281045739 0.06013071895424823 0.06470588235294103 0.06470588235294104 0.0660130718954247 0.08692810457516324 0.06470588235294104 0.06339869281045737 0.06013071895424824 0.06078431372549007 0.08366013071895408 0.0594771241830064
0.05166666666666658 0.058333333333333244 0.09333333333333318 0.05388888888888881 0.07499999999999993 0.0627777777777777 0.0872222222222221 0.10277777777777763 0.05444444444444436 0.0549999999999999 0.05166666666666659 0.05111111111111103 0.05277777777777769 0.05166666666666657 0.09833333333333324
0.09894179894179884 0.06878306878306868 0.056613756613756554 0.0597883597883597 0.0671957671957671 0.05449735449735442 0.0592592592592592 0.07089947089947081 0.0597883597883597 0.054497354497354406 0.050793650793650724 0.11428571428571417 0.053439153439153356 0.08095238095238089 0.050264550264550185
0.15163398692810434 0.05882352941176457 0.05882352941176457 0.060784313725490056 0.05882352941176457 0.07385620915032666 0.05882352941176457 0.0594771241830064 0.06078431372549007 0.05882352941176457 0.06274509803921555 0.05882352941176457 0.059477124183006415 0.0594771241830064 0.05882352941176457
0.10643274853801164 0.05380116959064327 0.053801169590643266 0.05847953216374265 0.056725146198830415 0.05438596491228071 0.053801169590643266 0.05672514619883042 0.05497076023391812 0.05614035087719298 0.06081871345029241 0.17134502923976586 0.05497076023391812 0.053801169590643266 0.05380116959064327
0.09738562091503247 0.06732026143790834 0.06470588235294107 0.062091503267973726 0.0614379084967319 0.07843137254901948 0.0594771241830064 0.07843137254901945 0.062091503267973726 0.06013071895424824 0.062091503267973726 0.061437908496731905 0.060784313725490056 0.06405228758169922 0.06013071895424823
0.05882352941176457 0.06013071895424823 0.05882352941176457 0.059477124183006415 0.06013071895424824 0.06013071895424824 0.06013071895424824 0.06209150326797371 0.05882352941176457 0.0594771241830064 0.11633986928104552 0.05882352941176457 0.059477124183006415 0.10849673202614359 0.05882352941176457
0.0625 0.06458333333333334 0.06527777777777778 0.06319444444444444 0.0625 0.0625 0.0625 0.0625 0.11597222222222223 0.06319444444444444 0.0625 0.0625 0.06319444444444444 0.06458333333333334 0.0625
0.05396825396825389 0.08148148148148143 0.05291005291005285 0.05291005291005283 0.14497354497354484 0.056084656084655994 0.05661375661375653 0.05449735449735441 0.07089947089947082 0.053968253968253894 0.04973544973544967 0.05026455026455019 0.11216931216931207 0.059788359788359724 0.04973544973544967
0.05438596491228071 0.09473684210526313 0.07134502923976607 0.059649122807017535 0.054970760233918115 0.06198830409356726 0.07309941520467829 0.06257309941520463 0.05497076023391812 0.12046783625730983 0.0567251461988304 0.05438596491228069 0.06315789473684208 0.0590643274853801 0.058479532163742694
0.06527777777777778 0.06597222222222222 0.06388888888888888 0.06805555555555555 0.06805555555555555 0.06736111111111111 0.06388888888888888 0.06388888888888888 0.07083333333333333 0.06527777777777778 0.07152777777777777 0.06388888888888888 0.06736111111111111 0.07013888888888889 0.06458333333333334
0.0999999999999998 0.06078431372549007 0.06078431372549007 0.0660130718954247 0.06928104575163385 0.07973856209150311 0.07124183006535934 0.061437908496731884 0.06405228758169922 0.06078431372549007 0.061437908496731905 0.06013071895424823 0.060784313725490056 0.0614379084967319 0.06209150326797373
0.0625 0.06319444444444444 0.06388888888888888 0.06875 0.06458333333333334 0.10347222222222222 0.0625 0.06458333333333334 0.06388888888888888 0.0625 0.06388888888888888 0.0625 0.06527777777777778 0.06527777777777778 0.06319444444444444
0.11597222222222223 0.06319444444444444 0.0625 0.06597222222222222 0.0625 0.0625 0.0625 0.0625 0.06319444444444444 0.0625 0.0625 0.06597222222222222 0.06319444444444444 0.0625 0.0625
0.22828282828282837 0.051010101010101026 0.05050505050505052 0.05808080808080814 0.052525252525252544 0.0580808080808081 0.06060606060606067 0.07020202020202028 0.05101010101010102 0.04848484848484847 0.07777777777777779 0.04696969696969695 0.04949494949494951 0.047474747474747475 0.04949494949494949
0.08148148148148136 0.05740740740740729 0.05617283950617273 0.11296296296296278 0.058024691358024585 0.05802469135802457 0.05864197530864187 0.05925925925925914 0.05864197530864187 0.05802469135802457 0.05864197530864187 0.10987654320987641 0.05617283950617273 0.06049382716049372 0.05617283950617273
0.1772222222222222 0.05499999999999991 0.053888888888888806 0.05722222222222214 0.0549999999999999 0.054999999999999924 0.06611111111111104 0.06944444444444435 0.0527777777777777 0.05277777777777769 0.05277777777777769 0.09111111111111096 0.054999999999999924 0.053888888888888806 0.05277777777777769
0.10457516339869263 0.0640522875816992 0.06274509803921555 0.06339869281045739 0.060784313725490056 0.08431372549019593 0.061437908496731905 0.06078431372549007 0.06078431372549008 0.06862745098039204 0.062091503267973726 0.06339869281045739 0.06013071895424823 0.06013071895424823 0.06274509803921555
0.10069444444444445 0.06319444444444444 0.0625 0.06388888888888888 0.0625 0.08194444444444444 0.0625 0.0625 0.0625 0.06388888888888888 0.0625 0.06319444444444444 0.0625 0.0625 0.06319444444444444
0.13888888888888867 0.05617283950617273 0.05555555555555545 0.05617283950617273 0.05555555555555545 0.05617283950617273 0.05555555555555545 0.05555555555555545 0.05679012345679001 0.05740740740740729 0.09876543209876523 0.08888888888888874 0.05617283950617273 0.05679012345679001 0.05555555555555545
0.058641975308641854 0.06172839506172829 0.05802469135802457 0.16481481481481455 0.0574074074074073 0.06481481481481469 0.05802469135802457 0.05802469135802457 0.0604938271604937 0.06172839506172829 0.05864197530864187 0.06049382716049371 0.058024691358024585 0.059876543209876426 0.05925925925925914
0.0594771241830064 0.059477124183006415 0.05882352941176457 0.15947712418300633 0.05882352941176457 0.0594771241830064 0.05882352941176457 0.07320261437908479 0.0594771241830064 0.05882352941176457 0.05882352941176457 0.05882352941176457 0.05882352941176457 0.05882352941176457 0.05882352941176457
0.06274509803921555 0.06209150326797373 0.061437908496731884 0.13856209150326776 0.05882352941176457 0.0614379084967319 0.061437908496731884 0.06274509803921555 0.0614379084967319 0.062091503267973726 0.06013071895424824 0.062091503267973726 0.06013071895424824 0.06339869281045739 0.0614379084967319
0.05882352941176457 0.0594771241830064 0.059477124183006415 0.05882352941176457 0.05882352941176457 0.0594771241830064 0.0594771241830064 0.17189542483660106 0.0594771241830064 0.06013071895424823 0.05882352941176457 0.05882352941176457 0.05882352941176457 0.05882352941176457 0.05882352941176457
0.09777777777777767 0.0994444444444443 0.05111111111111102 0.07833333333333324 0.04999999999999991 0.05166666666666658 0.04999999999999991 0.16166666666666668 0.05277777777777769 0.05111111111111102 0.050555555555555465 0.052222222222222135 0.05111111111111103 0.05166666666666658 0.050555555555555465
0.11722222222222213 0.056666666666666574 0.05111111111111103 0.05444444444444436 0.0527777777777777 0.0538888888888888 0.05111111111111103 0.10777777777777767 0.05277777777777769 0.05722222222222215 0.052222222222222135 0.13500000000000012 0.05111111111111103 0.05166666666666658 0.054999999999999924
0.07944444444444447 0.0527777777777777 0.05111111111111103 0.05055555555555547 0.05111111111111102 0.05333333333333324 0.076111111111111 0.14666666666666683 0.05222222222222214 0.05833333333333322 0.05222222222222214 0.12222222222222243 0.05166666666666657 0.04999999999999991 0.052222222222222135
0.0777777777777777 0.05888888888888882 0.05499999999999991 0.05944444444444436 0.053333333333333253 0.18277777777777773 0.06944444444444432 0.06222222222222213 0.05555555555555548 0.05277777777777769 0.052222222222222135 0.06111111111111101 0.05333333333333324 0.053888888888888806 0.05222222222222213
0.08947368421052633 0.060233918128654924 0.058479532163742666 0.06140350877192977 0.06081871345029233 0.1350877192982455 0.05906432748538009 0.060233918128654924 0.060233918128654924 0.055555555555555566 0.05906432748538011 0.06725146198830413 0.05438596491228071 0.060233918128654924 0.058479532163742694
0.05611111111111102 0.06388888888888879 0.056666666666666574 0.058333333333333244 0.05999999999999991 0.08722222222222212 0.05722222222222214 0.12499999999999999 0.05944444444444435 0.0527777777777777 0.05555555555555547 0.06499999999999993 0.05499999999999991 0.05888888888888881 0.08888888888888877
0.06597222222222222 0.06597222222222222 0.06388888888888888 0.06666666666666667 0.06666666666666667 0.06458333333333334 0.06388888888888888 0.06666666666666667 0.0875 0.06388888888888888 0.06527777777777778 0.06388888888888888 0.06388888888888888 0.06875 0.0625
0.06319444444444444 0.06458333333333334 0.06319444444444444 0.1 0.0625 0.0625 0.06388888888888888 0.06527777777777778 0.06388888888888888 0.0625 0.06319444444444444 0.06944444444444445 0.06944444444444445 0.0625 0.06388888888888888
0.0625 0.0625 0.0625 0.06319444444444444 0.0625 0.0625 0.0625 0.0625 0.0625 0.0625 0.12291666666666666 0.06388888888888888 0.0625 0.0625 0.0625
0.05679012345679001 0.06234567901234556 0.061111111111111005 0.1716049382716047 0.05679012345679001 0.05740740740740729 0.05740740740740729 0.059876543209876426 0.06111111111111099 0.059876543209876426 0.05617283950617273 0.05802469135802457 0.06049382716049371 0.0574074074074073 0.06358024691358012
0.0666666666666666 0.0597883597883597 0.05661375661375654 0.05608465608465599 0.057142857142857065 0.09523809523809519 0.05291005291005284 0.16349206349206333 0.0592592592592592 0.05343915343915337 0.0582010582010581 0.051851851851851774 0.05449735449735443 0.06031746031746023 0.05449735449735441
0.1071111111111111 0.05111111111111115 0.04755555555555559 0.20266666666666658 0.04400000000000003 0.05422222222222226 0.044444444444444474 0.06222222222222227 0.06844444444444449 0.044444444444444474 0.047111111111111145 0.07066666666666671 0.05155555555555559 0.06177777777777781 0.04266666666666669
0.06458333333333334 0.0625 0.06458333333333334 0.06527777777777778 0.06527777777777778 0.06388888888888888 0.06319444444444444 0.06319444444444444 0.09236111111111112 0.0625 0.06319444444444444 0.0625 0.0625 0.08055555555555556 0.06388888888888888
0.05166666666666658 0.07444444444444434 0.056666666666666594 0.06166666666666658 0.057222222222222126 0.05555555555555547 0.07999999999999992 0.05888888888888881 0.11000000000000014 0.05722222222222215 0.058888888888888796 0.05444444444444436 0.07777777777777765 0.08944444444444441 0.05611111111111104
0.05151515151515155 0.06616161616161624 0.07121212121212127 0.05555555555555561 0.06060606060606063 0.05050505050505052 0.057070707070707084 0.06919191919191928 0.05505050505050509 0.07222222222222226 0.05000000000000001 0.052020202020202036 0.04949494949494951 0.1065656565656566 0.13282828282828293
0.06993464052287567 0.05882352941176457 0.06732026143790837 0.06078431372549007 0.05882352941176457 0.05882352941176457 0.0594771241830064 0.06862745098039201 0.05882352941176457 0.0960784313725489 0.05882352941176457 0.05882352941176457 0.05882352941176457 0.0594771241830064 0.10653594771241816
0.058641975308641854 0.059876543209876426 0.062345679012345556 0.06234567901234556 0.06666666666666654 0.06172839506172829 0.06296296296296283 0.06543209876543199 0.12160493827160475 0.07716049382716036 0.05555555555555545 0.05864197530864187 0.061111111111111005 0.06296296296296283 0.06296296296296283
0.06257309941520463 0.06140350877192979 0.056725146198830415 0.06491228070175435 0.06315789473684208 0.060233918128654945 0.060233918128654966 0.06023391812865496 0.061403508771929835 0.060233918128654994 0.05906432748538009 0.05847953216374267 0.05614035087719297 0.10233918128654966 0.11286549707602335
0.06458333333333334 0.06666666666666667 0.08472222222222223 0.06458333333333334 0.06388888888888888 0.06736111111111111 0.06597222222222222 0.06388888888888888 0.06736111111111111 0.06666666666666667 0.06388888888888888 0.06319444444444444 0.0625 0.07152777777777777 0.06319444444444444
0.05380116959064327 0.06374269005847946 0.05321637426900585 0.058479532163742645 0.06432748538011691 0.05730994152046784 0.05321637426900585 0.0543859649122807 0.0812865497076023 0.06666666666666662 0.05380116959064327 0.05380116959064327 0.05964912280701752 0.06783625730994157 0.15847953216374241
0.06013071895424823 0.0594771241830064 0.06013071895424824 0.10130718954248345 0.06078431372549007 0.06013071895424823 0.10457516339869262 0.07320261437908479 0.0614379084967319 0.059477124183006415 0.0594771241830064 0.0594771241830064 0.05882352941176457 0.059477124183006415 0.06209150326797371
