0.05964912280701754 0.06374269005847948 0.0608187134502924 0.07719298245614035 0.08654970760233918 0.10701754385964912 0.0678362573099415 0.059649122807017535 0.05614035087719296 0.05906432748538009 0.06081871345029234 0.05672514619883039 0.05380116959064327 0.06315789473684211 0.06783625730994151
0.05321637426900584 0.055555555555555546 0.05438596491228071 0.05380116959064327 0.053801169590643266 0.1561403508771927 0.05555555555555555 0.0912280701754386 0.05438596491228071 0.0549707602339181 0.05614035087719299 0.05497076023391812 0.05380116959064327 0.05497076023391812 0.09707602339181289
0.06319444444444444 0.0625 0.0625 0.0625 0.0625 0.12013888888888889 0.0625 0.06388888888888888 0.06319444444444444 0.0625 0.06458333333333334 0.0625 0.0625 0.0625 0.0625
0.06319444444444444 0.06527777777777778 0.06388888888888888 0.06388888888888888 0.10972222222222222 0.06458333333333334 0.0625 0.0625 0.06388888888888888 0.0625 0.06388888888888888 0.0625 0.06319444444444444 0.06458333333333334 0.06388888888888888
0.052631578947368425 0.10233918128654972 0.05380116959064327 0.06374269005847952 0.05380116959064327 0.05321637426900584 0.19181286549707607 0.053801169590643266 0.052631578947368425 0.05321637426900584 0.05380116959064327 0.05380116959064327 0.05380116959064329 0.052631578947368425 0.05497076023391813
0.061111111111111005 0.05802469135802457 0.05740740740740729 0.10987654320987635 0.05925925925925915 0.05617283950617273 0.12037037037037018 0.05987654320987642 0.05555555555555545 0.058641975308641854 0.05740740740740729 0.05679012345679001 0.05925925925925915 0.05555555555555545 0.07469135802469123
0.058024691358024585 0.05617283950617273 0.05679012345679001 0.05555555555555545 0.05555555555555545 0.05555555555555545 0.05555555555555545 0.05617283950617273 0.05617283950617273 0.05555555555555545 0.10802469135802449 0.05740740740740729 0.05555555555555545 0.16049382716049362 0.0574074074074073
0.06013071895424823 0.06274509803921556 0.1241830065359475 0.06339869281045737 0.06470588235294103 0.06078431372549007 0.06078431372549007 0.062091503267973726 0.06405228758169922 0.0614379084967319 0.06928104575163385 0.0614379084967319 0.06274509803921555 0.05882352941176457 0.0633986928104574
0.05238095238095231 0.06402116402116394 0.04920634920634913 0.04814814814814808 0.056084656084656 0.05449735449735444 0.05291005291005283 0.0783068783068782 0.04973544973544967 0.057142857142857065 0.051322751322751256 0.050793650793650724 0.07037037037037026 0.06402116402116394 0.20105820105820074
0.14867724867724852 0.07089947089947082 0.05079365079365073 0.08941798941798934 0.05873015873015866 0.05079365079365073 0.05185185185185179 0.10634920634920626 0.05026455026455019 0.05714285714285704 0.05185185185185177 0.04920634920634914 0.04973544973544966 0.05502645502645495 0.059259259259259164
0.053968253968253894 0.05026455026455019 0.05079365079365073 0.0777777777777777 0.05291005291005284 0.056084656084656015 0.05925925925925916 0.1820105820105818 0.05079365079365071 0.05714285714285706 0.06084656084656076 0.04920634920634913 0.05238095238095231 0.09312169312169302 0.053439153439153356
0.0594771241830064 0.059477124183006415 0.0594771241830064 0.06013071895424824 0.16862745098039192 0.05882352941176457 0.0594771241830064 0.05882352941176457 0.05882352941176457 0.0594771241830064 0.059477124183006415 0.059477124183006415 0.06013071895424823 0.05882352941176457 0.0594771241830064
0.06339869281045739 0.06862745098039201 0.06274509803921555 0.0614379084967319 0.062091503267973726 0.0614379084967319 0.06666666666666653 0.06274509803921556 0.062091503267973726 0.06601307189542471 0.06274509803921557 0.06078431372549007 0.061437908496731905 0.06339869281045737 0.11437908496732004
0.059477124183006415 0.05882352941176457 0.0594771241830064 0.0594771241830064 0.05882352941176457 0.059477124183006415 0.06013071895424824 0.08300653594771226 0.0594771241830064 0.060784313725490056 0.06013071895424824 0.05882352941176457 0.08888888888888871 0.06078431372549007 0.11241830065359455
0.04999999999999991 0.05055555555555547 0.04999999999999991 0.050555555555555465 0.05277777777777769 0.05055555555555547 0.05055555555555547 0.09111111111111105 0.10055555555555538 0.05222222222222214 0.04999999999999991 0.050555555555555465 0.1611111111111111 0.08777777777777765 0.05166666666666658
0.04848484848484849 0.06212121212121219 0.08686868686868691 0.06616161616161619 0.06414141414141421 0.047474747474747475 0.12070707070707072 0.0742424242424243 0.0984848484848485 0.05808080808080812 0.052525252525252544 0.04696969696969696 0.06868686868686873 0.052020202020202036 0.05303030303030306
0.08212560386473437 0.07342995169082134 0.048792270531401054 0.04879227053140105 0.05265700483091798 0.0473429951690822 0.06618357487922712 0.04782608695652181 0.05362318840579718 0.18743961352657004 0.052173913043478355 0.0468599033816426 0.0859903381642513 0.04830917874396143 0.058454106280193346
0.04949494949494949 0.055050505050505065 0.057070707070707105 0.04848484848484849 0.054040404040404076 0.05050505050505051 0.0494949494949495 0.05404040404040407 0.0545454545454546 0.07525252525252529 0.05151515151515153 0.05151515151515155 0.08080808080808084 0.10151515151515161 0.16666666666666666
0.04102564102564099 0.040598290598290565 0.04316239316239312 0.06666666666666661 0.043589743589743546 0.07692307692307684 0.05982905982905978 0.05170940170940167 0.041025641025640984 0.07863247863247855 0.04444444444444441 0.20256410256410234 0.04230769230769226 0.0414529914529914 0.1260683760683759
0.04595959595959594 0.04646464646464645 0.04696969696969696 0.045454545454545435 0.3429292929292926 0.04696969696969696 0.04696969696969695 0.04696969696969696 0.04696969696969696 0.04595959595959594 0.04646464646464645 0.05000000000000002 0.04696969696969696 0.04646464646464645 0.04848484848484848
0.06013071895424824 0.06797385620915017 0.06666666666666651 0.05882352941176457 0.12483660130718932 0.060784313725490056 0.062091503267973726 0.06274509803921556 0.06339869281045737 0.06470588235294103 0.06078431372549007 0.0614379084967319 0.06078431372549008 0.06209150326797373 0.06274509803921556
0.05166666666666657 0.05166666666666659 0.053333333333333253 0.05222222222222213 0.272777777777778 0.0527777777777777 0.05111111111111103 0.05111111111111102 0.05055555555555547 0.05333333333333323 0.053333333333333253 0.05277777777777769 0.05055555555555547 0.05166666666666658 0.05111111111111103
0.05166666666666659 0.07333333333333324 0.053333333333333253 0.053333333333333253 0.22611111111111104 0.055555555555555476 0.05444444444444437 0.05222222222222214 0.05333333333333324 0.0538888888888888 0.053888888888888806 0.05444444444444435 0.05222222222222214 0.06055555555555547 0.05166666666666657
0.08819444444444445 0.07361111111111111 0.0625 0.06388888888888888 0.06388888888888888 0.06319444444444444 0.07569444444444444 0.06319444444444444 0.0625 0.06319444444444444 0.06319444444444444 0.06319444444444444 0.0625 0.0625 0.06875
0.0594771241830064 0.05882352941176457 0.06013071895424823 0.05882352941176457 0.059477124183006415 0.05882352941176457 0.05882352941176457 0.06209150326797371 0.12549019607843112 0.07973856209150312 0.0594771241830064 0.05882352941176457 0.08104575163398677 0.05882352941176457 0.06013071895424823
0.051322751322751256 0.065079365079365 0.14338624338624326 0.05026455026455019 0.053439153439153356 0.04920634920634913 0.052910052910052824 0.05343915343915337 0.09417989417989404 0.05291005291005284 0.052380952380952306 0.09841269841269826 0.050793650793650724 0.05502645502645495 0.07724867724867718
0.06458333333333334 0.06319444444444444 0.10138888888888889 0.06666666666666667 0.07152777777777777 0.06319444444444444 0.0625 0.0625 0.06319444444444444 0.06388888888888888 0.06458333333333334 0.0625 0.06319444444444444 0.06388888888888888 0.06319444444444444
0.05617283950617273 0.05679012345679001 0.05925925925925914 0.05617283950617273 0.07037037037037022 0.09444444444444429 0.058024691358024585 0.11419753086419734 0.09506172839506155 0.05617283950617273 0.05617283950617273 0.05617283950617273 0.05617283950617273 0.05740740740740729 0.0574074074074073
0.05882352941176457 0.05882352941176457 0.05882352941176457 0.05882352941176457 0.05882352941176457 0.05882352941176457 0.05882352941176457 0.05882352941176457 0.1751633986928102 0.05882352941176457 0.0594771241830064 0.05882352941176457 0.059477124183006415 0.05882352941176457 0.05882352941176457
0.0527777777777777 0.0538888888888888 0.055555555555555476 0.05277777777777769 0.054999999999999924 0.052222222222222135 0.052222222222222135 0.05777777777777768 0.058333333333333244 0.07999999999999993 0.0549999999999999 0.0538888888888888 0.16333333333333333 0.10333333333333321 0.053888888888888806
0.05617283950617273 0.05679012345679001 0.05740740740740729 0.05617283950617273 0.05555555555555545 0.10679012345678993 0.05555555555555545 0.05802469135802457 0.1185185185185183 0.07345679012345667 0.05740740740740729 0.05617283950617273 0.0796296296296295 0.05555555555555545 0.05679012345679001
0.0625 0.0625 0.06319444444444444 0.0625 0.06319444444444444 0.06319444444444444 0.0625 0.0625 0.12083333333333333 0.06319444444444444 0.06319444444444444 0.0625 0.0625 0.0625 0.06319444444444444
0.0543859649122807 0.0567251461988304 0.05789473684210523 0.0543859649122807 0.056725146198830394 0.053801169590643266 0.05964912280701752 0.07134502923976606 0.059649122807017514 0.060233918128654945 0.05321637426900585 0.05380116959064329 0.19590643274853808 0.055555555555555546 0.056725146198830394
0.06319444444444444 0.06319444444444444 0.0625 0.0625 0.0625 0.06319444444444444 0.06319444444444444 0.06319444444444444 0.06458333333333334 0.0625 0.0625 0.0625 0.0625 0.11805555555555555 0.06388888888888888
0.0594771241830064 0.05882352941176457 0.05882352941176457 0.0594771241830064 0.17189542483660106 0.05882352941176457 0.05882352941176457 0.05882352941176457 0.0594771241830064 0.0594771241830064 0.059477124183006415 0.05882352941176457 0.0594771241830064 0.05882352941176457 0.0594771241830064
0.06597222222222222 0.09652777777777778 0.06388888888888888 0.06319444444444444 0.06527777777777778 0.0625 0.06666666666666667 0.06458333333333334 0.06319444444444444 0.06527777777777778 0.06458333333333334 0.06319444444444444 0.06319444444444444 0.06527777777777778 0.06666666666666667
0.05679012345679001 0.05555555555555545 0.0574074074074073 0.05555555555555545 0.05617283950617273 0.10740740740740723 0.0574074074074073 0.05864197530864187 0.11728395061728375 0.07345679012345667 0.0574074074074073 0.05555555555555545 0.07777777777777763 0.05679012345679001 0.05679012345679001
0.0594771241830064 0.05882352941176457 0.0594771241830064 0.05882352941176457 0.05882352941176457 0.05882352941176457 0.059477124183006415 0.0594771241830064 0.17254901960784289 0.05882352941176457 0.05882352941176457 0.05882352941176457 0.05882352941176457 0.05882352941176457 0.06013071895424823
0.045410628019323745 0.05120772946859911 0.05024154589371988 0.04541062801932373 0.050241545893719874 0.04734299516908222 0.04541062801932375 0.06908212560386484 0.09661835748792282 0.061352657004831015 0.05942028985507256 0.09178743961352669 0.05265700483091797 0.18405797101449292 0.049758454106280284
0.0594771241830064 0.05882352941176457 0.1692810457516337 0.05882352941176457 0.06078431372549007 0.05882352941176457 0.05882352941176457 0.059477124183006415 0.05882352941176457 0.05882352941176457 0.06013071895424824 0.0594771241830064 0.0594771241830064 0.059477124183006415 0.0594771241830064
0.06521739130434791 0.09951690821256046 0.05024154589371988 0.045410628019323745 0.05265700483091795 0.0473429951690822 0.046859903381642594 0.05217391304347833 0.04444444444444452 0.05169082125603873 0.04879227053140105 0.2497584541062799 0.04830917874396145 0.046376811594202975 0.05120772946859911
0.0625 0.0625 0.0625 0.10486111111111111 0.0625 0.06319444444444444 0.08125 0.0625 0.0625 0.0625 0.0625 0.06319444444444444 0.0625 0.0625 0.0625
0.07719298245614034 0.0666666666666666 0.05789473684210525 0.10409356725146195 0.05789473684210526 0.05555555555555554 0.11637426900584796 0.05497076023391813 0.05614035087719297 0.06081871345029237 0.05614035087719295 0.057894736842105284 0.056725146198830394 0.05614035087719297 0.06549707602339175
0.10457516339869259 0.09346405228758152 0.059477124183006415 0.07908496732026128 0.0594771241830064 0.0594771241830064 0.0594771241830064 0.05882352941176457 0.06013071895424824 0.06274509803921556 0.06078431372549007 0.0594771241830064 0.062091503267973726 0.0594771241830064 0.0614379084967319
0.05802469135802457 0.058024691358024585 0.06049382716049371 0.06234567901234555 0.11728395061728375 0.05617283950617273 0.09506172839506159 0.058024691358024585 0.059876543209876426 0.06666666666666655 0.0685185185185184 0.05617283950617273 0.06234567901234556 0.05679012345679002 0.06419753086419741
0.06527777777777778 0.06666666666666667 0.06666666666666667 0.06527777777777778 0.06666666666666667 0.0625 0.06944444444444445 0.06736111111111111 0.06458333333333334 0.06666666666666667 0.07222222222222222 0.06527777777777778 0.06736111111111111 0.06597222222222222 0.06805555555555555
0.05964912280701754 0.055555555555555525 0.05438596491228071 0.0573099415204678 0.05438596491228072 0.05730994152046782 0.05497076023391813 0.10292397660818714 0.05380116959064327 0.055555555555555566 0.05380116959064329 0.16783625730994123 0.05614035087719297 0.057309941520467804 0.0590643274853801
0.05730994152046782 0.05614035087719296 0.054970760233918115 0.05438596491228069 0.05497076023391812 0.053801169590643266 0.05497076023391814 0.10350877192982456 0.05380116959064327 0.05847953216374269 0.05497076023391812 0.16959064327485357 0.056725146198830394 0.06023391812865492 0.05614035087719298
0.11481481481481469 0.050264550264550185 0.05291005291005285 0.04920634920634913 0.06084656084656076 0.09947089947089935 0.053439153439153356 0.053439153439153356 0.055555555555555476 0.07248677248677242 0.06931216931216923 0.05026455026455019 0.07037037037037026 0.04973544973544967 0.0978835978835978
0.08611111111111111 0.06458333333333334 0.0625 0.06875 0.06597222222222222 0.06597222222222222 0.06458333333333334 0.06458333333333334 0.06319444444444444 0.07083333333333333 0.06736111111111111 0.0625 0.06527777777777778 0.06388888888888888 0.06388888888888888
0.065079365079365 0.05291005291005283 0.04814814814814808 0.05026455026455019 0.04920634920634914 0.0507936507936507 0.05132275132275124 0.050264550264550185 0.25132275132275095 0.06507936507936501 0.05396825396825389 0.04761904761904755 0.06719576719576713 0.04814814814814808 0.048677248677248604
0.0543859649122807 0.057309941520467804 0.0649122807017544 0.06257309941520464 0.056725146198830394 0.10116959064327487 0.06549707602339178 0.05847953216374269 0.130409356725146 0.059649122807017514 0.05964912280701754 0.0543859649122807 0.05789473684210525 0.0573099415204678 0.05964912280701755
0.06319444444444444 0.06597222222222222 0.06875 0.06805555555555555 0.08055555555555556 0.06319444444444444 0.06458333333333334 0.06388888888888888 0.06458333333333334 0.07083333333333333 0.06666666666666667 0.0625 0.06388888888888888 0.06527777777777778 0.06805555555555555
0.06805555555555555 0.06597222222222222 0.06458333333333334 0.06527777777777778 0.06388888888888888 0.06388888888888888 0.06319444444444444 0.06527777777777778 0.06388888888888888 0.06805555555555555 0.09166666666666666 0.06319444444444444 0.06388888888888888 0.06597222222222222 0.06319444444444444
0.0625 0.06388888888888888 0.07291666666666667 0.0625 0.06388888888888888 0.06319444444444444 0.06875 0.0625 0.10347222222222222 0.0625 0.06319444444444444 0.0625 0.0625 0.0625 0.06319444444444444
0.0574074074074073 0.05617283950617273 0.05555555555555545 0.05555555555555545 0.05617283950617273 0.05617283950617273 0.05679012345679001 0.05740740740740729 0.17345679012345652 0.07037037037037026 0.05987654320987644 0.05555555555555545 0.07777777777777765 0.05555555555555545 0.05617283950617273
0.052631578947368425 0.0543859649122807 0.056140350877193 0.05321637426900584 0.05497076023391812 0.15672514619883007 0.05614035087719297 0.05321637426900585 0.13684210526315765 0.052631578947368425 0.058479532163742666 0.052631578947368425 0.053801169590643266 0.05380116959064327 0.0543859649122807
0.0614379084967319 0.06470588235294106 0.06470588235294103 0.11699346405228735 0.059477124183006415 0.06209150326797373 0.06209150326797371 0.0594771241830064 0.06732026143790835 0.06732026143790837 0.06013071895424824 0.05882352941176457 0.06274509803921555 0.06078431372549007 0.07189542483660116
0.05882352941176457 0.05882352941176457 0.0594771241830064 0.16143790849673176 0.0594771241830064 0.059477124183006415 0.0705882352941175 0.05882352941176457 0.05882352941176457 0.05882352941176457 0.0594771241830064 0.05882352941176457 0.05882352941176457 0.059477124183006415 0.05882352941176457
0.0625 0.0625 0.0625 0.0625 0.06319444444444444 0.0625 0.0625 0.0625 0.0625 0.06319444444444444 0.06388888888888888 0.0625 0.0625 0.0625 0.12222222222222222
0.19747474747474744 0.06313131313131314 0.053030303030303046 0.04898989898989898 0.05 0.05050505050505051 0.04797979797979797 0.05101010101010102 0.04696969696969696 0.07020202020202032 0.06969696969696974 0.0494949494949495 0.05909090909090915 0.08888888888888889 0.053535353535353554
0.1076023391812865 0.05789473684210525 0.05614035087719296 0.06608187134502921 0.05964912280701752 0.05964912280701752 0.06374269005847952 0.05614035087719298 0.057309941520467804 0.06257309941520461 0.11871345029239758 0.05614035087719296 0.058479532163742715 0.05789473684210525 0.061988304093567266
0.06666666666666667 0.06944444444444445 0.06388888888888888 0.06527777777777778 0.07013888888888889 0.06597222222222222 0.06805555555555555 0.06666666666666667 0.06527777777777778 0.06597222222222222 0.06388888888888888 0.06875 0.06527777777777778 0.06944444444444445 0.06527777777777778
0.058024691358024585 0.058024691358024585 0.07160493827160483 0.05864197530864187 0.061728395061728274 0.05617283950617273 0.061728395061728274 0.05617283950617273 0.1555555555555553 0.06172839506172829 0.06543209876543198 0.058024691358024585 0.058641975308641854 0.058024691358024585 0.06049382716049372
0.0625 0.0625 0.11944444444444445 0.06319444444444444 0.0625 0.06388888888888888 0.0625 0.0625 0.0625 0.06319444444444444 0.06319444444444444 0.0625 0.06388888888888888 0.0625 0.06319444444444444
0.0444444444444444 0.06068376068376061 0.04658119658119654 0.05598290598290595 0.050427350427350394 0.043589743589743546 0.0829059829059828 0.04999999999999995 0.13632478632478615 0.07820512820512815 0.13504273504273487 0.04145299145299142 0.08290598290598283 0.04188034188034185 0.049572649572649535
0.05617283950617273 0.06913580246913567 0.0641975308641974 0.05555555555555545 0.06234567901234558 0.05802469135802457 0.07407407407407395 0.05617283950617273 0.15123456790123438 0.06296296296296285 0.062345679012345556 0.05555555555555545 0.058024691358024585 0.05802469135802457 0.05617283950617273
0.058641975308641854 0.05802469135802457 0.05864197530864187 0.05555555555555545 0.1537037037037035 0.0574074074074073 0.05617283950617273 0.06049382716049372 0.05679012345679001 0.05617283950617273 0.05864197530864187 0.09814814814814796 0.05679012345679001 0.05802469135802457 0.05679012345679001
0.05380116959064327 0.05438596491228072 0.12046783625730985 0.13859649122807 0.057309941520467804 0.055555555555555566 0.07309941520467833 0.05614035087719297 0.05730994152046784 0.05497076023391812 0.05380116959064327 0.05614035087719298 0.05614035087719296 0.05614035087719295 0.05614035087719297
0.05555555555555555 0.05789473684210524 0.10409356725146196 0.05438596491228069 0.07660818713450294 0.055555555555555525 0.056725146198830415 0.05847953216374265 0.061403508771929786 0.07251461988304088 0.056725146198830415 0.10058479532163744 0.07894736842105265 0.0543859649122807 0.05614035087719298
0.055555555555555566 0.061988304093567224 0.17485380116959065 0.05321637426900585 0.05730994152046779 0.05321637426900585 0.0543859649122807 0.05555555555555554 0.10526315789473684 0.05497076023391813 0.05555555555555554 0.05321637426900586 0.05497076023391812 0.054970760233918115 0.054970760233918115
0.05499999999999991 0.05722222222222214 0.05222222222222214 0.05166666666666658 0.10222222222222212 0.053888888888888806 0.053888888888888806 0.053888888888888806 0.14722222222222225 0.052222222222222135 0.0538888888888888 0.052222222222222135 0.0527777777777777 0.05499999999999991 0.10666666666666659
0.0625 0.06319444444444444 0.11944444444444445 0.0625 0.06319444444444444 0.0625 0.06319444444444444 0.06319444444444444 0.06319444444444444 0.0625 0.0625 0.06319444444444444 0.06319444444444444 0.0625 0.06319444444444444
0.05925925925925915 0.06049382716049371 0.05679012345679001 0.058024691358024585 0.06111111111111099 0.0574074074074073 0.05987654320987642 0.06234567901234556 0.12222222222222201 0.08641975308641961 0.06234567901234556 0.05802469135802457 0.07777777777777765 0.061728395061728274 0.05617283950617273
0.05497076023391812 0.05497076023391812 0.05555555555555554 0.05321637426900584 0.05730994152046784 0.0543859649122807 0.05614035087719297 0.0567251461988304 0.11345029239766075 0.06608187134502917 0.05380116959064327 0.05438596491228071 0.15497076023391806 0.05497076023391812 0.05906432748538009
0.05882352941176457 0.06013071895424824 0.07124183006535931 0.0594771241830064 0.06078431372549007 0.05882352941176457 0.06666666666666654 0.059477124183006415 0.09477124183006518 0.06601307189542469 0.062091503267973726 0.060784313725490056 0.059477124183006415 0.06078431372549007 0.10065359477124163
0.05555555555555545 0.05555555555555545 0.05555555555555545 0.2154320987654317 0.05555555555555545 0.05617283950617273 0.05740740740740729 0.05679012345679001 0.05555555555555545 0.05617283950617273 0.05679012345679001 0.05555555555555545 0.05555555555555545 0.05617283950617273 0.05617283950617273
0.0625 0.06319444444444444 0.06319444444444444 0.06388888888888888 0.06319444444444444 0.06319444444444444 0.06527777777777778 0.0625 0.0625 0.06527777777777778 0.06388888888888888 0.0625 0.06388888888888888 0.06319444444444444 0.11180555555555556
0.05617283950617273 0.05617283950617273 0.05555555555555545 0.09938271604938254 0.0574074074074073 0.11172839506172821 0.061111111111111005 0.0574074074074073 0.05617283950617273 0.058641975308641854 0.0574074074074073 0.05740740740740729 0.05679012345679001 0.05802469135802457 0.1006172839506171
0.06013071895424824 0.06078431372549007 0.06274509803921556 0.06339869281045737 0.061437908496731884 0.0882352941176469 0.11895424836601287 0.059477124183006415 0.06013071895424823 0.059477124183006415 0.06209150326797373 0.06013071895424824 0.06274509803921555 0.06013071895424823 0.06013071895424824
0.05333333333333324 0.05555555555555547 0.05944444444444436 0.053888888888888806 0.20499999999999988 0.07777777777777768 0.06277777777777767 0.05222222222222214 0.05333333333333326 0.0527777777777777 0.0538888888888888 0.053333333333333253 0.057222222222222126 0.05333333333333326 0.05611111111111102
0.0594771241830064 0.06078431372549007 0.05882352941176457 0.0594771241830064 0.10392156862745076 0.06078431372549007 0.06470588235294104 0.06013071895424824 0.06013071895424824 0.06274509803921555 0.0594771241830064 0.0594771241830064 0.061437908496731905 0.06013071895424823 0.10849673202614359
0.06481481481481469 0.06049382716049373 0.06296296296296283 0.058641975308641854 0.10925925925925913 0.08518518518518509 0.06604938271604925 0.06234567901234558 0.059876543209876426 0.06296296296296285 0.06358024691358015 0.058024691358024585 0.06296296296296283 0.06049382716049371 0.062345679012345556
0.05882352941176457 0.0594771241830064 0.17320261437908469 0.059477124183006415 0.05882352941176457 0.05882352941176457 0.05882352941176457 0.05882352941176457 0.05882352941176457 0.05882352941176457 0.05882352941176457 0.05882352941176457 0.06013071895424823 0.059477124183006415 0.05882352941176457
0.0625 0.0625 0.0625 0.06319444444444444 0.0625 0.0625 0.0625 0.0625 0.12291666666666666 0.0625 0.06388888888888888 0.0625 0.0625 0.0625 0.0625
0.061111111111111005 0.07469135802469123 0.06666666666666655 0.05925925925925914 0.07345679012345664 0.062345679012345556 0.06296296296296285 0.06790123456790112 0.061728395061728294 0.06481481481481469 0.06728395061728383 0.07777777777777764 0.06790123456790112 0.06728395061728384 0.0648148148148147
0.11633986928104552 0.0594771241830064 0.05882352941176457 0.05882352941176457 0.05882352941176457 0.05882352941176457 0.05882352941176457 0.0594771241830064 0.05882352941176457 0.06078431372549007 0.0594771241830064 0.059477124183006415 0.06013071895424823 0.11241830065359452 0.0594771241830064
0.05333333333333324 0.052222222222222135 0.052222222222222135 0.053888888888888806 0.053333333333333253 0.053888888888888806 0.05222222222222214 0.052222222222222135 0.0527777777777777 0.08944444444444434 0.2183333333333332 0.04999999999999991 0.05444444444444436 0.05666666666666658 0.05499999999999991
0.17660818713450274 0.06081871345029235 0.05964912280701754 0.057309941520467804 0.061988304093567266 0.05730994152046784 0.06549707602339183 0.061403508771929814 0.052631578947368425 0.05614035087719297 0.06140350877192979 0.0543859649122807 0.06081871345029236 0.05555555555555554 0.058479532163742666
0.11503267973856184 0.10980392156862721 0.06078431372549007 0.05882352941176457 0.0594771241830064 0.05882352941176457 0.05882352941176457 0.05882352941176457 0.05882352941176457 0.06013071895424823 0.0614379084967319 0.0594771241830064 0.059477124183006415 0.0594771241830064 0.06078431372549007
0.1455555555555557 0.050555555555555465 0.05111111111111103 0.04999999999999991 0.050555555555555465 0.10055555555555541 0.05111111111111103 0.052222222222222135 0.05166666666666658 0.12055555555555553 0.0527777777777777 0.04999999999999991 0.07055555555555545 0.05111111111111103 0.05166666666666658
0.13209876543209853 0.06358024691358014 0.06296296296296285 0.06481481481481469 0.06543209876543196 0.06296296296296285 0.06481481481481469 0.061111111111111005 0.05555555555555545 0.06111111111111099 0.06543209876543199 0.059876543209876426 0.06234567901234556 0.059876543209876426 0.058024691358024585
0.12083333333333333 0.0625 0.06319444444444444 0.0625 0.0625 0.0625 0.06319444444444444 0.0625 0.0625 0.06319444444444444 0.0625 0.0625 0.06388888888888888 0.06319444444444444 0.0625
0.07430555555555556 0.06875 0.06388888888888888 0.06527777777777778 0.07291666666666667 0.06458333333333334 0.06527777777777778 0.06875 0.06388888888888888 0.06875 0.06805555555555555 0.0625 0.06527777777777778 0.06319444444444444 0.06458333333333334
0.06013071895424824 0.062091503267973726 0.14705882352941152 0.06274509803921555 0.06209150326797371 0.06078431372549008 0.0594771241830064 0.0614379084967319 0.0614379084967319 0.0594771241830064 0.06078431372549007 0.059477124183006415 0.062091503267973726 0.06013071895424824 0.06078431372549007
0.07444444444444434 0.0538888888888888 0.0538888888888888 0.05888888888888881 0.05555555555555547 0.055555555555555476 0.06111111111111102 0.05499999999999991 0.0527777777777777 0.08111111111111104 0.08333333333333325 0.0527777777777777 0.05611111111111101 0.09888888888888878 0.10666666666666665
0.07017543859649117 0.05321637426900586 0.052631578947368425 0.05321637426900584 0.05321637426900584 0.05438596491228071 0.05321637426900585 0.055555555555555546 0.05380116959064327 0.05789473684210525 0.07836257309941523 0.052631578947368425 0.05438596491228069 0.1491228070175436 0.10818713450292393
0.058641975308641854 0.05925925925925916 0.05740740740740729 0.05864197530864187 0.06358024691358014 0.05925925925925915 0.059876543209876426 0.059876543209876426 0.05864197530864187 0.06481481481481469 0.06234567901234556 0.05679012345679001 0.06049382716049371 0.10617283950617268 0.11419753086419736
0.06319444444444444 0.06319444444444444 0.0625 0.0625 0.0625 0.06319444444444444 0.0625 0.0625 0.0625 0.0625 0.06319444444444444 0.0625 0.0625 0.12222222222222222 0.0625
0.057894736842105214 0.057309941520467846 0.05847953216374269 0.06257309941520466 0.18596491228070178 0.05614035087719297 0.056725146198830394 0.05555555555555555 0.05730994152046782 0.05964912280701752 0.06315789473684208 0.05497076023391812 0.05555555555555557 0.05906432748538012 0.059649122807017514
0.06111111111111118 0.12070707070707075 0.05000000000000001 0.11414141414141418 0.05151515151515155 0.05000000000000001 0.09242424242424242 0.04949494949494951 0.04797979797979797 0.0505050505050505 0.11010101010101017 0.04696969696969696 0.05000000000000001 0.048989898989899 0.056060606060606116
0.06049382716049371 0.05864197530864187 0.06234567901234556 0.09506172839506159 0.05925925925925914 0.05864197530864187 0.12283950617283924 0.06234567901234556 0.05740740740740729 0.06481481481481469 0.062345679012345556 0.05740740740740729 0.06172839506172829 0.058641975308641875 0.058024691358024585
0.0543859649122807 0.08654970760233918 0.058479532163742694 0.05321637426900584 0.19766081871345026 0.05380116959064327 0.05497076023391812 0.054970760233918115 0.05497076023391812 0.056725146198830415 0.05438596491228069 0.05321637426900584 0.05614035087719299 0.05497076023391812 0.05555555555555554
0.0625 0.0625 0.0625 0.0625 0.0625 0.12152777777777778 0.06388888888888888 0.0625 0.0625 0.0625 0.06388888888888888 0.0625 0.06319444444444444 0.0625 0.0625
0.15111111111111103 0.06266666666666672 0.04800000000000002 0.045333333333333364 0.05422222222222225 0.048000000000000036 0.06311111111111115 0.12444444444444441 0.045333333333333364 0.053777777777777806 0.044444444444444474 0.07688888888888894 0.06088888888888893 0.04311111111111114 0.07866666666666672
0.06388888888888888 0.0625 0.0625 0.06319444444444444 0.06319444444444444 0.06319444444444444 0.0625 0.06527777777777778 0.06944444444444445 0.08333333333333333 0.06319444444444444 0.0625 0.08888888888888889 0.0625 0.06388888888888888
0.06604938271604927 0.0648148148148147 0.06728395061728384 0.06234567901234556 0.06604938271604929 0.058641975308641854 0.06111111111111099 0.07222222222222209 0.05864197530864187 0.07037037037037025 0.06851851851851841 0.05925925925925915 0.09691358024691345 0.06358024691358015 0.06419753086419741
0.05042735042735041 0.04786324786324782 0.04786324786324784 0.04102564102564099 0.04914529914529911 0.20170940170940155 0.04230769230769226 0.19017094017094002 0.04273504273504271 0.048290598290598265 0.04700854700854695 0.040598290598290565 0.06452991452991447 0.040598290598290565 0.04572649572649568
0.05380116959064327 0.052631578947368425 0.05847953216374264 0.05321637426900586 0.05497076023391814 0.15964912280701724 0.05321637426900586 0.08654970760233921 0.052631578947368425 0.05730994152046787 0.05497076023391813 0.05321637426900584 0.10058479532163736 0.0543859649122807 0.05438596491228069
0.04973544973544966 0.04761904761904755 0.16613756613756592 0.04920634920634913 0.052380952380952306 0.0910052910052909 0.04973544973544966 0.0867724867724867 0.048677248677248604 0.05502645502645496 0.051851851851851774 0.04867724867724861 0.09470899470899463 0.057671957671957604 0.05079365079365071
0.0625 0.0625 0.0625 0.0625 0.0625 0.0625 0.0625 0.06458333333333334 0.0625 0.0625 0.06388888888888888 0.0625 0.06388888888888888 0.11944444444444445 0.06319444444444444
0.095424836601307 0.062091503267973726 0.06732026143790838 0.059477124183006415 0.06209150326797373 0.06013071895424824 0.0594771241830064 0.06732026143790834 0.0594771241830064 0.0640522875816992 0.0640522875816992 0.07124183006535935 0.08039215686274497 0.061437908496731884 0.0660130718954247
0.08950617283950603 0.058024691358024585 0.061728395061728294 0.05740740740740729 0.06049382716049371 0.05617283950617273 0.061728395061728274 0.06790123456790112 0.05617283950617273 0.06419753086419741 0.062345679012345556 0.06975308641975297 0.07530864197530851 0.05925925925925914 0.09999999999999983
0.0578703703703704 0.056944444444444416 0.05277777777777776 0.04490740740740736 0.06018518518518521 0.04861111111111109 0.0513888888888889 0.06620370370370374 0.04351851851851848 0.051388888888888866 0.054166666666666696 0.1018518518518518 0.10648148148148155 0.1421296296296296 0.061574074074074114
0.06732026143790837 0.09084967320261424 0.06339869281045737 0.06274509803921555 0.072549019607843 0.0614379084967319 0.06993464052287568 0.06470588235294104 0.062091503267973726 0.0614379084967319 0.06928104575163387 0.060784313725490056 0.06470588235294104 0.06339869281045737 0.06535947712418286
0.05802469135802457 0.058024691358024585 0.05740740740740729 0.05617283950617273 0.05679012345679001 0.05679012345679001 0.10802469135802449 0.058024691358024585 0.05555555555555545 0.09938271604938254 0.06358024691358014 0.05555555555555545 0.10185185185185167 0.05740740740740729 0.05740740740740729
0.12222222222222201 0.06470588235294103 0.06274509803921556 0.06013071895424824 0.06274509803921556 0.06601307189542471 0.06339869281045739 0.06405228758169922 0.061437908496731905 0.0640522875816992 0.06078431372549007 0.06078431372549007 0.062091503267973726 0.062091503267973726 0.06274509803921555
0.0625 0.08194444444444444 0.06388888888888888 0.0625 0.06388888888888888 0.0625 0.0625 0.06458333333333334 0.0625 0.08611111111111111 0.06458333333333334 0.06527777777777778 0.06875 0.06388888888888888 0.06458333333333334
0.06601307189542473 0.059477124183006415 0.05882352941176457 0.05882352941176457 0.059477124183006415 0.05882352941176457 0.0594771241830064 0.059477124183006415 0.05882352941176457 0.0614379084967319 0.05882352941176457 0.0594771241830064 0.06013071895424824 0.16013071895424813 0.06078431372549007
0.0625 0.0625 0.0625 0.0625 0.0625 0.06319444444444444 0.0625 0.0625 0.0625 0.06388888888888888 0.0625 0.12291666666666666 0.0625 0.0625 0.0625
0.05321637426900585 0.05321637426900584 0.052631578947368425 0.05380116959064327 0.05555555555555554 0.05380116959064327 0.053801169590643266 0.153801169590643 0.05321637426900584 0.09590643274853804 0.05555555555555554 0.10643274853801168 0.053801169590643266 0.052631578947368425 0.052631578947368425
0.06388888888888888 0.06319444444444444 0.06458333333333334 0.06458333333333334 0.06527777777777778 0.10069444444444445 0.0625 0.06388888888888888 0.06388888888888888 0.06875 0.06458333333333334 0.06319444444444444 0.06319444444444444 0.06388888888888888 0.06388888888888888
0.06388888888888888 0.10833333333333334 0.0625 0.0625 0.06319444444444444 0.0625 0.06388888888888888 0.06319444444444444 0.06319444444444444 0.07083333333333333 0.0625 0.06458333333333334 0.06388888888888888 0.0625 0.0625
0.0594771241830064 0.0594771241830064 0.0594771241830064 0.10849673202614359 0.060784313725490056 0.059477124183006415 0.06339869281045739 0.0594771241830064 0.0594771241830064 0.0594771241830064 0.06732026143790835 0.0594771241830064 0.0594771241830064 0.10457516339869259 0.06013071895424823
0.05679012345679001 0.0641975308641974 0.06049382716049371 0.1611111111111109 0.06481481481481469 0.0574074074074073 0.062345679012345556 0.05617283950617273 0.05925925925925915 0.058024691358024585 0.059876543209876426 0.05802469135802457 0.05864197530864187 0.05864197530864187 0.06419753086419742
0.0574074074074073 0.059876543209876426 0.05617283950617273 0.14382716049382702 0.05802469135802457 0.05679012345679001 0.05987654320987642 0.05679012345679001 0.05679012345679001 0.05925925925925915 0.05617283950617273 0.1074074074074072 0.05617283950617273 0.05740740740740729 0.058024691358024585
0.07654320987654308 0.06666666666666655 0.05617283950617273 0.0858024691358023 0.05617283950617273 0.05679012345679001 0.14197530864197508 0.05679012345679001 0.05617283950617273 0.061111111111110984 0.058024691358024585 0.05679012345679002 0.05679012345679002 0.05617283950617273 0.058024691358024585
0.05555555555555545 0.05555555555555545 0.05555555555555545 0.10925925925925904 0.05555555555555545 0.16666666666666646 0.05617283950617273 0.05555555555555545 0.05555555555555545 0.05617283950617273 0.05555555555555545 0.05555555555555545 0.05555555555555545 0.05555555555555545 0.05617283950617273
0.0594771241830064 0.05882352941176457 0.05882352941176457 0.05882352941176457 0.05882352941176457 0.05882352941176457 0.05882352941176457 0.0594771241830064 0.05882352941176457 0.06013071895424824 0.06013071895424823 0.17124183006535923 0.0594771241830064 0.05882352941176457 0.0594771241830064
0.058024691358024585 0.058024691358024585 0.05617283950617273 0.14444444444444426 0.05987654320987644 0.061111111111111005 0.058641975308641854 0.058024691358024585 0.0574074074074073 0.1043209876543208 0.05679012345679001 0.058024691358024585 0.05740740740740729 0.05555555555555545 0.05617283950617273
0.06262626262626267 0.04696969696969695 0.04595959595959594 0.04595959595959594 0.0494949494949495 0.04747474747474746 0.04595959595959594 0.11212121212121227 0.048989898989899 0.06010101010101015 0.06313131313131315 0.04595959595959594 0.14949494949494957 0.1237373737373739 0.05202020202020205
0.05740740740740729 0.05925925925925915 0.17345679012345652 0.05864197530864187 0.05925925925925915 0.05864197530864187 0.058641975308641854 0.06358024691358014 0.05617283950617273 0.05740740740740729 0.05925925925925914 0.059876543209876426 0.061111111111111005 0.05802469135802457 0.05925925925925915
0.05789473684210523 0.06432748538011693 0.07192982456140351 0.0590643274853801 0.06315789473684207 0.06081871345029239 0.06549707602339178 0.0596491228070175 0.060233918128654966 0.09532163742690056 0.06432748538011696 0.05672514619883039 0.09707602339181284 0.060233918128654945 0.0637426900584795
0.10105820105820093 0.05079365079365071 0.051851851851851774 0.04973544973544967 0.05238095238095231 0.051322751322751256 0.050264550264550185 0.06031746031746024 0.04920634920634914 0.048677248677248604 0.05079365079365073 0.04973544973544967 0.23439153439153412 0.05079365079365071 0.048677248677248604
0.06732026143790835 0.06470588235294104 0.06078431372549007 0.06274509803921555 0.0771241830065358 0.061437908496731884 0.11111111111111091 0.06078431372549007 0.06078431372549007 0.060784313725490056 0.06535947712418287 0.06013071895424824 0.06013071895424824 0.0640522875816992 0.06274509803921556
0.06597222222222222 0.06805555555555555 0.06875 0.06319444444444444 0.06944444444444445 0.06388888888888888 0.07013888888888889 0.06458333333333334 0.06597222222222222 0.06736111111111111 0.06597222222222222 0.06666666666666667 0.06458333333333334 0.06736111111111111 0.06805555555555555
0.11164021164021153 0.05661375661375653 0.0555555555555555 0.05291005291005283 0.05714285714285708 0.05291005291005283 0.05238095238095229 0.05238095238095229 0.05291005291005284 0.0597883597883597 0.08042328042328037 0.04973544973544966 0.10899470899470888 0.09735449735449729 0.05925925925925918
0.06825396825396816 0.05132275132275125 0.051851851851851774 0.05026455026455017 0.04920634920634913 0.09894179894179884 0.053439153439153356 0.1052910052910052 0.05502645502645494 0.07248677248677243 0.07301587301587295 0.050793650793650724 0.11216931216931211 0.05238095238095231 0.05555555555555548
0.04973544973544967 0.04761904761904755 0.04761904761904755 0.04761904761904755 0.19259259259259232 0.093121693121693 0.04814814814814808 0.04814814814814808 0.05079365079365073 0.06243386243386234 0.04867724867724859 0.04814814814814808 0.11798941798941795 0.04814814814814808 0.04920634920634913
0.06666666666666667 0.06944444444444445 0.06666666666666667 0.06736111111111111 0.06666666666666667 0.06527777777777778 0.06388888888888888 0.06875 0.06458333333333334 0.06805555555555555 0.06736111111111111 0.06527777777777778 0.06666666666666667 0.06805555555555555 0.06527777777777778
