0.06470588235294104 0.06535947712418286 0.0614379084967319 0.06601307189542471 0.06078431372549007 0.06339869281045739 0.0771241830065358 0.06470588235294104 0.06470588235294103 0.0882352941176469 0.062091503267973726 0.06732026143790835 0.06274509803921555 0.06862745098039204 0.06274509803921555
0.06458333333333334 0.06597222222222222 0.06597222222222222 0.06805555555555555 0.06458333333333334 0.06666666666666667 0.06805555555555555 0.07916666666666666 0.06527777777777778 0.06597222222222222 0.06388888888888888 0.06458333333333334 0.06736111111111111 0.06597222222222222 0.06388888888888888
0.05864197530864187 0.05740740740740729 0.059876543209876426 0.07592592592592579 0.058641975308641854 0.059876543209876426 0.16049382716049362 0.06111111111111099 0.05802469135802457 0.0574074074074073 0.059876543209876426 0.05864197530864187 0.0574074074074073 0.05925925925925915 0.05740740740740729
0.06458333333333334 0.06805555555555555 0.06527777777777778 0.06736111111111111 0.06597222222222222 0.07013888888888889 0.06597222222222222 0.06527777777777778 0.06944444444444445 0.06597222222222222 0.06597222222222222 0.06805555555555555 0.06388888888888888 0.06805555555555555 0.06597222222222222
0.053439153439153356 0.05502645502645494 0.11798941798941791 0.05132275132275125 0.04973544973544966 0.05026455026455017 0.051322751322751256 0.04920634920634913 0.04920634920634914 0.04973544973544967 0.16878306878306854 0.05132275132275125 0.08994708994708983 0.04973544973544967 0.0629629629629629
0.05882352941176457 0.060784313725490056 0.06013071895424824 0.11045751633986907 0.05882352941176457 0.059477124183006415 0.05882352941176457 0.0594771241830064 0.05882352941176457 0.05882352941176457 0.0594771241830064 0.059477124183006415 0.11895424836601283 0.05882352941176457 0.05882352941176457
0.0625 0.0625 0.0625 0.06319444444444444 0.06458333333333334 0.06319444444444444 0.0625 0.0625 0.0625 0.0625 0.0625 0.12013888888888889 0.06319444444444444 0.06319444444444444 0.0625
0.050793650793650724 0.14021164021164007 0.05185185185185179 0.051322751322751256 0.059788359788359724 0.0576719576719576 0.14391534391534377 0.05343915343915339 0.048677248677248604 0.05026455026455019 0.09206349206349199 0.05079365079365071 0.04973544973544967 0.05079365079365071 0.048677248677248604
0.06339869281045737 0.06339869281045739 0.06535947712418287 0.0640522875816992 0.06274509803921556 0.06535947712418286 0.06535947712418289 0.06928104575163385 0.06797385620915021 0.0660130718954247 0.0614379084967319 0.07581699346405216 0.06797385620915018 0.0790849673202613 0.06274509803921555
0.06458333333333334 0.06319444444444444 0.06458333333333334 0.08194444444444444 0.0763888888888889 0.06388888888888888 0.06319444444444444 0.07222222222222222 0.06527777777777778 0.06458333333333334 0.06527777777777778 0.06319444444444444 0.0625 0.06527777777777778 0.06388888888888888
0.07076023391812863 0.059649122807017535 0.05964912280701754 0.056140350877193 0.1111111111111111 0.0637426900584795 0.05438596491228069 0.05847953216374265 0.0543859649122807 0.07192982456140348 0.12163742690058468 0.05614035087719298 0.054970760233918115 0.052631578947368425 0.05438596491228071
0.06458333333333334 0.06527777777777778 0.06736111111111111 0.07013888888888889 0.06527777777777778 0.06736111111111111 0.06458333333333334 0.06666666666666667 0.06666666666666667 0.06805555555555555 0.06527777777777778 0.06736111111111111 0.06597222222222222 0.06736111111111111 0.06805555555555555
0.0625 0.06319444444444444 0.06388888888888888 0.09791666666666667 0.06736111111111111 0.06527777777777778 0.06388888888888888 0.06458333333333334 0.06666666666666667 0.0625 0.06319444444444444 0.06666666666666667 0.06527777777777778 0.06319444444444444 0.06388888888888888
0.06388888888888888 0.06527777777777778 0.06319444444444444 0.06597222222222222 0.06527777777777778 0.06597222222222222 0.06458333333333334 0.0763888888888889 0.06527777777777778 0.06527777777777778 0.06458333333333334 0.07222222222222222 0.06527777777777778 0.07083333333333333 0.06597222222222222
0.05882352941176457 0.06013071895424823 0.06013071895424824 0.11045751633986907 0.06013071895424823 0.0594771241830064 0.05882352941176457 0.05882352941176457 0.05882352941176457 0.05882352941176457 0.09281045751633969 0.05882352941176457 0.06339869281045739 0.05882352941176457 0.08169934640522859
0.05906432748538012 0.05380116959064327 0.0631578947368421 0.06315789473684208 0.12573099415204664 0.06315789473684205 0.06140350877192977 0.0660818713450292 0.057309941520467825 0.05614035087719299 0.056725146198830415 0.08128654970760232 0.060818713450292376 0.07368421052631577 0.058479532163742666
0.06013071895424824 0.06797385620915021 0.06666666666666654 0.06535947712418286 0.06078431372549007 0.08692810457516324 0.06535947712418287 0.06339869281045737 0.062091503267973726 0.06535947712418286 0.060784313725490056 0.06666666666666653 0.07189542483660118 0.06601307189542469 0.0705882352941175
0.06470588235294103 0.06339869281045739 0.06601307189542471 0.06797385620915021 0.06339869281045739 0.06601307189542469 0.06274509803921555 0.08823529411764687 0.0660130718954247 0.06993464052287568 0.0614379084967319 0.06535947712418287 0.06339869281045737 0.06928104575163384 0.06209150326797373
0.0625 0.0625 0.0625 0.0625 0.0625 0.06319444444444444 0.0625 0.0625 0.0625 0.0625 0.10347222222222222 0.0625 0.0625 0.0625 0.08333333333333333
0.06666666666666667 0.07013888888888889 0.06666666666666667 0.06666666666666667 0.06597222222222222 0.06944444444444445 0.06666666666666667 0.06458333333333334 0.06458333333333334 0.06666666666666667 0.06666666666666667 0.06944444444444445 0.06666666666666667 0.06527777777777778 0.06388888888888888
0.06732026143790838 0.06666666666666653 0.06862745098039202 0.06928104575163384 0.06601307189542471 0.06928104575163384 0.06797385620915018 0.07581699346405214 0.06535947712418289 0.06601307189542469 0.06078431372549007 0.06274509803921556 0.06339869281045737 0.06666666666666654 0.06405228758169922
0.06527777777777778 0.06597222222222222 0.06666666666666667 0.06597222222222222 0.06805555555555555 0.06805555555555555 0.07222222222222222 0.06597222222222222 0.06527777777777778 0.06944444444444445 0.06388888888888888 0.06319444444444444 0.06527777777777778 0.06875 0.06597222222222222
0.05291005291005283 0.08042328042328035 0.051322751322751256 0.05767195767195758 0.05185185185185179 0.07195767195767187 0.058201058201058135 0.05502645502645497 0.05343915343915337 0.05714285714285708 0.05185185185185177 0.1719576719576717 0.06507936507936499 0.06878306878306871 0.052380952380952306
0.06013071895424824 0.062091503267973726 0.06209150326797373 0.06013071895424823 0.062091503267973726 0.05882352941176457 0.062091503267973726 0.06666666666666654 0.06013071895424823 0.06470588235294103 0.0614379084967319 0.13856209150326773 0.060784313725490056 0.059477124183006415 0.06078431372549007
0.0625 0.10416666666666667 0.0625 0.06319444444444444 0.06319444444444444 0.06805555555555555 0.07083333333333333 0.06319444444444444 0.06458333333333334 0.0625 0.0625 0.06388888888888888 0.06319444444444444 0.06319444444444444 0.0625
0.06604938271604927 0.06604938271604925 0.06358024691358012 0.06358024691358014 0.06111111111111099 0.12345679012345658 0.06296296296296286 0.0574074074074073 0.0604938271604937 0.06172839506172829 0.061728395061728274 0.0679012345679011 0.06049382716049371 0.06172839506172829 0.06172839506172829
0.06234567901234556 0.06358024691358014 0.06975308641975295 0.06419753086419741 0.061111111111111005 0.058641975308641854 0.06296296296296285 0.0691358024691357 0.059876543209876426 0.05925925925925915 0.06049382716049371 0.08703703703703691 0.08209876543209864 0.0722222222222221 0.06728395061728383
0.05679012345679001 0.058641975308641854 0.05679012345679002 0.05679012345679001 0.06481481481481469 0.05925925925925915 0.17777777777777748 0.05802469135802457 0.061728395061728294 0.05802469135802459 0.05679012345679001 0.05802469135802457 0.05740740740740729 0.059876543209876426 0.05925925925925915
0.05321637426900584 0.052631578947368425 0.05321637426900586 0.052631578947368425 0.05380116959064327 0.05321637426900585 0.05380116959064329 0.053801169590643266 0.2543859649122809 0.05321637426900584 0.052631578947368425 0.05321637426900584 0.05321637426900585 0.05380116959064329 0.05321637426900585
0.06736111111111111 0.06805555555555555 0.06527777777777778 0.06597222222222222 0.06597222222222222 0.06319444444444444 0.06944444444444445 0.06527777777777778 0.06666666666666667 0.06527777777777778 0.06527777777777778 0.07013888888888889 0.06944444444444445 0.06597222222222222 0.06666666666666667
0.06388888888888888 0.06458333333333334 0.0625 0.06319444444444444 0.06458333333333334 0.06805555555555555 0.10277777777777777 0.06666666666666667 0.06388888888888888 0.06319444444444444 0.0625 0.06319444444444444 0.06319444444444444 0.06458333333333334 0.06319444444444444
0.06319444444444444 0.06319444444444444 0.06319444444444444 0.06458333333333334 0.0625 0.0625 0.0625 0.06458333333333334 0.06319444444444444 0.0625 0.06319444444444444 0.06319444444444444 0.11597222222222223 0.06319444444444444 0.0625
0.07083333333333333 0.06527777777777778 0.06805555555555555 0.06458333333333334 0.06527777777777778 0.06597222222222222 0.06388888888888888 0.06458333333333334 0.06319444444444444 0.07083333333333333 0.06527777777777778 0.06458333333333334 0.07569444444444444 0.06597222222222222 0.06597222222222222
0.054970760233918115 0.060233918128654945 0.05906432748538012 0.057309941520467846 0.05614035087719301 0.05847953216374265 0.0912280701754386 0.06257309941520464 0.1093567251461988 0.05847953216374265 0.10292397660818711 0.05730994152046782 0.05438596491228071 0.05789473684210524 0.059649122807017514
0.06319444444444444 0.06319444444444444 0.06388888888888888 0.06319444444444444 0.11597222222222223 0.06319444444444444 0.06527777777777778 0.0625 0.06388888888888888 0.0625 0.06319444444444444 0.0625 0.0625 0.0625 0.0625
0.058641975308641854 0.05679012345679001 0.058024691358024585 0.05925925925925915 0.06049382716049372 0.08209876543209865 0.09135802469135788 0.0617283950617283 0.05802469135802457 0.05925925925925915 0.05555555555555545 0.05617283950617273 0.1271604938271603 0.05802469135802457 0.05740740740740729
0.13777777777777783 0.06055555555555546 0.0538888888888888 0.05333333333333324 0.1455555555555556 0.06222222222222213 0.055555555555555476 0.05277777777777769 0.05166666666666658 0.056666666666666574 0.05833333333333325 0.05222222222222214 0.05333333333333324 0.053888888888888806 0.052222222222222135
0.0625 0.0625 0.0625 0.06319444444444444 0.0625 0.06319444444444444 0.0625 0.0625 0.0625 0.0625 0.0625 0.12083333333333333 0.0625 0.06458333333333334 0.06319444444444444
0.0625 0.0625 0.06319444444444444 0.06388888888888888 0.11736111111111111 0.06388888888888888 0.06319444444444444 0.06388888888888888 0.0625 0.06319444444444444 0.0625 0.0625 0.06319444444444444 0.06319444444444444 0.0625
0.0543859649122807 0.05614035087719297 0.05497076023391814 0.056725146198830394 0.10584795321637427 0.059649122807017514 0.10760233918128653 0.05555555555555555 0.0567251461988304 0.058479532163742666 0.05730994152046782 0.10994152046783623 0.05614035087719299 0.05614035087719296 0.05438596491228069
0.059064327485380076 0.0590643274853801 0.05964912280701754 0.056725146198830394 0.05730994152046784 0.061403508771929786 0.10526315789473684 0.05789473684210526 0.06491228070175434 0.05555555555555554 0.05497076023391812 0.12573099415204667 0.05964912280701754 0.06432748538011696 0.05847953216374265
0.05882352941176457 0.0594771241830064 0.0594771241830064 0.05882352941176457 0.05882352941176457 0.06013071895424824 0.11045751633986904 0.059477124183006415 0.05882352941176457 0.06013071895424824 0.06013071895424824 0.11764705882352915 0.05882352941176457 0.06013071895424823 0.05882352941176457
0.061728395061728274 0.05740740740740729 0.058641975308641875 0.061111111111111005 0.05740740740740729 0.05740740740740729 0.10555555555555537 0.09012345679012333 0.05864197530864187 0.06296296296296286 0.0574074074074073 0.07283950617283938 0.06419753086419741 0.07777777777777765 0.05679012345679001
0.05987654320987642 0.0574074074074073 0.05925925925925915 0.07037037037037024 0.06234567901234556 0.05925925925925914 0.11111111111111091 0.05987654320987644 0.05925925925925915 0.05864197530864187 0.05617283950617273 0.11172839506172821 0.05864197530864187 0.05864197530864187 0.05740740740740729
0.05740740740740729 0.09074074074074058 0.06296296296296285 0.07716049382716038 0.05740740740740729 0.06172839506172829 0.12777777777777757 0.05925925925925915 0.0604938271604937 0.058641975308641854 0.05555555555555545 0.0574074074074073 0.0574074074074073 0.05925925925925915 0.05679012345679001
0.06458333333333334 0.06527777777777778 0.06319444444444444 0.06388888888888888 0.06458333333333334 0.06388888888888888 0.06527777777777778 0.06597222222222222 0.06458333333333334 0.06458333333333334 0.06319444444444444 0.09305555555555556 0.06527777777777778 0.06805555555555555 0.06458333333333334
0.05882352941176457 0.05882352941176457 0.06013071895424824 0.0594771241830064 0.059477124183006415 0.059477124183006415 0.1679738562091501 0.0594771241830064 0.06078431372549007 0.059477124183006415 0.059477124183006415 0.05882352941176457 0.0594771241830064 0.05882352941176457 0.0594771241830064
0.06339869281045737 0.06078431372549007 0.09869281045751617 0.0633986928104574 0.06013071895424823 0.062091503267973726 0.06013071895424824 0.062091503267973726 0.06078431372549007 0.10392156862745079 0.0614379084967319 0.05882352941176457 0.0614379084967319 0.0594771241830064 0.06339869281045737
0.0594771241830064 0.06013071895424824 0.05882352941176457 0.05882352941176457 0.05882352941176457 0.059477124183006415 0.1679738562091501 0.06013071895424824 0.0594771241830064 0.059477124183006415 0.06013071895424823 0.059477124183006415 0.05882352941176457 0.059477124183006415 0.0594771241830064
0.05291005291005284 0.051851851851851774 0.05238095238095231 0.05555555555555548 0.06825396825396812 0.05608465608465602 0.05132275132275124 0.07830687830687824 0.05185185185185179 0.1359788359788359 0.048677248677248604 0.06296296296296287 0.10740740740740728 0.07566137566137558 0.05079365079365073
0.06666666666666667 0.06805555555555555 0.06319444444444444 0.06527777777777778 0.06666666666666667 0.06805555555555555 0.07013888888888889 0.06388888888888888 0.07847222222222222 0.06736111111111111 0.06388888888888888 0.0625 0.06527777777777778 0.06527777777777778 0.06527777777777778
0.05617283950617273 0.05740740740740729 0.05679012345679002 0.059876543209876426 0.05679012345679001 0.05864197530864187 0.05679012345679002 0.05617283950617273 0.058641975308641854 0.058641975308641854 0.05740740740740729 0.19444444444444417 0.05617283950617273 0.05864197530864187 0.05740740740740729
0.06274509803921555 0.10392156862745079 0.06209150326797373 0.06470588235294104 0.06732026143790838 0.0640522875816992 0.08758169934640508 0.0614379084967319 0.06209150326797373 0.0594771241830064 0.06078431372549007 0.06274509803921555 0.06013071895424824 0.0614379084967319 0.0594771241830064
0.05882352941176457 0.0594771241830064 0.0594771241830064 0.06013071895424823 0.059477124183006415 0.05882352941176457 0.17189542483660106 0.05882352941176457 0.0594771241830064 0.05882352941176457 0.05882352941176457 0.05882352941176457 0.05882352941176457 0.059477124183006415 0.05882352941176457
0.05882352941176457 0.059477124183006415 0.06013071895424823 0.0594771241830064 0.06013071895424824 0.06339869281045737 0.11699346405228736 0.0594771241830064 0.09934640522875797 0.06013071895424824 0.06013071895424823 0.06078431372549007 0.0614379084967319 0.05882352941176457 0.0614379084967319
0.06319444444444444 0.06319444444444444 0.0625 0.06319444444444444 0.0625 0.0625 0.11875 0.06319444444444444 0.06388888888888888 0.06388888888888888 0.0625 0.0625 0.0625 0.0625 0.06319444444444444
0.06234567901234556 0.06296296296296285 0.059876543209876426 0.0641975308641974 0.11543209876543191 0.06358024691358014 0.06049382716049373 0.06358024691358014 0.06172839506172829 0.05925925925925914 0.05740740740740729 0.08395061728395048 0.059876543209876426 0.06666666666666655 0.05864197530864187
0.0543859649122807 0.05380116959064327 0.05438596491228068 0.05497076023391812 0.05614035087719297 0.09298245614035092 0.052631578947368425 0.052631578947368425 0.05321637426900585 0.05672514619883039 0.054970760233918115 0.20350877192982458 0.05380116959064329 0.05321637426900585 0.052631578947368425
0.05925925925925914 0.059876543209876426 0.06358024691358012 0.06234567901234556 0.06358024691358014 0.06296296296296285 0.10987654320987635 0.10555555555555536 0.05925925925925915 0.0574074074074073 0.05740740740740729 0.06049382716049371 0.06049382716049372 0.06049382716049371 0.05740740740740729
0.062091503267973726 0.10261437908496714 0.06274509803921556 0.06078431372549007 0.06209150326797373 0.06470588235294103 0.07058823529411751 0.07124183006535932 0.06470588235294104 0.06274509803921555 0.06013071895424824 0.06535947712418287 0.062091503267973726 0.06535947712418286 0.06274509803921555
0.0640522875816992 0.0660130718954247 0.06666666666666653 0.06535947712418287 0.06535947712418287 0.06405228758169923 0.062091503267973726 0.06339869281045737 0.06274509803921556 0.09084967320261421 0.06013071895424824 0.06274509803921555 0.06339869281045737 0.08235294117647043 0.06078431372549007
0.07944444444444435 0.06944444444444436 0.05944444444444436 0.06333333333333327 0.07222222222222209 0.06055555555555544 0.05722222222222212 0.05888888888888881 0.058333333333333244 0.1083333333333333 0.06111111111111101 0.05333333333333324 0.06222222222222213 0.07888888888888879 0.05722222222222214
0.061111111111110984 0.06543209876543199 0.06234567901234556 0.0679012345679011 0.06543209876543199 0.06604938271604927 0.06358024691358014 0.06296296296296283 0.062345679012345556 0.06049382716049371 0.05864197530864187 0.11358024691358012 0.061728395061728274 0.06666666666666658 0.0617283950617283
0.0625 0.06388888888888888 0.06319444444444444 0.0625 0.07569444444444444 0.06319444444444444 0.0625 0.0625 0.06319444444444444 0.10555555555555556 0.0625 0.06319444444444444 0.06319444444444444 0.06388888888888888 0.0625
0.06388888888888888 0.06388888888888888 0.06666666666666667 0.06666666666666667 0.06388888888888888 0.07777777777777778 0.06944444444444445 0.06736111111111111 0.06388888888888888 0.06736111111111111 0.06319444444444444 0.06805555555555555 0.06805555555555555 0.06527777777777778 0.06458333333333334
0.06111111111111102 0.06888888888888878 0.059999999999999915 0.06555555555555546 0.06388888888888877 0.08222222222222214 0.055555555555555476 0.06722222222222213 0.06055555555555548 0.10166666666666659 0.05833333333333324 0.05888888888888881 0.0727777777777777 0.05888888888888881 0.06444444444444433
0.05444444444444436 0.054999999999999924 0.05222222222222213 0.053333333333333253 0.05499999999999991 0.05333333333333324 0.05333333333333324 0.05166666666666658 0.15611111111111123 0.15333333333333338 0.05166666666666657 0.050555555555555465 0.0527777777777777 0.05166666666666658 0.055555555555555476
0.05333333333333324 0.07666666666666656 0.050555555555555465 0.0527777777777777 0.05166666666666658 0.05722222222222214 0.06833333333333323 0.05222222222222214 0.18277777777777765 0.09388888888888874 0.05166666666666658 0.05166666666666658 0.050555555555555465 0.05444444444444438 0.052222222222222135
0.05882352941176457 0.06274509803921555 0.0614379084967319 0.06339869281045737 0.061437908496731905 0.06535947712418287 0.06013071895424824 0.06013071895424824 0.06078431372549007 0.06013071895424824 0.06013071895424823 0.14183006535947693 0.059477124183006415 0.06405228758169922 0.06013071895424824
0.05847953216374265 0.05847953216374269 0.055555555555555546 0.060818713450292376 0.07251461988304085 0.05789473684210524 0.10584795321637423 0.0567251461988304 0.05497076023391813 0.10818713450292392 0.05614035087719298 0.059649122807017535 0.05906432748538007 0.07719298245614033 0.058479532163742694
0.06388888888888888 0.06597222222222222 0.06805555555555555 0.06666666666666667 0.06597222222222222 0.06875 0.06736111111111111 0.06527777777777778 0.06944444444444445 0.06944444444444445 0.06597222222222222 0.06805555555555555 0.06458333333333334 0.06527777777777778 0.06527777777777778
0.055555555555555546 0.12361111111111113 0.05138888888888886 0.06203703703703705 0.050925925925925916 0.06018518518518521 0.05694444444444442 0.05601851851851852 0.05046296296296297 0.049074074074074076 0.1388888888888889 0.054629629629629674 0.05694444444444442 0.0537037037037037 0.07962962962962965
0.1888888888888888 0.0506666666666667 0.05377777777777781 0.04933333333333337 0.046222222222222255 0.052888888888888916 0.045777777777777806 0.04933333333333337 0.0466666666666667 0.04755555555555559 0.13599999999999995 0.0466666666666667 0.0764444444444445 0.04977777777777781 0.06000000000000003
0.05449735449735444 0.09312169312169305 0.057671957671957604 0.06031746031746025 0.06455026455026446 0.06878306878306868 0.06455026455026448 0.06878306878306871 0.0576719576719576 0.061904761904761796 0.05449735449735442 0.07089947089947082 0.057142857142857065 0.11164021164021158 0.05396825396825389
0.0594771241830064 0.09803921568627434 0.06013071895424824 0.06013071895424824 0.0614379084967319 0.0614379084967319 0.06666666666666651 0.061437908496731884 0.10784313725490177 0.0614379084967319 0.061437908496731884 0.06078431372549007 0.0594771241830064 0.06013071895424823 0.06013071895424824
0.08194444444444444 0.06944444444444445 0.0625 0.06458333333333334 0.06736111111111111 0.07361111111111111 0.0625 0.06458333333333334 0.0625 0.0625 0.07361111111111111 0.06458333333333334 0.06458333333333334 0.06319444444444444 0.0625
0.0625 0.0625 0.06319444444444444 0.06319444444444444 0.12083333333333333 0.06388888888888888 0.0625 0.0625 0.0625 0.06319444444444444 0.0625 0.06319444444444444 0.0625 0.0625 0.0625
0.06527777777777778 0.06875 0.06319444444444444 0.07013888888888889 0.06458333333333334 0.07013888888888889 0.06388888888888888 0.06736111111111111 0.06458333333333334 0.06597222222222222 0.06597222222222222 0.06736111111111111 0.06527777777777778 0.06805555555555555 0.06944444444444445
0.09753086419753071 0.07098765432098754 0.061111111111111005 0.06234567901234556 0.05679012345679001 0.06481481481481469 0.05987654320987644 0.06666666666666655 0.06111111111111099 0.059876543209876426 0.06543209876543199 0.06604938271604925 0.06296296296296286 0.07345679012345664 0.07098765432098751
0.0679738562091502 0.0660130718954247 0.06666666666666653 0.06666666666666653 0.06078431372549007 0.0640522875816992 0.06339869281045737 0.06732026143790835 0.06339869281045737 0.07124183006535932 0.06405228758169923 0.06732026143790835 0.06535947712418289 0.07581699346405217 0.06993464052287567
0.06470588235294106 0.0699346405228757 0.06078431372549007 0.0614379084967319 0.06013071895424823 0.06470588235294104 0.06013071895424824 0.062091503267973726 0.06339869281045739 0.06274509803921555 0.10718954248365994 0.06601307189542469 0.06470588235294106 0.06666666666666651 0.06535947712418287
0.0654970760233918 0.06432748538011694 0.0631578947368421 0.06432748538011693 0.059064327485380076 0.06198830409356724 0.06374269005847952 0.06549707602339176 0.057309941520467804 0.0625730994152047 0.05672514619883037 0.06081871345029239 0.12163742690058472 0.07076023391812863 0.06257309941520466
0.06419753086419742 0.06604938271604927 0.06234567901234556 0.06604938271604928 0.058024691358024585 0.07901234567901225 0.0604938271604937 0.06728395061728384 0.06049382716049371 0.06234567901234556 0.06296296296296285 0.06666666666666655 0.0685185185185184 0.0876543209876542 0.06790123456790112
0.06172839506172829 0.0648148148148147 0.05925925925925915 0.06604938271604927 0.05925925925925915 0.06728395061728382 0.06234567901234556 0.0716049382716048 0.061728395061728274 0.05987654320987642 0.06049382716049373 0.09135802469135791 0.06296296296296285 0.0858024691358023 0.06543209876543199
0.06388888888888888 0.06458333333333334 0.06458333333333334 0.06666666666666667 0.08611111111111111 0.06597222222222222 0.06875 0.06458333333333334 0.06527777777777778 0.06458333333333334 0.06458333333333334 0.06388888888888888 0.06666666666666667 0.06736111111111111 0.0625
0.05730994152046782 0.0543859649122807 0.05614035087719299 0.11052631578947367 0.05847953216374267 0.07953216374269005 0.055555555555555566 0.06900584795321635 0.05789473684210525 0.0590643274853801 0.0590643274853801 0.06608187134502921 0.08304093567251458 0.06198830409356722 0.0719298245614035
0.10760233918128653 0.05847953216374265 0.06374269005847955 0.07602339181286549 0.06666666666666664 0.059649122807017514 0.058479532163742666 0.07192982456140348 0.09064327485380118 0.057309941520467825 0.05614035087719297 0.0596491228070175 0.058479532163742645 0.0596491228070175 0.05555555555555555
0.0625 0.0625 0.06319444444444444 0.11666666666666667 0.06458333333333334 0.06319444444444444 0.0625 0.0625 0.0625 0.0625 0.0625 0.06388888888888888 0.06527777777777778 0.0625 0.06319444444444444
0.06470588235294104 0.07385620915032665 0.06862745098039204 0.076470588235294 0.06470588235294104 0.06535947712418289 0.062091503267973726 0.06928104575163385 0.0640522875816992 0.06470588235294104 0.06274509803921555 0.07320261437908483 0.06470588235294104 0.06601307189542471 0.059477124183006415
0.061728395061728294 0.06419753086419742 0.059876543209876426 0.059876543209876426 0.14135802469135783 0.06172839506172829 0.06419753086419742 0.061728395061728274 0.06296296296296283 0.062345679012345556 0.058641975308641875 0.06419753086419741 0.05925925925925915 0.05925925925925915 0.05864197530864187
0.05740740740740729 0.05925925925925915 0.05802469135802457 0.06172839506172829 0.16358024691358003 0.06172839506172829 0.06049382716049371 0.059876543209876426 0.05802469135802459 0.05802469135802457 0.05864197530864187 0.0641975308641974 0.058641975308641854 0.062345679012345556 0.058024691358024585
0.046502057613168765 0.0473251028806585 0.04197530864197534 0.0452674897119342 0.04032921810699592 0.04567901234567906 0.044444444444444474 0.047325102880658505 0.2411522633744856 0.11934156378600821 0.04115226337448564 0.09176954732510292 0.046502057613168765 0.05473251028806586 0.046502057613168786
0.0625 0.06319444444444444 0.0625 0.06527777777777778 0.0625 0.06388888888888888 0.0625 0.06319444444444444 0.0625 0.06319444444444444 0.0625 0.06319444444444444 0.11805555555555555 0.0625 0.0625
0.060784313725490056 0.059477124183006415 0.0594771241830064 0.0594771241830064 0.1516339869281044 0.06209150326797371 0.06078431372549007 0.06274509803921555 0.059477124183006415 0.06339869281045737 0.06078431372549007 0.06013071895424824 0.0614379084967319 0.0594771241830064 0.05882352941176457
0.05617283950617273 0.05617283950617273 0.05925925925925915 0.05802469135802457 0.08086419753086403 0.07901234567901223 0.05679012345679001 0.058024691358024585 0.05617283950617273 0.13456790123456777 0.05617283950617273 0.05679012345679001 0.07777777777777763 0.05802469135802457 0.05617283950617273
0.05882352941176457 0.05882352941176457 0.05882352941176457 0.05882352941176457 0.06013071895424824 0.05882352941176457 0.17254901960784286 0.05882352941176457 0.059477124183006415 0.05882352941176457 0.05882352941176457 0.059477124183006415 0.05882352941176457 0.0594771241830064 0.059477124183006415
0.06078431372549007 0.059477124183006415 0.0614379084967319 0.06078431372549007 0.06013071895424824 0.06078431372549007 0.06078431372549007 0.15686274509803902 0.06013071895424824 0.062091503267973726 0.05882352941176457 0.060784313725490056 0.05882352941176457 0.0594771241830064 0.05882352941176457
0.06736111111111111 0.07013888888888889 0.06597222222222222 0.06527777777777778 0.06527777777777778 0.06875 0.06666666666666667 0.06527777777777778 0.06597222222222222 0.06388888888888888 0.06597222222222222 0.07083333333333333 0.06666666666666667 0.06875 0.06319444444444444
0.06013071895424824 0.06078431372549007 0.0640522875816992 0.11437908496732005 0.0614379084967319 0.060784313725490056 0.061437908496731905 0.06078431372549007 0.09477124183006518 0.06013071895424823 0.06013071895424823 0.05882352941176457 0.06274509803921555 0.06078431372549007 0.05882352941176457
0.0594771241830064 0.09346405228758155 0.0614379084967319 0.06078431372549007 0.06078431372549007 0.0660130718954247 0.06732026143790835 0.059477124183006415 0.11241830065359455 0.0594771241830064 0.05882352941176457 0.06013071895424824 0.06013071895424823 0.06013071895424823 0.06013071895424824
0.0625 0.0625 0.06388888888888888 0.0625 0.06388888888888888 0.06458333333333334 0.11388888888888889 0.06388888888888888 0.06388888888888888 0.06319444444444444 0.06319444444444444 0.06388888888888888 0.06319444444444444 0.0625 0.0625
0.06319444444444444 0.06388888888888888 0.06388888888888888 0.07083333333333333 0.08541666666666667 0.07152777777777777 0.06527777777777778 0.06597222222222222 0.06458333333333334 0.06319444444444444 0.06319444444444444 0.06805555555555555 0.06458333333333334 0.06319444444444444 0.06319444444444444
0.06432748538011693 0.06315789473684208 0.06023391812865494 0.06608187134502919 0.0590643274853801 0.09356725146198829 0.06257309941520464 0.060233918128654945 0.07309941520467832 0.06842105263157894 0.06081871345029239 0.0637426900584795 0.07017543859649115 0.07719298245614031 0.057309941520467804
0.06274509803921555 0.062091503267973726 0.06013071895424824 0.12941176470588214 0.06666666666666654 0.062091503267973726 0.06078431372549007 0.0614379084967319 0.06274509803921556 0.062091503267973726 0.06078431372549008 0.06209150326797371 0.0640522875816992 0.06274509803921555 0.06013071895424824
0.05802469135802457 0.05617283950617273 0.058024691358024585 0.0574074074074073 0.07777777777777763 0.07037037037037026 0.058024691358024585 0.05740740740740729 0.05617283950617273 0.1672839506172837 0.05679012345679001 0.0574074074074073 0.05617283950617273 0.0574074074074073 0.05555555555555545
0.0625 0.0625 0.0625 0.06319444444444444 0.0625 0.06319444444444444 0.06319444444444444 0.0625 0.06319444444444444 0.0625 0.0625 0.12152777777777778 0.0625 0.06319444444444444 0.0625
0.05882352941176457 0.05882352941176457 0.05882352941176457 0.0614379084967319 0.061437908496731884 0.06013071895424824 0.06013071895424824 0.0594771241830064 0.0594771241830064 0.060784313725490056 0.05882352941176457 0.1627450980392154 0.06078431372549007 0.05882352941176457 0.059477124183006415
0.06527777777777778 0.06736111111111111 0.06597222222222222 0.06875 0.06805555555555555 0.06736111111111111 0.06388888888888888 0.07083333333333333 0.06388888888888888 0.06527777777777778 0.06458333333333334 0.06736111111111111 0.06597222222222222 0.06875 0.06666666666666667
0.06736111111111111 0.07013888888888889 0.06527777777777778 0.06666666666666667 0.06666666666666667 0.06527777777777778 0.06458333333333334 0.06527777777777778 0.06597222222222222 0.06527777777777778 0.06458333333333334 0.06805555555555555 0.06805555555555555 0.06944444444444445 0.06736111111111111
0.05291005291005283 0.050264550264550185 0.05291005291005284 0.08783068783068769 0.05132275132275125 0.05238095238095231 0.05026455026455019 0.23544973544973524 0.05026455026455019 0.04973544973544967 0.05079365079365073 0.04973544973544966 0.051851851851851774 0.05238095238095232 0.06190476190476183
0.0679012345679011 0.0641975308641974 0.11790123456790104 0.06296296296296285 0.06049382716049371 0.06172839506172829 0.06419753086419742 0.06111111111111099 0.05864197530864187 0.06419753086419742 0.0648148148148147 0.06481481481481469 0.06111111111111099 0.061728395061728274 0.0641975308641974
0.05882352941176457 0.06013071895424824 0.05882352941176457 0.15816993464052265 0.0594771241830064 0.06339869281045739 0.05882352941176457 0.05882352941176457 0.062091503267973726 0.05882352941176457 0.06078431372549007 0.0594771241830064 0.06470588235294103 0.05882352941176457 0.05882352941176457
0.06388888888888888 0.0625 0.0625 0.06319444444444444 0.06319444444444444 0.0625 0.11875 0.06388888888888888 0.06319444444444444 0.0625 0.06319444444444444 0.06319444444444444 0.0625 0.0625 0.0625
0.05617283950617273 0.0574074074074073 0.05679012345679001 0.06049382716049372 0.05925925925925914 0.05740740740740729 0.0574074074074073 0.05740740740740729 0.05617283950617273 0.05617283950617273 0.05679012345679001 0.14135802469135783 0.10925925925925907 0.0604938271604937 0.0574074074074073
0.06388888888888888 0.10208333333333333 0.06319444444444444 0.06388888888888888 0.0625 0.06875 0.07083333333333333 0.0625 0.06319444444444444 0.06319444444444444 0.06319444444444444 0.06527777777777778 0.0625 0.0625 0.0625
0.059477124183006415 0.060784313725490056 0.06078431372549007 0.06013071895424823 0.10588235294117625 0.0614379084967319 0.0614379084967319 0.06013071895424824 0.060784313725490056 0.0614379084967319 0.06339869281045739 0.06013071895424823 0.059477124183006415 0.05882352941176457 0.10588235294117625
0.059477124183006415 0.0614379084967319 0.0594771241830064 0.06013071895424824 0.0594771241830064 0.05882352941176457 0.0594771241830064 0.06013071895424823 0.0594771241830064 0.10784313725490173 0.09019607843137238 0.059477124183006415 0.0594771241830064 0.0594771241830064 0.08562091503267957
0.06319444444444444 0.10208333333333333 0.0625 0.06319444444444444 0.06388888888888888 0.06875 0.06736111111111111 0.0625 0.06666666666666667 0.0625 0.06458333333333334 0.06527777777777778 0.0625 0.0625 0.0625
0.062345679012345556 0.05987654320987642 0.0641975308641974 0.06358024691358014 0.07283950617283938 0.08703703703703689 0.06358024691358014 0.06358024691358014 0.06358024691358014 0.061111111111110984 0.06049382716049372 0.06419753086419742 0.08827160493827145 0.0648148148148147 0.06049382716049371
0.06319444444444444 0.06527777777777778 0.06736111111111111 0.07013888888888889 0.08333333333333333 0.06458333333333334 0.07013888888888889 0.06388888888888888 0.06527777777777778 0.06597222222222222 0.06527777777777778 0.06319444444444444 0.06388888888888888 0.06597222222222222 0.0625
0.0625 0.0625 0.0625 0.0625 0.06388888888888888 0.0625 0.0625 0.06319444444444444 0.0625 0.0625 0.0625 0.12152777777777778 0.0625 0.06319444444444444 0.06319444444444444
0.0625 0.06319444444444444 0.06319444444444444 0.06388888888888888 0.11944444444444445 0.06388888888888888 0.06319444444444444 0.0625 0.0625 0.0625 0.0625 0.0625 0.06319444444444444 0.0625 0.0625
0.056666666666666574 0.05722222222222215 0.052222222222222135 0.0538888888888888 0.09944444444444432 0.059999999999999915 0.05111111111111102 0.053888888888888806 0.0549999999999999 0.05222222222222214 0.12388888888888891 0.05555555555555547 0.05555555555555547 0.055555555555555455 0.11777777777777779
0.06944444444444436 0.0666666666666666 0.07333333333333324 0.05888888888888879 0.05777777777777768 0.10833333333333324 0.0527777777777777 0.05944444444444436 0.05777777777777769 0.05722222222222214 0.10222222222222226 0.05333333333333324 0.05444444444444436 0.05444444444444436 0.0738888888888888
0.2656084656084653 0.055555555555555504 0.04920634920634914 0.049735449735449674 0.05079365079365071 0.07883597883597872 0.048677248677248604 0.048677248677248604 0.04814814814814808 0.05343915343915337 0.05449735449735442 0.04973544973544967 0.04973544973544967 0.048677248677248604 0.048677248677248604
0.05740740740740729 0.09444444444444429 0.05802469135802457 0.06049382716049371 0.05987654320987644 0.10679012345678997 0.0685185185185184 0.06049382716049371 0.059876543209876426 0.06234567901234556 0.0574074074074073 0.06481481481481471 0.07037037037037024 0.06172839506172829 0.05740740740740729
0.06388888888888888 0.06388888888888888 0.0625 0.06388888888888888 0.06388888888888888 0.10972222222222222 0.06319444444444444 0.0625 0.06319444444444444 0.06597222222222222 0.06319444444444444 0.06388888888888888 0.0625 0.06458333333333334 0.06319444444444444
0.1079365079365078 0.06031746031746025 0.05396825396825389 0.05661375661375654 0.056084656084655994 0.06031746031746023 0.054497354497354406 0.057142857142857065 0.05026455026455019 0.05291005291005284 0.08888888888888881 0.08359788359788357 0.10264550264550254 0.0592592592592592 0.05555555555555548
0.05864197530864187 0.062345679012345556 0.06358024691358012 0.06851851851851841 0.06419753086419742 0.06111111111111099 0.0722222222222221 0.06172839506172829 0.1290123456790122 0.06543209876543196 0.05617283950617273 0.05617283950617273 0.059876543209876426 0.06049382716049371 0.06049382716049371
0.05882352941176457 0.09477124183006516 0.06470588235294103 0.06405228758169923 0.06013071895424823 0.06862745098039202 0.07385620915032666 0.05882352941176457 0.09477124183006518 0.05882352941176457 0.06013071895424824 0.06339869281045739 0.06013071895424823 0.0594771241830064 0.059477124183006415
0.05824915824915821 0.06026936026936022 0.16835016835016842 0.0646464646464646 0.036026936026936 0.04781144781144778 0.05791245791245788 0.050841750841750806 0.18080808080808097 0.052861952861952825 0.04579124579124576 0.04074074074074071 0.050841750841750806 0.036026936026936 0.04882154882154879
0.06388888888888888 0.06944444444444445 0.06666666666666667 0.06666666666666667 0.06388888888888888 0.06666666666666667 0.06319444444444444 0.06319444444444444 0.06458333333333334 0.06319444444444444 0.06388888888888888 0.09305555555555556 0.06458333333333334 0.06319444444444444 0.06388888888888888
0.06736111111111111 0.06527777777777778 0.06458333333333334 0.06736111111111111 0.06805555555555555 0.06666666666666667 0.06458333333333334 0.06666666666666667 0.06875 0.06805555555555555 0.06458333333333334 0.06597222222222222 0.06875 0.06597222222222222 0.06736111111111111
0.07320261437908485 0.0614379084967319 0.06862745098039201 0.072549019607843 0.06405228758169922 0.06862745098039202 0.06274509803921556 0.0640522875816992 0.06339869281045737 0.06339869281045739 0.0614379084967319 0.06732026143790837 0.06274509803921556 0.0862745098039214 0.06013071895424824
0.0594771241830064 0.059477124183006415 0.05882352941176457 0.06274509803921555 0.1202614379084965 0.10392156862745076 0.059477124183006415 0.05882352941176457 0.05882352941176457 0.0594771241830064 0.060784313725490056 0.06013071895424824 0.05882352941176457 0.06013071895424823 0.05882352941176457
0.09576719576719563 0.05661375661375654 0.06031746031746023 0.0687830687830687 0.05449735449735443 0.058730158730158646 0.05502645502645494 0.06772486772486765 0.06031746031746023 0.09153439153439141 0.056084656084656 0.07301587301587292 0.061904761904761824 0.07883597883597877 0.06084656084656077
0.06013071895424824 0.06078431372549007 0.0614379084967319 0.0594771241830064 0.06078431372549007 0.06078431372549008 0.12156862745098015 0.0640522875816992 0.0908496732026142 0.06078431372549007 0.059477124183006415 0.06078431372549007 0.059477124183006415 0.06013071895424823 0.059477124183006415
0.0625 0.06388888888888888 0.0625 0.0625 0.0625 0.0625 0.11875 0.06388888888888888 0.06319444444444444 0.06319444444444444 0.0625 0.06319444444444444 0.06319444444444444 0.06319444444444444 0.0625
0.05740740740740729 0.05555555555555545 0.05802469135802457 0.058641975308641854 0.06049382716049371 0.07407407407407396 0.05679012345679001 0.05679012345679001 0.15061728395061708 0.05555555555555545 0.05740740740740729 0.05802469135802457 0.0833333333333332 0.05925925925925915 0.05802469135802457
0.06339869281045739 0.10392156862745079 0.06862745098039204 0.06013071895424824 0.062091503267973726 0.06339869281045739 0.07124183006535934 0.0614379084967319 0.06470588235294104 0.062091503267973726 0.07320261437908483 0.0614379084967319 0.062091503267973726 0.06274509803921555 0.0594771241830064
