0.06250000000000003 0.04537037037037034 0.10694444444444447 0.0486111111111111 0.09120370370370368 0.057870370370370385 0.052777777777777785 0.04999999999999997 0.18564814814814806 0.04953703703703701 0.05324074074074074 0.05277777777777775 0.04907407407407405 0.04629629629629626 0.04814814814814811
0.054040404040404055 0.058585858585858644 0.05808080808080812 0.05050505050505053 0.0621212121212122 0.08333333333333344 0.06010101010101016 0.11666666666666667 0.0580808080808081 0.054545454545454584 0.05505050505050511 0.06212121212121219 0.07525252525252529 0.06010101010101014 0.09141414141414149
0.04567901234567906 0.044444444444444474 0.051440329218107046 0.04156378600823049 0.08559670781893007 0.04567901234567906 0.08806584362139916 0.07242798353909467 0.04732510288065849 0.04897119341563791 0.046502057613168744 0.07448559670781892 0.1 0.1526748971193416 0.055144032921810755
0.07283950617283938 0.05617283950617273 0.058641975308641854 0.05617283950617273 0.05679012345679001 0.06975308641975295 0.058024691358024585 0.16728395061728374 0.0574074074074073 0.05679012345679001 0.06049382716049372 0.05617283950617273 0.059876543209876426 0.05617283950617273 0.05740740740740729
0.07368421052631575 0.052631578947368425 0.0567251461988304 0.05380116959064327 0.0736842105263158 0.07602339181286538 0.05789473684210527 0.09181286549707601 0.05380116959064327 0.08654970760233924 0.0543859649122807 0.05380116959064327 0.07076023391812868 0.08304093567251464 0.0614035087719298
0.10888888888888888 0.04222222222222225 0.0417777777777778 0.04355555555555558 0.17688888888888882 0.046222222222222255 0.044444444444444474 0.054666666666666704 0.08311111111111116 0.04133333333333336 0.04355555555555558 0.04355555555555558 0.045333333333333364 0.1395555555555555 0.044888888888888916
0.0625 0.06388888888888888 0.06458333333333334 0.06458333333333334 0.06597222222222222 0.06527777777777778 0.06527777777777778 0.06805555555555555 0.06319444444444444 0.06319444444444444 0.06388888888888888 0.06527777777777778 0.06597222222222222 0.0625 0.09583333333333334
0.0625 0.0625 0.0625 0.0625 0.06319444444444444 0.0625 0.0625 0.12013888888888889 0.06319444444444444 0.06319444444444444 0.0625 0.06319444444444444 0.06319444444444444 0.0625 0.06388888888888888
0.07058823529411751 0.06078431372549007 0.12875816993464034 0.05882352941176457 0.0594771241830064 0.06470588235294104 0.06013071895424823 0.06928104575163382 0.06470588235294104 0.06013071895424824 0.060784313725490056 0.06013071895424823 0.062091503267973726 0.0594771241830064 0.06013071895424823
0.06339869281045737 0.0594771241830064 0.05882352941176457 0.05882352941176457 0.06078431372549007 0.06013071895424824 0.06013071895424823 0.15816993464052267 0.05882352941176457 0.059477124183006415 0.06013071895424824 0.059477124183006415 0.06013071895424824 0.0614379084967319 0.060784313725490056
0.05611111111111103 0.05111111111111103 0.08888888888888882 0.05611111111111102 0.05944444444444435 0.08444444444444434 0.06833333333333326 0.10055555555555552 0.05944444444444436 0.0527777777777777 0.05277777777777769 0.05888888888888882 0.07722222222222212 0.053888888888888806 0.07999999999999989
0.06805555555555555 0.06666666666666667 0.06666666666666667 0.06527777777777778 0.06666666666666667 0.07013888888888889 0.06875 0.06805555555555555 0.06388888888888888 0.06527777777777778 0.06458333333333334 0.06805555555555555 0.06875 0.06458333333333334 0.06458333333333334
0.0625 0.0625 0.0625 0.0625 0.08472222222222223 0.06319444444444444 0.06319444444444444 0.0625 0.06319444444444444 0.0625 0.0625 0.0625 0.0625 0.09930555555555555 0.06388888888888888
0.06111111111111099 0.05802469135802457 0.06296296296296285 0.061728395061728274 0.12160493827160476 0.06358024691358014 0.06666666666666655 0.05679012345679001 0.059876543209876426 0.0604938271604937 0.06111111111111099 0.0685185185185184 0.06975308641975296 0.06172839506172829 0.06604938271604927
0.06736111111111111 0.06388888888888888 0.06736111111111111 0.06458333333333334 0.06319444444444444 0.06805555555555555 0.06805555555555555 0.06666666666666667 0.06666666666666667 0.06805555555555555 0.06388888888888888 0.06805555555555555 0.075 0.06319444444444444 0.06597222222222222
0.0625 0.06319444444444444 0.0625 0.06319444444444444 0.07708333333333334 0.10625 0.0625 0.0625 0.0625 0.06319444444444444 0.06319444444444444 0.0625 0.06319444444444444 0.06319444444444444 0.0625
0.0625 0.0625 0.06666666666666667 0.0625 0.06319444444444444 0.06736111111111111 0.06458333333333334 0.09583333333333334 0.06319444444444444 0.0625 0.06319444444444444 0.06319444444444444 0.06388888888888888 0.06319444444444444 0.07569444444444444
0.05555555555555545 0.05555555555555545 0.10987654320987633 0.05617283950617273 0.05617283950617273 0.05617283950617273 0.05617283950617273 0.05617283950617273 0.1574074074074072 0.05617283950617273 0.0574074074074073 0.05617283950617273 0.05679012345679001 0.05679012345679001 0.05740740740740729
0.056666666666666574 0.054999999999999924 0.10111111111111097 0.05333333333333324 0.06611111111111101 0.0872222222222221 0.055555555555555476 0.05444444444444436 0.14444444444444451 0.052222222222222135 0.05444444444444436 0.05333333333333326 0.05999999999999991 0.05166666666666658 0.05444444444444438
0.05555555555555545 0.05617283950617273 0.05679012345679001 0.05617283950617273 0.06049382716049371 0.05555555555555545 0.05617283950617273 0.09691358024691342 0.05802469135802457 0.05617283950617273 0.05617283950617273 0.05555555555555545 0.05740740740740729 0.15555555555555536 0.06728395061728384
0.1327485380116957 0.05321637426900584 0.05321637426900585 0.052631578947368425 0.06666666666666658 0.05321637426900585 0.05614035087719298 0.0567251461988304 0.05321637426900584 0.0543859649122807 0.05321637426900585 0.05614035087719297 0.05380116959064327 0.15087719298245586 0.053801169590643266
0.0614379084967319 0.06470588235294103 0.06535947712418286 0.06666666666666653 0.06339869281045737 0.07385620915032666 0.06928104575163385 0.06339869281045737 0.06405228758169922 0.0679738562091502 0.06209150326797373 0.07516339869281032 0.07124183006535934 0.06666666666666653 0.06470588235294104
0.04888888888888892 0.045777777777777806 0.04888888888888892 0.04311111111111114 0.07244444444444449 0.10000000000000006 0.057333333333333375 0.1346666666666666 0.11822222222222219 0.044888888888888916 0.056444444444444485 0.048000000000000036 0.04844444444444448 0.0626666666666667 0.07022222222222226
0.17149758454106298 0.0468599033816426 0.04927536231884065 0.04637681159420299 0.05603864734299523 0.06956521739130438 0.05072463768115951 0.07487922705314021 0.12608695652173918 0.047342995169082205 0.04782608695652181 0.046859903381642594 0.05072463768115953 0.04830917874396142 0.067632850241546
0.0625 0.0625 0.0625 0.0625 0.09027777777777778 0.06388888888888888 0.0625 0.0625 0.06388888888888888 0.0625 0.0625 0.0625 0.0625 0.09236111111111112 0.06458333333333334
0.05555555555555545 0.05679012345679001 0.05617283950617273 0.05555555555555545 0.06234567901234556 0.05740740740740729 0.05617283950617273 0.0975308641975307 0.058024691358024585 0.05679012345679002 0.05555555555555545 0.05555555555555545 0.05617283950617273 0.1580246913580245 0.062345679012345556
0.05925925925925914 0.10246913580246897 0.058641975308641875 0.05740740740740729 0.06172839506172827 0.06296296296296285 0.06296296296296283 0.05864197530864187 0.05802469135802457 0.07037037037037024 0.06543209876543198 0.09753086419753074 0.07037037037037025 0.05617283950617273 0.05802469135802457
0.06862745098039202 0.059477124183006415 0.0640522875816992 0.061437908496731884 0.1235294117647057 0.06928104575163385 0.061437908496731884 0.061437908496731905 0.05882352941176457 0.06078431372549007 0.0614379084967319 0.06601307189542471 0.062091503267973726 0.05882352941176457 0.06274509803921555
0.06222222222222214 0.05666666666666658 0.057222222222222126 0.05777777777777769 0.09722222222222213 0.06722222222222213 0.06277777777777768 0.053333333333333253 0.1500000000000001 0.05166666666666659 0.05444444444444436 0.06444444444444433 0.05611111111111101 0.05277777777777769 0.05611111111111102
0.06666666666666655 0.06049382716049372 0.07222222222222209 0.06543209876543199 0.0679012345679011 0.06975308641975296 0.07098765432098755 0.0716049382716048 0.06543209876543199 0.06111111111111099 0.06666666666666655 0.06419753086419742 0.06481481481481469 0.06358024691358014 0.06913580246913567
0.10915032679738543 0.06274509803921556 0.0640522875816992 0.06078431372549007 0.06535947712418289 0.06928104575163384 0.06797385620915018 0.06078431372549007 0.062091503267973726 0.0614379084967319 0.0614379084967319 0.0679738562091502 0.06339869281045739 0.062091503267973726 0.0614379084967319
0.25777777777777766 0.05288888888888892 0.056888888888888926 0.04355555555555558 0.05377777777777781 0.06844444444444449 0.0506666666666667 0.044888888888888916 0.044888888888888916 0.049333333333333354 0.05377777777777781 0.0813333333333334 0.0506666666666667 0.044444444444444474 0.0466666666666667
0.17323232323232327 0.05909090909090908 0.058080808080808136 0.056565656565656604 0.06161616161616168 0.06818181818181822 0.06363636363636364 0.05101010101010104 0.05101010101010102 0.052525252525252544 0.0545454545454546 0.08484848484848492 0.056060606060606095 0.05404040404040407 0.055555555555555594
0.24126984126984088 0.05238095238095231 0.051851851851851774 0.0539682539682539 0.08730158730158719 0.05291005291005284 0.050264550264550185 0.051322751322751256 0.052380952380952306 0.04973544973544966 0.05026455026455019 0.05291005291005283 0.05185185185185179 0.048677248677248604 0.05291005291005284
0.23055555555555549 0.05111111111111103 0.0549999999999999 0.053333333333333253 0.050555555555555465 0.07499999999999989 0.06944444444444435 0.050555555555555465 0.04999999999999991 0.05111111111111103 0.05111111111111102 0.05444444444444436 0.056666666666666574 0.05111111111111103 0.04999999999999991
0.1732323232323232 0.06010101010101011 0.05353535353535355 0.05151515151515155 0.06161616161616166 0.05808080808080807 0.06565656565656569 0.04797979797979797 0.05000000000000001 0.058585858585858644 0.05000000000000001 0.11060606060606062 0.05656565656565663 0.0494949494949495 0.05303030303030306
0.10261437908496715 0.06013071895424824 0.06470588235294104 0.06078431372549007 0.0614379084967319 0.07908496732026131 0.0640522875816992 0.06013071895424823 0.0614379084967319 0.06535947712418286 0.06732026143790837 0.06862745098039202 0.06470588235294106 0.06013071895424823 0.059477124183006415
0.10065359477124165 0.06274509803921555 0.0660130718954247 0.06078431372549007 0.06339869281045737 0.07254901960784299 0.06470588235294103 0.06405228758169922 0.06274509803921555 0.06274509803921555 0.06470588235294104 0.06732026143790837 0.06666666666666653 0.06013071895424824 0.06078431372549007
0.21534391534391514 0.05026455026455019 0.05396825396825389 0.08306878306878297 0.051851851851851774 0.05978835978835972 0.05343915343915337 0.050793650793650724 0.048677248677248604 0.05026455026455019 0.05026455026455019 0.061904761904761824 0.06507936507936499 0.05238095238095229 0.05291005291005283
0.05944444444444434 0.05222222222222214 0.05444444444444436 0.05166666666666658 0.10444444444444441 0.06333333333333324 0.12500000000000003 0.05944444444444435 0.05277777777777769 0.05277777777777769 0.0527777777777777 0.06666666666666661 0.06333333333333324 0.08722222222222212 0.05444444444444436
0.044444444444444474 0.04266666666666669 0.12355555555555543 0.044444444444444474 0.09466666666666668 0.05511111111111115 0.05022222222222226 0.05155555555555559 0.047111111111111145 0.04311111111111114 0.0466666666666667 0.04400000000000003 0.046222222222222255 0.21599999999999994 0.05022222222222226
0.1388888888888887 0.05617283950617273 0.05555555555555545 0.05617283950617273 0.06975308641975296 0.05617283950617273 0.05679012345679001 0.062345679012345556 0.05617283950617273 0.05617283950617273 0.05802469135802457 0.06111111111111099 0.05617283950617273 0.09938271604938254 0.061111111111111005
0.05882352941176457 0.11633986928104552 0.06274509803921555 0.09411764705882335 0.0594771241830064 0.06470588235294104 0.06013071895424824 0.06013071895424824 0.06013071895424823 0.0614379084967319 0.06209150326797373 0.0594771241830064 0.0614379084967319 0.0594771241830064 0.0594771241830064
0.0625 0.0625 0.06597222222222222 0.0625 0.0625 0.06319444444444444 0.06319444444444444 0.08541666666666667 0.08472222222222223 0.0625 0.06319444444444444 0.06527777777777778 0.06458333333333334 0.0625 0.06944444444444445
0.06078431372549007 0.06339869281045737 0.06666666666666653 0.06013071895424824 0.0699346405228757 0.072549019607843 0.07516339869281032 0.06732026143790837 0.06470588235294104 0.06862745098039201 0.0640522875816992 0.0679738562091502 0.06666666666666653 0.06535947712418286 0.06666666666666654
0.06319444444444444 0.0625 0.0625 0.0625 0.06458333333333334 0.0625 0.0625 0.07013888888888889 0.0625 0.0625 0.0625 0.0625 0.0625 0.10972222222222222 0.06736111111111111
0.06666666666666651 0.05882352941176457 0.06535947712418286 0.05882352941176457 0.1071895424836599 0.05882352941176457 0.06078431372549007 0.05882352941176457 0.10784313725490173 0.05882352941176457 0.05882352941176457 0.06078431372549007 0.06013071895424824 0.05882352941176457 0.0594771241830064
0.05847953216374267 0.0660818713450292 0.10058479532163743 0.11111111111111104 0.06140350877192979 0.0608187134502924 0.0619883040935672 0.05906432748538009 0.060233918128654966 0.05964912280701752 0.06081871345029237 0.06374269005847948 0.06432748538011693 0.0543859649122807 0.057309941520467804
0.06319444444444444 0.0625 0.0625 0.0625 0.06319444444444444 0.06527777777777778 0.08958333333333333 0.06388888888888888 0.06388888888888888 0.0625 0.06458333333333334 0.08194444444444444 0.06875 0.0625 0.06319444444444444
0.05277777777777769 0.05166666666666658 0.053888888888888806 0.05388888888888881 0.05611111111111103 0.053888888888888806 0.054999999999999924 0.2077777777777777 0.05444444444444437 0.055555555555555455 0.052222222222222135 0.053888888888888806 0.05111111111111103 0.08888888888888878 0.05888888888888881
0.07566137566137558 0.05291005291005283 0.05185185185185179 0.04814814814814808 0.09629629629629619 0.052910052910052824 0.05291005291005283 0.12645502645502632 0.05449735449735442 0.08042328042328034 0.04973544973544967 0.056084656084656015 0.05291005291005284 0.05079365079365071 0.09841269841269831
0.06319444444444444 0.0625 0.0625 0.0625 0.06805555555555555 0.0625 0.0625 0.06944444444444445 0.0625 0.0625 0.0625 0.0625 0.0625 0.11041666666666666 0.06388888888888888
0.2277777777777776 0.04797979797979798 0.05000000000000002 0.05101010101010102 0.04797979797979797 0.11262626262626271 0.052525252525252544 0.051010101010101026 0.04898989898989899 0.05151515151515152 0.05050505050505052 0.055555555555555566 0.0545454545454546 0.04747474747474746 0.05050505050505053
0.06543209876543199 0.059876543209876426 0.06234567901234558 0.061111111111111005 0.12839506172839485 0.0679012345679011 0.062345679012345556 0.05802469135802457 0.05987654320987644 0.059876543209876426 0.06419753086419741 0.06296296296296285 0.06543209876543199 0.061728395061728274 0.0604938271604937
0.06274509803921556 0.06013071895424823 0.0594771241830064 0.05882352941176457 0.06013071895424824 0.06013071895424824 0.06013071895424824 0.06078431372549007 0.1575163398692808 0.06078431372549007 0.0594771241830064 0.06078431372549007 0.059477124183006415 0.06013071895424823 0.059477124183006415
0.0625 0.0625 0.0625 0.0625 0.0625 0.0625 0.0625 0.06527777777777778 0.06319444444444444 0.0625 0.0625 0.0625 0.0625 0.06319444444444444 0.12083333333333333
0.06296296296296297 0.04259259259259254 0.04351851851851847 0.0430555555555555 0.21388888888888893 0.0444444444444444 0.045370370370370325 0.06296296296296294 0.07870370370370365 0.043518518518518456 0.04351851851851847 0.04490740740740736 0.04444444444444439 0.13796296296296293 0.048148148148148114
0.0625 0.0625 0.0625 0.0625 0.0625 0.0625 0.06319444444444444 0.0625 0.0625 0.0625 0.0625 0.06319444444444444 0.06388888888888888 0.0625 0.12222222222222222
0.06728395061728382 0.05740740740740729 0.05802469135802457 0.06049382716049371 0.13209876543209859 0.061728395061728274 0.061111111111111005 0.07530864197530852 0.06049382716049372 0.05925925925925915 0.05925925925925916 0.06481481481481469 0.06049382716049371 0.05864197530864187 0.06358024691358014
0.05882352941176457 0.059477124183006415 0.06013071895424824 0.06013071895424823 0.06013071895424824 0.06274509803921555 0.14967320261437886 0.06078431372549007 0.060784313725490056 0.06013071895424824 0.062091503267973726 0.0614379084967319 0.06339869281045739 0.0614379084967319 0.05882352941176457
0.0625 0.06527777777777778 0.06875 0.0625 0.06666666666666667 0.06458333333333334 0.07777777777777778 0.06458333333333334 0.06388888888888888 0.06319444444444444 0.06458333333333334 0.075 0.07430555555555556 0.06319444444444444 0.06319444444444444
0.04685990338164258 0.30144927536231897 0.0473429951690822 0.045893719806763364 0.0473429951690822 0.047342995169082205 0.04782608695652181 0.046376811594202975 0.04492753623188414 0.07101449275362329 0.047826086956521824 0.06666666666666676 0.04830917874396144 0.045410628019323745 0.04541062801932375
0.0594771241830064 0.0594771241830064 0.06078431372549007 0.06013071895424823 0.06013071895424823 0.06274509803921555 0.06013071895424824 0.05882352941176457 0.11633986928104552 0.06339869281045737 0.06013071895424823 0.09803921568627431 0.06274509803921555 0.05882352941176457 0.05882352941176457
0.07543859649122805 0.05380116959064327 0.054970760233918115 0.05438596491228071 0.056725146198830394 0.05614035087719297 0.0543859649122807 0.11461988304093555 0.07660818713450293 0.0871345029239767 0.05380116959064327 0.05438596491228071 0.05380116959064329 0.09181286549707611 0.0619883040935672
0.06111111111111099 0.05864197530864187 0.06049382716049371 0.05802469135802457 0.062345679012345556 0.061111111111111005 0.06172839506172829 0.062345679012345556 0.11728395061728375 0.05987654320987644 0.058024691358024585 0.05925925925925915 0.05740740740740729 0.09876543209876527 0.06358024691358014
0.0625 0.0625 0.06319444444444444 0.12361111111111112 0.0625 0.0625 0.0625 0.0625 0.0625 0.0625 0.0625 0.0625 0.0625 0.0625 0.06319444444444444
0.04867724867724859 0.04973544973544966 0.04920634920634913 0.23862433862433824 0.05079365079365071 0.06402116402116391 0.052380952380952306 0.05026455026455019 0.04867724867724861 0.052380952380952306 0.06243386243386234 0.052910052910052824 0.08253968253968252 0.04761904761904755 0.04973544973544967
0.052631578947368425 0.05321637426900585 0.05321637426900584 0.2555555555555558 0.05380116959064327 0.052631578947368425 0.05380116959064327 0.05321637426900585 0.052631578947368425 0.05380116959064329 0.0543859649122807 0.05321637426900585 0.052631578947368425 0.052631578947368425 0.052631578947368425
0.04629629629629627 0.04768518518518516 0.055092592592592596 0.20416666666666672 0.04398148148148141 0.04722222222222218 0.054629629629629625 0.04398148148148143 0.06388888888888886 0.0458333333333333 0.10092592592592592 0.05370370370370372 0.1 0.044907407407407354 0.04768518518518517
0.14000000000000007 0.053888888888888806 0.0538888888888888 0.05333333333333324 0.086111111111111 0.05333333333333324 0.05444444444444436 0.05611111111111102 0.054999999999999924 0.0538888888888888 0.055555555555555476 0.056666666666666574 0.05444444444444436 0.11777777777777773 0.055555555555555476
0.08039215686274494 0.05882352941176457 0.0594771241830064 0.05882352941176457 0.059477124183006415 0.062091503267973726 0.059477124183006415 0.08823529411764688 0.11830065359477102 0.0594771241830064 0.05882352941176457 0.0594771241830064 0.05882352941176457 0.05882352941176457 0.0594771241830064
0.06257309941520467 0.057309941520467804 0.06374269005847949 0.05730994152046782 0.06725146198830403 0.07134502923976602 0.0742690058479532 0.08304093567251461 0.08362573099415205 0.05555555555555557 0.0590643274853801 0.06842105263157892 0.07602339181286542 0.055555555555555566 0.06491228070175438
0.04973544973544967 0.04973544973544965 0.053968253968253894 0.05185185185185179 0.07354497354497345 0.09523809523809518 0.05343915343915337 0.07089947089947082 0.15555555555555536 0.052380952380952306 0.05343915343915337 0.05502645502645494 0.05132275132275125 0.0767195767195766 0.05714285714285706
0.061437908496731884 0.06013071895424824 0.05882352941176457 0.0594771241830064 0.060784313725490056 0.06405228758169923 0.12418300653594745 0.061437908496731905 0.06013071895424823 0.06535947712418286 0.06078431372549007 0.07516339869281032 0.06862745098039204 0.059477124183006415 0.06013071895424824
0.0788888888888888 0.05888888888888879 0.052222222222222135 0.05111111111111102 0.058888888888888796 0.058888888888888796 0.12055555555555561 0.06833333333333323 0.050555555555555465 0.05111111111111103 0.05333333333333326 0.1266666666666668 0.06666666666666658 0.05166666666666658 0.05222222222222213
0.05321637426900584 0.052631578947368425 0.056140350877193 0.05321637426900586 0.05380116959064329 0.06666666666666667 0.05321637426900586 0.0660818713450292 0.22105263157894742 0.05380116959064329 0.0543859649122807 0.05380116959064327 0.05380116959064327 0.05321637426900586 0.05497076023391812
0.15847953216374253 0.06081871345029243 0.054970760233918115 0.05380116959064329 0.06140350877192979 0.05614035087719298 0.05614035087719299 0.07251461988304093 0.056725146198830394 0.054970760233918115 0.05438596491228072 0.09064327485380118 0.0573099415204678 0.05614035087719297 0.055555555555555546
0.08086419753086407 0.05679012345679001 0.05555555555555545 0.05555555555555545 0.059876543209876426 0.05740740740740729 0.05679012345679001 0.0839506172839505 0.05617283950617273 0.05555555555555545 0.05679012345679001 0.05555555555555545 0.05555555555555545 0.15308641975308623 0.06049382716049372
0.06319444444444444 0.06319444444444444 0.07083333333333333 0.0625 0.06458333333333334 0.06458333333333334 0.06458333333333334 0.06666666666666667 0.0625 0.06319444444444444 0.06319444444444444 0.06388888888888888 0.06458333333333334 0.06319444444444444 0.09930555555555555
0.06319444444444444 0.0625 0.06388888888888888 0.06319444444444444 0.06597222222222222 0.06388888888888888 0.06388888888888888 0.06736111111111111 0.06319444444444444 0.0625 0.0625 0.06736111111111111 0.06319444444444444 0.0625 0.10486111111111111
0.06458333333333334 0.0625 0.07083333333333333 0.06597222222222222 0.06875 0.06666666666666667 0.06597222222222222 0.06875 0.06805555555555555 0.06319444444444444 0.06458333333333334 0.06388888888888888 0.06666666666666667 0.06875 0.07083333333333333
0.05882352941176457 0.05882352941176457 0.06013071895424823 0.05882352941176457 0.060784313725490056 0.059477124183006415 0.059477124183006415 0.061437908496731884 0.05882352941176457 0.06013071895424823 0.05882352941176457 0.06013071895424824 0.0594771241830064 0.06013071895424823 0.1647058823529409
0.052380952380952306 0.04920634920634913 0.051851851851851774 0.050264550264550185 0.06402116402116394 0.053968253968253894 0.05291005291005284 0.058730158730158646 0.05291005291005284 0.05026455026455019 0.050793650793650724 0.05291005291005283 0.05714285714285706 0.18518518518518493 0.11746031746031732
0.05555555555555545 0.05555555555555545 0.05679012345679001 0.05679012345679001 0.05864197530864187 0.058024691358024585 0.06049382716049373 0.062345679012345556 0.05617283950617273 0.05555555555555545 0.05679012345679002 0.05679012345679001 0.05617283950617273 0.1944444444444442 0.059876543209876426
0.052222222222222135 0.05444444444444436 0.076111111111111 0.05611111111111103 0.05999999999999993 0.05833333333333325 0.05666666666666658 0.05611111111111102 0.0577777777777777 0.09055555555555546 0.05722222222222214 0.06277777777777768 0.05944444444444436 0.1477777777777779 0.05444444444444436
0.06319444444444444 0.0625 0.06388888888888888 0.0625 0.07847222222222222 0.10486111111111111 0.0625 0.0625 0.0625 0.0625 0.0625 0.0625 0.06319444444444444 0.06388888888888888 0.0625
0.04999999999999991 0.05166666666666658 0.05333333333333324 0.04999999999999991 0.071111111111111 0.09277777777777768 0.05222222222222213 0.12888888888888894 0.06777777777777766 0.04999999999999991 0.0527777777777777 0.05222222222222214 0.05111111111111102 0.11555555555555558 0.06055555555555546
0.07820512820512812 0.04316239316239313 0.14017094017093995 0.04145299145299142 0.05940170940170936 0.052564102564102544 0.049145299145299096 0.0645299145299145 0.06452991452991448 0.04230769230769228 0.043589743589743546 0.04401709401709398 0.04487179487179484 0.18162393162393137 0.05042735042735037
0.06565656565656572 0.046464646464646445 0.047474747474747475 0.04646464646464645 0.048989898989899 0.04696969696969696 0.047474747474747475 0.11969696969696979 0.047474747474747475 0.11666666666666682 0.04696969696969696 0.047474747474747475 0.04848484848484849 0.16919191919191917 0.054545454545454584
0.0594771241830064 0.05882352941176457 0.05882352941176457 0.05882352941176457 0.08104575163398677 0.0594771241830064 0.05882352941176457 0.06535947712418287 0.05882352941176457 0.05882352941176457 0.059477124183006415 0.0594771241830064 0.06013071895424823 0.1372549019607841 0.06535947712418289
0.06274509803921556 0.06013071895424824 0.06274509803921555 0.0594771241830064 0.06339869281045737 0.06535947712418287 0.0660130718954247 0.062091503267973726 0.06078431372549008 0.062091503267973726 0.06405228758169922 0.06470588235294104 0.0660130718954247 0.062091503267973726 0.118300653594771
0.0543859649122807 0.05614035087719297 0.05789473684210525 0.05555555555555555 0.07076023391812865 0.05847953216374267 0.05672514619883037 0.08362573099415206 0.07485380116959062 0.05614035087719297 0.054970760233918115 0.05847953216374269 0.05730994152046784 0.13859649122807002 0.06608187134502924
0.0625 0.0625 0.06388888888888888 0.0625 0.06319444444444444 0.06458333333333334 0.0625 0.0875 0.08402777777777778 0.06319444444444444 0.0625 0.06458333333333334 0.06388888888888888 0.0625 0.07013888888888889
0.07134502923976602 0.05730994152046782 0.061988304093567245 0.06374269005847952 0.0614035087719298 0.0842105263157895 0.06608187134502919 0.06959064327485377 0.06257309941520466 0.05789473684210523 0.059649122807017535 0.06666666666666662 0.06432748538011693 0.09298245614035092 0.060233918128654924
0.08562091503267957 0.059477124183006415 0.06993464052287571 0.05882352941176457 0.06405228758169923 0.06274509803921555 0.068627450980392 0.10326797385620898 0.05882352941176457 0.05882352941176457 0.06013071895424823 0.06601307189542471 0.059477124183006415 0.06013071895424824 0.06405228758169922
0.15555555555555545 0.05438596491228069 0.05847953216374265 0.05614035087719296 0.10292397660818711 0.05906432748538012 0.05497076023391813 0.05497076023391812 0.05847953216374269 0.05614035087719296 0.055555555555555566 0.05730994152046782 0.057309941520467825 0.061988304093567224 0.05672514619883042
0.0594771241830064 0.0594771241830064 0.05882352941176457 0.05882352941176457 0.0594771241830064 0.07973856209150311 0.05882352941176457 0.05882352941176457 0.09281045751633969 0.05882352941176457 0.05882352941176457 0.06013071895424824 0.0594771241830064 0.11764705882352917 0.05882352941176457
0.06527777777777778 0.0625 0.08958333333333333 0.06319444444444444 0.06458333333333334 0.06944444444444445 0.07013888888888889 0.06319444444444444 0.06527777777777778 0.06319444444444444 0.06597222222222222 0.06527777777777778 0.06597222222222222 0.06319444444444444 0.06319444444444444
0.06319444444444444 0.06944444444444445 0.07291666666666667 0.06319444444444444 0.06527777777777778 0.07291666666666667 0.06736111111111111 0.06388888888888888 0.06458333333333334 0.06527777777777778 0.06666666666666667 0.06736111111111111 0.06944444444444445 0.06319444444444444 0.06527777777777778
0.0625 0.0625 0.06388888888888888 0.06319444444444444 0.06458333333333334 0.06666666666666667 0.08055555555555556 0.0625 0.06527777777777778 0.06388888888888888 0.06597222222222222 0.07916666666666666 0.07361111111111111 0.0625 0.06319444444444444
0.0625 0.06319444444444444 0.06388888888888888 0.06319444444444444 0.07430555555555556 0.10555555555555556 0.0625 0.0625 0.0625 0.0625 0.0625 0.06458333333333334 0.06388888888888888 0.0625 0.06388888888888888
0.05185185185185179 0.052380952380952306 0.052910052910052824 0.05185185185185179 0.08042328042328035 0.05767195767195758 0.05238095238095231 0.07195767195767187 0.05873015873015864 0.052380952380952306 0.05079365079365071 0.052380952380952306 0.053439153439153377 0.139153439153439 0.12169312169312158
0.06078431372549007 0.060784313725490056 0.06339869281045739 0.06078431372549007 0.06339869281045739 0.0679738562091502 0.06470588235294103 0.06078431372549007 0.12222222222222197 0.06405228758169922 0.06078431372549007 0.0614379084967319 0.06601307189542471 0.061437908496731884 0.0614379084967319
0.2573099415204681 0.052631578947368425 0.05321637426900584 0.052631578947368425 0.052631578947368425 0.052631578947368425 0.053801169590643266 0.05321637426900585 0.05380116959064327 0.05321637426900584 0.052631578947368425 0.05321637426900584 0.05321637426900584 0.052631578947368425 0.05321637426900585
0.17555555555555558 0.05111111111111103 0.07111111111111103 0.05555555555555547 0.05166666666666658 0.0627777777777777 0.05944444444444435 0.05055555555555547 0.09777777777777769 0.05166666666666658 0.053333333333333253 0.05944444444444435 0.05666666666666658 0.050555555555555465 0.05277777777777769
0.23181818181818162 0.04949494949494951 0.04797979797979797 0.04646464646464645 0.055050505050505086 0.051010101010101026 0.047474747474747475 0.05000000000000002 0.046969696969696946 0.047474747474747475 0.04898989898989898 0.0494949494949495 0.04747474747474746 0.12373737373737388 0.056565656565656604
0.076111111111111 0.05444444444444436 0.06055555555555546 0.053888888888888806 0.10999999999999993 0.06333333333333324 0.10333333333333344 0.05555555555555547 0.05944444444444435 0.05611111111111102 0.05722222222222214 0.06444444444444433 0.06444444444444436 0.05944444444444435 0.06166666666666658
0.05166666666666657 0.05166666666666658 0.09222222222222215 0.052222222222222135 0.055555555555555476 0.05944444444444435 0.06111111111111101 0.1477777777777778 0.07944444444444437 0.05277777777777768 0.05944444444444436 0.05722222222222214 0.05611111111111103 0.053888888888888806 0.06944444444444434
0.06296296296296283 0.06296296296296285 0.07654320987654312 0.05864197530864187 0.0679012345679011 0.06604938271604927 0.06296296296296285 0.05987654320987642 0.06604938271604927 0.05740740740740729 0.1055555555555554 0.06851851851851838 0.0648148148148147 0.058024691358024585 0.06172839506172829
0.06049382716049372 0.05740740740740729 0.062345679012345556 0.11296296296296277 0.058641975308641854 0.05740740740740729 0.058641975308641854 0.06049382716049372 0.05925925925925915 0.058024691358024585 0.09259259259259246 0.06049382716049371 0.08641975308641964 0.05864197530864187 0.05617283950617273
0.06527777777777778 0.06458333333333334 0.07152777777777777 0.06875 0.06458333333333334 0.06736111111111111 0.06527777777777778 0.06944444444444445 0.06527777777777778 0.06319444444444444 0.06666666666666667 0.07083333333333333 0.06666666666666667 0.06458333333333334 0.06597222222222222
0.07134502923976607 0.056140350877193 0.05497076023391812 0.05789473684210526 0.10350877192982454 0.06842105263157888 0.06432748538011689 0.0754385964912281 0.07543859649122803 0.05730994152046782 0.05614035087719296 0.07660818713450294 0.06198830409356724 0.05555555555555555 0.06491228070175435
0.06023391812865494 0.0590643274853801 0.05614035087719296 0.06783625730994153 0.0608187134502924 0.06374269005847949 0.06900584795321633 0.06315789473684205 0.05906432748538009 0.06023391812865496 0.05906432748538011 0.09824561403508775 0.07894736842105264 0.05614035087719297 0.08830409356725144
0.0608187134502924 0.056725146198830435 0.059064327485380076 0.06374269005847946 0.06140350877192979 0.06725146198830409 0.07660818713450285 0.07192982456140348 0.05789473684210525 0.05847953216374267 0.06725146198830405 0.08011695906432753 0.08947368421052629 0.05789473684210526 0.07134502923976606
0.05666666666666658 0.06222222222222214 0.0638888888888888 0.055555555555555476 0.06722222222222213 0.0677777777777777 0.06444444444444436 0.06333333333333326 0.05666666666666658 0.06666666666666655 0.06444444444444436 0.07388888888888877 0.06388888888888879 0.0549999999999999 0.11833333333333332
0.05614035087719298 0.054970760233918115 0.054970760233918115 0.05789473684210524 0.05906432748538007 0.061403508771929814 0.06140350877192982 0.05847953216374267 0.05614035087719297 0.05730994152046782 0.05789473684210527 0.0614035087719298 0.05789473684210525 0.0549707602339181 0.19005847953216373
0.057309941520467804 0.056725146198830394 0.06725146198830409 0.057309941520467825 0.06725146198830403 0.06198830409356721 0.05789473684210523 0.06783625730994151 0.05614035087719298 0.0543859649122807 0.05906432748538009 0.059649122807017514 0.05964912280701755 0.14853801169590625 0.06900584795321635
0.06597222222222222 0.06805555555555555 0.06527777777777778 0.06388888888888888 0.06597222222222222 0.06666666666666667 0.06527777777777778 0.06597222222222222 0.06388888888888888 0.07013888888888889 0.06458333333333334 0.07569444444444444 0.06875 0.06527777777777778 0.06458333333333334
0.05502645502645495 0.051851851851851795 0.2253968253968251 0.053439153439153356 0.050264550264550185 0.05873015873015867 0.05555555555555548 0.07830687830687821 0.05079365079365073 0.05343915343915337 0.051322751322751256 0.05661375661375653 0.05502645502645494 0.051851851851851774 0.05238095238095229
0.059876543209876426 0.0574074074074073 0.06666666666666654 0.05925925925925914 0.058024691358024585 0.0679012345679011 0.06049382716049372 0.12839506172839493 0.05987654320987644 0.06111111111111099 0.0604938271604937 0.06481481481481471 0.06975308641975295 0.061728395061728274 0.06419753086419741
0.05679012345679001 0.05679012345679001 0.10679012345678994 0.0574074074074073 0.05740740740740729 0.07839506172839493 0.05740740740740729 0.06296296296296285 0.05802469135802457 0.05740740740740729 0.05679012345679001 0.06049382716049371 0.07654320987654309 0.05679012345679002 0.0999999999999998
0.05438596491228069 0.058479532163742694 0.060233918128654924 0.0567251461988304 0.05614035087719297 0.05906432748538011 0.057309941520467825 0.060233918128654924 0.05555555555555554 0.05555555555555555 0.056725146198830394 0.06140350877192979 0.06725146198830406 0.056725146198830415 0.18421052631578946
0.0549707602339181 0.054970760233918115 0.0631578947368421 0.05789473684210526 0.05847953216374269 0.06725146198830403 0.06257309941520468 0.06257309941520468 0.05555555555555554 0.05321637426900584 0.05789473684210523 0.08479532163742692 0.0637426900584795 0.0935672514619883 0.10935672514619878
0.061437908496731884 0.06405228758169922 0.0640522875816992 0.0614379084967319 0.06535947712418287 0.06535947712418287 0.06209150326797373 0.09281045751633969 0.08431372549019592 0.060784313725490056 0.06078431372549007 0.06339869281045737 0.0614379084967319 0.06274509803921555 0.06993464052287567
0.19999999999999993 0.04311111111111114 0.04977777777777781 0.07866666666666672 0.05600000000000004 0.045777777777777806 0.045777777777777806 0.05377777777777781 0.08222222222222228 0.04355555555555558 0.045777777777777806 0.0466666666666667 0.0466666666666667 0.11999999999999991 0.04222222222222226
0.052222222222222135 0.0527777777777777 0.056666666666666574 0.0527777777777777 0.05444444444444435 0.0622222222222221 0.07222222222222216 0.052222222222222135 0.0527777777777777 0.05444444444444436 0.0605555555555555 0.07499999999999993 0.06499999999999988 0.1838888888888887 0.0527777777777777
0.08703703703703694 0.04675925925925921 0.04629629629629627 0.04490740740740736 0.2023148148148149 0.047685185185185136 0.04490740740740736 0.04398148148148143 0.04583333333333328 0.044444444444444384 0.04675925925925923 0.04629629629629628 0.04861111111111109 0.15787037037037036 0.04629629629629625
0.04761904761904755 0.04814814814814808 0.04867724867724861 0.04761904761904755 0.05661375661375652 0.050264550264550185 0.05132275132275124 0.052910052910052824 0.09470899470899458 0.04814814814814808 0.048677248677248604 0.04973544973544967 0.04920634920634914 0.25343915343915313 0.05291005291005285
0.06319444444444444 0.0625 0.06944444444444445 0.06388888888888888 0.06388888888888888 0.06666666666666667 0.06319444444444444 0.06388888888888888 0.06458333333333334 0.06388888888888888 0.06388888888888888 0.1 0.06527777777777778 0.0625 0.06319444444444444
0.0594771241830064 0.059477124183006415 0.06666666666666653 0.0594771241830064 0.06209150326797373 0.06928104575163382 0.06862745098039202 0.06274509803921555 0.0614379084967319 0.06274509803921556 0.062091503267973726 0.06405228758169923 0.06470588235294103 0.06274509803921555 0.11437908496732005
0.16499999999999998 0.05166666666666658 0.052222222222222135 0.05277777777777769 0.13777777777777783 0.058333333333333244 0.0538888888888888 0.052222222222222135 0.052222222222222135 0.05111111111111103 0.05499999999999991 0.054999999999999924 0.05444444444444435 0.05444444444444436 0.053888888888888806
0.05380116959064327 0.05614035087719296 0.0543859649122807 0.05380116959064327 0.05555555555555554 0.056725146198830394 0.05906432748538011 0.05789473684210525 0.10409356725146199 0.054970760233918115 0.05672514619883039 0.05789473684210524 0.057309941520467804 0.15321637426900556 0.06842105263157895
0.06319444444444444 0.06319444444444444 0.1076388888888889 0.06319444444444444 0.06458333333333334 0.06458333333333334 0.06388888888888888 0.06388888888888888 0.06458333333333334 0.06319444444444444 0.0625 0.06597222222222222 0.06388888888888888 0.0625 0.06319444444444444
0.06597222222222222 0.06388888888888888 0.06736111111111111 0.06388888888888888 0.06527777777777778 0.06944444444444445 0.07569444444444444 0.06458333333333334 0.06597222222222222 0.06458333333333334 0.06666666666666667 0.06805555555555555 0.06805555555555555 0.06388888888888888 0.06666666666666667
0.06597222222222222 0.06666666666666667 0.06805555555555555 0.06666666666666667 0.06666666666666667 0.06944444444444445 0.06736111111111111 0.06666666666666667 0.06597222222222222 0.06458333333333334 0.06597222222222222 0.06597222222222222 0.06944444444444445 0.06527777777777778 0.06527777777777778
0.0625 0.0625 0.0625 0.0625 0.08819444444444445 0.06319444444444444 0.0625 0.0625 0.06319444444444444 0.0625 0.0625 0.0625 0.06319444444444444 0.09444444444444444 0.06527777777777778
0.0494949494949495 0.05202020202020206 0.14292929292929304 0.04848484848484848 0.048989898989899 0.06565656565656572 0.057575757575757655 0.057575757575757586 0.052020202020202036 0.05151515151515153 0.05151515151515152 0.05808080808080812 0.09292929292929296 0.04898989898989899 0.12222222222222236
0.054970760233918115 0.054970760233918115 0.05730994152046784 0.05380116959064327 0.05555555555555554 0.060818713450292376 0.056725146198830394 0.05321637426900585 0.21988304093567257 0.053801169590643266 0.053801169590643266 0.05789473684210524 0.057309941520467825 0.055555555555555546 0.05438596491228071
0.0594771241830064 0.06013071895424823 0.059477124183006415 0.05882352941176457 0.07189542483660115 0.09803921568627431 0.0594771241830064 0.0594771241830064 0.11372549019607821 0.06013071895424823 0.05882352941176457 0.059477124183006415 0.0594771241830064 0.06078431372549007 0.06078431372549007
0.06736111111111111 0.0625 0.0625 0.0625 0.11666666666666667 0.0625 0.06319444444444444 0.0625 0.0625 0.06319444444444444 0.06319444444444444 0.0625 0.06319444444444444 0.0625 0.06319444444444444
