0.09542483660130713 0.0594771241830064 0.06013071895424823 0.061437908496731884 0.08104575163398679 0.060784313725490056 0.0614379084967319 0.0594771241830064 0.059477124183006415 0.06078431372549007 0.08300653594771228 0.068627450980392 0.06928104575163387 0.0594771241830064 0.06013071895424824
0.07777777777777778 0.06319444444444444 0.06319444444444444 0.06319444444444444 0.06458333333333334 0.06666666666666667 0.07083333333333333 0.06319444444444444 0.06597222222222222 0.06527777777777778 0.07222222222222222 0.07152777777777777 0.06388888888888888 0.06388888888888888 0.06458333333333334
0.06805555555555555 0.06458333333333334 0.06319444444444444 0.06458333333333334 0.06388888888888888 0.06736111111111111 0.07222222222222222 0.06319444444444444 0.06944444444444445 0.06736111111111111 0.06805555555555555 0.06805555555555555 0.06597222222222222 0.06458333333333334 0.06944444444444445
0.045454545454545435 0.046464646464646445 0.04595959595959594 0.046464646464646445 0.04696969696969696 0.045454545454545435 0.04646464646464645 0.045959595959595936 0.04595959595959594 0.04595959595959594 0.3535353535353532 0.04595959595959594 0.04797979797979798 0.045454545454545435 0.04595959595959594
0.045333333333333364 0.051111111111111135 0.04933333333333337 0.0466666666666667 0.04355555555555558 0.04222222222222225 0.0506666666666667 0.044444444444444474 0.04311111111111114 0.045777777777777806 0.34311111111111087 0.04266666666666669 0.0635555555555556 0.045333333333333364 0.04311111111111114
0.05321637426900586 0.053801169590643266 0.052631578947368425 0.052631578947368425 0.05789473684210522 0.055555555555555546 0.05321637426900586 0.052631578947368425 0.05321637426900585 0.05380116959064327 0.2473684210526318 0.055555555555555525 0.052631578947368425 0.052631578947368425 0.05321637426900586
0.053030303030303046 0.07525252525252533 0.06616161616161624 0.09848484848484856 0.054040404040404055 0.05555555555555559 0.05050505050505053 0.04848484848484849 0.056565656565656604 0.056565656565656604 0.052525252525252544 0.06010101010101017 0.058080808080808136 0.1656565656565657 0.048989898989899
0.07722222222222216 0.05111111111111103 0.05166666666666658 0.05166666666666658 0.09055555555555549 0.05111111111111103 0.05555555555555547 0.05611111111111104 0.05055555555555547 0.05111111111111103 0.1694444444444444 0.07277777777777766 0.0649999999999999 0.05444444444444436 0.05166666666666658
0.06666666666666651 0.06013071895424823 0.06078431372549007 0.062091503267973726 0.07124183006535935 0.0614379084967319 0.06797385620915018 0.05882352941176457 0.061437908496731884 0.0640522875816992 0.1150326797385619 0.06535947712418287 0.06209150326797375 0.06339869281045737 0.059477124183006415
0.08611111111111111 0.06319444444444444 0.06388888888888888 0.0625 0.08680555555555555 0.0625 0.06458333333333334 0.06388888888888888 0.07013888888888889 0.0625 0.0625 0.0625 0.06388888888888888 0.0625 0.0625
0.0625 0.0625 0.0625 0.11875 0.0625 0.06319444444444444 0.0625 0.06458333333333334 0.0625 0.06319444444444444 0.0625 0.06388888888888888 0.0625 0.06319444444444444 0.06319444444444444
0.06736111111111111 0.06388888888888888 0.06736111111111111 0.06319444444444444 0.06875 0.06388888888888888 0.07152777777777777 0.06805555555555555 0.06388888888888888 0.06319444444444444 0.06319444444444444 0.08402777777777778 0.06597222222222222 0.0625 0.06319444444444444
0.05882352941176457 0.05882352941176457 0.059477124183006415 0.0594771241830064 0.05882352941176457 0.05882352941176457 0.0594771241830064 0.17450980392156834 0.05882352941176457 0.05882352941176457 0.05882352941176457 0.05882352941176457 0.05882352941176457 0.05882352941176457 0.05882352941176457
0.0627777777777777 0.055555555555555476 0.056666666666666594 0.058333333333333244 0.05722222222222215 0.05611111111111101 0.06388888888888879 0.18166666666666653 0.058333333333333244 0.056666666666666574 0.05777777777777768 0.06611111111111102 0.05888888888888881 0.05611111111111102 0.053888888888888806
0.0766666666666666 0.055555555555555476 0.0649999999999999 0.05611111111111103 0.06611111111111104 0.05999999999999991 0.06055555555555547 0.12555555555555553 0.06499999999999992 0.05499999999999991 0.07611111111111098 0.06055555555555547 0.05777777777777767 0.05777777777777769 0.06222222222222213
0.06319444444444444 0.06388888888888888 0.06597222222222222 0.06388888888888888 0.06388888888888888 0.06388888888888888 0.06666666666666667 0.0625 0.06388888888888888 0.06319444444444444 0.06319444444444444 0.06805555555555555 0.07708333333333334 0.06597222222222222 0.08472222222222223
0.07916666666666666 0.0625 0.06388888888888888 0.0625 0.0763888888888889 0.07013888888888889 0.06319444444444444 0.07777777777777778 0.06319444444444444 0.06319444444444444 0.0625 0.06388888888888888 0.06388888888888888 0.06388888888888888 0.06388888888888888
0.06608187134502926 0.05555555555555557 0.05614035087719298 0.059649122807017514 0.06900584795321628 0.06666666666666667 0.061988304093567266 0.09649122807017547 0.07543859649122811 0.08362573099415195 0.06725146198830403 0.06549707602339178 0.061403508771929786 0.060233918128654966 0.05497076023391813
0.059876543209876426 0.05925925925925915 0.05925925925925915 0.05864197530864187 0.0617283950617283 0.061111111111111005 0.059876543209876426 0.05925925925925914 0.07469135802469125 0.15061728395061708 0.05925925925925914 0.06049382716049372 0.061728395061728274 0.05617283950617273 0.058024691358024585
0.0614379084967319 0.06470588235294103 0.062091503267973726 0.0614379084967319 0.0614379084967319 0.06274509803921555 0.062091503267973726 0.060784313725490056 0.1307189542483658 0.06470588235294103 0.06339869281045739 0.06013071895424824 0.06209150326797373 0.062091503267973726 0.06013071895424823
0.05925925925925916 0.059876543209876426 0.058024691358024585 0.059876543209876426 0.05925925925925915 0.05740740740740729 0.06049382716049371 0.06111111111111099 0.06049382716049371 0.05987654320987644 0.05679012345679001 0.059876543209876426 0.06111111111111099 0.059876543209876426 0.16666666666666644
0.05882352941176457 0.11633986928104566 0.061437908496731884 0.06601307189542473 0.0594771241830064 0.05882352941176457 0.059477124183006415 0.05882352941176457 0.05882352941176457 0.059477124183006415 0.05882352941176457 0.05882352941176457 0.05882352941176457 0.10653594771241826 0.0594771241830064
0.05333333333333324 0.05166666666666658 0.05166666666666658 0.06555555555555544 0.0527777777777777 0.050555555555555465 0.05666666666666658 0.10111111111111097 0.1600000000000002 0.05055555555555547 0.0527777777777777 0.0527777777777777 0.052222222222222135 0.0955555555555554 0.0527777777777777
0.08888888888888874 0.062091503267973726 0.0614379084967319 0.062091503267973726 0.09411764705882342 0.06535947712418286 0.06732026143790837 0.06078431372549007 0.06666666666666651 0.06274509803921555 0.06078431372549008 0.06013071895424824 0.06209150326797373 0.06274509803921555 0.06274509803921556
0.09239766081871344 0.0549707602339181 0.05555555555555555 0.057309941520467804 0.09649122807017539 0.05906432748538009 0.057309941520467804 0.07543859649122804 0.0596491228070175 0.057309941520467846 0.05555555555555555 0.06315789473684208 0.10233918128654973 0.05789473684210525 0.05555555555555555
0.111111111111111 0.05864197530864187 0.05740740740740729 0.05555555555555545 0.11913580246913566 0.05740740740740729 0.059876543209876426 0.0574074074074073 0.0641975308641974 0.05864197530864187 0.05679012345679001 0.06296296296296283 0.06913580246913568 0.05555555555555545 0.05617283950617273
0.08758169934640508 0.062091503267973726 0.06732026143790835 0.06078431372549007 0.08366013071895408 0.06013071895424824 0.0640522875816992 0.062091503267973726 0.07058823529411752 0.06405228758169922 0.0614379084967319 0.06732026143790837 0.06405228758169922 0.06274509803921555 0.062091503267973726
0.06875 0.06458333333333334 0.06875 0.06319444444444444 0.06388888888888888 0.06388888888888888 0.06666666666666667 0.06458333333333334 0.06319444444444444 0.06527777777777778 0.07083333333333333 0.06875 0.07013888888888889 0.06805555555555555 0.06944444444444445
0.05882352941176457 0.06666666666666653 0.14836601307189523 0.0594771241830064 0.062091503267973726 0.059477124183006415 0.060784313725490056 0.0594771241830064 0.0594771241830064 0.0594771241830064 0.06078431372549007 0.061437908496731884 0.062091503267973726 0.0594771241830064 0.062091503267973726
0.05864197530864187 0.0691358024691357 0.18333333333333307 0.05617283950617273 0.05679012345679001 0.0574074074074073 0.05555555555555545 0.05740740740740729 0.05555555555555545 0.05679012345679001 0.05617283950617273 0.05864197530864187 0.058641975308641854 0.06049382716049371 0.05925925925925916
0.05438596491228071 0.12573099415204658 0.08304093567251461 0.0654970760233917 0.05321637426900585 0.055555555555555525 0.05730994152046782 0.053801169590643266 0.0567251461988304 0.05321637426900585 0.05614035087719297 0.06608187134502914 0.07660818713450292 0.0888888888888889 0.05380116959064327
0.075 0.0625 0.0625 0.0625 0.08125 0.06805555555555555 0.06388888888888888 0.08402777777777778 0.06319444444444444 0.06388888888888888 0.0625 0.0625 0.0625 0.0625 0.06319444444444444
0.07152777777777777 0.06388888888888888 0.06458333333333334 0.06527777777777778 0.075 0.06597222222222222 0.06736111111111111 0.06388888888888888 0.06388888888888888 0.06805555555555555 0.06597222222222222 0.06875 0.06597222222222222 0.06458333333333334 0.06527777777777778
0.06842105263157885 0.05906432748538011 0.06959064327485376 0.05964912280701755 0.06374269005847952 0.05672514619883037 0.07076023391812865 0.12222222222222215 0.06666666666666664 0.05847953216374267 0.059649122807017514 0.06140350877192977 0.06315789473684214 0.06023391812865494 0.06023391812865496
0.06274509803921555 0.06078431372549007 0.072549019607843 0.06078431372549007 0.061437908496731905 0.06274509803921556 0.062091503267973726 0.118300653594771 0.0594771241830064 0.06274509803921555 0.061437908496731884 0.06405228758169922 0.06274509803921555 0.06013071895424823 0.06797385620915021
0.0543859649122807 0.052631578947368425 0.05380116959064327 0.05380116959064329 0.052631578947368425 0.05380116959064327 0.0543859649122807 0.24795321637426923 0.05380116959064327 0.05321637426900584 0.0543859649122807 0.05438596491228069 0.05438596491228072 0.05380116959064327 0.052631578947368425
0.06666666666666653 0.07581699346405216 0.06993464052287567 0.06339869281045739 0.0614379084967319 0.0614379084967319 0.0660130718954247 0.06666666666666653 0.06535947712418287 0.05882352941176457 0.06274509803921556 0.06732026143790838 0.08888888888888873 0.0614379084967319 0.06405228758169922
0.06666666666666667 0.06805555555555555 0.06458333333333334 0.06458333333333334 0.06527777777777778 0.07916666666666666 0.06458333333333334 0.0625 0.06666666666666667 0.06458333333333334 0.06597222222222222 0.06944444444444445 0.06736111111111111 0.06597222222222222 0.06458333333333334
0.059477124183006415 0.07516339869281033 0.0679738562091502 0.11307189542483638 0.0594771241830064 0.05882352941176457 0.06274509803921555 0.05882352941176457 0.05882352941176457 0.06013071895424823 0.06078431372549007 0.0594771241830064 0.08496732026143775 0.0614379084967319 0.05882352941176457
0.061728395061728294 0.06851851851851841 0.07037037037037024 0.05679012345679001 0.06481481481481471 0.06234567901234558 0.1080246913580245 0.05617283950617273 0.05802469135802457 0.0574074074074073 0.059876543209876426 0.07283950617283938 0.08703703703703689 0.05679012345679001 0.05925925925925915
0.06388888888888888 0.06388888888888888 0.06597222222222222 0.06458333333333334 0.06666666666666667 0.06388888888888888 0.06527777777777778 0.0798611111111111 0.06388888888888888 0.06319444444444444 0.0625 0.06944444444444445 0.06805555555555555 0.06388888888888888 0.075
0.06212121212121217 0.0545454545454546 0.05101010101010102 0.056060606060606095 0.05303030303030308 0.22525252525252526 0.05151515151515153 0.04949494949494949 0.052020202020202036 0.07727272727272728 0.05252525252525254 0.05707070707070711 0.05353535353535357 0.05252525252525254 0.05202020202020203
0.06875 0.06736111111111111 0.06666666666666667 0.06458333333333334 0.06597222222222222 0.06527777777777778 0.06805555555555555 0.06527777777777778 0.06666666666666667 0.06458333333333334 0.06736111111111111 0.06944444444444445 0.06875 0.06597222222222222 0.06527777777777778
0.08499999999999992 0.05111111111111103 0.05833333333333324 0.05277777777777769 0.08555555555555548 0.05944444444444435 0.06111111111111103 0.12166666666666665 0.05444444444444435 0.05444444444444435 0.06999999999999992 0.07499999999999993 0.05777777777777771 0.05888888888888879 0.05444444444444436
0.05499999999999991 0.05111111111111103 0.06777777777777766 0.053333333333333253 0.05499999999999991 0.21722222222222204 0.053333333333333253 0.053333333333333253 0.052222222222222135 0.07055555555555548 0.05166666666666657 0.05611111111111102 0.05777777777777769 0.053888888888888785 0.05166666666666658
0.05277777777777769 0.05722222222222214 0.05277777777777769 0.057222222222222126 0.05888888888888881 0.19888888888888875 0.0577777777777777 0.05777777777777768 0.05444444444444436 0.054999999999999924 0.06722222222222213 0.061111111111111005 0.05666666666666658 0.05611111111111101 0.05611111111111102
0.0660130718954247 0.06797385620915021 0.06339869281045737 0.062091503267973726 0.07189542483660118 0.072549019607843 0.08300653594771226 0.06339869281045737 0.06274509803921556 0.06339869281045739 0.062091503267973726 0.0679738562091502 0.0660130718954247 0.06274509803921555 0.06470588235294103
0.06725146198830403 0.061403508771929835 0.060233918128654966 0.0567251461988304 0.06959064327485376 0.060233918128654945 0.0608187134502924 0.11403508771929817 0.05847953216374267 0.06257309941520464 0.06666666666666667 0.07309941520467837 0.0660818713450292 0.05847953216374267 0.06432748538011694
0.06993464052287567 0.06013071895424823 0.05882352941176457 0.05882352941176457 0.08954248366013058 0.06274509803921555 0.0614379084967319 0.0614379084967319 0.06274509803921555 0.10915032679738539 0.06013071895424823 0.062091503267973726 0.0633986928104574 0.06078431372549007 0.05882352941176457
0.059876543209876426 0.05925925925925914 0.05925925925925914 0.061728395061728274 0.06049382716049372 0.06419753086419741 0.06481481481481469 0.06234567901234556 0.06234567901234556 0.058641975308641854 0.05987654320987644 0.06666666666666655 0.11172839506172824 0.06543209876543199 0.08333333333333322
0.0472222222222222 0.05039682539682538 0.050396825396825384 0.04365079365079362 0.04801587301587299 0.051190476190476175 0.055952380952380934 0.08412698412698406 0.2051587301587301 0.10515873015873017 0.04166666666666666 0.04960317460317457 0.06904761904761898 0.04642857142857141 0.051984126984126945
0.05291005291005284 0.06507936507936499 0.05185185185185177 0.05026455026455019 0.05291005291005283 0.20952380952380928 0.0724867724867724 0.05132275132275124 0.053968253968253894 0.07089947089947081 0.05449735449735444 0.05291005291005283 0.05449735449735441 0.05449735449735441 0.05238095238095232
0.0594771241830064 0.0594771241830064 0.05882352941176457 0.05882352941176457 0.05882352941176457 0.17385620915032654 0.05882352941176457 0.059477124183006415 0.05882352941176457 0.05882352941176457 0.05882352941176457 0.05882352941176457 0.0594771241830064 0.05882352941176457 0.05882352941176457
0.06339869281045737 0.060784313725490056 0.062091503267973726 0.06339869281045739 0.06535947712418287 0.09934640522875804 0.06535947712418286 0.060784313725490056 0.06470588235294104 0.06470588235294103 0.06993464052287567 0.06862745098039202 0.06405228758169923 0.06601307189542471 0.0614379084967319
0.05614035087719296 0.05672514619883037 0.057309941520467825 0.05380116959064327 0.05672514619883037 0.18362573099415186 0.0567251461988304 0.053801169590643266 0.06725146198830403 0.07602339181286553 0.057309941520467846 0.056725146198830435 0.05614035087719296 0.0567251461988304 0.05497076023391814
0.0763888888888889 0.06388888888888888 0.06666666666666667 0.06319444444444444 0.06944444444444445 0.06458333333333334 0.06527777777777778 0.06458333333333334 0.06458333333333334 0.06527777777777778 0.06875 0.07361111111111111 0.06736111111111111 0.06319444444444444 0.06319444444444444
0.08562091503267963 0.062091503267973726 0.06470588235294104 0.06209150326797373 0.07189542483660116 0.062091503267973726 0.06601307189542469 0.0640522875816992 0.06339869281045739 0.06470588235294104 0.06928104575163385 0.07385620915032665 0.06274509803921555 0.06013071895424823 0.06732026143790837
0.08472222222222223 0.0625 0.0625 0.06319444444444444 0.08819444444444445 0.0625 0.06458333333333334 0.06388888888888888 0.06875 0.06388888888888888 0.0625 0.0625 0.06458333333333334 0.06319444444444444 0.0625
0.06458333333333334 0.08194444444444444 0.06458333333333334 0.0763888888888889 0.06319444444444444 0.06458333333333334 0.06458333333333334 0.06527777777777778 0.06875 0.06527777777777778 0.06597222222222222 0.06319444444444444 0.06388888888888888 0.06319444444444444 0.06458333333333334
0.06597222222222222 0.06805555555555555 0.06527777777777778 0.06527777777777778 0.06597222222222222 0.06597222222222222 0.06666666666666667 0.06458333333333334 0.06944444444444445 0.06527777777777778 0.06944444444444445 0.06736111111111111 0.06875 0.06736111111111111 0.06458333333333334
0.06601307189542469 0.06274509803921556 0.06535947712418287 0.06732026143790837 0.06732026143790835 0.0660130718954247 0.06928104575163385 0.06928104575163385 0.06470588235294103 0.06797385620915018 0.06601307189542469 0.06339869281045739 0.07124183006535936 0.06470588235294103 0.06862745098039204
0.07407407407407397 0.05679012345679001 0.05740740740740729 0.05679012345679001 0.07592592592592583 0.10123456790123439 0.05679012345679001 0.05617283950617273 0.058641975308641854 0.05555555555555545 0.10370370370370353 0.06543209876543198 0.06666666666666654 0.058024691358024585 0.05679012345679001
0.06875 0.06527777777777778 0.07361111111111111 0.06805555555555555 0.06458333333333334 0.06319444444444444 0.06736111111111111 0.06319444444444444 0.06736111111111111 0.06597222222222222 0.06805555555555555 0.06805555555555555 0.06666666666666667 0.06597222222222222 0.06388888888888888
0.06805555555555555 0.06944444444444445 0.06527777777777778 0.06597222222222222 0.06666666666666667 0.06388888888888888 0.07152777777777777 0.06527777777777778 0.06458333333333334 0.06388888888888888 0.06805555555555555 0.06875 0.06805555555555555 0.06527777777777778 0.06527777777777778
0.06666666666666653 0.06666666666666653 0.06405228758169922 0.062091503267973726 0.0660130718954247 0.06339869281045737 0.06470588235294104 0.10718954248365994 0.06339869281045737 0.05882352941176457 0.06274509803921556 0.06405228758169923 0.06601307189542471 0.061437908496731884 0.06274509803921555
0.0625 0.0625 0.06388888888888888 0.06388888888888888 0.06388888888888888 0.06527777777777778 0.11458333333333333 0.0625 0.06319444444444444 0.0625 0.06388888888888888 0.0625 0.06319444444444444 0.06319444444444444 0.0625
0.07222222222222222 0.06597222222222222 0.06736111111111111 0.06527777777777778 0.06944444444444445 0.06597222222222222 0.06666666666666667 0.06666666666666667 0.06319444444444444 0.06319444444444444 0.07152777777777777 0.06875 0.06388888888888888 0.06597222222222222 0.06388888888888888
0.0705882352941175 0.0594771241830064 0.06013071895424824 0.06013071895424824 0.06601307189542469 0.06078431372549008 0.06535947712418286 0.06078431372549007 0.06013071895424823 0.0614379084967319 0.06078431372549007 0.07777777777777764 0.11176470588235274 0.06078431372549007 0.06405228758169922
0.08692810457516327 0.06209150326797373 0.06535947712418287 0.062091503267973726 0.07647058823529398 0.06339869281045737 0.062091503267973726 0.06797385620915017 0.06274509803921556 0.06013071895424824 0.07712418300653578 0.0660130718954247 0.06666666666666653 0.059477124183006415 0.0614379084967319
0.07777777777777778 0.06319444444444444 0.06388888888888888 0.06388888888888888 0.07430555555555556 0.06666666666666667 0.06388888888888888 0.06527777777777778 0.06388888888888888 0.0625 0.07708333333333334 0.06666666666666667 0.06388888888888888 0.06388888888888888 0.06319444444444444
0.06666666666666667 0.06458333333333334 0.06458333333333334 0.06666666666666667 0.06597222222222222 0.06319444444444444 0.07013888888888889 0.0625 0.06736111111111111 0.06458333333333334 0.06805555555555555 0.06736111111111111 0.0798611111111111 0.06527777777777778 0.06319444444444444
0.06597222222222222 0.06736111111111111 0.06666666666666667 0.06597222222222222 0.06597222222222222 0.06388888888888888 0.06875 0.06319444444444444 0.06458333333333334 0.06319444444444444 0.06527777777777778 0.06666666666666667 0.06597222222222222 0.06388888888888888 0.08263888888888889
0.06342592592592596 0.06111111111111109 0.05740740740740743 0.05601851851851852 0.05879629629629631 0.06435185185185191 0.07777777777777774 0.05370370370370369 0.049074074074074055 0.06250000000000001 0.052777777777777785 0.06203703703703709 0.06481481481481487 0.16018518518518515 0.05601851851851851
0.05802469135802457 0.0679012345679011 0.06234567901234556 0.05802469135802459 0.05740740740740729 0.05617283950617273 0.15987654320987632 0.05617283950617273 0.05555555555555545 0.05617283950617273 0.058024691358024585 0.05679012345679002 0.08148148148148134 0.058641975308641875 0.0574074074074073
0.0660130718954247 0.0771241830065358 0.072549019607843 0.06535947712418289 0.06732026143790838 0.06928104575163385 0.06339869281045739 0.062091503267973726 0.062091503267973726 0.06339869281045739 0.06470588235294104 0.06666666666666653 0.06862745098039202 0.06928104575163385 0.062091503267973726
0.061666666666666585 0.07111111111111101 0.0638888888888888 0.05277777777777769 0.058333333333333244 0.053888888888888806 0.10666666666666655 0.0527777777777777 0.05333333333333324 0.05444444444444436 0.07444444444444434 0.05777777777777769 0.07833333333333323 0.10777777777777767 0.0527777777777777
0.06666666666666667 0.06944444444444445 0.06527777777777778 0.06527777777777778 0.06944444444444445 0.06458333333333334 0.07222222222222222 0.0625 0.0625 0.06458333333333334 0.06527777777777778 0.07152777777777777 0.06666666666666667 0.06805555555555555 0.06597222222222222
0.0672222222222221 0.05277777777777769 0.0805555555555555 0.05277777777777769 0.07333333333333326 0.0538888888888888 0.06944444444444435 0.1555555555555556 0.05611111111111103 0.060555555555555446 0.05333333333333323 0.05555555555555547 0.06055555555555549 0.05444444444444436 0.0538888888888888
0.06481481481481469 0.06049382716049371 0.06666666666666655 0.05925925925925916 0.06234567901234558 0.06358024691358014 0.06728395061728383 0.11481481481481462 0.0604938271604937 0.06851851851851838 0.06172839506172829 0.0648148148148147 0.05925925925925915 0.06358024691358014 0.06234567901234556
0.06049382716049371 0.061728395061728274 0.05925925925925915 0.06419753086419742 0.0648148148148147 0.06172839506172829 0.05802469135802457 0.06172839506172829 0.08580246913580235 0.12160493827160476 0.05864197530864187 0.06419753086419742 0.058024691358024585 0.06111111111111099 0.05864197530864187
0.054106280193236794 0.05362318840579719 0.05458937198067637 0.04879227053140103 0.051207729468599104 0.05169082125603873 0.06280193236714987 0.15603864734299525 0.056521739130434887 0.05748792270531411 0.1154589371980677 0.06811594202898562 0.051690821256038716 0.06666666666666675 0.05120772946859911
0.0625 0.0625 0.0625 0.0625 0.06388888888888888 0.0625 0.0625 0.06319444444444444 0.08472222222222223 0.1 0.0625 0.06319444444444444 0.0625 0.0625 0.0625
0.06862745098039204 0.06862745098039201 0.06666666666666653 0.06405228758169923 0.06732026143790835 0.06339869281045737 0.06797385620915021 0.0614379084967319 0.0640522875816992 0.06209150326797373 0.07254901960784299 0.07385620915032663 0.07189542483660115 0.0614379084967319 0.06601307189542469
0.06797385620915021 0.06209150326797373 0.06274509803921556 0.06470588235294106 0.09411764705882338 0.0614379084967319 0.0653594771241829 0.06535947712418289 0.059477124183006415 0.06339869281045737 0.06274509803921555 0.0830065359477123 0.06535947712418286 0.06013071895424824 0.06209150326797373
0.07013888888888889 0.06458333333333334 0.06458333333333334 0.06944444444444445 0.06805555555555555 0.06458333333333334 0.06875 0.06388888888888888 0.06319444444444444 0.06736111111111111 0.06736111111111111 0.06875 0.06666666666666667 0.06458333333333334 0.06805555555555555
0.06666666666666667 0.06388888888888888 0.07430555555555556 0.06527777777777778 0.06458333333333334 0.0625 0.08125 0.0625 0.06666666666666667 0.06875 0.06388888888888888 0.06458333333333334 0.06666666666666667 0.06388888888888888 0.06458333333333334
0.07450980392156849 0.059477124183006415 0.0614379084967319 0.06535947712418287 0.0679738562091502 0.06274509803921556 0.06470588235294103 0.06797385620915018 0.07058823529411752 0.06405228758169922 0.0640522875816992 0.08562091503267959 0.06797385620915018 0.061437908496731884 0.062091503267973726
0.06875 0.06319444444444444 0.06597222222222222 0.06527777777777778 0.06736111111111111 0.06597222222222222 0.06736111111111111 0.06458333333333334 0.07083333333333333 0.06736111111111111 0.06388888888888888 0.06736111111111111 0.07152777777777777 0.06527777777777778 0.06527777777777778
0.0594771241830064 0.06013071895424824 0.05882352941176457 0.05882352941176457 0.05882352941176457 0.11633986928104552 0.06013071895424823 0.05882352941176457 0.05882352941176457 0.0594771241830064 0.0594771241830064 0.05882352941176457 0.05882352941176457 0.11437908496732001 0.05882352941176457
0.0763888888888889 0.0625 0.0625 0.0625 0.08680555555555555 0.0625 0.0625 0.06527777777777778 0.06388888888888888 0.06319444444444444 0.0625 0.0763888888888889 0.06527777777777778 0.06319444444444444 0.06458333333333334
0.05555555555555545 0.05740740740740729 0.05555555555555545 0.05740740740740729 0.05555555555555545 0.1617283950617282 0.05679012345679001 0.05555555555555545 0.05679012345679002 0.05555555555555545 0.05555555555555545 0.0574074074074073 0.05555555555555545 0.10802469135802449 0.05555555555555545
0.06535947712418287 0.06601307189542471 0.06470588235294104 0.06405228758169922 0.07320261437908483 0.0699346405228757 0.0856209150326796 0.0640522875816992 0.06535947712418286 0.06470588235294104 0.061437908496731884 0.06601307189542471 0.06470588235294104 0.06339869281045737 0.061437908496731905
0.06666666666666653 0.06049382716049371 0.16666666666666644 0.05925925925925914 0.05987654320987642 0.05679012345679001 0.05802469135802457 0.05925925925925914 0.05740740740740729 0.061111111111110984 0.058641975308641854 0.06049382716049371 0.06049382716049372 0.05802469135802457 0.05679012345679001
0.06732026143790835 0.061437908496731884 0.0614379084967319 0.06732026143790835 0.0660130718954247 0.06732026143790837 0.06797385620915021 0.06732026143790837 0.06405228758169922 0.0660130718954247 0.0679738562091502 0.06535947712418287 0.07516339869281032 0.0679738562091502 0.06732026143790835
0.09607843137254896 0.05882352941176457 0.06013071895424824 0.0594771241830064 0.09411764705882339 0.059477124183006415 0.05882352941176457 0.060784313725490056 0.06013071895424824 0.05882352941176457 0.07581699346405213 0.06732026143790838 0.0699346405228757 0.06013071895424824 0.06013071895424823
0.05882352941176457 0.0594771241830064 0.11633986928104553 0.06013071895424823 0.06013071895424823 0.0594771241830064 0.06013071895424823 0.06013071895424824 0.05882352941176457 0.06013071895424823 0.0614379084967319 0.06013071895424824 0.0594771241830064 0.0594771241830064 0.10588235294117625
0.06666666666666667 0.06458333333333334 0.0625 0.06458333333333334 0.06388888888888888 0.06458333333333334 0.06388888888888888 0.06319444444444444 0.06319444444444444 0.06458333333333334 0.06319444444444444 0.06597222222222222 0.06319444444444444 0.0625 0.10347222222222222
0.061111111111111005 0.06049382716049371 0.08271604938271593 0.1209876543209875 0.06604938271604928 0.05925925925925915 0.06111111111111101 0.06049382716049371 0.05987654320987642 0.05617283950617273 0.061728395061728274 0.06234567901234556 0.06604938271604928 0.06296296296296285 0.058641975308641854
0.05679012345679001 0.10061728395061714 0.09074074074074065 0.05555555555555545 0.05555555555555545 0.05679012345679001 0.06172839506172829 0.1074074074074072 0.05617283950617273 0.05555555555555545 0.05617283950617273 0.05740740740740729 0.07716049382716035 0.05679012345679001 0.05555555555555545
0.06597222222222222 0.06458333333333334 0.06388888888888888 0.06666666666666667 0.06944444444444445 0.06597222222222222 0.06666666666666667 0.06597222222222222 0.06597222222222222 0.06527777777777778 0.07291666666666667 0.06944444444444445 0.06805555555555555 0.06388888888888888 0.06527777777777778
0.07320261437908482 0.05882352941176457 0.0594771241830064 0.061437908496731884 0.06666666666666651 0.0594771241830064 0.06535947712418287 0.05882352941176457 0.08169934640522859 0.09281045751633969 0.0594771241830064 0.08300653594771228 0.0614379084967319 0.0594771241830064 0.05882352941176457
0.08954248366013054 0.05882352941176457 0.059477124183006415 0.059477124183006415 0.09673202614379066 0.0633986928104574 0.0594771241830064 0.07581699346405214 0.06013071895424824 0.059477124183006415 0.05882352941176457 0.06535947712418286 0.07320261437908483 0.05882352941176457 0.0614379084967319
0.05617283950617273 0.05617283950617273 0.05555555555555545 0.05617283950617273 0.05679012345679001 0.20308641975308614 0.05925925925925914 0.05617283950617273 0.0574074074074073 0.05925925925925915 0.05679012345679001 0.05679012345679001 0.05740740740740729 0.05679012345679001 0.05617283950617273
0.06111111111111099 0.058024691358024585 0.059876543209876426 0.06049382716049371 0.06604938271604925 0.07654320987654309 0.11543209876543192 0.05864197530864187 0.06049382716049371 0.0876543209876542 0.06049382716049371 0.059876543209876426 0.05925925925925914 0.05802469135802457 0.058024691358024585
0.07017543859649111 0.0543859649122807 0.05380116959064327 0.05438596491228069 0.06549707602339183 0.1555555555555554 0.0771929824561404 0.06432748538011696 0.05438596491228072 0.07660818713450296 0.05555555555555554 0.05555555555555554 0.0543859649122807 0.05380116959064327 0.05438596491228071
0.0574074074074073 0.05740740740740729 0.05925925925925915 0.05679012345679001 0.05555555555555545 0.08518518518518504 0.05802469135802457 0.05617283950617273 0.07901234567901222 0.09259259259259248 0.05740740740740729 0.05925925925925915 0.05679012345679002 0.05864197530864187 0.11049382716049364
0.05438596491228069 0.05497076023391813 0.0543859649122807 0.05380116959064327 0.054970760233918115 0.0695906432748537 0.05497076023391814 0.05321637426900585 0.11286549707602327 0.16608187134502933 0.05321637426900586 0.05730994152046782 0.05380116959064327 0.05380116959064327 0.052631578947368425
0.0625 0.0625 0.0625 0.0625 0.06319444444444444 0.06875 0.11527777777777778 0.0625 0.06388888888888888 0.0625 0.06388888888888888 0.0625 0.0625 0.0625 0.0625
0.062091503267973726 0.06078431372549007 0.06078431372549007 0.06013071895424824 0.06928104575163387 0.11437908496732004 0.06470588235294103 0.07058823529411751 0.06209150326797373 0.0660130718954247 0.06274509803921556 0.062091503267973726 0.0614379084967319 0.0614379084967319 0.061437908496731884
0.06013071895424823 0.05882352941176457 0.06405228758169922 0.06274509803921555 0.06535947712418287 0.0660130718954247 0.126143790849673 0.0594771241830064 0.0614379084967319 0.06274509803921555 0.062091503267973726 0.06339869281045737 0.06405228758169922 0.06209150326797373 0.0614379084967319
0.052631578947368425 0.05321637426900585 0.052631578947368425 0.052631578947368425 0.053801169590643266 0.07543859649122793 0.05380116959064327 0.052631578947368425 0.08947368421052629 0.14035087719298237 0.05321637426900584 0.056725146198830415 0.0543859649122807 0.054970760233918115 0.104093567251462
0.05679012345679001 0.05679012345679001 0.05555555555555545 0.05617283950617273 0.05679012345679001 0.12962962962962943 0.05555555555555545 0.05617283950617273 0.08271604938271593 0.10864197530864195 0.05555555555555545 0.058641975308641854 0.05679012345679001 0.058024691358024585 0.05617283950617273
0.06111111111111099 0.058641975308641854 0.05679012345679001 0.058641975308641854 0.06049382716049371 0.18333333333333307 0.05679012345679001 0.05679012345679001 0.059876543209876426 0.05740740740740729 0.058024691358024585 0.058024691358024585 0.06172839506172829 0.05679012345679001 0.05555555555555545
0.06470588235294103 0.08235294117647045 0.07320261437908485 0.06405228758169922 0.06666666666666653 0.0594771241830064 0.06274509803921555 0.06078431372549008 0.07320261437908483 0.06405228758169922 0.06078431372549008 0.06862745098039201 0.072549019607843 0.06339869281045739 0.06339869281045739
0.0738888888888888 0.07555555555555546 0.05666666666666658 0.053333333333333253 0.06388888888888881 0.06055555555555548 0.05888888888888881 0.052222222222222135 0.11500000000000003 0.08555555555555547 0.05555555555555547 0.056666666666666594 0.08722222222222216 0.05222222222222213 0.0527777777777777
0.08095238095238083 0.05925925925925918 0.061904761904761844 0.051851851851851774 0.07671957671957672 0.05238095238095232 0.0576719576719576 0.05132275132275125 0.10952380952380947 0.09841269841269834 0.050793650793650724 0.050793650793650724 0.09999999999999992 0.04920634920634913 0.04920634920634914
0.0594771241830064 0.059477124183006415 0.05882352941176457 0.06209150326797373 0.06013071895424823 0.06535947712418287 0.0594771241830064 0.0594771241830064 0.12222222222222211 0.09477124183006524 0.059477124183006415 0.06078431372549007 0.059477124183006415 0.0594771241830064 0.0594771241830064
0.05185185185185184 0.0703703703703704 0.05740740740740739 0.0523148148148148 0.04814814814814815 0.05185185185185182 0.05277777777777778 0.048611111111111084 0.16944444444444437 0.0902777777777778 0.04861111111111111 0.07129629629629637 0.07083333333333339 0.06527777777777778 0.05092592592592592
0.054106280193236794 0.08792270531400977 0.053140096618357564 0.05507246376811604 0.05024154589371989 0.05652173913043486 0.05603864734299527 0.05024154589371988 0.10289855072463772 0.12801932367149751 0.04879227053140103 0.07294685990338173 0.08212560386473439 0.05169082125603873 0.05024154589371989
0.05555555555555548 0.06402116402116394 0.056084656084656 0.05714285714285706 0.058730158730158646 0.05449735449735442 0.05396825396825389 0.05079365079365074 0.11587301587301582 0.13068783068783055 0.057142857142857086 0.06984126984126975 0.05555555555555548 0.06666666666666658 0.053439153439153335
0.0730994152046783 0.06842105263157894 0.06842105263157892 0.060233918128654966 0.06491228070175435 0.06549707602339178 0.06081871345029235 0.06491228070175438 0.059649122807017535 0.0584795321637427 0.07777777777777772 0.09064327485380116 0.06491228070175438 0.05964912280701752 0.0625730994152047
0.06736111111111111 0.06805555555555555 0.06597222222222222 0.06666666666666667 0.07222222222222222 0.06458333333333334 0.06597222222222222 0.06597222222222222 0.06527777777777778 0.06666666666666667 0.06736111111111111 0.06805555555555555 0.06458333333333334 0.06527777777777778 0.06597222222222222
0.0660130718954247 0.07320261437908483 0.07320261437908483 0.06405228758169922 0.06797385620915021 0.06078431372549007 0.060784313725490056 0.06274509803921555 0.07189542483660115 0.0614379084967319 0.06274509803921555 0.07647058823529398 0.062091503267973726 0.0751633986928103 0.0614379084967319
0.07391304347826093 0.057487922705314096 0.05845410628019332 0.05169082125603873 0.08454106280193249 0.06183574879227065 0.057971014492753714 0.04782608695652181 0.06956521739130443 0.11980676328502424 0.05314009661835758 0.09613526570048321 0.05942028985507256 0.05845410628019331 0.049758454106280284
0.05362318840579719 0.04830917874396144 0.04975845410628028 0.05120772946859913 0.0507246376811595 0.04975845410628028 0.05458937198067641 0.04879227053140105 0.04927536231884066 0.052173913043478355 0.050724637681159486 0.06376811594202905 0.23961352657004828 0.05410628019323681 0.08357487922705321
0.06319444444444444 0.06319444444444444 0.06319444444444444 0.08888888888888889 0.06319444444444444 0.0625 0.0625 0.06319444444444444 0.06319444444444444 0.06458333333333334 0.0625 0.06319444444444444 0.0625 0.09097222222222222 0.06319444444444444
0.06245210727969343 0.03984674329501913 0.05249042145593864 0.060153256704980854 0.060536398467432875 0.042145593869731775 0.05095785440613024 0.03754789272030645 0.06973180076628348 0.057471264367816015 0.053256704980842874 0.06206896551724133 0.18582375478927204 0.11609195402298854 0.049425287356321804
0.06339869281045737 0.0614379084967319 0.0640522875816992 0.06274509803921556 0.0679738562091502 0.06732026143790837 0.0679738562091502 0.06274509803921555 0.061437908496731884 0.08954248366013055 0.06339869281045737 0.06339869281045737 0.07124183006535935 0.0660130718954247 0.06732026143790835
0.06049382716049372 0.061111111111110984 0.06604938271604925 0.11481481481481472 0.058641975308641854 0.05555555555555545 0.05925925925925914 0.05864197530864187 0.05864197530864187 0.05987654320987642 0.06358024691358014 0.061728395061728294 0.05679012345679001 0.10740740740740733 0.0574074074074073
0.06209150326797373 0.06078431372549007 0.06405228758169922 0.10457516339869273 0.062091503267973726 0.06078431372549007 0.06013071895424823 0.06013071895424824 0.06013071895424823 0.061437908496731905 0.06013071895424824 0.06013071895424823 0.06274509803921555 0.09999999999999984 0.060784313725490056
0.05999999999999993 0.059999999999999915 0.05833333333333325 0.05722222222222215 0.06222222222222215 0.06888888888888878 0.06277777777777768 0.057222222222222126 0.06111111111111102 0.14944444444444446 0.05999999999999991 0.06666666666666655 0.05833333333333324 0.058888888888888796 0.05888888888888881
0.07569444444444444 0.0625 0.06319444444444444 0.0625 0.075 0.06875 0.0625 0.08680555555555555 0.0625 0.06388888888888888 0.06319444444444444 0.06458333333333334 0.0625 0.0625 0.06388888888888888
0.0625 0.06319444444444444 0.0625 0.0625 0.06388888888888888 0.06319444444444444 0.06388888888888888 0.0625 0.06666666666666667 0.1076388888888889 0.06388888888888888 0.06666666666666667 0.06388888888888888 0.06388888888888888 0.06319444444444444
0.08888888888888885 0.061728395061728274 0.06234567901234556 0.058641975308641854 0.08580246913580233 0.06419753086419742 0.06481481481481469 0.06111111111111099 0.06049382716049371 0.06049382716049371 0.07098765432098754 0.08333333333333325 0.06358024691358014 0.05555555555555545 0.05802469135802457
0.0625 0.0625 0.0625 0.0625 0.06388888888888888 0.0625 0.0625 0.0625 0.08125 0.10486111111111111 0.0625 0.0625 0.0625 0.0625 0.0625
0.06732026143790835 0.06339869281045737 0.07385620915032666 0.06078431372549007 0.06274509803921555 0.060784313725490056 0.07647058823529398 0.06862745098039202 0.06535947712418286 0.062091503267973726 0.06339869281045739 0.07058823529411752 0.06535947712418286 0.062091503267973726 0.07712418300653583
0.07222222222222209 0.059876543209876426 0.06666666666666655 0.06234567901234555 0.07345679012345667 0.06296296296296283 0.07345679012345668 0.061111111111111005 0.06358024691358014 0.059876543209876426 0.06604938271604927 0.0876543209876542 0.06543209876543198 0.06419753086419741 0.06111111111111099
0.07222222222222222 0.06597222222222222 0.07013888888888889 0.06388888888888888 0.06944444444444445 0.06666666666666667 0.06319444444444444 0.0625 0.06458333333333334 0.06458333333333334 0.06458333333333334 0.08125 0.06319444444444444 0.06319444444444444 0.06458333333333334
