0.08771929824561409 0.06491228070175438 0.05789473684210529 0.060818713450292376 0.05380116959064327 0.0543859649122807 0.055555555555555546 0.061988304093567245 0.05438596491228069 0.05789473684210523 0.09707602339181284 0.09999999999999992 0.06900584795321635 0.06608187134502921 0.05847953216374267
0.09181286549707603 0.0654970760233918 0.07368421052631582 0.06374269005847953 0.05730994152046782 0.05555555555555554 0.05438596491228069 0.060233918128654945 0.05614035087719297 0.05614035087719298 0.09883040935672512 0.0871345029239766 0.06432748538011693 0.05614035087719297 0.05906432748538011
0.0625 0.06388888888888888 0.06319444444444444 0.0625 0.06944444444444445 0.0625 0.06388888888888888 0.06319444444444444 0.06527777777777778 0.0625 0.0625 0.10972222222222222 0.0625 0.0625 0.06388888888888888
0.05802469135802457 0.06172839506172829 0.06296296296296285 0.06234567901234558 0.059876543209876426 0.058024691358024585 0.058641975308641854 0.05740740740740729 0.05925925925925915 0.05617283950617273 0.11481481481481465 0.06604938271604925 0.05802469135802457 0.058024691358024585 0.10864197530864181
0.05321637426900585 0.0584795321637427 0.056725146198830394 0.1017543859649123 0.0567251461988304 0.05789473684210525 0.05555555555555554 0.05438596491228069 0.05555555555555554 0.05497076023391813 0.06666666666666662 0.05789473684210525 0.05614035087719297 0.05321637426900585 0.16081871345029217
0.061437908496731905 0.06209150326797373 0.0614379084967319 0.06274509803921556 0.062091503267973726 0.062091503267973726 0.06339869281045739 0.0882352941176469 0.06797385620915018 0.059477124183006415 0.06470588235294104 0.06993464052287568 0.0816993464052286 0.06078431372549007 0.07189542483660116
0.053968253968253874 0.07830687830687824 0.06613756613756606 0.05873015873015863 0.06772486772486762 0.05661375661375651 0.05396825396825389 0.05767195767195762 0.12328042328042316 0.051851851851851774 0.05873015873015867 0.06190476190476183 0.07248677248677239 0.07195767195767187 0.06666666666666661
0.0625 0.0625 0.0625 0.0625 0.06319444444444444 0.0625 0.0625 0.0625 0.11180555555555556 0.0625 0.0625 0.06319444444444444 0.07361111111111111 0.0625 0.06319444444444444
0.05438596491228071 0.06608187134502919 0.0543859649122807 0.05497076023391813 0.055555555555555546 0.052631578947368425 0.05321637426900584 0.05321637426900585 0.10467836257309943 0.05497076023391812 0.06257309941520466 0.06198830409356724 0.06666666666666662 0.11228070175438594 0.09239766081871345
0.052962962962962955 0.04407407407407406 0.048148148148148155 0.038888888888888896 0.10333333333333335 0.03592592592592592 0.03518518518518517 0.03740740740740741 0.3574074074074074 0.034814814814814805 0.039629629629629605 0.04444444444444445 0.04259259259259257 0.040370370370370376 0.044814814814814835
0.05497076023391812 0.07076023391812866 0.060233918128654945 0.06608187134502923 0.0567251461988304 0.06491228070175434 0.05789473684210523 0.08538011695906436 0.09649122807017542 0.05614035087719299 0.06023391812865497 0.06783625730994149 0.07836257309941515 0.055555555555555566 0.06842105263157894
0.06084656084656076 0.057671957671957604 0.05449735449735442 0.055555555555555476 0.051851851851851774 0.050793650793650724 0.05185185185185179 0.07089947089947082 0.16031746031746014 0.048677248677248604 0.09100529100529092 0.05502645502645494 0.08306878306878294 0.048677248677248604 0.059259259259259164
0.045454545454545435 0.04646464646464645 0.1161616161616162 0.04595959595959594 0.15252525252525256 0.04595959595959594 0.04646464646464645 0.17676767676767666 0.04646464646464645 0.04696969696969696 0.04595959595959594 0.04595959595959594 0.04696969696969696 0.04646464646464645 0.045454545454545435
0.061728395061728274 0.0728395061728394 0.06111111111111099 0.11790123456790111 0.06049382716049372 0.061728395061728274 0.05864197530864187 0.06111111111111101 0.0648148148148147 0.05740740740740729 0.06481481481481469 0.07098765432098753 0.06234567901234555 0.059876543209876426 0.06419753086419741
0.052380952380952306 0.05502645502645495 0.05343915343915337 0.0539682539682539 0.05343915343915335 0.05238095238095231 0.04920634920634913 0.15978835978835956 0.05132275132275124 0.04920634920634914 0.09206349206349197 0.07883597883597881 0.05132275132275125 0.06455026455026448 0.083068783068783
0.0625 0.0625 0.0625 0.0625 0.0625 0.0625 0.0875 0.1 0.0625 0.0625 0.0625 0.0625 0.0625 0.0625 0.0625
0.05882352941176457 0.06078431372549007 0.06274509803921555 0.0614379084967319 0.05882352941176457 0.06078431372549007 0.11372549019607821 0.06078431372549007 0.0614379084967319 0.0594771241830064 0.0614379084967319 0.09607843137254883 0.0614379084967319 0.060784313725490056 0.0614379084967319
0.05166666666666658 0.05888888888888879 0.19555555555555557 0.05666666666666658 0.05777777777777769 0.059999999999999915 0.05277777777777769 0.05444444444444436 0.05777777777777768 0.053888888888888806 0.06666666666666658 0.05833333333333324 0.05888888888888881 0.05722222222222214 0.05944444444444436
0.06319444444444444 0.06805555555555555 0.0625 0.06458333333333334 0.08541666666666667 0.06388888888888888 0.06388888888888888 0.06319444444444444 0.07152777777777777 0.06666666666666667 0.06527777777777778 0.07222222222222222 0.06319444444444444 0.06319444444444444 0.06319444444444444
0.0625 0.09513888888888888 0.06388888888888888 0.06319444444444444 0.06458333333333334 0.0625 0.06319444444444444 0.0625 0.06666666666666667 0.06319444444444444 0.06458333333333334 0.06875 0.06666666666666667 0.06388888888888888 0.06875
0.0468599033816426 0.08599033816425133 0.09082125603864746 0.062318840579710225 0.15942028985507248 0.062318840579710245 0.045893719806763364 0.04541062801932375 0.05169082125603874 0.044444444444444516 0.053140096618357585 0.09710144927536225 0.055555555555555636 0.047826086956521824 0.051207729468599125
0.052631578947368425 0.053801169590643266 0.16023391812865473 0.052631578947368425 0.09766081871345032 0.052631578947368425 0.05380116959064327 0.10292397660818715 0.05321637426900585 0.05321637426900585 0.0543859649122807 0.05321637426900584 0.05321637426900586 0.052631578947368425 0.05380116959064327
0.04492753623188414 0.04975845410628028 0.0946859903381644 0.04830917874396144 0.2743961352657004 0.044444444444444516 0.04396135265700491 0.04492753623188414 0.05072463768115951 0.045893719806763364 0.05362318840579719 0.045893719806763364 0.053140096618357544 0.05458937198067641 0.05072463768115951
0.06458333333333334 0.06805555555555555 0.06666666666666667 0.06597222222222222 0.06388888888888888 0.06527777777777778 0.06458333333333334 0.06319444444444444 0.07083333333333333 0.06527777777777778 0.07083333333333333 0.06875 0.06527777777777778 0.07222222222222222 0.06458333333333334
0.0625 0.06319444444444444 0.0625 0.06319444444444444 0.0625 0.0625 0.0625 0.0625 0.12083333333333333 0.0625 0.0625 0.06319444444444444 0.06388888888888888 0.0625 0.06319444444444444
0.0640522875816992 0.06535947712418287 0.06339869281045739 0.06078431372549007 0.09019607843137241 0.0614379084967319 0.06274509803921555 0.06405228758169922 0.08758169934640506 0.062091503267973726 0.0640522875816992 0.06209150326797373 0.0640522875816992 0.06470588235294104 0.06339869281045737
0.0527777777777777 0.05722222222222215 0.0577777777777777 0.05888888888888881 0.17111111111111113 0.07388888888888875 0.05444444444444437 0.052222222222222135 0.06666666666666657 0.06722222222222216 0.0538888888888888 0.0538888888888888 0.06055555555555547 0.05833333333333322 0.06111111111111101
0.09753086419753068 0.07716049382716036 0.05925925925925915 0.05864197530864187 0.05617283950617273 0.05802469135802457 0.05679012345679001 0.05740740740740729 0.09876543209876527 0.05679012345679001 0.062345679012345556 0.06604938271604925 0.0722222222222221 0.05679012345679001 0.06604938271604925
0.053801169590643266 0.05614035087719296 0.05730994152046782 0.07076023391812865 0.060233918128654945 0.057309941520467825 0.05555555555555554 0.05380116959064329 0.1853801169590643 0.05380116959064327 0.06783625730994146 0.05730994152046782 0.060233918128654945 0.05497076023391814 0.05555555555555554
0.0527777777777777 0.08444444444444436 0.05222222222222213 0.09499999999999989 0.05555555555555547 0.055555555555555455 0.0527777777777777 0.05222222222222214 0.058333333333333244 0.05277777777777769 0.09666666666666655 0.0627777777777777 0.11333333333333323 0.05555555555555547 0.05999999999999991
0.05679012345679002 0.059876543209876426 0.06234567901234558 0.11728395061728375 0.06296296296296283 0.061111111111111005 0.05555555555555545 0.058024691358024585 0.08148148148148136 0.05679012345679001 0.08148148148148134 0.06419753086419741 0.061111111111111005 0.05617283950617273 0.0648148148148147
0.061538461538461466 0.07478632478632477 0.059401709401709336 0.17008547008546998 0.053846153846153814 0.05811965811965803 0.04829059829059824 0.04273504273504268 0.08290598290598285 0.04871794871794867 0.060683760683760635 0.05641025641025635 0.06965811965811959 0.04658119658119653 0.06623931623931616
0.04973544973544967 0.05873015873015864 0.05238095238095231 0.05291005291005284 0.05079365079365071 0.050264550264550185 0.04867724867724861 0.05343915343915335 0.05396825396825389 0.04867724867724861 0.06402116402116394 0.06560846560846555 0.05396825396825389 0.20158730158730123 0.09523809523809522
0.08888888888888895 0.07719298245614031 0.06257309941520466 0.05906432748538011 0.05964912280701752 0.060233918128654966 0.05789473684210523 0.0590643274853801 0.06140350877192979 0.059064327485380125 0.06725146198830402 0.05789473684210523 0.0590643274853801 0.11052631578947365 0.06023391812865494
0.06013071895424824 0.06666666666666653 0.061437908496731905 0.095424836601307 0.07189542483660115 0.06078431372549007 0.06013071895424823 0.061437908496731884 0.06274509803921555 0.05882352941176457 0.06274509803921557 0.08758169934640507 0.0640522875816992 0.06209150326797371 0.06405228758169922
0.04797979797979797 0.09747474747474766 0.04848484848484849 0.052020202020202036 0.05909090909090915 0.12272727272727278 0.047474747474747475 0.0494949494949495 0.056060606060606095 0.04747474747474746 0.052020202020202036 0.05101010101010104 0.10959595959595965 0.10757575757575769 0.05151515151515153
0.05679012345679001 0.0753086419753085 0.05925925925925914 0.06172839506172829 0.05925925925925915 0.11296296296296278 0.06172839506172829 0.06049382716049372 0.06419753086419741 0.05802469135802457 0.06358024691358014 0.06543209876543199 0.07654320987654312 0.06296296296296283 0.061728395061728274
0.0625 0.06458333333333334 0.06319444444444444 0.06458333333333334 0.0625 0.0625 0.0625 0.0625 0.0625 0.0625 0.06319444444444444 0.06319444444444444 0.0625 0.11875 0.0625
0.052631578947368425 0.05614035087719299 0.057309941520467825 0.10643274853801168 0.05438596491228069 0.056725146198830415 0.06608187134502923 0.14912280701754363 0.05497076023391812 0.061403508771929786 0.056140350877193 0.05321637426900584 0.05847953216374269 0.05614035087719298 0.06081871345029234
0.05679012345679002 0.0574074074074073 0.058024691358024585 0.05864197530864187 0.11604938271604917 0.05617283950617273 0.05617283950617273 0.05555555555555545 0.09999999999999984 0.05617283950617273 0.05740740740740729 0.058024691358024585 0.09629629629629613 0.0574074074074073 0.059876543209876426
0.06388888888888888 0.06805555555555555 0.06527777777777778 0.06527777777777778 0.06319444444444444 0.06597222222222222 0.06527777777777778 0.06388888888888888 0.06666666666666667 0.06388888888888888 0.06944444444444445 0.07152777777777777 0.0763888888888889 0.06458333333333334 0.06666666666666667
0.06319444444444444 0.06597222222222222 0.06597222222222222 0.06736111111111111 0.06666666666666667 0.06458333333333334 0.06458333333333334 0.06666666666666667 0.06944444444444445 0.0625 0.06944444444444445 0.07083333333333333 0.07222222222222222 0.06388888888888888 0.06666666666666667
0.059477124183006415 0.08627450980392141 0.0594771241830064 0.0614379084967319 0.06274509803921555 0.062091503267973726 0.06013071895424824 0.059477124183006415 0.08954248366013058 0.06013071895424824 0.06405228758169922 0.06078431372549007 0.0836601307189541 0.0594771241830064 0.07124183006535935
0.05555555555555545 0.05555555555555545 0.05740740740740729 0.05617283950617273 0.0604938271604937 0.05555555555555545 0.14691358024691337 0.07839506172839492 0.05740740740740729 0.05555555555555545 0.05679012345679001 0.09382716049382703 0.05555555555555545 0.05679012345679001 0.058024691358024585
0.05617283950617273 0.05555555555555545 0.2148148148148145 0.05617283950617273 0.05555555555555545 0.05555555555555545 0.05555555555555545 0.05617283950617273 0.059876543209876426 0.05555555555555545 0.05555555555555545 0.05555555555555545 0.05555555555555545 0.05617283950617273 0.05617283950617273
0.05617283950617273 0.06234567901234556 0.1043209876543208 0.0679012345679011 0.06111111111111099 0.05679012345679001 0.08641975308641961 0.08456790123456778 0.06481481481481469 0.05679012345679001 0.061111111111111005 0.06296296296296287 0.05864197530864187 0.058024691358024585 0.05802469135802457
0.05166666666666658 0.058333333333333244 0.06111111111111103 0.05777777777777771 0.06444444444444435 0.05277777777777769 0.09888888888888889 0.10888888888888888 0.05277777777777769 0.05111111111111103 0.09444444444444433 0.0538888888888888 0.086111111111111 0.05166666666666657 0.05611111111111103
0.055555555555555546 0.06081871345029239 0.0614035087719298 0.05906432748538011 0.05672514619883037 0.1146198830409356 0.08362573099415206 0.08947368421052632 0.05614035087719296 0.057309941520467825 0.05906432748538007 0.06198830409356722 0.0643274853801169 0.05672514619883042 0.06315789473684208
0.05111111111111102 0.05166666666666658 0.15555555555555559 0.050555555555555465 0.058888888888888775 0.0527777777777777 0.07722222222222211 0.07444444444444431 0.05611111111111102 0.05111111111111103 0.07499999999999994 0.0872222222222221 0.05444444444444436 0.05166666666666658 0.052222222222222135
0.05166666666666658 0.053333333333333253 0.15055555555555564 0.05333333333333324 0.050555555555555465 0.10166666666666653 0.07499999999999989 0.07888888888888877 0.052222222222222135 0.052222222222222135 0.07666666666666663 0.050555555555555465 0.05055555555555547 0.050555555555555465 0.05222222222222214
0.3536231884057974 0.045893719806763364 0.045893719806763364 0.04782608695652181 0.04444444444444452 0.04637681159420297 0.047826086956521824 0.044444444444444516 0.04444444444444452 0.04589371980676337 0.04541062801932375 0.047826086956521824 0.04637681159420299 0.045893719806763364 0.0478260869565218
0.2611111111111111 0.05444444444444436 0.0538888888888888 0.055555555555555476 0.05166666666666658 0.05111111111111103 0.05277777777777769 0.052222222222222135 0.053333333333333253 0.05055555555555547 0.05222222222222214 0.05222222222222214 0.05444444444444435 0.05055555555555547 0.053888888888888806
0.13398692810457494 0.06274509803921555 0.0594771241830064 0.06470588235294104 0.0640522875816992 0.06078431372549007 0.06078431372549007 0.061437908496731884 0.06274509803921555 0.059477124183006415 0.0660130718954247 0.0614379084967319 0.06013071895424824 0.06078431372549007 0.0614379084967319
0.2927536231884059 0.05603864734299523 0.046859903381642594 0.05314009661835758 0.047826086956521824 0.04975845410628028 0.046376811594202975 0.04975845410628028 0.0497584541062803 0.045893719806763364 0.04879227053140105 0.06038647342995177 0.0507246376811595 0.05024154589371989 0.05169082125603874
0.060784313725490056 0.06601307189542469 0.0614379084967319 0.060784313725490056 0.06274509803921555 0.0771241830065358 0.0640522875816992 0.11437908496732004 0.06013071895424823 0.06078431372549007 0.06274509803921556 0.06078431372549007 0.06666666666666654 0.06013071895424824 0.0614379084967319
0.04999999999999991 0.0538888888888888 0.050555555555555465 0.05222222222222214 0.05166666666666658 0.053333333333333253 0.0772222222222221 0.22777777777777775 0.05222222222222213 0.0688888888888888 0.052222222222222135 0.053888888888888806 0.05166666666666658 0.05111111111111103 0.05333333333333324
0.06319444444444444 0.06736111111111111 0.06666666666666667 0.06736111111111111 0.0625 0.0625 0.06319444444444444 0.06875 0.06527777777777778 0.06319444444444444 0.06666666666666667 0.08958333333333333 0.06597222222222222 0.06319444444444444 0.06458333333333334
0.06013071895424824 0.06862745098039201 0.06470588235294104 0.07581699346405214 0.06274509803921555 0.06013071895424824 0.061437908496731905 0.06666666666666651 0.06078431372549007 0.059477124183006415 0.06535947712418286 0.09803921568627434 0.06535947712418289 0.0640522875816992 0.06666666666666654
0.0625 0.075 0.07013888888888889 0.06458333333333334 0.06458333333333334 0.06875 0.06319444444444444 0.06319444444444444 0.0625 0.06388888888888888 0.06666666666666667 0.08194444444444444 0.06597222222222222 0.0625 0.06458333333333334
0.0625 0.0625 0.0625 0.11944444444444445 0.06319444444444444 0.0625 0.0625 0.0625 0.06319444444444444 0.0625 0.0625 0.06319444444444444 0.0625 0.06388888888888888 0.06458333333333334
0.0625 0.06319444444444444 0.0625 0.0625 0.0625 0.08402777777777778 0.0625 0.0625 0.0625 0.10069444444444445 0.06319444444444444 0.0625 0.06388888888888888 0.0625 0.0625
0.0625 0.06388888888888888 0.0625 0.0625 0.06319444444444444 0.08125 0.0625 0.06388888888888888 0.06319444444444444 0.1 0.0625 0.06388888888888888 0.0625 0.06319444444444444 0.0625
0.05026455026455019 0.05925925925925918 0.05608465608465602 0.056084656084655994 0.06296296296296289 0.07936507936507932 0.051851851851851774 0.050264550264550185 0.05661375661375651 0.2031746031746029 0.061904761904761824 0.055555555555555455 0.05449735449735441 0.050793650793650724 0.05132275132275125
0.04696969696969696 0.053535353535353554 0.05151515151515152 0.052525252525252544 0.07828282828282832 0.062121212121212216 0.048989898989899 0.05000000000000002 0.07626262626262634 0.1994949494949494 0.06414141414141417 0.0545454545454546 0.055555555555555594 0.05000000000000001 0.0560606060606061
0.055555555555555546 0.06140350877192975 0.057309941520467846 0.055555555555555566 0.09181286549707603 0.08479532163742684 0.05847953216374267 0.055555555555555546 0.058479532163742666 0.12982456140350862 0.05789473684210524 0.0584795321637427 0.05789473684210524 0.05497076023391813 0.06198830409356724
0.048677248677248604 0.06031746031746024 0.05820105820105812 0.055555555555555476 0.05661375661375653 0.14126984126984116 0.05026455026455019 0.053968253968253894 0.0835978835978835 0.052910052910052824 0.10846560846560839 0.061904761904761865 0.061375661375661306 0.05185185185185177 0.05502645502645497
0.05679012345679001 0.05925925925925915 0.05679012345679001 0.05617283950617273 0.11666666666666647 0.07345679012345666 0.05555555555555545 0.05740740740740729 0.05802469135802457 0.09444444444444429 0.05617283950617273 0.06851851851851841 0.0753086419753085 0.05679012345679001 0.05864197530864187
0.0625 0.06319444444444444 0.0625 0.06319444444444444 0.0625 0.0798611111111111 0.0625 0.0625 0.0625 0.10625 0.0625 0.0625 0.0625 0.0625 0.0625
0.05277777777777769 0.0916666666666666 0.053333333333333253 0.05277777777777769 0.05111111111111103 0.06999999999999991 0.05166666666666658 0.05333333333333324 0.05666666666666658 0.18444444444444422 0.05777777777777769 0.06333333333333324 0.05444444444444436 0.05333333333333324 0.05333333333333324
0.04188034188034184 0.04444444444444441 0.04572649572649569 0.041452991452991424 0.06324786324786318 0.1846153846153846 0.04188034188034184 0.04358974358974357 0.06196581196581191 0.16367521367521357 0.08376068376068366 0.04615384615384611 0.04658119658119654 0.04444444444444441 0.046581196581196534
0.06078431372549007 0.0640522875816992 0.062091503267973726 0.062091503267973726 0.07843137254901945 0.08235294117647043 0.0594771241830064 0.06078431372549007 0.06274509803921556 0.10522875816993445 0.06078431372549007 0.059477124183006415 0.0614379084967319 0.06013071895424824 0.06013071895424824
0.06319444444444444 0.06805555555555555 0.06666666666666667 0.06666666666666667 0.07083333333333333 0.06319444444444444 0.06319444444444444 0.06319444444444444 0.06319444444444444 0.06388888888888888 0.06527777777777778 0.08541666666666667 0.06875 0.06319444444444444 0.06527777777777778
0.0625 0.06388888888888888 0.0625 0.11736111111111111 0.06319444444444444 0.0625 0.06319444444444444 0.0625 0.06319444444444444 0.0625 0.06319444444444444 0.06319444444444444 0.06388888888888888 0.0625 0.06388888888888888
0.0625 0.0625 0.0625 0.12152777777777778 0.06319444444444444 0.0625 0.06319444444444444 0.0625 0.0625 0.0625 0.0625 0.06458333333333334 0.0625 0.0625 0.0625
0.0625 0.06388888888888888 0.06319444444444444 0.06319444444444444 0.075 0.0625 0.06527777777777778 0.06875 0.0625 0.06319444444444444 0.08611111111111111 0.06597222222222222 0.0625 0.06458333333333334 0.07083333333333333
0.045893719806763364 0.05507246376811603 0.045410628019323745 0.04975845410628026 0.18695652173913044 0.04830917874396142 0.04589371980676337 0.04492753623188414 0.15265700483091785 0.04589371980676335 0.05555555555555566 0.07632850241545905 0.048792270531401054 0.0473429951690822 0.051207729468599104
0.05882352941176457 0.06339869281045737 0.06013071895424824 0.11503267973856186 0.059477124183006415 0.0594771241830064 0.0594771241830064 0.05882352941176457 0.059477124183006415 0.05882352941176457 0.06013071895424823 0.05882352941176457 0.0594771241830064 0.10849673202614356 0.06013071895424824
0.07345679012345664 0.09074074074074065 0.05925925925925915 0.07222222222222209 0.06604938271604925 0.05925925925925915 0.05679012345679001 0.05679012345679001 0.0641975308641974 0.05679012345679001 0.07469135802469123 0.08209876543209868 0.062345679012345556 0.05864197530864187 0.06666666666666655
0.0543859649122807 0.058479532163742666 0.1701754385964911 0.055555555555555546 0.055555555555555566 0.05380116959064327 0.055555555555555525 0.054970760233918115 0.05614035087719298 0.05380116959064327 0.05789473684210526 0.05614035087719297 0.05789473684210527 0.10350877192982456 0.05614035087719297
0.07152777777777777 0.06388888888888888 0.075 0.06805555555555555 0.07013888888888889 0.06319444444444444 0.06458333333333334 0.06388888888888888 0.06388888888888888 0.06527777777777778 0.06666666666666667 0.06597222222222222 0.06736111111111111 0.06458333333333334 0.06597222222222222
0.05882352941176457 0.0614379084967319 0.0594771241830064 0.10718954248365993 0.0594771241830064 0.059477124183006415 0.05882352941176457 0.06013071895424823 0.059477124183006415 0.05882352941176457 0.059477124183006415 0.06274509803921555 0.06013071895424824 0.11241830065359455 0.06209150326797371
0.05925925925925915 0.061728395061728274 0.0574074074074073 0.06111111111111099 0.059876543209876426 0.1419753086419751 0.05864197530864187 0.05925925925925915 0.062345679012345556 0.06975308641975296 0.058641975308641854 0.06172839506172829 0.0648148148148147 0.06049382716049371 0.06296296296296283
0.05740740740740729 0.058641975308641854 0.05740740740740729 0.05925925925925915 0.05864197530864187 0.08456790123456774 0.05617283950617273 0.05802469135802457 0.05679012345679001 0.16111111111111087 0.05802469135802457 0.06111111111111099 0.0574074074074073 0.05679012345679001 0.05864197530864187
0.06328502415458946 0.04879227053140105 0.04830917874396143 0.04879227053140101 0.04927536231884066 0.20289855072463758 0.04589371980676337 0.045893719806763364 0.0473429951690822 0.15362318840579714 0.04927536231884066 0.05265700483091795 0.047826086956521824 0.046859903381642594 0.04927536231884065
0.056725146198830415 0.06257309941520467 0.05730994152046784 0.055555555555555546 0.05964912280701752 0.056725146198830394 0.05497076023391814 0.06666666666666667 0.05730994152046784 0.09824561403508765 0.06257309941520466 0.0678362573099415 0.06023391812865494 0.10233918128654972 0.08128654970760234
0.06736111111111111 0.06597222222222222 0.06527777777777778 0.06527777777777778 0.06597222222222222 0.07777777777777778 0.06736111111111111 0.06736111111111111 0.06388888888888888 0.06736111111111111 0.06458333333333334 0.06527777777777778 0.06527777777777778 0.0625 0.06875
0.053968253968253894 0.06084656084656079 0.05555555555555548 0.07936507936507928 0.05820105820105814 0.055555555555555476 0.06243386243386236 0.10317460317460304 0.0576719576719576 0.05449735449735443 0.06084656084656077 0.05820105820105812 0.08412698412698405 0.09788359788359777 0.05767195767195758
0.05802469135802457 0.059876543209876426 0.1450617283950615 0.06049382716049372 0.058641975308641875 0.05679012345679001 0.06358024691358014 0.05802469135802457 0.0759259259259258 0.05679012345679001 0.06172839506172829 0.06296296296296286 0.059876543209876426 0.05925925925925914 0.06296296296296285
0.06013071895424823 0.0594771241830064 0.14640522875816972 0.06078431372549007 0.06013071895424824 0.06013071895424824 0.06405228758169922 0.0594771241830064 0.0614379084967319 0.06209150326797371 0.0614379084967319 0.06078431372549007 0.0614379084967319 0.060784313725490056 0.0614379084967319
0.05964912280701754 0.06608187134502921 0.0707602339181286 0.06198830409356724 0.06549707602339179 0.06081871345029241 0.05614035087719295 0.05789473684210524 0.07368421052631577 0.055555555555555546 0.11052631578947357 0.06842105263157894 0.06666666666666664 0.05614035087719298 0.07017543859649122
0.20388888888888854 0.05833333333333324 0.0527777777777777 0.06611111111111101 0.05611111111111102 0.055555555555555476 0.052222222222222135 0.054999999999999924 0.05444444444444436 0.054999999999999924 0.05999999999999993 0.06444444444444437 0.057222222222222126 0.052222222222222135 0.056666666666666574
0.31868686868686813 0.05808080808080814 0.04797979797979797 0.04696969696969696 0.04595959595959594 0.04646464646464645 0.04646464646464645 0.04595959595959594 0.04646464646464645 0.04696969696969696 0.048989898989899 0.05151515151515155 0.04898989898989899 0.04646464646464645 0.05404040404040403
0.36313131313131297 0.045454545454545435 0.045454545454545435 0.045454545454545435 0.045454545454545435 0.04595959595959594 0.045454545454545435 0.045454545454545435 0.045454545454545435 0.045454545454545435 0.045454545454545435 0.045454545454545435 0.045454545454545435 0.045454545454545435 0.045454545454545435
0.2094444444444443 0.06555555555555549 0.05499999999999991 0.057222222222222126 0.05944444444444434 0.05833333333333324 0.05166666666666659 0.05444444444444435 0.05333333333333324 0.05444444444444436 0.05777777777777767 0.06111111111111104 0.05277777777777768 0.052222222222222135 0.057222222222222126
0.2424242424242424 0.07676767676767682 0.051010101010101026 0.04797979797979798 0.047474747474747475 0.04797979797979797 0.04696969696969696 0.04949494949494949 0.05000000000000001 0.04646464646464645 0.05101010101010102 0.05353535353535352 0.04696969696969696 0.04797979797979798 0.09393939393939395
0.24611111111111109 0.05555555555555548 0.05444444444444435 0.05277777777777769 0.05611111111111104 0.052222222222222135 0.05333333333333324 0.052222222222222135 0.05722222222222214 0.05166666666666658 0.05444444444444436 0.05111111111111103 0.05722222222222215 0.052222222222222135 0.053333333333333253
0.27731481481481474 0.0726851851851852 0.048611111111111084 0.05046296296296296 0.04861111111111105 0.05925925925925925 0.04722222222222217 0.04861111111111107 0.04768518518518515 0.04675925925925923 0.04629629629629625 0.04999999999999999 0.04907407407407409 0.04629629629629626 0.06111111111111117
0.1248366013071893 0.0633986928104574 0.06013071895424824 0.06470588235294104 0.06535947712418286 0.0594771241830064 0.0614379084967319 0.0594771241830064 0.06013071895424824 0.061437908496731884 0.0660130718954247 0.06797385620915018 0.06535947712418289 0.05882352941176457 0.0614379084967319
0.3349794238683127 0.06090534979423873 0.044444444444444495 0.04691358024691362 0.05061728395061734 0.042798353909465056 0.04156378600823048 0.04279835390946505 0.04650205761316877 0.03991769547325107 0.04567901234567907 0.06172839506172844 0.049794238683127615 0.044855967078189354 0.046502057613168765
0.3616161616161614 0.04595959595959594 0.04595959595959594 0.045454545454545435 0.045454545454545435 0.045454545454545435 0.045454545454545435 0.045454545454545435 0.045454545454545435 0.045454545454545435 0.04646464646464645 0.045454545454545435 0.045454545454545435 0.045454545454545435 0.045454545454545435
0.11358024691358004 0.06296296296296286 0.05802469135802457 0.05864197530864187 0.08456790123456777 0.06851851851851841 0.05679012345679001 0.05740740740740729 0.06481481481481469 0.061728395061728294 0.06296296296296285 0.07160493827160483 0.05925925925925914 0.0604938271604937 0.058641975308641854
0.2510101010101012 0.05202020202020206 0.05353535353535357 0.0494949494949495 0.04797979797979797 0.04646464646464645 0.04595959595959594 0.047474747474747475 0.04797979797979797 0.047474747474747475 0.11515151515151528 0.04848484848484849 0.052020202020202036 0.04595959595959594 0.048989898989899
0.2175438596491229 0.058479532163742666 0.056725146198830394 0.05555555555555555 0.05555555555555554 0.05614035087719297 0.05438596491228071 0.053801169590643266 0.05614035087719297 0.053801169590643266 0.056725146198830394 0.05789473684210522 0.05497076023391812 0.05321637426900585 0.059064327485380125
0.12430555555555556 0.0625 0.0625 0.06319444444444444 0.0625 0.0625 0.0625 0.0625 0.0625 0.0625 0.0625 0.0625 0.0625 0.0625 0.0625
0.12156862745098015 0.06535947712418287 0.06274509803921556 0.0594771241830064 0.0751633986928103 0.06274509803921555 0.0614379084967319 0.06013071895424824 0.062091503267973726 0.06078431372549007 0.062091503267973726 0.062091503267973726 0.06274509803921555 0.05882352941176457 0.06274509803921556
0.20802469135802432 0.05555555555555545 0.05555555555555545 0.05679012345679001 0.05740740740740729 0.05617283950617273 0.05679012345679002 0.05555555555555545 0.05617283950617273 0.05617283950617273 0.05617283950617273 0.05740740740740729 0.05679012345679001 0.05617283950617273 0.05925925925925915
0.09305555555555556 0.06458333333333334 0.06458333333333334 0.06527777777777778 0.06527777777777778 0.06319444444444444 0.06388888888888888 0.06527777777777778 0.06458333333333334 0.06458333333333334 0.06527777777777778 0.06666666666666667 0.06597222222222222 0.06319444444444444 0.06458333333333334
0.14753086419753064 0.061728395061728274 0.06358024691358014 0.061728395061728274 0.06296296296296283 0.05987654320987642 0.0604938271604937 0.058024691358024585 0.06296296296296283 0.0574074074074073 0.05925925925925916 0.06234567901234558 0.061111111111111005 0.059876543209876426 0.061111111111110984
0.1707602339181285 0.060233918128654945 0.05789473684210525 0.07719298245614034 0.05614035087719299 0.0567251461988304 0.05730994152046782 0.05438596491228069 0.05321637426900585 0.05614035087719296 0.060233918128654945 0.061988304093567245 0.0590643274853801 0.05497076023391812 0.06374269005847952
0.32777777777777733 0.045454545454545435 0.04696969696969696 0.04595959595959594 0.04595959595959594 0.04595959595959594 0.04595959595959594 0.045454545454545435 0.04595959595959594 0.04696969696969696 0.045454545454545435 0.07424242424242428 0.04595959595959594 0.045454545454545435 0.04646464646464645
0.0594771241830064 0.060784313725490056 0.0594771241830064 0.06013071895424823 0.05882352941176457 0.0594771241830064 0.06078431372549007 0.05882352941176457 0.0594771241830064 0.05882352941176457 0.06078431372549007 0.06013071895424824 0.06013071895424824 0.16274509803921544 0.06013071895424824
0.06013071895424824 0.0614379084967319 0.06470588235294104 0.06797385620915018 0.062091503267973726 0.06078431372549007 0.0614379084967319 0.06405228758169922 0.1228758169934638 0.059477124183006415 0.06078431372549008 0.06274509803921556 0.06666666666666653 0.0594771241830064 0.06535947712418286
0.06319444444444444 0.06388888888888888 0.0625 0.06458333333333334 0.0625 0.0625 0.0625 0.0625 0.0625 0.0625 0.06388888888888888 0.0625 0.06319444444444444 0.11875 0.0625
0.06319444444444444 0.07569444444444444 0.06527777777777778 0.06527777777777778 0.06319444444444444 0.06597222222222222 0.06388888888888888 0.06319444444444444 0.07222222222222222 0.06388888888888888 0.06666666666666667 0.06805555555555555 0.07361111111111111 0.06597222222222222 0.06388888888888888
0.05882352941176457 0.05882352941176457 0.059477124183006415 0.05882352941176457 0.05882352941176457 0.05882352941176457 0.15620915032679714 0.0771241830065358 0.05882352941176457 0.05882352941176457 0.05882352941176457 0.06013071895424823 0.05882352941176457 0.05882352941176457 0.05882352941176457
0.0625 0.07361111111111111 0.06527777777777778 0.06388888888888888 0.06388888888888888 0.06666666666666667 0.06458333333333334 0.0625 0.06944444444444445 0.06319444444444444 0.06666666666666667 0.07013888888888889 0.07777777777777778 0.06388888888888888 0.06597222222222222
0.0590643274853801 0.0608187134502924 0.05906432748538009 0.05964912280701752 0.058479532163742666 0.15146198830409346 0.059649122807017535 0.0567251461988304 0.0730994152046783 0.05789473684210525 0.07309941520467837 0.059064327485380125 0.05847953216374269 0.053801169590643266 0.059649122807017514
0.055050505050505086 0.05808080808080812 0.05454545454545458 0.06515151515151521 0.053030303030303066 0.13434343434343446 0.05151515151515154 0.0853535353535354 0.058585858585858616 0.07525252525252527 0.05959595959595963 0.06212121212121218 0.07727272727272734 0.05000000000000001 0.06010101010101017
0.05789473684210525 0.06666666666666662 0.06491228070175437 0.06081871345029234 0.06081871345029235 0.09415204678362572 0.059649122807017535 0.06432748538011696 0.06140350877192982 0.09415204678362576 0.06432748538011693 0.0631578947368421 0.06491228070175431 0.05906432748538009 0.0637426900584795
0.05882352941176457 0.07712418300653581 0.06013071895424824 0.0594771241830064 0.05882352941176457 0.05882352941176457 0.05882352941176457 0.08692810457516323 0.05882352941176457 0.0594771241830064 0.06013071895424823 0.05882352941176457 0.12287581699346387 0.0594771241830064 0.0614379084967319
0.06736111111111111 0.06319444444444444 0.0625 0.0625 0.06319444444444444 0.06319444444444444 0.06319444444444444 0.06319444444444444 0.0625 0.06319444444444444 0.0625 0.11527777777777778 0.0625 0.0625 0.06319444444444444
0.05499999999999991 0.061666666666666585 0.06499999999999992 0.05888888888888879 0.06222222222222213 0.12666666666666665 0.05555555555555547 0.053333333333333253 0.07333333333333321 0.08444444444444434 0.07333333333333325 0.058888888888888796 0.05499999999999991 0.053888888888888806 0.06277777777777768
0.06078431372549007 0.08039215686274494 0.06013071895424823 0.06078431372549007 0.05882352941176457 0.07385620915032665 0.06078431372549007 0.06078431372549007 0.0594771241830064 0.10196078431372528 0.06470588235294103 0.06928104575163387 0.0614379084967319 0.05882352941176457 0.06797385620915017
0.05555555555555545 0.05987654320987644 0.05679012345679001 0.05679012345679001 0.06049382716049371 0.07407407407407396 0.05740740740740729 0.06049382716049371 0.06049382716049372 0.15740740740740716 0.06296296296296285 0.05925925925925915 0.06234567901234556 0.058024691358024585 0.05802469135802457
0.0625 0.0625 0.0625 0.0625 0.0625 0.06805555555555555 0.0625 0.0625 0.0625 0.11805555555555555 0.06319444444444444 0.0625 0.0625 0.0625 0.06319444444444444
0.05380116959064327 0.0631578947368421 0.0614035087719298 0.05789473684210523 0.09883040935672512 0.1040935672514619 0.058479532163742666 0.05614035087719298 0.0590643274853801 0.09239766081871346 0.06608187134502921 0.05614035087719297 0.057309941520467825 0.05672514619883037 0.058479532163742645
0.04848484848484848 0.056060606060606116 0.04848484848484848 0.05000000000000002 0.06919191919191924 0.11868686868686869 0.05353535353535357 0.048989898989899 0.057070707070707105 0.1878787878787878 0.054040404040404076 0.05101010101010101 0.05555555555555559 0.04848484848484847 0.05252525252525256
0.05555555555555555 0.05964912280701754 0.05555555555555555 0.05847953216374269 0.057309941520467825 0.1824561403508772 0.055555555555555566 0.05438596491228069 0.05906432748538011 0.07660818713450294 0.057309941520467846 0.060233918128654966 0.05555555555555555 0.05438596491228069 0.05789473684210524
0.06666666666666655 0.05987654320987644 0.05987654320987642 0.05987654320987644 0.09629629629629613 0.11234567901234546 0.059876543209876426 0.06358024691358014 0.05987654320987644 0.05802469135802457 0.059876543209876426 0.06049382716049372 0.06172839506172829 0.06049382716049371 0.06111111111111099
0.062091503267973726 0.0614379084967319 0.06405228758169923 0.06274509803921555 0.06470588235294103 0.07973856209150312 0.06013071895424824 0.06535947712418286 0.06274509803921556 0.10392156862745079 0.06209150326797373 0.0660130718954247 0.06470588235294107 0.06078431372549007 0.059477124183006415
0.053439153439153356 0.05661375661375654 0.05925925925925918 0.053439153439153356 0.05502645502645496 0.06560846560846552 0.051851851851851774 0.10529100529100517 0.053439153439153377 0.10158730158730146 0.0629629629629629 0.0846560846560846 0.06931216931216927 0.05238095238095231 0.07513227513227508
0.0594771241830064 0.06078431372549007 0.059477124183006415 0.06013071895424823 0.06013071895424824 0.13267973856209134 0.059477124183006415 0.0594771241830064 0.060784313725490056 0.09084967320261418 0.05882352941176457 0.05882352941176457 0.06013071895424823 0.059477124183006415 0.059477124183006415
0.06797385620915021 0.0614379084967319 0.06274509803921555 0.0614379084967319 0.06535947712418286 0.11960784313725466 0.06078431372549007 0.06405228758169922 0.06078431372549008 0.06209150326797371 0.06405228758169922 0.06470588235294103 0.061437908496731884 0.06078431372549007 0.06274509803921556
0.055555555555555546 0.058479532163742666 0.056725146198830394 0.05614035087719298 0.05847953216374267 0.17836257309941514 0.05614035087719296 0.05614035087719297 0.055555555555555546 0.07660818713450288 0.061403508771929814 0.060818713450292376 0.05438596491228069 0.05847953216374267 0.0567251461988304
0.0625 0.0625 0.0625 0.06319444444444444 0.06319444444444444 0.07777777777777778 0.06319444444444444 0.0625 0.0625 0.1076388888888889 0.0625 0.0625 0.0625 0.0625 0.0625
0.06319444444444444 0.06458333333333334 0.06458333333333334 0.06666666666666667 0.06388888888888888 0.07847222222222222 0.06319444444444444 0.0625 0.06388888888888888 0.08819444444444445 0.06527777777777778 0.06388888888888888 0.06319444444444444 0.06527777777777778 0.06319444444444444
0.05132275132275125 0.05185185185185179 0.05291005291005283 0.05132275132275124 0.05343915343915337 0.11904761904761894 0.05132275132275125 0.051851851851851774 0.05502645502645494 0.12116402116402104 0.05185185185185179 0.13386243386243374 0.0539682539682539 0.04920634920634914 0.051851851851851774
0.06458333333333334 0.06805555555555555 0.06319444444444444 0.06805555555555555 0.06875 0.06388888888888888 0.06597222222222222 0.06458333333333334 0.06805555555555555 0.06319444444444444 0.07083333333333333 0.07291666666666667 0.06736111111111111 0.06458333333333334 0.06597222222222222
0.06736111111111111 0.06527777777777778 0.06666666666666667 0.06458333333333334 0.06805555555555555 0.06458333333333334 0.06805555555555555 0.07222222222222222 0.06666666666666667 0.06388888888888888 0.06458333333333334 0.06736111111111111 0.06666666666666667 0.06666666666666667 0.06736111111111111
0.06319444444444444 0.0625 0.06319444444444444 0.0625 0.0625 0.0625 0.12152777777777778 0.06319444444444444 0.0625 0.0625 0.0625 0.06319444444444444 0.0625 0.06319444444444444 0.0625
