0.06666666666666667 0.06736111111111111 0.06805555555555555 0.06319444444444444 0.06805555555555555 0.0625 0.06458333333333334 0.06944444444444445 0.06388888888888888 0.06597222222222222 0.06597222222222222 0.06527777777777778 0.06319444444444444 0.07708333333333334 0.06875
0.06549707602339178 0.0654970760233918 0.0590643274853801 0.058479532163742666 0.07660818713450299 0.05614035087719296 0.060233918128654945 0.08245614035087707 0.055555555555555546 0.058479532163742666 0.05614035087719297 0.08538011695906438 0.06023391812865496 0.07017543859649113 0.0900584795321638
0.06458333333333334 0.07361111111111111 0.06319444444444444 0.0625 0.07708333333333334 0.06388888888888888 0.06527777777777778 0.07291666666666667 0.06458333333333334 0.06388888888888888 0.06388888888888888 0.06527777777777778 0.06388888888888888 0.06388888888888888 0.07152777777777777
0.0685185185185184 0.06419753086419741 0.06913580246913567 0.05987654320987644 0.06728395061728383 0.05925925925925914 0.06790123456790112 0.07283950617283938 0.06358024691358014 0.06419753086419742 0.06296296296296286 0.061111111111111005 0.06296296296296285 0.08456790123456778 0.07160493827160481
0.07901234567901223 0.06234567901234556 0.09135802469135788 0.06049382716049372 0.06481481481481469 0.06111111111111099 0.06543209876543199 0.06481481481481469 0.06296296296296285 0.06172839506172829 0.06358024691358014 0.059876543209876426 0.06358024691358014 0.07160493827160481 0.06728395061728383
0.06535947712418286 0.08692810457516327 0.06862745098039204 0.06078431372549007 0.072549019607843 0.06078431372549007 0.062091503267973726 0.062091503267973726 0.06013071895424823 0.06078431372549007 0.0771241830065358 0.06274509803921555 0.061437908496731905 0.06862745098039201 0.06993464052287567
0.0625 0.06319444444444444 0.06319444444444444 0.0625 0.08958333333333333 0.0625 0.06319444444444444 0.09027777777777778 0.0625 0.06319444444444444 0.06388888888888888 0.0625 0.06319444444444444 0.06388888888888888 0.06388888888888888
0.062345679012345556 0.06851851851851841 0.06172839506172829 0.06481481481481471 0.06296296296296285 0.06234567901234556 0.06358024691358014 0.06975308641975296 0.06543209876543199 0.07283950617283938 0.06296296296296285 0.06913580246913567 0.06172839506172829 0.07037037037037025 0.08148148148148136
0.06527777777777778 0.06527777777777778 0.06597222222222222 0.07222222222222222 0.06666666666666667 0.06597222222222222 0.06875 0.06597222222222222 0.06597222222222222 0.06666666666666667 0.06527777777777778 0.06944444444444445 0.06388888888888888 0.06597222222222222 0.06666666666666667
0.06666666666666667 0.06666666666666667 0.06805555555555555 0.06319444444444444 0.06736111111111111 0.06458333333333334 0.06458333333333334 0.06666666666666667 0.06527777777777778 0.06527777777777778 0.06458333333333334 0.06527777777777778 0.06458333333333334 0.07569444444444444 0.07152777777777777
0.07385620915032666 0.072549019607843 0.06928104575163384 0.0614379084967319 0.06732026143790835 0.06666666666666654 0.06405228758169922 0.0679738562091502 0.06274509803921555 0.06470588235294104 0.06339869281045739 0.06339869281045737 0.0679738562091502 0.06732026143790835 0.06732026143790837
0.06388888888888888 0.06666666666666667 0.06597222222222222 0.06388888888888888 0.06944444444444445 0.06319444444444444 0.06319444444444444 0.08125 0.06736111111111111 0.06527777777777778 0.06458333333333334 0.06597222222222222 0.06388888888888888 0.06944444444444445 0.06597222222222222
0.0648148148148147 0.06358024691358014 0.06358024691358014 0.06234567901234556 0.06604938271604927 0.062345679012345556 0.06604938271604927 0.0716049382716048 0.06296296296296285 0.07654320987654306 0.06419753086419742 0.06604938271604927 0.06296296296296286 0.06851851851851841 0.07839506172839494
0.061437908496731884 0.0679738562091502 0.06274509803921556 0.06666666666666654 0.0660130718954247 0.06013071895424823 0.06797385620915017 0.06405228758169922 0.0660130718954247 0.06013071895424823 0.06078431372549007 0.06339869281045737 0.06013071895424824 0.07973856209150314 0.09281045751633972
0.06527777777777778 0.07222222222222222 0.0625 0.06319444444444444 0.07291666666666667 0.06458333333333334 0.06736111111111111 0.06875 0.06666666666666667 0.06458333333333334 0.06388888888888888 0.06458333333333334 0.06458333333333334 0.06597222222222222 0.07291666666666667
0.06527777777777778 0.07222222222222222 0.0625 0.06319444444444444 0.07708333333333334 0.06319444444444444 0.06388888888888888 0.06944444444444445 0.06666666666666667 0.06527777777777778 0.06597222222222222 0.06388888888888888 0.06388888888888888 0.06458333333333334 0.07291666666666667
0.06736111111111111 0.06736111111111111 0.06666666666666667 0.06319444444444444 0.07083333333333333 0.06388888888888888 0.06666666666666667 0.06805555555555555 0.06458333333333334 0.06319444444444444 0.06597222222222222 0.06527777777777778 0.06319444444444444 0.07430555555555556 0.06944444444444445
0.06805555555555555 0.06527777777777778 0.06666666666666667 0.06388888888888888 0.07152777777777777 0.06736111111111111 0.06597222222222222 0.06736111111111111 0.06458333333333334 0.06527777777777778 0.06458333333333334 0.06805555555555555 0.06527777777777778 0.06875 0.06736111111111111
0.06388888888888888 0.06319444444444444 0.08472222222222223 0.09861111111111111 0.0625 0.0625 0.0625 0.0625 0.06319444444444444 0.0625 0.0625 0.06319444444444444 0.0625 0.0625 0.06319444444444444
0.06790123456790112 0.0679012345679011 0.06296296296296283 0.05740740740740729 0.08827160493827149 0.06666666666666655 0.05802469135802457 0.08827160493827149 0.059876543209876426 0.05679012345679001 0.06172839506172829 0.061111111111111005 0.058641975308641854 0.06358024691358014 0.08086419753086403
0.08827160493827148 0.06666666666666654 0.06234567901234558 0.06111111111111099 0.06296296296296285 0.06049382716049372 0.06172839506172829 0.07592592592592583 0.06419753086419742 0.06419753086419742 0.061111111111111005 0.06111111111111099 0.06111111111111099 0.08024691358024681 0.0685185185185184
0.08479532163742684 0.05497076023391813 0.0625730994152047 0.053801169590643266 0.06374269005847949 0.05321637426900584 0.052631578947368425 0.0590643274853801 0.1567251461988301 0.05438596491228069 0.0549707602339181 0.052631578947368425 0.05614035087719298 0.0777777777777778 0.06257309941520468
0.06432748538011691 0.06081871345029239 0.05789473684210527 0.0549707602339181 0.06491228070175435 0.05730994152046784 0.05614035087719297 0.07602339181286545 0.05789473684210524 0.057309941520467825 0.06725146198830409 0.07543859649122808 0.09064327485380116 0.08888888888888884 0.07017543859649115
0.10588235294117629 0.0594771241830064 0.06013071895424823 0.05882352941176457 0.06209150326797373 0.06601307189542469 0.059477124183006415 0.059477124183006415 0.09215686274509786 0.0614379084967319 0.06928104575163384 0.06078431372549007 0.06013071895424823 0.060784313725490056 0.0640522875816992
0.06543209876543199 0.06419753086419741 0.06728395061728384 0.06481481481481469 0.08148148148148138 0.06111111111111099 0.06604938271604927 0.07592592592592581 0.05864197530864187 0.06172839506172829 0.0685185185185184 0.06543209876543199 0.06234567901234556 0.06790123456790109 0.06913580246913568
0.06666666666666653 0.1333333333333331 0.06862745098039204 0.0594771241830064 0.06078431372549007 0.06013071895424824 0.05882352941176457 0.062091503267973726 0.06274509803921555 0.05882352941176457 0.0614379084967319 0.06013071895424824 0.0614379084967319 0.0633986928104574 0.062091503267973726
0.13274853801169584 0.07602339181286538 0.05906432748538009 0.056725146198830394 0.06023391812865496 0.05789473684210524 0.058479532163742666 0.07485380116959058 0.05730994152046784 0.05847953216374267 0.06081871345029239 0.06315789473684208 0.061403508771929786 0.06315789473684208 0.059649122807017514
0.058333333333333244 0.0938888888888888 0.0688888888888888 0.05277777777777769 0.0649999999999999 0.08055555555555546 0.14500000000000007 0.057222222222222126 0.05111111111111103 0.05222222222222214 0.05166666666666658 0.053888888888888806 0.053888888888888806 0.05666666666666658 0.05888888888888879
0.07839506172839493 0.07037037037037028 0.06666666666666654 0.05617283950617273 0.0574074074074073 0.05740740740740729 0.06111111111111099 0.06790123456790109 0.05617283950617273 0.05679012345679002 0.05925925925925915 0.10061728395061713 0.05925925925925914 0.0574074074074073 0.09506172839506159
0.0625 0.0625 0.08888888888888889 0.09722222222222222 0.0625 0.0625 0.0625 0.06319444444444444 0.0625 0.0625 0.0625 0.0625 0.06319444444444444 0.0625 0.0625
0.0538888888888888 0.052222222222222135 0.0627777777777777 0.2427777777777778 0.057222222222222126 0.05277777777777769 0.052222222222222135 0.05444444444444437 0.05388888888888881 0.05166666666666658 0.057222222222222126 0.04999999999999991 0.05166666666666658 0.05222222222222213 0.05499999999999991
0.06666666666666651 0.06209150326797373 0.06274509803921556 0.0640522875816992 0.07843137254901948 0.06666666666666653 0.06470588235294104 0.07385620915032666 0.06666666666666653 0.06535947712418287 0.06535947712418287 0.06470588235294103 0.06470588235294103 0.06601307189542471 0.06797385620915018
0.06597222222222222 0.06388888888888888 0.06736111111111111 0.06319444444444444 0.06527777777777778 0.06527777777777778 0.06944444444444445 0.06944444444444445 0.06458333333333334 0.06458333333333334 0.06875 0.06597222222222222 0.06736111111111111 0.06805555555555555 0.07083333333333333
0.06458333333333334 0.06319444444444444 0.06736111111111111 0.06319444444444444 0.07916666666666666 0.06736111111111111 0.0625 0.07430555555555556 0.06388888888888888 0.06388888888888888 0.06527777777777778 0.06527777777777778 0.0625 0.06597222222222222 0.07152777777777777
0.05666666666666658 0.0838888888888888 0.07388888888888881 0.14222222222222228 0.061111111111111005 0.052222222222222135 0.05333333333333326 0.07888888888888887 0.05611111111111102 0.05944444444444438 0.05499999999999991 0.053333333333333253 0.05277777777777769 0.0627777777777777 0.05833333333333324
0.05661375661375653 0.18677248677248653 0.05291005291005285 0.05079365079365073 0.065079365079365 0.051851851851851774 0.06666666666666658 0.053968253968253894 0.08677248677248674 0.053439153439153356 0.06402116402116392 0.05238095238095229 0.051851851851851774 0.05291005291005283 0.05396825396825389
0.06527777777777778 0.06597222222222222 0.06527777777777778 0.06666666666666667 0.07152777777777777 0.06388888888888888 0.06458333333333334 0.06875 0.06388888888888888 0.06597222222222222 0.06527777777777778 0.06805555555555555 0.06805555555555555 0.06597222222222222 0.07083333333333333
0.06601307189542469 0.07973856209150312 0.062091503267973726 0.0614379084967319 0.07058823529411752 0.0614379084967319 0.09869281045751617 0.06732026143790835 0.06078431372549007 0.06209150326797373 0.06078431372549007 0.062091503267973726 0.06078431372549007 0.0614379084967319 0.06470588235294106
0.06666666666666667 0.07361111111111111 0.06458333333333334 0.06597222222222222 0.06805555555555555 0.06666666666666667 0.06388888888888888 0.06736111111111111 0.06527777777777778 0.06666666666666667 0.06388888888888888 0.06597222222222222 0.06805555555555555 0.06527777777777778 0.06805555555555555
0.06543209876543199 0.1055555555555554 0.07160493827160483 0.05802469135802457 0.06666666666666655 0.061728395061728294 0.059876543209876426 0.06975308641975296 0.059876543209876426 0.06049382716049371 0.06419753086419741 0.0648148148148147 0.058641975308641854 0.06419753086419741 0.06913580246913567
0.06805555555555555 0.06805555555555555 0.06666666666666667 0.06388888888888888 0.06805555555555555 0.06527777777777778 0.06736111111111111 0.06527777777777778 0.06736111111111111 0.06597222222222222 0.06666666666666667 0.06666666666666667 0.06805555555555555 0.06597222222222222 0.06666666666666667
0.06736111111111111 0.07152777777777777 0.06458333333333334 0.0625 0.07291666666666667 0.06597222222222222 0.06527777777777778 0.07152777777777777 0.06527777777777778 0.06597222222222222 0.06388888888888888 0.06319444444444444 0.06388888888888888 0.06458333333333334 0.07152777777777777
0.10061728395061717 0.06358024691358015 0.07222222222222215 0.06049382716049371 0.06728395061728386 0.06296296296296286 0.0604938271604937 0.06543209876543199 0.06481481481481469 0.05987654320987642 0.06296296296296285 0.06049382716049371 0.06049382716049371 0.06666666666666654 0.07160493827160486
0.058641975308641854 0.05740740740740729 0.11666666666666653 0.13827160493827143 0.058024691358024585 0.05617283950617273 0.05802469135802457 0.05555555555555545 0.05555555555555545 0.058024691358024585 0.05802469135802457 0.05740740740740729 0.05555555555555545 0.05802469135802457 0.05864197530864187
0.1210526315789473 0.059649122807017514 0.11052631578947363 0.05438596491228069 0.07368421052631571 0.05321637426900585 0.05321637426900585 0.06549707602339178 0.05614035087719297 0.053801169590643294 0.05789473684210525 0.0543859649122807 0.054970760233918115 0.06549707602339179 0.06608187134502923
0.06597222222222222 0.06944444444444445 0.06527777777777778 0.06458333333333334 0.06597222222222222 0.06597222222222222 0.06597222222222222 0.06458333333333334 0.0625 0.06458333333333334 0.06805555555555555 0.07847222222222222 0.06388888888888888 0.06597222222222222 0.06875
0.0594771241830064 0.06732026143790835 0.059477124183006415 0.06013071895424824 0.0640522875816992 0.06732026143790837 0.06339869281045739 0.06013071895424824 0.06339869281045739 0.06274509803921556 0.06274509803921555 0.12549019607843115 0.0614379084967319 0.0614379084967319 0.061437908496731884
0.061437908496731905 0.06470588235294104 0.06013071895424824 0.06013071895424824 0.06274509803921556 0.06535947712418286 0.1274509803921566 0.06339869281045737 0.06078431372549007 0.06209150326797373 0.06405228758169923 0.06013071895424824 0.060784313725490056 0.06405228758169922 0.06274509803921555
0.05026455026455019 0.04973544973544966 0.05026455026455019 0.29312169312169284 0.054497354497354406 0.04814814814814808 0.05132275132275125 0.05026455026455019 0.04761904761904755 0.051851851851851774 0.04814814814814808 0.048677248677248604 0.04920634920634914 0.050793650793650724 0.056084656084656015
0.060233918128654945 0.05730994152046784 0.06140350877192982 0.1257309941520467 0.06666666666666665 0.0654970760233918 0.06198830409356724 0.06491228070175435 0.06023391812865496 0.05730994152046786 0.061988304093567224 0.06081871345029237 0.06257309941520468 0.06374269005847948 0.06959064327485377
0.05909090909090916 0.056565656565656604 0.06464646464646472 0.1489898989898991 0.08585858585858597 0.0505050505050505 0.051010101010101026 0.07424242424242428 0.056060606060606116 0.057575757575757606 0.057575757575757606 0.05404040404040407 0.05252525252525254 0.06616161616161625 0.06515151515151518
0.051322751322751256 0.057671957671957604 0.10740740740740733 0.19100529100529073 0.05291005291005283 0.055555555555555476 0.048677248677248604 0.057671957671957604 0.04973544973544967 0.04920634920634914 0.050793650793650724 0.050793650793650724 0.04973544973544967 0.053968253968253894 0.07354497354497345
0.05611111111111104 0.05611111111111103 0.05499999999999991 0.14166666666666677 0.07722222222222215 0.09277777777777764 0.052222222222222135 0.08555555555555545 0.0527777777777777 0.052222222222222135 0.055555555555555476 0.053888888888888806 0.052222222222222135 0.0538888888888888 0.06277777777777767
0.0640522875816992 0.06274509803921556 0.06078431372549007 0.059477124183006415 0.06339869281045737 0.061437908496731884 0.060784313725490056 0.062091503267973726 0.06078431372549008 0.06078431372549007 0.06470588235294104 0.06078431372549007 0.062091503267973726 0.13529411764705865 0.060784313725490056
0.0719298245614035 0.06257309941520464 0.08888888888888886 0.05380116959064327 0.06257309941520464 0.059649122807017535 0.0660818713450292 0.0637426900584795 0.05438596491228068 0.0567251461988304 0.05847953216374265 0.05789473684210523 0.05906432748538009 0.08596491228070167 0.09824561403508773
0.06604938271604925 0.061728395061728274 0.06913580246913567 0.06543209876543196 0.0728395061728394 0.06296296296296285 0.06234567901234558 0.08148148148148136 0.06234567901234556 0.06234567901234556 0.06296296296296286 0.06296296296296285 0.05987654320987644 0.07962962962962951 0.06790123456790112
0.06339869281045737 0.06405228758169922 0.06470588235294104 0.06078431372549007 0.0614379084967319 0.06078431372549007 0.0594771241830064 0.06013071895424824 0.06535947712418287 0.0660130718954247 0.06928104575163384 0.06274509803921555 0.06013071895424824 0.1202614379084965 0.061437908496731905
0.06234567901234556 0.06234567901234556 0.0604938271604937 0.061728395061728274 0.07037037037037028 0.059876543209876426 0.059876543209876426 0.07901234567901225 0.05802469135802457 0.05925925925925914 0.05925925925925915 0.06296296296296286 0.05802469135802457 0.12407407407407384 0.06234567901234558
0.06597222222222222 0.06736111111111111 0.06458333333333334 0.0625 0.08333333333333333 0.0625 0.0625 0.08263888888888889 0.0625 0.0625 0.0625 0.06388888888888888 0.06319444444444444 0.0625 0.07152777777777777
0.0614379084967319 0.0594771241830064 0.060784313725490056 0.06209150326797373 0.0614379084967319 0.06013071895424824 0.12679738562091478 0.06339869281045739 0.06339869281045739 0.06209150326797371 0.06339869281045739 0.062091503267973726 0.06405228758169922 0.0660130718954247 0.06339869281045737
0.058641975308641854 0.05679012345679001 0.061111111111111005 0.05617283950617273 0.058641975308641854 0.06172839506172829 0.17654320987654293 0.061728395061728274 0.05740740740740729 0.05617283950617273 0.05679012345679001 0.05802469135802457 0.05617283950617273 0.0648148148148147 0.05925925925925914
0.055555555555555546 0.05321637426900586 0.06315789473684207 0.22163742690058494 0.05555555555555555 0.057309941520467846 0.05614035087719299 0.05497076023391814 0.05438596491228072 0.0543859649122807 0.05380116959064327 0.0543859649122807 0.055555555555555546 0.05380116959064327 0.05614035087719295
0.05321637426900585 0.052631578947368425 0.0637426900584795 0.19707602339181285 0.07660818713450276 0.052631578947368425 0.052631578947368425 0.0771929824561404 0.05380116959064327 0.05321637426900584 0.05321637426900585 0.052631578947368425 0.05321637426900584 0.05497076023391815 0.05321637426900585
0.06527777777777778 0.06736111111111111 0.06527777777777778 0.06458333333333334 0.06736111111111111 0.06805555555555555 0.06388888888888888 0.07083333333333333 0.06388888888888888 0.0625 0.06458333333333334 0.06666666666666667 0.06388888888888888 0.06875 0.07708333333333334
0.06666666666666667 0.06458333333333334 0.06527777777777778 0.06458333333333334 0.06805555555555555 0.06458333333333334 0.06458333333333334 0.06944444444444445 0.06666666666666667 0.06388888888888888 0.07083333333333333 0.06388888888888888 0.07083333333333333 0.06875 0.06736111111111111
0.05555555555555545 0.05617283950617273 0.0925925925925925 0.15679012345678986 0.06419753086419741 0.05555555555555545 0.05617283950617273 0.06049382716049372 0.05617283950617273 0.05555555555555545 0.05679012345679001 0.05679012345679002 0.05555555555555545 0.05987654320987642 0.06172839506172827
0.06388888888888888 0.06458333333333334 0.06597222222222222 0.08888888888888889 0.07083333333333333 0.0625 0.0625 0.06736111111111111 0.06388888888888888 0.06527777777777778 0.06388888888888888 0.06458333333333334 0.06319444444444444 0.06736111111111111 0.06527777777777778
0.06597222222222222 0.06875 0.06805555555555555 0.06875 0.06736111111111111 0.06388888888888888 0.06736111111111111 0.06944444444444445 0.06597222222222222 0.06458333333333334 0.06527777777777778 0.06458333333333334 0.06597222222222222 0.06666666666666667 0.06736111111111111
0.06527777777777778 0.06527777777777778 0.06388888888888888 0.0625 0.06319444444444444 0.06319444444444444 0.06388888888888888 0.06527777777777778 0.06319444444444444 0.06388888888888888 0.06527777777777778 0.06319444444444444 0.06527777777777778 0.07013888888888889 0.09652777777777778
0.05679012345679002 0.05555555555555545 0.05617283950617273 0.05617283950617273 0.06543209876543196 0.05617283950617273 0.05740740740740729 0.05679012345679001 0.1425925925925924 0.10864197530864178 0.05740740740740729 0.05740740740740729 0.0574074074074073 0.05679012345679001 0.05925925925925915
0.06319444444444444 0.06388888888888888 0.09583333333333334 0.06319444444444444 0.06597222222222222 0.06527777777777778 0.06319444444444444 0.06458333333333334 0.06319444444444444 0.06388888888888888 0.06388888888888888 0.06736111111111111 0.06388888888888888 0.06458333333333334 0.06805555555555555
0.06535947712418287 0.06470588235294104 0.06274509803921555 0.06013071895424823 0.06339869281045737 0.06209150326797373 0.06274509803921555 0.062091503267973726 0.0705882352941175 0.06013071895424824 0.06470588235294104 0.08692810457516323 0.09346405228758156 0.059477124183006415 0.0614379084967319
0.04761904761904755 0.04973544973544967 0.048677248677248604 0.04761904761904755 0.04814814814814808 0.04761904761904755 0.04761904761904755 0.04867724867724861 0.05820105820105812 0.04920634920634913 0.224338624338624 0.06084656084656079 0.12275132275132261 0.048677248677248604 0.050264550264550185
0.05555555555555555 0.056725146198830394 0.07134502923976606 0.05321637426900585 0.056725146198830394 0.05555555555555555 0.06023391812865496 0.05730994152046784 0.05555555555555554 0.0584795321637427 0.05730994152046782 0.18830409356725133 0.06081871345029239 0.05614035087719298 0.056725146198830394
0.06928104575163385 0.06732026143790834 0.06732026143790837 0.062091503267973726 0.0660130718954247 0.06470588235294103 0.06209150326797373 0.072549019607843 0.06732026143790837 0.061437908496731884 0.06535947712418287 0.06732026143790837 0.06274509803921555 0.07450980392156849 0.06993464052287568
0.05882352941176457 0.0614379084967319 0.059477124183006415 0.05882352941176457 0.059477124183006415 0.16405228758169907 0.06013071895424824 0.06078431372549007 0.06078431372549007 0.059477124183006415 0.05882352941176457 0.06013071895424824 0.05882352941176457 0.05882352941176457 0.06013071895424823
0.06875 0.06388888888888888 0.06666666666666667 0.06388888888888888 0.06805555555555555 0.06319444444444444 0.06458333333333334 0.06875 0.06319444444444444 0.06458333333333334 0.06736111111111111 0.06805555555555555 0.06597222222222222 0.06597222222222222 0.07708333333333334
0.0614379084967319 0.06013071895424823 0.06013071895424824 0.05882352941176457 0.062091503267973726 0.14640522875816972 0.061437908496731905 0.062091503267973726 0.062091503267973726 0.0614379084967319 0.0614379084967319 0.062091503267973726 0.06013071895424823 0.06078431372549007 0.0594771241830064
0.05882352941176457 0.05882352941176457 0.05882352941176457 0.05882352941176457 0.05882352941176457 0.1751633986928102 0.05882352941176457 0.05882352941176457 0.05882352941176457 0.05882352941176457 0.05882352941176457 0.0594771241830064 0.059477124183006415 0.05882352941176457 0.05882352941176457
0.05555555555555545 0.058024691358024585 0.05679012345679001 0.05679012345679001 0.10308641975308633 0.11049382716049365 0.05679012345679001 0.09444444444444434 0.05617283950617273 0.05617283950617273 0.0574074074074073 0.058641975308641854 0.05617283950617273 0.06419753086419741 0.05925925925925914
0.06319444444444444 0.06319444444444444 0.0625 0.06319444444444444 0.06319444444444444 0.0625 0.0625 0.0625 0.06319444444444444 0.11666666666666667 0.0625 0.06388888888888888 0.0625 0.06319444444444444 0.06527777777777778
0.06319444444444444 0.06388888888888888 0.06388888888888888 0.06319444444444444 0.06805555555555555 0.06458333333333334 0.06388888888888888 0.06736111111111111 0.06458333333333334 0.06666666666666667 0.06319444444444444 0.06319444444444444 0.06388888888888888 0.09375 0.06666666666666667
0.07058823529411751 0.06274509803921555 0.06666666666666651 0.06470588235294104 0.06862745098039202 0.06470588235294104 0.06274509803921555 0.0660130718954247 0.06601307189542471 0.06470588235294104 0.06470588235294104 0.0660130718954247 0.06535947712418287 0.06601307189542469 0.08039215686274497
0.05864197530864187 0.06049382716049372 0.06234567901234558 0.1043209876543208 0.06296296296296283 0.05740740740740729 0.05864197530864187 0.06049382716049371 0.06234567901234556 0.1123456790123455 0.06111111111111099 0.05925925925925915 0.05679012345679001 0.06049382716049371 0.06234567901234556
0.0722222222222221 0.14876543209876525 0.05617283950617273 0.05679012345679001 0.062345679012345556 0.0574074074074073 0.05679012345679001 0.061111111111111005 0.06790123456790112 0.06049382716049372 0.05864197530864187 0.06111111111111099 0.062345679012345556 0.05864197530864187 0.05925925925925916
0.059876543209876426 0.05925925925925914 0.05925925925925916 0.05925925925925914 0.06851851851851842 0.05925925925925915 0.06172839506172827 0.06790123456790112 0.09135802469135788 0.061111111111111005 0.09197530864197517 0.06049382716049371 0.05864197530864187 0.06543209876543196 0.07592592592592579
0.06481481481481469 0.06543209876543198 0.06049382716049371 0.06172839506172829 0.06604938271604927 0.06419753086419741 0.1135802469135801 0.06604938271604925 0.061111111111111005 0.058024691358024585 0.06234567901234556 0.06604938271604928 0.06481481481481469 0.06234567901234556 0.06296296296296285
0.05617283950617273 0.05617283950617273 0.05617283950617273 0.05679012345679001 0.05679012345679001 0.05679012345679001 0.05555555555555545 0.05617283950617273 0.21481481481481446 0.05555555555555545 0.05555555555555545 0.05555555555555545 0.05617283950617273 0.05617283950617273 0.05555555555555545
0.07973856209150312 0.06666666666666653 0.06666666666666654 0.0614379084967319 0.072549019607843 0.06078431372549007 0.06470588235294104 0.06666666666666653 0.0640522875816992 0.06470588235294103 0.06862745098039202 0.06078431372549008 0.06470588235294103 0.06928104575163387 0.06862745098039202
0.06209150326797373 0.062091503267973726 0.0594771241830064 0.06078431372549007 0.0594771241830064 0.10522875816993452 0.06078431372549007 0.06274509803921555 0.0614379084967319 0.0594771241830064 0.06274509803921555 0.09607843137254887 0.061437908496731905 0.06405228758169922 0.06209150326797373
0.07111111111111103 0.05999999999999993 0.06055555555555548 0.05111111111111103 0.06611111111111104 0.05833333333333325 0.05722222222222214 0.06555555555555546 0.16166666666666674 0.05555555555555547 0.05611111111111103 0.05499999999999991 0.06333333333333324 0.05611111111111102 0.06222222222222213
0.07712418300653581 0.07320261437908486 0.06274509803921555 0.06013071895424824 0.06339869281045739 0.06666666666666653 0.06601307189542471 0.07320261437908482 0.06601307189542471 0.061437908496731884 0.06732026143790837 0.06732026143790834 0.0640522875816992 0.06535947712418287 0.0660130718954247
0.06405228758169922 0.06339869281045739 0.06013071895424823 0.08692810457516324 0.072549019607843 0.0614379084967319 0.06274509803921556 0.08104575163398677 0.06535947712418287 0.0614379084967319 0.0614379084967319 0.06274509803921556 0.06078431372549007 0.07189542483660116 0.06405228758169923
0.04920634920634913 0.050793650793650724 0.05132275132275123 0.269312169312169 0.05661375661375653 0.05026455026455019 0.04920634920634913 0.05502645502645493 0.052380952380952306 0.05079365079365073 0.04867724867724859 0.04973544973544966 0.04920634920634913 0.061375661375661285 0.05608465608465604
0.0576719576719576 0.0576719576719576 0.056084656084656015 0.14656084656084642 0.06402116402116394 0.054497354497354406 0.05714285714285708 0.05714285714285706 0.05238095238095231 0.06507936507936499 0.056613756613756554 0.08412698412698406 0.05449735449735441 0.06296296296296289 0.07354497354497345
0.062091503267973726 0.06078431372549007 0.0614379084967319 0.1248366013071893 0.06862745098039202 0.06078431372549007 0.06078431372549008 0.0640522875816992 0.06274509803921555 0.06013071895424823 0.0660130718954247 0.0614379084967319 0.06274509803921555 0.06274509803921557 0.06078431372549007
0.06049382716049372 0.06604938271604928 0.06234567901234556 0.10493827160493811 0.07469135802469123 0.05925925925925915 0.06296296296296283 0.06481481481481471 0.06419753086419742 0.06111111111111099 0.05925925925925914 0.061728395061728274 0.05802469135802457 0.07469135802469123 0.06543209876543199
0.07083333333333333 0.06527777777777778 0.06388888888888888 0.08194444444444444 0.06527777777777778 0.06527777777777778 0.0625 0.06805555555555555 0.06388888888888888 0.06736111111111111 0.06666666666666667 0.06319444444444444 0.0625 0.06736111111111111 0.06597222222222222
0.06013071895424823 0.05882352941176457 0.06013071895424823 0.05882352941176457 0.06013071895424824 0.061437908496731884 0.0594771241830064 0.10065359477124179 0.059477124183006415 0.0594771241830064 0.06013071895424823 0.06013071895424823 0.05882352941176457 0.11830065359477118 0.06405228758169922
0.06543209876543198 0.061728395061728274 0.0648148148148147 0.058024691358024585 0.07407407407407395 0.061728395061728274 0.061728395061728274 0.0691358024691357 0.061728395061728274 0.06296296296296283 0.0574074074074073 0.06111111111111101 0.06049382716049373 0.11296296296296278 0.06666666666666655
0.06805555555555555 0.06527777777777778 0.06875 0.06736111111111111 0.06458333333333334 0.06388888888888888 0.06805555555555555 0.07013888888888889 0.07083333333333333 0.06388888888888888 0.06527777777777778 0.06527777777777778 0.06666666666666667 0.06666666666666667 0.06527777777777778
0.0543859649122807 0.05789473684210524 0.06198830409356722 0.05555555555555555 0.09298245614035082 0.057309941520467804 0.05847953216374265 0.08771929824561414 0.06491228070175438 0.09005847953216378 0.05672514619883039 0.05847953216374265 0.05614035087719297 0.07777777777777771 0.0695906432748538
0.0625 0.06319444444444444 0.06388888888888888 0.06388888888888888 0.08888888888888889 0.0625 0.0625 0.08888888888888889 0.06319444444444444 0.06458333333333334 0.0625 0.06388888888888888 0.0625 0.06388888888888888 0.06319444444444444
0.06257309941520463 0.06608187134502923 0.08654970760233921 0.061403508771929786 0.06608187134502923 0.06374269005847952 0.08128654970760235 0.06491228070175435 0.0637426900584795 0.06432748538011696 0.06081871345029236 0.06257309941520464 0.07076023391812866 0.06315789473684207 0.06198830409356722
0.16535947712418278 0.061437908496731905 0.061437908496731905 0.05882352941176457 0.059477124183006415 0.05882352941176457 0.0594771241830064 0.06013071895424824 0.0594771241830064 0.05882352941176457 0.05882352941176457 0.05882352941176457 0.05882352941176457 0.06013071895424823 0.06013071895424824
0.06319444444444444 0.06319444444444444 0.06319444444444444 0.06319444444444444 0.06875 0.0625 0.0625 0.08819444444444445 0.06388888888888888 0.06458333333333334 0.0625 0.06319444444444444 0.06388888888888888 0.07916666666666666 0.06805555555555555
0.0681159420289856 0.07487922705314021 0.054589371980676434 0.0502415458937199 0.0753623188405798 0.10531400966183584 0.05845410628019332 0.06666666666666675 0.06859903381642522 0.058937198067632916 0.06376811594202905 0.06908212560386483 0.0507246376811595 0.07246376811594213 0.06280193236714982
0.058641975308641854 0.06111111111111101 0.05925925925925915 0.058024691358024585 0.06419753086419741 0.05987654320987642 0.06172839506172829 0.06358024691358012 0.10740740740740726 0.061111111111110984 0.09876543209876532 0.05864197530864187 0.06111111111111099 0.06296296296296283 0.06358024691358014
0.062345679012345556 0.06666666666666655 0.06666666666666655 0.05617283950617273 0.06481481481481469 0.05864197530864187 0.05925925925925915 0.06728395061728382 0.059876543209876426 0.05987654320987644 0.061111111111111005 0.09691358024691345 0.08333333333333319 0.06419753086419742 0.07283950617283938
0.06875 0.06597222222222222 0.0625 0.06388888888888888 0.08333333333333333 0.0625 0.06319444444444444 0.08055555555555556 0.0625 0.0625 0.0625 0.06388888888888888 0.0625 0.06319444444444444 0.07222222222222222
0.07058823529411752 0.06601307189542473 0.062091503267973726 0.0614379084967319 0.06470588235294103 0.11176470588235272 0.06209150326797373 0.06274509803921556 0.06405228758169922 0.06078431372549007 0.0614379084967319 0.06013071895424823 0.06470588235294103 0.06470588235294106 0.06274509803921556
0.06388888888888888 0.06388888888888888 0.10972222222222222 0.06319444444444444 0.06597222222222222 0.06319444444444444 0.06388888888888888 0.06458333333333334 0.0625 0.0625 0.06319444444444444 0.06319444444444444 0.06319444444444444 0.0625 0.06458333333333334
0.058201058201058135 0.09894179894179884 0.05185185185185177 0.050264550264550185 0.05767195767195758 0.052380952380952306 0.05238095238095231 0.058201058201058115 0.1777777777777776 0.051322751322751256 0.07142857142857133 0.05185185185185179 0.05978835978835972 0.05291005291005283 0.05502645502645493
0.05555555555555545 0.05555555555555545 0.05555555555555545 0.05617283950617273 0.05555555555555545 0.05679012345679001 0.05679012345679001 0.05679012345679001 0.05617283950617273 0.05555555555555545 0.05740740740740729 0.05679012345679001 0.21234567901234536 0.05617283950617273 0.05679012345679002
0.0473429951690822 0.07487922705314022 0.04782608695652183 0.04444444444444452 0.04444444444444452 0.04492753623188414 0.04589371980676337 0.04637681159420299 0.04396135265700491 0.04444444444444452 0.32801932367149805 0.04396135265700491 0.04879227053140107 0.045893719806763364 0.04879227053140103
0.07342995169082138 0.045410628019323745 0.04492753623188415 0.058454106280193326 0.04830917874396144 0.05072463768115952 0.0473429951690822 0.04685990338164258 0.046376811594202975 0.0468599033816426 0.29951690821256055 0.046376811594202975 0.046859903381642594 0.0473429951690822 0.051207729468599125
0.04848484848484848 0.0494949494949495 0.04797979797979798 0.04747474747474746 0.04949494949494951 0.04797979797979798 0.04898989898989899 0.052020202020202015 0.06666666666666675 0.13838383838383853 0.19191919191919188 0.052525252525252565 0.05555555555555559 0.05202020202020206 0.05101010101010101
0.061728395061728294 0.06728395061728384 0.05925925925925915 0.05925925925925915 0.061111111111110984 0.06234567901234556 0.061111111111111005 0.0648148148148147 0.06604938271604925 0.12222222222222204 0.06481481481481469 0.0604938271604937 0.058641975308641854 0.06296296296296285 0.06790123456790115
0.06274509803921555 0.06339869281045737 0.0614379084967319 0.06405228758169922 0.09281045751633973 0.05882352941176457 0.06209150326797371 0.09738562091503257 0.061437908496731884 0.0594771241830064 0.06078431372549007 0.06274509803921556 0.0594771241830064 0.06993464052287568 0.06339869281045739
0.05505050505050509 0.06212121212121214 0.05808080808080815 0.06919191919191926 0.12676767676767672 0.04848484848484848 0.052525252525252544 0.13787878787878782 0.06010101010101015 0.05404040404040408 0.052020202020202036 0.056565656565656604 0.051010101010101026 0.05757575757575761 0.05858585858585863
0.06597222222222222 0.06388888888888888 0.06944444444444445 0.06388888888888888 0.07222222222222222 0.06388888888888888 0.06736111111111111 0.06666666666666667 0.06527777777777778 0.06944444444444445 0.0625 0.06458333333333334 0.06666666666666667 0.06875 0.06944444444444445
0.05222222222222214 0.057222222222222126 0.14222222222222244 0.053888888888888806 0.14555555555555552 0.05611111111111102 0.0538888888888888 0.054999999999999924 0.05722222222222214 0.052222222222222135 0.053888888888888806 0.053888888888888806 0.05222222222222214 0.05555555555555547 0.058888888888888796
0.06527777777777778 0.06875 0.06597222222222222 0.06527777777777778 0.07013888888888889 0.06458333333333334 0.0625 0.07430555555555556 0.06319444444444444 0.0625 0.06319444444444444 0.06388888888888888 0.06597222222222222 0.06736111111111111 0.07708333333333334
0.06944444444444445 0.06666666666666667 0.06527777777777778 0.0625 0.06944444444444445 0.06736111111111111 0.06597222222222222 0.06388888888888888 0.075 0.06458333333333334 0.06597222222222222 0.06458333333333334 0.06388888888888888 0.06597222222222222 0.06944444444444445
0.06928104575163387 0.06535947712418289 0.061437908496731884 0.06078431372549007 0.0699346405228757 0.06535947712418287 0.06274509803921555 0.07450980392156847 0.06405228758169923 0.06405228758169922 0.06862745098039201 0.07124183006535934 0.06078431372549007 0.06928104575163385 0.07254901960784299
0.053333333333333253 0.09999999999999988 0.05277777777777769 0.053888888888888806 0.06611111111111101 0.05333333333333324 0.053333333333333253 0.08999999999999998 0.056666666666666574 0.10777777777777771 0.05388888888888881 0.05333333333333324 0.06944444444444435 0.06999999999999992 0.06611111111111101
0.05362318840579719 0.06280193236714984 0.10434782608695649 0.04830917874396143 0.06038647342995175 0.09082125603864744 0.05265700483091794 0.06425120772946871 0.04927536231884065 0.051690821256038716 0.053140096618357564 0.14782608695652183 0.051207729468599104 0.05265700483091796 0.057004830917874484
0.058641975308641854 0.10740740740740723 0.05925925925925915 0.058641975308641875 0.05987654320987642 0.05864197530864187 0.058024691358024585 0.05987654320987642 0.06111111111111101 0.06234567901234556 0.05802469135802457 0.06111111111111099 0.11481481481481462 0.0604938271604937 0.06172839506172829
0.05277777777777769 0.18555555555555547 0.05499999999999991 0.05166666666666658 0.06277777777777768 0.053333333333333253 0.053888888888888806 0.05944444444444436 0.07722222222222212 0.06888888888888878 0.0527777777777777 0.05277777777777769 0.05999999999999991 0.05833333333333325 0.05555555555555547
0.04830917874396144 0.09516908212560392 0.05507246376811602 0.045893719806763364 0.05700483091787449 0.04975845410628026 0.05265700483091797 0.055072463768116045 0.047826086956521824 0.04879227053140105 0.04830917874396143 0.15603864734299522 0.13574879227053135 0.05217391304347833 0.05217391304347833
0.05497076023391813 0.05789473684210524 0.05672514619883039 0.10292397660818711 0.055555555555555546 0.0543859649122807 0.11345029239766077 0.05672514619883039 0.05497076023391812 0.056725146198830435 0.05614035087719297 0.10467836257309943 0.0567251461988304 0.059649122807017535 0.05847953216374269
0.06736111111111111 0.06388888888888888 0.06388888888888888 0.06458333333333334 0.06527777777777778 0.0625 0.06458333333333334 0.07569444444444444 0.0625 0.06527777777777778 0.06458333333333334 0.0625 0.06319444444444444 0.08819444444444445 0.06597222222222222
0.06013071895424824 0.06732026143790837 0.07189542483660118 0.06078431372549007 0.06928104575163387 0.06405228758169923 0.06862745098039202 0.06274509803921555 0.06535947712418286 0.06339869281045739 0.06535947712418287 0.08888888888888871 0.0614379084967319 0.0679738562091502 0.06274509803921556
0.06728395061728384 0.06790123456790112 0.06913580246913568 0.059876543209876426 0.06851851851851841 0.06604938271604927 0.10555555555555542 0.06358024691358012 0.06049382716049372 0.0641975308641974 0.06296296296296285 0.05864197530864187 0.05925925925925915 0.06296296296296285 0.06358024691358014
0.06405228758169922 0.06732026143790835 0.072549019607843 0.062091503267973726 0.07450980392156849 0.06535947712418287 0.06274509803921555 0.06535947712418286 0.06405228758169923 0.08039215686274495 0.06535947712418287 0.06666666666666654 0.06339869281045737 0.061437908496731905 0.06470588235294104
0.07055555555555545 0.057222222222222126 0.1133333333333333 0.05499999999999991 0.07111111111111104 0.06222222222222214 0.06055555555555546 0.06944444444444435 0.06166666666666658 0.059999999999999915 0.06055555555555549 0.06444444444444436 0.058888888888888796 0.06555555555555546 0.06944444444444436
