0.06388888888888888 0.06319444444444444 0.06388888888888888 0.06388888888888888 0.06388888888888888 0.06666666666666667 0.06458333333333334 0.06388888888888888 0.06388888888888888 0.06666666666666667 0.06388888888888888 0.06319444444444444 0.06319444444444444 0.10208333333333333 0.06319444444444444
0.0625 0.06319444444444444 0.06319444444444444 0.06319444444444444 0.06388888888888888 0.06319444444444444 0.06319444444444444 0.0625 0.0625 0.0625 0.0625 0.06319444444444444 0.06319444444444444 0.11805555555555555 0.06319444444444444
0.06388888888888888 0.0625 0.06458333333333334 0.06388888888888888 0.06458333333333334 0.0625 0.0625 0.06319444444444444 0.06388888888888888 0.11527777777777778 0.0625 0.06319444444444444 0.0625 0.0625 0.0625
0.06666666666666667 0.06944444444444445 0.06805555555555555 0.06458333333333334 0.06319444444444444 0.06527777777777778 0.06666666666666667 0.06944444444444445 0.06527777777777778 0.06944444444444445 0.06527777777777778 0.06736111111111111 0.06875 0.06597222222222222 0.06458333333333334
0.05833333333333325 0.05055555555555547 0.05277777777777769 0.18944444444444433 0.06388888888888881 0.05222222222222213 0.07222222222222213 0.05222222222222214 0.05888888888888881 0.05555555555555548 0.05722222222222214 0.056666666666666574 0.06777777777777769 0.053333333333333253 0.05888888888888879
0.06388888888888888 0.06388888888888888 0.06666666666666667 0.06388888888888888 0.06458333333333334 0.07569444444444444 0.06527777777777778 0.06527777777777778 0.06458333333333334 0.07430555555555556 0.06388888888888888 0.06527777777777778 0.06597222222222222 0.07152777777777777 0.06527777777777778
0.16315789473684178 0.0543859649122807 0.06257309941520461 0.05497076023391813 0.05964912280701752 0.05438596491228071 0.057309941520467804 0.0543859649122807 0.061988304093567224 0.059649122807017514 0.057309941520467825 0.09064327485380122 0.05789473684210525 0.055555555555555566 0.05614035087719297
0.1818713450292396 0.05730994152046782 0.05847953216374265 0.058479532163742666 0.055555555555555546 0.07192982456140347 0.05380116959064329 0.05614035087719296 0.06140350877192979 0.0590643274853801 0.05730994152046784 0.057309941520467846 0.055555555555555546 0.06023391812865497 0.055555555555555546
0.06274509803921556 0.06013071895424824 0.062091503267973726 0.0614379084967319 0.06470588235294103 0.060784313725490056 0.06339869281045739 0.06078431372549007 0.06339869281045739 0.06535947712418289 0.07450980392156849 0.06274509803921555 0.06078431372549007 0.06209150326797371 0.11503267973856186
0.07581699346405214 0.06601307189542471 0.07254901960784298 0.0660130718954247 0.06666666666666655 0.06405228758169922 0.06470588235294104 0.06601307189542471 0.06601307189542471 0.0660130718954247 0.06797385620915021 0.06209150326797373 0.06470588235294103 0.06535947712418287 0.06601307189542469
0.06736111111111111 0.06319444444444444 0.06527777777777778 0.06805555555555555 0.06597222222222222 0.06388888888888888 0.06736111111111111 0.06388888888888888 0.06736111111111111 0.06875 0.07777777777777778 0.06527777777777778 0.06388888888888888 0.06736111111111111 0.06458333333333334
0.06470588235294104 0.06339869281045739 0.06797385620915018 0.06928104575163385 0.06862745098039202 0.061437908496731905 0.06470588235294106 0.06928104575163385 0.06470588235294103 0.06535947712418287 0.072549019607843 0.06666666666666654 0.07320261437908483 0.0614379084967319 0.06666666666666654
0.16388888888888892 0.06111111111111103 0.05944444444444436 0.0749999999999999 0.05277777777777769 0.05277777777777769 0.0527777777777777 0.053888888888888806 0.10666666666666656 0.055555555555555476 0.053888888888888806 0.05333333333333324 0.05444444444444435 0.052222222222222135 0.05222222222222214
0.11895424836601287 0.06013071895424824 0.060784313725490056 0.08300653594771225 0.06274509803921555 0.059477124183006415 0.06274509803921555 0.06013071895424824 0.06013071895424824 0.0594771241830064 0.06274509803921555 0.06078431372549007 0.0594771241830064 0.059477124183006415 0.06993464052287568
0.0594771241830064 0.059477124183006415 0.05882352941176457 0.05882352941176457 0.0594771241830064 0.05882352941176457 0.06013071895424824 0.059477124183006415 0.1666666666666664 0.0594771241830064 0.05882352941176457 0.05882352941176457 0.06013071895424823 0.05882352941176457 0.06274509803921555
0.06736111111111111 0.06388888888888888 0.06805555555555555 0.06527777777777778 0.06736111111111111 0.06597222222222222 0.06736111111111111 0.06666666666666667 0.06666666666666667 0.07013888888888889 0.06666666666666667 0.06805555555555555 0.06597222222222222 0.06527777777777778 0.06527777777777778
0.06013071895424824 0.0594771241830064 0.06209150326797373 0.06601307189542469 0.09084967320261425 0.05882352941176457 0.08235294117647043 0.06797385620915018 0.06339869281045739 0.06535947712418287 0.06013071895424823 0.06274509803921555 0.07973856209150312 0.059477124183006415 0.0614379084967319
0.05789473684210527 0.05672514619883042 0.06783625730994146 0.06198830409356719 0.060233918128654945 0.05614035087719298 0.05847953216374269 0.06140350877192982 0.12748538011695898 0.06608187134502923 0.06023391812865492 0.08011695906432752 0.06666666666666664 0.059649122807017514 0.05906432748538012
0.0625 0.0625 0.06527777777777778 0.07083333333333333 0.07083333333333333 0.06319444444444444 0.08541666666666667 0.0625 0.06319444444444444 0.06319444444444444 0.0625 0.0625 0.0798611111111111 0.0625 0.06319444444444444
0.06736111111111111 0.06527777777777778 0.06875 0.06736111111111111 0.06944444444444445 0.0625 0.06319444444444444 0.06805555555555555 0.06736111111111111 0.06875 0.06597222222222222 0.06736111111111111 0.06736111111111111 0.06666666666666667 0.06458333333333334
0.06736111111111111 0.06319444444444444 0.06805555555555555 0.06597222222222222 0.06736111111111111 0.06666666666666667 0.06527777777777778 0.06527777777777778 0.06666666666666667 0.06805555555555555 0.06736111111111111 0.06875 0.06805555555555555 0.06736111111111111 0.06458333333333334
0.06666666666666662 0.05497076023391812 0.05730994152046784 0.05789473684210525 0.06198830409356724 0.05614035087719296 0.05730994152046782 0.05380116959064329 0.18187134502923968 0.06023391812865492 0.05730994152046786 0.06491228070175438 0.056725146198830394 0.05555555555555554 0.057309941520467825
0.0594771241830064 0.06013071895424824 0.06013071895424824 0.06013071895424824 0.0594771241830064 0.05882352941176457 0.0594771241830064 0.05882352941176457 0.16732026143790824 0.05882352941176457 0.05882352941176457 0.06013071895424824 0.06013071895424824 0.05882352941176457 0.059477124183006415
0.059259259259259164 0.11640211640211627 0.07089947089947081 0.06455026455026448 0.06137566137566131 0.053968253968253894 0.08412698412698402 0.0597883597883597 0.05661375661375654 0.05502645502645497 0.0793650793650793 0.05185185185185179 0.053439153439153356 0.07830687830687821 0.05502645502645496
0.061437908496731884 0.07581699346405212 0.0640522875816992 0.099346405228758 0.062091503267973726 0.0640522875816992 0.09084967320261421 0.06013071895424823 0.06013071895424823 0.0614379084967319 0.0614379084967319 0.06013071895424824 0.0594771241830064 0.06013071895424824 0.0594771241830064
0.0633986928104574 0.10457516339869262 0.06601307189542471 0.060784313725490056 0.06013071895424823 0.06274509803921555 0.07516339869281036 0.06209150326797371 0.06339869281045739 0.0614379084967319 0.06535947712418287 0.06339869281045739 0.06601307189542469 0.06274509803921556 0.06274509803921555
0.06172839506172829 0.058024691358024585 0.06358024691358014 0.06419753086419741 0.06728395061728384 0.05925925925925916 0.08580246913580232 0.06666666666666655 0.06419753086419741 0.07469135802469122 0.06111111111111099 0.06296296296296287 0.08888888888888877 0.06049382716049371 0.06111111111111099
0.06535947712418287 0.062091503267973726 0.0660130718954247 0.06601307189542473 0.06732026143790835 0.06339869281045739 0.06339869281045737 0.06601307189542471 0.062091503267973726 0.06928104575163387 0.0640522875816992 0.09411764705882338 0.06535947712418286 0.06535947712418287 0.06013071895424823
0.0594771241830064 0.06013071895424824 0.07516339869281032 0.06209150326797373 0.06470588235294103 0.0614379084967319 0.0594771241830064 0.06274509803921556 0.06013071895424823 0.07385620915032665 0.05882352941176457 0.11764705882352922 0.0614379084967319 0.06274509803921556 0.06013071895424824
0.06198830409356721 0.05730994152046786 0.06725146198830405 0.05906432748538009 0.06257309941520464 0.06257309941520466 0.06023391812865496 0.06081871345029237 0.07368421052631575 0.07017543859649118 0.05789473684210523 0.1257309941520467 0.0637426900584795 0.05847953216374267 0.05847953216374269
0.06458333333333334 0.06319444444444444 0.06319444444444444 0.06388888888888888 0.06388888888888888 0.06319444444444444 0.0625 0.06319444444444444 0.0625 0.0625 0.06388888888888888 0.0625 0.11458333333333333 0.06319444444444444 0.06319444444444444
0.06481481481481469 0.059876543209876426 0.06296296296296285 0.06913580246913567 0.06975308641975299 0.05802469135802457 0.09074074074074062 0.06111111111111099 0.06049382716049372 0.0685185185185184 0.0648148148148147 0.06234567901234556 0.0851851851851851 0.06234567901234556 0.059876543209876426
0.05679012345679001 0.05740740740740729 0.058641975308641854 0.059876543209876426 0.06851851851851838 0.05740740740740729 0.06172839506172829 0.05679012345679001 0.11049382716049364 0.10925925925925904 0.07098765432098751 0.058024691358024585 0.0574074074074073 0.0574074074074073 0.05925925925925915
0.06319444444444444 0.0625 0.06458333333333334 0.0625 0.06319444444444444 0.0625 0.0625 0.0625 0.0625 0.06319444444444444 0.0625 0.12083333333333333 0.0625 0.0625 0.0625
0.06535947712418289 0.061437908496731884 0.0660130718954247 0.06078431372549007 0.11241830065359457 0.059477124183006415 0.0614379084967319 0.06339869281045737 0.062091503267973726 0.0699346405228757 0.0614379084967319 0.06274509803921556 0.06928104575163382 0.06274509803921555 0.0614379084967319
0.06875 0.06805555555555555 0.06805555555555555 0.06458333333333334 0.06666666666666667 0.0625 0.06736111111111111 0.06736111111111111 0.06805555555555555 0.06458333333333334 0.07013888888888889 0.06319444444444444 0.06805555555555555 0.06597222222222222 0.06666666666666667
0.05672514619883039 0.11812865497076011 0.06432748538011696 0.05964912280701752 0.057309941520467825 0.06374269005847952 0.1397660818713448 0.05321637426900585 0.056140350877193 0.060233918128654966 0.05380116959064329 0.05438596491228069 0.05380116959064329 0.05438596491228069 0.05438596491228069
0.059477124183006415 0.16862745098039186 0.05882352941176457 0.05882352941176457 0.059477124183006415 0.05882352941176457 0.06470588235294106 0.05882352941176457 0.05882352941176457 0.05882352941176457 0.05882352941176457 0.0594771241830064 0.05882352941176457 0.05882352941176457 0.05882352941176457
0.0625 0.0625 0.0625 0.0625 0.0625 0.06319444444444444 0.0625 0.0625 0.0625 0.0625 0.06319444444444444 0.0625 0.0625 0.0625 0.12361111111111112
0.0613756613756613 0.04973544973544967 0.053439153439153356 0.052380952380952306 0.051851851851851774 0.04973544973544967 0.050264550264550185 0.04920634920634913 0.05661375661375654 0.053968253968253894 0.050793650793650724 0.05238095238095229 0.050264550264550185 0.05291005291005283 0.26507936507936475
0.05882352941176457 0.06928104575163387 0.06732026143790837 0.0679738562091502 0.07189542483660119 0.059477124183006415 0.09346405228758155 0.0594771241830064 0.06078431372549007 0.061437908496731884 0.06078431372549007 0.060784313725490056 0.07581699346405214 0.06928104575163384 0.06339869281045737
0.058024691358024585 0.05925925925925915 0.061728395061728274 0.05925925925925916 0.06543209876543198 0.05802469135802457 0.05617283950617273 0.06049382716049371 0.05925925925925914 0.06975308641975295 0.06296296296296285 0.05925925925925916 0.06049382716049372 0.05925925925925915 0.15061728395061708
0.2161111111111109 0.05166666666666658 0.05944444444444435 0.0527777777777777 0.05722222222222214 0.06055555555555546 0.05499999999999991 0.0538888888888888 0.05444444444444437 0.06555555555555545 0.05666666666666658 0.0527777777777777 0.05777777777777769 0.05277777777777769 0.053333333333333253
0.11543209876543191 0.05555555555555545 0.06049382716049371 0.06234567901234556 0.061728395061728274 0.05925925925925915 0.05802469135802457 0.07160493827160483 0.05925925925925915 0.06358024691358012 0.09197530864197517 0.06234567901234558 0.05617283950617273 0.05925925925925915 0.06296296296296283
0.06319444444444444 0.10972222222222222 0.0625 0.0625 0.06319444444444444 0.06319444444444444 0.07291666666666667 0.0625 0.0625 0.06319444444444444 0.06319444444444444 0.06319444444444444 0.0625 0.0625 0.06319444444444444
0.06875 0.06597222222222222 0.06666666666666667 0.06597222222222222 0.06527777777777778 0.06805555555555555 0.06458333333333334 0.06388888888888888 0.07013888888888889 0.06944444444444445 0.06597222222222222 0.06736111111111111 0.06527777777777778 0.06736111111111111 0.06527777777777778
0.06560846560846555 0.05449735449735441 0.06031746031746022 0.055555555555555476 0.06243386243386235 0.05238095238095232 0.05396825396825389 0.05661375661375654 0.050264550264550185 0.05502645502645494 0.06349206349206342 0.05555555555555548 0.06031746031746024 0.052380952380952306 0.20158730158730134
0.07013888888888889 0.06666666666666667 0.06805555555555555 0.06527777777777778 0.06736111111111111 0.06597222222222222 0.06875 0.06319444444444444 0.06875 0.06736111111111111 0.06875 0.06736111111111111 0.06458333333333334 0.06458333333333334 0.06319444444444444
0.06319444444444444 0.06319444444444444 0.06597222222222222 0.06388888888888888 0.06527777777777778 0.06319444444444444 0.06458333333333334 0.0625 0.0625 0.11041666666666666 0.06319444444444444 0.06319444444444444 0.06319444444444444 0.0625 0.06319444444444444
0.06358024691358014 0.05802469135802457 0.07037037037037024 0.0604938271604937 0.05987654320987644 0.06913580246913567 0.06543209876543199 0.06419753086419741 0.06172839506172829 0.11296296296296283 0.07098765432098753 0.05925925925925915 0.061111111111110984 0.058641975308641854 0.06419753086419742
0.0678362573099415 0.06023391812865494 0.06666666666666662 0.0637426900584795 0.06315789473684212 0.05964912280701754 0.05906432748538009 0.056725146198830394 0.06491228070175438 0.06842105263157892 0.10994152046783619 0.06608187134502923 0.06666666666666662 0.06491228070175435 0.061988304093567245
0.06666666666666667 0.06666666666666667 0.06666666666666667 0.06527777777777778 0.06458333333333334 0.06319444444444444 0.07083333333333333 0.06875 0.06736111111111111 0.06875 0.06458333333333334 0.06666666666666667 0.06805555555555555 0.06666666666666667 0.06527777777777778
0.06339869281045739 0.059477124183006415 0.06535947712418287 0.06013071895424824 0.06274509803921555 0.10980392156862726 0.06078431372549007 0.061437908496731884 0.0594771241830064 0.06666666666666651 0.06013071895424823 0.08823529411764687 0.0614379084967319 0.062091503267973726 0.05882352941176457
0.0625 0.0625 0.0625 0.06319444444444444 0.0625 0.0625 0.0625 0.12361111111111112 0.0625 0.0625 0.06319444444444444 0.0625 0.0625 0.0625 0.0625
0.06900584795321636 0.058479532163742666 0.0614035087719298 0.06257309941520466 0.06549707602339178 0.0654970760233918 0.06198830409356722 0.06432748538011693 0.06198830409356724 0.06432748538011693 0.06081871345029236 0.06257309941520466 0.061988304093567224 0.11929824561403495 0.06023391812865496
0.06597222222222222 0.06597222222222222 0.06527777777777778 0.06458333333333334 0.06597222222222222 0.07777777777777778 0.06388888888888888 0.06736111111111111 0.06458333333333334 0.06944444444444445 0.06736111111111111 0.06736111111111111 0.06527777777777778 0.06597222222222222 0.06319444444444444
0.0625 0.0625 0.06319444444444444 0.0625 0.0625 0.0625 0.06388888888888888 0.0625 0.06319444444444444 0.0625 0.06319444444444444 0.06319444444444444 0.12013888888888889 0.06319444444444444 0.0625
0.06790123456790113 0.05987654320987642 0.06975308641975299 0.06666666666666655 0.06975308641975297 0.061111111111111005 0.06604938271604927 0.06234567901234556 0.06172839506172829 0.0858024691358023 0.07345679012345668 0.06728395061728383 0.06296296296296285 0.062345679012345556 0.06296296296296285
0.07037037037037026 0.05864197530864187 0.08024691358024681 0.06851851851851842 0.06975308641975296 0.0722222222222221 0.06049382716049371 0.06172839506172829 0.06358024691358014 0.0685185185185184 0.07407407407407395 0.061728395061728294 0.06543209876543199 0.062345679012345556 0.062345679012345556
0.0625 0.0625 0.06458333333333334 0.0625 0.06319444444444444 0.0625 0.0625 0.0625 0.0625 0.06458333333333334 0.0625 0.11875 0.06388888888888888 0.0625 0.0625
0.052631578947368425 0.05321637426900584 0.058479532163742666 0.05438596491228069 0.05497076023391812 0.20760233918128654 0.05321637426900585 0.0883040935672515 0.05438596491228071 0.054970760233918115 0.05438596491228071 0.053801169590643266 0.05321637426900584 0.052631578947368425 0.053801169590643266
0.17385620915032654 0.05882352941176457 0.0594771241830064 0.0594771241830064 0.05882352941176457 0.05882352941176457 0.05882352941176457 0.05882352941176457 0.05882352941176457 0.0594771241830064 0.05882352941176457 0.05882352941176457 0.0594771241830064 0.05882352941176457 0.05882352941176457
0.06597222222222222 0.06597222222222222 0.06666666666666667 0.06666666666666667 0.06736111111111111 0.06736111111111111 0.06527777777777778 0.06944444444444445 0.06458333333333334 0.06527777777777778 0.06527777777777778 0.06736111111111111 0.06666666666666667 0.06666666666666667 0.06944444444444445
0.06597222222222222 0.06666666666666667 0.06666666666666667 0.06944444444444445 0.06597222222222222 0.06736111111111111 0.06458333333333334 0.06736111111111111 0.06527777777777778 0.06527777777777778 0.06666666666666667 0.06875 0.06736111111111111 0.06388888888888888 0.06875
0.059876543209876426 0.06172839506172829 0.08209876543209862 0.07160493827160481 0.06913580246913567 0.07037037037037025 0.06419753086419741 0.06543209876543199 0.06296296296296286 0.06666666666666655 0.06604938271604925 0.06481481481481469 0.06419753086419742 0.06543209876543198 0.06543209876543199
0.06527777777777778 0.06319444444444444 0.07013888888888889 0.07013888888888889 0.06736111111111111 0.06805555555555555 0.06597222222222222 0.06597222222222222 0.06527777777777778 0.06666666666666667 0.06736111111111111 0.07013888888888889 0.06388888888888888 0.06736111111111111 0.06319444444444444
0.05672514619883037 0.055555555555555525 0.0619883040935672 0.059064327485380055 0.05614035087719298 0.10643274853801168 0.05614035087719298 0.05555555555555554 0.05789473684210524 0.05614035087719298 0.06198830409356724 0.056725146198830415 0.05906432748538012 0.05906432748538012 0.14152046783625707
0.0594771241830064 0.09934640522875797 0.0594771241830064 0.05882352941176457 0.06013071895424824 0.05882352941176457 0.07058823529411755 0.0594771241830064 0.0594771241830064 0.0594771241830064 0.06013071895424824 0.06078431372549007 0.06013071895424823 0.0594771241830064 0.11437908496732001
0.06319444444444444 0.06319444444444444 0.07013888888888889 0.06736111111111111 0.06319444444444444 0.06319444444444444 0.06388888888888888 0.06319444444444444 0.06388888888888888 0.10277777777777777 0.06319444444444444 0.06527777777777778 0.0625 0.0625 0.0625
0.06666666666666667 0.06597222222222222 0.06597222222222222 0.06458333333333334 0.06875 0.0763888888888889 0.06458333333333334 0.06666666666666667 0.06666666666666667 0.06527777777777778 0.06597222222222222 0.06666666666666667 0.06527777777777778 0.06597222222222222 0.06458333333333334
0.05882352941176457 0.05882352941176457 0.06797385620915021 0.08431372549019592 0.07516339869281032 0.0640522875816992 0.08366013071895408 0.0594771241830064 0.060784313725490056 0.06470588235294103 0.06013071895424824 0.06862745098039201 0.072549019607843 0.06078431372549007 0.06013071895424823
0.06527777777777778 0.06458333333333334 0.07222222222222222 0.06319444444444444 0.06736111111111111 0.06458333333333334 0.06597222222222222 0.06388888888888888 0.0625 0.06319444444444444 0.06458333333333334 0.08958333333333333 0.06458333333333334 0.06527777777777778 0.06319444444444444
0.0625 0.0625 0.06388888888888888 0.06875 0.06458333333333334 0.0625 0.09513888888888888 0.0625 0.06597222222222222 0.06388888888888888 0.06388888888888888 0.06319444444444444 0.07430555555555556 0.0625 0.06388888888888888
0.0679738562091502 0.061437908496731905 0.06666666666666654 0.06470588235294104 0.062091503267973726 0.0614379084967319 0.10522875816993445 0.06078431372549007 0.06928104575163385 0.06535947712418287 0.061437908496731884 0.06405228758169922 0.06339869281045737 0.06274509803921555 0.06339869281045737
0.06597222222222222 0.0625 0.06944444444444445 0.06736111111111111 0.06805555555555555 0.06736111111111111 0.06319444444444444 0.06666666666666667 0.06736111111111111 0.07152777777777777 0.06875 0.06736111111111111 0.06527777777777778 0.06458333333333334 0.06458333333333334
0.05987654320987644 0.11358024691358005 0.06049382716049371 0.06728395061728383 0.06049382716049371 0.058641975308641854 0.05740740740740729 0.061728395061728274 0.05987654320987644 0.11111111111111091 0.058024691358024585 0.05740740740740729 0.058024691358024585 0.05864197530864187 0.05740740740740729
0.06319444444444444 0.10138888888888889 0.06388888888888888 0.0625 0.06319444444444444 0.0625 0.0763888888888889 0.06319444444444444 0.06458333333333334 0.0625 0.06319444444444444 0.06388888888888888 0.06319444444444444 0.06388888888888888 0.0625
0.05882352941176457 0.05882352941176457 0.0614379084967319 0.11111111111111087 0.05882352941176457 0.0594771241830064 0.0594771241830064 0.05882352941176457 0.0594771241830064 0.059477124183006415 0.05882352941176457 0.06013071895424824 0.059477124183006415 0.05882352941176457 0.11699346405228735
0.13989898989899 0.05151515151515154 0.05959595959595964 0.06212121212121218 0.06868686868686877 0.058080808080808136 0.05757575757575762 0.05505050505050508 0.058585858585858644 0.06111111111111115 0.07222222222222228 0.06262626262626267 0.06010101010101016 0.07070707070707077 0.06212121212121216
0.06111111111111099 0.05925925925925915 0.07283950617283938 0.07530864197530852 0.06790123456790115 0.06851851851851841 0.06358024691358014 0.06358024691358014 0.06172839506172829 0.07407407407407395 0.06296296296296286 0.06419753086419742 0.07592592592592581 0.06543209876543199 0.06358024691358014
0.05944444444444435 0.05388888888888881 0.06277777777777768 0.05722222222222215 0.06611111111111101 0.05666666666666658 0.056666666666666574 0.07333333333333326 0.05611111111111101 0.05833333333333325 0.12555555555555553 0.06166666666666656 0.05555555555555547 0.05611111111111103 0.10055555555555548
0.05380116959064327 0.052631578947368425 0.0543859649122807 0.054970760233918115 0.05614035087719297 0.05321637426900585 0.05497076023391812 0.05321637426900585 0.05321637426900584 0.054970760233918115 0.23625730994152058 0.053801169590643266 0.05321637426900586 0.05555555555555555 0.05964912280701752
0.07555555555555549 0.0549999999999999 0.06611111111111102 0.05944444444444435 0.08111111111111097 0.06722222222222213 0.05666666666666657 0.055555555555555476 0.06444444444444436 0.06111111111111101 0.1155555555555556 0.06499999999999993 0.05722222222222214 0.05944444444444436 0.06055555555555546
0.04814814814814808 0.04814814814814808 0.04920634920634914 0.04867724867724861 0.050264550264550185 0.09576719576719568 0.048677248677248604 0.04920634920634914 0.1730158730158728 0.050264550264550185 0.04920634920634913 0.048677248677248604 0.048677248677248604 0.14338624338624328 0.048677248677248604
0.05444444444444436 0.06055555555555548 0.05722222222222215 0.05333333333333324 0.05444444444444436 0.06166666666666658 0.054999999999999924 0.05111111111111103 0.056666666666666574 0.06222222222222213 0.05444444444444436 0.05166666666666657 0.05444444444444435 0.16722222222222227 0.10555555555555543
0.05499999999999991 0.05166666666666658 0.05444444444444437 0.05611111111111102 0.059999999999999915 0.055555555555555455 0.05611111111111103 0.05277777777777769 0.09833333333333323 0.05722222222222215 0.0577777777777777 0.05611111111111101 0.05333333333333324 0.12444444444444441 0.11111111111111101
0.045893719806763364 0.04541062801932375 0.058454106280193326 0.047342995169082185 0.04975845410628028 0.04879227053140103 0.047342995169082205 0.06280193236714984 0.2898550724637681 0.05265700483091797 0.05120772946859911 0.04782608695652183 0.053140096618357564 0.05120772946859911 0.04830917874396142
0.0660130718954247 0.0614379084967319 0.06732026143790835 0.06862745098039202 0.07385620915032665 0.06339869281045737 0.0660130718954247 0.07908496732026127 0.06209150326797373 0.06732026143790838 0.06928104575163385 0.06274509803921555 0.06274509803921556 0.06732026143790838 0.06274509803921555
0.05942028985507255 0.04492753623188413 0.07053140096618363 0.05893719806763292 0.06038647342995178 0.0729468599033817 0.04879227053140105 0.05265700483091794 0.12801932367149768 0.07729468599033827 0.055555555555555615 0.07487922705314022 0.05024154589371989 0.09565217391304356 0.04975845410628028
0.061375661375661285 0.11587301587301578 0.061904761904761824 0.07724867724867716 0.06084656084656077 0.053439153439153356 0.08306878306878303 0.05978835978835972 0.057671957671957576 0.06031746031746023 0.0592592592592592 0.05661375661375652 0.0756613756613756 0.0576719576719576 0.05925925925925918
0.06535947712418289 0.06666666666666655 0.07058823529411751 0.06862745098039204 0.06535947712418289 0.0660130718954247 0.0640522875816992 0.06993464052287567 0.06405228758169922 0.06666666666666651 0.06928104575163387 0.06339869281045737 0.06862745098039201 0.06470588235294104 0.06666666666666651
0.058641975308641854 0.059876543209876426 0.06543209876543199 0.06358024691358014 0.0648148148148147 0.06419753086419742 0.06234567901234556 0.05925925925925915 0.061728395061728274 0.06728395061728383 0.06234567901234556 0.06049382716049372 0.062345679012345556 0.12777777777777757 0.05987654320987642
0.06458333333333334 0.0625 0.06736111111111111 0.06458333333333334 0.06319444444444444 0.06319444444444444 0.06388888888888888 0.06319444444444444 0.06458333333333334 0.09444444444444444 0.06388888888888888 0.06944444444444445 0.06944444444444445 0.0625 0.06319444444444444
0.05679012345679001 0.05555555555555545 0.061111111111110984 0.05679012345679001 0.05740740740740729 0.05555555555555545 0.05679012345679001 0.058641975308641854 0.05864197530864187 0.19814814814814785 0.05679012345679001 0.05740740740740729 0.05679012345679002 0.05555555555555545 0.058024691358024585
0.05499999999999991 0.23833333333333329 0.054999999999999924 0.05333333333333324 0.05277777777777769 0.052222222222222135 0.0666666666666666 0.053333333333333253 0.05277777777777769 0.054999999999999924 0.05333333333333324 0.052222222222222135 0.05277777777777769 0.05666666666666658 0.050555555555555465
0.0594771241830064 0.05882352941176457 0.06274509803921556 0.06339869281045737 0.0633986928104574 0.05882352941176457 0.07385620915032665 0.0594771241830064 0.05882352941176457 0.05882352941176457 0.059477124183006415 0.05882352941176457 0.14313725490196053 0.0594771241830064 0.0614379084967319
0.06458333333333334 0.06388888888888888 0.06805555555555555 0.06597222222222222 0.06736111111111111 0.06527777777777778 0.07361111111111111 0.06527777777777778 0.06597222222222222 0.06388888888888888 0.07083333333333333 0.06527777777777778 0.07361111111111111 0.0625 0.06388888888888888
0.05 0.04747474747474746 0.058080808080808136 0.05505050505050509 0.056060606060606095 0.04797979797979798 0.047474747474747475 0.04848484848484849 0.047474747474747475 0.04949494949494951 0.12222222222222232 0.05000000000000002 0.04848484848484849 0.05000000000000001 0.22171717171717173
0.062091503267973726 0.06405228758169922 0.072549019607843 0.06928104575163384 0.06862745098039201 0.06732026143790835 0.06666666666666654 0.06078431372549007 0.06666666666666654 0.0705882352941175 0.06666666666666653 0.06862745098039204 0.0699346405228757 0.06013071895424823 0.0660130718954247
0.15672514619883007 0.052631578947368425 0.05321637426900586 0.05906432748538014 0.058479532163742624 0.05321637426900584 0.07485380116959066 0.05438596491228071 0.10292397660818715 0.05321637426900584 0.05321637426900585 0.05380116959064327 0.06783625730994153 0.05380116959064327 0.052631578947368425
0.05166666666666659 0.05277777777777769 0.06055555555555546 0.058888888888888796 0.062222222222222116 0.05333333333333323 0.05333333333333324 0.0538888888888888 0.0549999999999999 0.09222222222222214 0.08333333333333323 0.16000000000000011 0.053888888888888806 0.053888888888888806 0.054999999999999924
0.060784313725490056 0.060784313725490056 0.06339869281045739 0.06339869281045737 0.0614379084967319 0.06209150326797373 0.06274509803921555 0.0614379084967319 0.06078431372549007 0.11895424836601283 0.06405228758169922 0.06013071895424824 0.06274509803921555 0.061437908496731884 0.07581699346405214
0.0649122807017544 0.061988304093567224 0.07543859649122804 0.0637426900584795 0.06783625730994151 0.06257309941520464 0.06257309941520464 0.06140350877192979 0.06842105263157892 0.06842105263157898 0.0771929824561403 0.06491228070175435 0.06432748538011694 0.06666666666666662 0.06959064327485374
0.06535947712418287 0.0614379084967319 0.07189542483660119 0.06405228758169922 0.06470588235294104 0.10980392156862728 0.0640522875816992 0.06013071895424824 0.06470588235294103 0.06339869281045737 0.06078431372549007 0.06405228758169922 0.062091503267973726 0.06274509803921556 0.06078431372549007
0.06458333333333334 0.06319444444444444 0.06736111111111111 0.06388888888888888 0.06666666666666667 0.06736111111111111 0.06666666666666667 0.0625 0.07847222222222222 0.0763888888888889 0.06597222222222222 0.06597222222222222 0.06388888888888888 0.06388888888888888 0.06319444444444444
0.07254901960784299 0.06078431372549007 0.06928104575163385 0.06274509803921555 0.0660130718954247 0.06339869281045737 0.06013071895424823 0.07058823529411752 0.0633986928104574 0.06666666666666651 0.0797385620915031 0.06666666666666655 0.06339869281045737 0.06666666666666653 0.0679738562091502
0.06013071895424824 0.06078431372549007 0.06862745098039201 0.07189542483660118 0.0699346405228757 0.06405228758169922 0.08692810457516324 0.06078431372549007 0.06470588235294104 0.062091503267973726 0.061437908496731905 0.0594771241830064 0.08562091503267959 0.06013071895424823 0.06339869281045737
0.06013071895424824 0.0594771241830064 0.11503267973856192 0.06274509803921556 0.08496732026143776 0.0614379084967319 0.062091503267973726 0.06013071895424824 0.0594771241830064 0.06862745098039204 0.06013071895424823 0.0614379084967319 0.06470588235294106 0.059477124183006415 0.06013071895424823
0.06736111111111111 0.06388888888888888 0.06666666666666667 0.06527777777777778 0.06666666666666667 0.06527777777777778 0.06805555555555555 0.06597222222222222 0.06458333333333334 0.06736111111111111 0.07013888888888889 0.06458333333333334 0.06458333333333334 0.06527777777777778 0.07430555555555556
0.10966183574879237 0.045893719806763364 0.06763285024154599 0.05555555555555564 0.05507246376811602 0.11739130434782613 0.04830917874396144 0.050724637681159486 0.07246376811594213 0.06521739130434792 0.05169082125603873 0.10338164251207738 0.05362318840579719 0.05265700483091797 0.0507246376811595
0.05925925925925915 0.05617283950617273 0.05864197530864187 0.061728395061728294 0.12654320987654297 0.05925925925925915 0.0574074074074073 0.10061728395061714 0.05987654320987644 0.061111111111111005 0.06049382716049372 0.059876543209876426 0.058024691358024585 0.059876543209876426 0.06111111111111099
0.05502645502645495 0.05291005291005285 0.11216931216931207 0.11534391534391523 0.06296296296296287 0.06243386243386234 0.05291005291005283 0.0576719576719576 0.08201058201058192 0.05978835978835972 0.057142857142857065 0.065079365079365 0.05873015873015866 0.053968253968253894 0.05185185185185177
0.062091503267973726 0.0594771241830064 0.06274509803921556 0.06209150326797373 0.12026143790849649 0.0594771241830064 0.0614379084967319 0.06666666666666653 0.06339869281045739 0.0699346405228757 0.06209150326797373 0.06078431372549007 0.06862745098039201 0.062091503267973726 0.05882352941176457
0.06666666666666667 0.06597222222222222 0.07152777777777777 0.06527777777777778 0.06805555555555555 0.06458333333333334 0.06388888888888888 0.06527777777777778 0.06875 0.06666666666666667 0.06527777777777778 0.06736111111111111 0.07291666666666667 0.06388888888888888 0.06388888888888888
0.0594771241830064 0.05882352941176457 0.061437908496731905 0.06797385620915017 0.06339869281045739 0.0594771241830064 0.08562091503267956 0.06078431372549007 0.062091503267973726 0.0614379084967319 0.059477124183006415 0.05882352941176457 0.07581699346405214 0.10653594771241807 0.05882352941176457
0.06601307189542471 0.0594771241830064 0.06470588235294104 0.0614379084967319 0.06339869281045739 0.06470588235294104 0.06535947712418286 0.0640522875816992 0.061437908496731905 0.062091503267973726 0.07124183006535935 0.060784313725490056 0.06209150326797373 0.10326797385620892 0.06993464052287567
0.05864197530864187 0.05740740740740729 0.05925925925925915 0.058641975308641854 0.05617283950617273 0.0827160493827159 0.05864197530864187 0.05802469135802457 0.05987654320987642 0.0574074074074073 0.06049382716049371 0.05987654320987642 0.05925925925925915 0.1549382716049381 0.05864197530864187
0.06419753086419741 0.09197530864197517 0.07222222222222209 0.06728395061728382 0.07098765432098754 0.06728395061728384 0.06358024691358014 0.06666666666666655 0.06481481481481469 0.0679012345679011 0.06296296296296286 0.05987654320987642 0.06049382716049372 0.061111111111111005 0.058641975308641854
0.058479532163742666 0.055555555555555546 0.0678362573099415 0.0608187134502924 0.060233918128654945 0.1122807017543859 0.05964912280701755 0.05964912280701752 0.07426900584795314 0.06198830409356721 0.06023391812865492 0.06023391812865496 0.06900584795321636 0.059649122807017535 0.08011695906432752
0.06458333333333334 0.06388888888888888 0.0875 0.06458333333333334 0.06458333333333334 0.06597222222222222 0.06458333333333334 0.06319444444444444 0.06736111111111111 0.06597222222222222 0.06527777777777778 0.06597222222222222 0.07013888888888889 0.06319444444444444 0.06319444444444444
0.0444444444444444 0.04351851851851846 0.04537037037037032 0.11898148148148152 0.045370370370370325 0.04629629629629627 0.043518518518518456 0.24120370370370373 0.045833333333333295 0.04398148148148143 0.08472222222222223 0.04398148148148143 0.04537037037037032 0.06018518518518523 0.04722222222222219
0.056565656565656604 0.21515151515151526 0.053030303030303046 0.05202020202020205 0.05555555555555559 0.04797979797979797 0.11414141414141413 0.05202020202020203 0.05202020202020205 0.05050505050505051 0.052525252525252544 0.05151515151515154 0.0494949494949495 0.0494949494949495 0.04797979797979798
0.05555555555555545 0.05679012345679001 0.06604938271604925 0.0796296296296295 0.05987654320987642 0.10617283950617264 0.05555555555555545 0.12283950617283934 0.05617283950617273 0.05617283950617273 0.058024691358024585 0.0574074074074073 0.0574074074074073 0.05617283950617273 0.05617283950617273
0.11754385964912273 0.05730994152046782 0.0672514619883041 0.05730994152046782 0.060233918128654966 0.05321637426900584 0.06023391812865497 0.058479532163742666 0.058479532163742666 0.06959064327485381 0.06959064327485377 0.06549707602339179 0.05789473684210523 0.05672514619883039 0.09064327485380118
0.062091503267973726 0.0614379084967319 0.06862745098039202 0.06078431372549007 0.06274509803921556 0.0594771241830064 0.06209150326797371 0.06209150326797373 0.06601307189542469 0.06862745098039201 0.061437908496731905 0.11830065359477102 0.06274509803921555 0.062091503267973726 0.0614379084967319
0.051851851851851774 0.04920634920634914 0.05449735449735442 0.06296296296296286 0.061904761904761824 0.05661375661375653 0.06243386243386233 0.05714285714285708 0.053439153439153356 0.056084656084656 0.050264550264550185 0.05079365079365071 0.233333333333333 0.04973544973544967 0.04973544973544967
0.06388888888888888 0.06319444444444444 0.0625 0.0625 0.06319444444444444 0.0625 0.0625 0.06319444444444444 0.06319444444444444 0.0625 0.0625 0.0625 0.12083333333333333 0.0625 0.0625
0.07083333333333333 0.06458333333333334 0.06458333333333334 0.06319444444444444 0.06458333333333334 0.0625 0.06597222222222222 0.06736111111111111 0.06527777777777778 0.06527777777777778 0.08055555555555556 0.06388888888888888 0.0625 0.06597222222222222 0.07291666666666667
0.07291666666666667 0.06666666666666667 0.06527777777777778 0.06736111111111111 0.06597222222222222 0.06805555555555555 0.06458333333333334 0.06458333333333334 0.06805555555555555 0.06666666666666667 0.06736111111111111 0.07013888888888889 0.06458333333333334 0.06527777777777778 0.0625
0.0640522875816992 0.059477124183006415 0.06470588235294103 0.06274509803921555 0.06470588235294106 0.06274509803921555 0.06274509803921556 0.06209150326797373 0.06078431372549007 0.06862745098039201 0.0614379084967319 0.11960784313725466 0.061437908496731905 0.06405228758169922 0.06078431372549007
0.050264550264550185 0.04920634920634914 0.05291005291005283 0.04814814814814808 0.051851851851851795 0.05238095238095231 0.050793650793650724 0.05026455026455019 0.2767195767195765 0.06931216931216923 0.050793650793650724 0.04973544973544966 0.048677248677248604 0.050793650793650724 0.04814814814814808
0.06527777777777778 0.06458333333333334 0.06805555555555555 0.06458333333333334 0.06875 0.06527777777777778 0.06458333333333334 0.06666666666666667 0.06388888888888888 0.06458333333333334 0.07916666666666666 0.06319444444444444 0.06666666666666667 0.06458333333333334 0.07013888888888889
0.06783625730994146 0.053801169590643266 0.08128654970760234 0.06374269005847952 0.0608187134502924 0.054970760233918115 0.056725146198830394 0.061988304093567224 0.06374269005847949 0.06140350877192979 0.07368421052631577 0.05730994152046784 0.06023391812865496 0.060818713450292376 0.12163742690058468
0.05864197530864187 0.05555555555555545 0.06728395061728384 0.0574074074074073 0.05925925925925915 0.05925925925925915 0.05802469135802457 0.059876543209876426 0.05987654320987644 0.06172839506172829 0.05925925925925915 0.1697530864197528 0.058024691358024585 0.05925925925925915 0.05679012345679001
0.0625 0.0625 0.06388888888888888 0.0625 0.06388888888888888 0.0625 0.0625 0.06319444444444444 0.06319444444444444 0.06319444444444444 0.0625 0.11944444444444445 0.06319444444444444 0.0625 0.0625
0.062345679012345556 0.0574074074074073 0.059876543209876426 0.09506172839506156 0.0648148148148147 0.05925925925925915 0.08271604938271593 0.062345679012345556 0.059876543209876426 0.06296296296296285 0.061111111111111005 0.06049382716049371 0.08086419753086407 0.06049382716049371 0.07037037037037025
0.05321637426900585 0.05321637426900584 0.057309941520467825 0.10000000000000002 0.057309941520467866 0.05321637426900584 0.0543859649122807 0.1 0.055555555555555566 0.0543859649122807 0.058479532163742694 0.05321637426900585 0.05497076023391812 0.05321637426900585 0.14152046783625707
0.17660818713450271 0.06257309941520461 0.06140350877192982 0.05789473684210525 0.055555555555555546 0.0590643274853801 0.060233918128654945 0.05672514619883037 0.05789473684210525 0.05730994152046784 0.05730994152046782 0.06374269005847949 0.056725146198830394 0.057309941520467825 0.059649122807017535
0.06805555555555555 0.06388888888888888 0.06875 0.06736111111111111 0.06597222222222222 0.07152777777777777 0.06597222222222222 0.06527777777777778 0.06597222222222222 0.06736111111111111 0.06597222222222222 0.06527777777777778 0.06527777777777778 0.06875 0.06458333333333334
