0.06666666666666653 0.06470588235294104 0.0679738562091502 0.06405228758169923 0.07058823529411751 0.06797385620915021 0.06274509803921556 0.06339869281045739 0.07254901960784299 0.06928104575163382 0.07058823529411751 0.06274509803921556 0.061437908496731905 0.06732026143790837 0.06797385620915021
0.06597222222222222 0.06458333333333334 0.06805555555555555 0.06388888888888888 0.07847222222222222 0.06388888888888888 0.06458333333333334 0.07013888888888889 0.06875 0.06319444444444444 0.07013888888888889 0.06319444444444444 0.06319444444444444 0.06458333333333334 0.06736111111111111
0.061111111111111005 0.06358024691358014 0.06111111111111099 0.07283950617283938 0.07654320987654312 0.06358024691358012 0.059876543209876426 0.06481481481481469 0.06481481481481467 0.06296296296296285 0.06296296296296283 0.07962962962962951 0.05987654320987642 0.08395061728395048 0.06234567901234556
0.058888888888888796 0.0627777777777777 0.0638888888888888 0.06888888888888878 0.07111111111111106 0.0688888888888888 0.05666666666666658 0.0627777777777777 0.06666666666666657 0.06555555555555545 0.06222222222222214 0.05999999999999993 0.06277777777777768 0.10666666666666659 0.06222222222222214
0.06140350877192979 0.06491228070175435 0.09005847953216374 0.06491228070175437 0.07719298245614027 0.06432748538011691 0.06432748538011696 0.06432748538011693 0.06491228070175438 0.0637426900584795 0.06140350877192979 0.05964912280701752 0.05730994152046782 0.06432748538011691 0.0771929824561403
0.07385620915032666 0.06339869281045737 0.0614379084967319 0.06928104575163387 0.06928104575163387 0.06993464052287568 0.059477124183006415 0.06601307189542469 0.0614379084967319 0.06470588235294104 0.08104575163398677 0.06601307189542471 0.06339869281045739 0.059477124183006415 0.07124183006535935
0.06339869281045737 0.0849673202614378 0.07320261437908483 0.07058823529411752 0.06470588235294106 0.06666666666666653 0.06013071895424824 0.07124183006535935 0.06993464052287571 0.06274509803921555 0.0614379084967319 0.0614379084967319 0.06470588235294104 0.06078431372549008 0.06405228758169922
0.06419753086419741 0.061111111111111005 0.06111111111111099 0.06419753086419741 0.06358024691358014 0.07407407407407395 0.10925925925925907 0.07530864197530854 0.05925925925925915 0.061728395061728274 0.05987654320987644 0.059876543209876426 0.062345679012345584 0.0648148148148147 0.05925925925925915
0.06388888888888888 0.07083333333333333 0.07222222222222222 0.06458333333333334 0.06597222222222222 0.06805555555555555 0.06319444444444444 0.06458333333333334 0.07222222222222222 0.06805555555555555 0.06388888888888888 0.06388888888888888 0.06458333333333334 0.06805555555555555 0.06597222222222222
0.0625 0.06319444444444444 0.0625 0.06388888888888888 0.0625 0.0625 0.0625 0.0625 0.06319444444444444 0.06458333333333334 0.0625 0.11875 0.0625 0.06388888888888888 0.0625
0.06805555555555555 0.06736111111111111 0.06666666666666667 0.06388888888888888 0.06666666666666667 0.06527777777777778 0.06527777777777778 0.07013888888888889 0.06527777777777778 0.06597222222222222 0.06875 0.06666666666666667 0.06805555555555555 0.06736111111111111 0.06458333333333334
0.10138888888888889 0.06527777777777778 0.06527777777777778 0.06527777777777778 0.06319444444444444 0.06319444444444444 0.06319444444444444 0.06458333333333334 0.06319444444444444 0.06388888888888888 0.06458333333333334 0.06527777777777778 0.0625 0.06597222222222222 0.06319444444444444
0.06732026143790838 0.05882352941176457 0.10392156862745083 0.06405228758169922 0.07581699346405213 0.060784313725490056 0.05882352941176457 0.0718954248366012 0.06601307189542469 0.0594771241830064 0.06928104575163385 0.05882352941176457 0.06078431372549007 0.06078431372549007 0.06339869281045737
0.06296296296296285 0.05987654320987644 0.06666666666666657 0.0685185185185184 0.06728395061728384 0.06234567901234558 0.10555555555555537 0.0648148148148147 0.061728395061728274 0.07222222222222208 0.058641975308641854 0.06358024691358012 0.0604938271604937 0.06358024691358014 0.06172839506172829
0.06535947712418286 0.0679738562091502 0.06535947712418286 0.06601307189542469 0.0660130718954247 0.0679738562091502 0.09869281045751614 0.06339869281045739 0.06339869281045737 0.06535947712418286 0.06013071895424823 0.062091503267973726 0.06274509803921556 0.062091503267973726 0.06339869281045739
0.06319444444444444 0.06319444444444444 0.07013888888888889 0.07291666666666667 0.06527777777777778 0.06458333333333334 0.06388888888888888 0.0625 0.08611111111111111 0.07291666666666667 0.06319444444444444 0.0625 0.06319444444444444 0.06319444444444444 0.06319444444444444
0.06470588235294103 0.0640522875816992 0.06470588235294104 0.06535947712418287 0.06535947712418286 0.06666666666666653 0.06013071895424824 0.08954248366013058 0.06732026143790835 0.07516339869281029 0.06535947712418287 0.0614379084967319 0.062091503267973726 0.06339869281045737 0.06470588235294106
0.06736111111111111 0.06458333333333334 0.06319444444444444 0.06597222222222222 0.07430555555555556 0.06458333333333334 0.06388888888888888 0.06736111111111111 0.06736111111111111 0.06597222222222222 0.06597222222222222 0.07430555555555556 0.0625 0.06736111111111111 0.06527777777777778
0.06944444444444445 0.06597222222222222 0.06597222222222222 0.06736111111111111 0.06944444444444445 0.06875 0.06319444444444444 0.07083333333333333 0.06527777777777778 0.06666666666666667 0.06597222222222222 0.06597222222222222 0.06527777777777778 0.06388888888888888 0.06597222222222222
0.0722222222222221 0.06234567901234556 0.06358024691358014 0.06666666666666655 0.0641975308641974 0.05987654320987644 0.0574074074074073 0.06666666666666657 0.059876543209876426 0.06728395061728383 0.05987654320987644 0.058641975308641854 0.11296296296296278 0.06358024691358014 0.06481481481481469
0.05679012345679001 0.05987654320987644 0.05617283950617273 0.05802469135802457 0.07160493827160483 0.058641975308641854 0.05740740740740729 0.059876543209876426 0.058641975308641854 0.05925925925925915 0.06358024691358014 0.16234567901234545 0.0574074074074073 0.062345679012345556 0.05802469135802457
0.06712962962962968 0.0675925925925926 0.057870370370370336 0.0513888888888889 0.06851851851851856 0.06990740740740745 0.04814814814814815 0.08148148148148152 0.057870370370370364 0.06342592592592596 0.07222222222222226 0.05185185185185182 0.08472222222222223 0.10185185185185185 0.05601851851851855
0.07037037037037026 0.06604938271604925 0.06419753086419742 0.06790123456790112 0.06234567901234556 0.06728395061728384 0.061111111111111005 0.0759259259259258 0.06975308641975296 0.06728395061728383 0.0722222222222221 0.0604938271604937 0.061728395061728274 0.06851851851851841 0.0648148148148147
0.06549707602339176 0.07836257309941522 0.05906432748538009 0.06198830409356722 0.06900584795321633 0.06491228070175437 0.053801169590643266 0.07836257309941518 0.060233918128654966 0.06257309941520467 0.06725146198830408 0.05614035087719295 0.08713450292397656 0.06842105263157888 0.06725146198830413
0.0625 0.0625 0.0625 0.0625 0.0625 0.06388888888888888 0.12291666666666666 0.06319444444444444 0.0625 0.0625 0.0625 0.0625 0.0625 0.0625 0.0625
0.06111111111111099 0.06790123456790112 0.06296296296296283 0.06604938271604928 0.07037037037037025 0.10185185185185172 0.05679012345679001 0.07160493827160483 0.06358024691358011 0.06728395061728382 0.06481481481481471 0.06111111111111099 0.06296296296296283 0.06296296296296283 0.058641975308641854
0.06319444444444444 0.06944444444444445 0.06388888888888888 0.06736111111111111 0.06736111111111111 0.06805555555555555 0.06319444444444444 0.06875 0.06527777777777778 0.07222222222222222 0.07083333333333333 0.06319444444444444 0.06666666666666667 0.06666666666666667 0.06388888888888888
0.06666666666666667 0.06597222222222222 0.06388888888888888 0.06527777777777778 0.07013888888888889 0.06875 0.06388888888888888 0.06805555555555555 0.06666666666666667 0.06736111111111111 0.06527777777777778 0.07013888888888889 0.06458333333333334 0.06527777777777778 0.06805555555555555
0.06862745098039202 0.06013071895424824 0.06470588235294103 0.06666666666666654 0.06928104575163385 0.06535947712418289 0.06470588235294104 0.07516339869281032 0.06601307189542469 0.07516339869281029 0.0679738562091502 0.062091503267973726 0.06339869281045737 0.06339869281045739 0.06732026143790837
0.07291666666666667 0.06736111111111111 0.06458333333333334 0.06666666666666667 0.06805555555555555 0.06666666666666667 0.06805555555555555 0.06458333333333334 0.06388888888888888 0.06458333333333334 0.06527777777777778 0.06388888888888888 0.06736111111111111 0.06875 0.06736111111111111
0.06081871345029237 0.0660818713450292 0.06549707602339178 0.07894736842105254 0.0678362573099415 0.06608187134502923 0.06257309941520463 0.06725146198830406 0.07368421052631573 0.07134502923976603 0.06783625730994146 0.06432748538011694 0.060233918128654966 0.06374269005847953 0.0637426900584795
0.05847953216374264 0.05789473684210525 0.12865497076023372 0.08304093567251462 0.07134502923976599 0.057309941520467825 0.0543859649122807 0.061988304093567294 0.07894736842105261 0.06315789473684208 0.06374269005847953 0.053801169590643266 0.05614035087719296 0.057309941520467825 0.05380116959064329
0.06339869281045739 0.06862745098039204 0.08235294117647045 0.06601307189542471 0.06339869281045739 0.06928104575163387 0.0594771241830064 0.06732026143790834 0.07581699346405214 0.06732026143790838 0.06535947712418286 0.0614379084967319 0.06601307189542469 0.06405228758169922 0.06013071895424823
0.06736111111111111 0.06388888888888888 0.06597222222222222 0.06666666666666667 0.06805555555555555 0.06458333333333334 0.06319444444444444 0.07222222222222222 0.06527777777777778 0.07222222222222222 0.06736111111111111 0.06527777777777778 0.06319444444444444 0.06527777777777778 0.06944444444444445
0.06666666666666654 0.06274509803921556 0.06405228758169923 0.0640522875816992 0.06732026143790837 0.06405228758169922 0.06405228758169922 0.07516339869281029 0.06209150326797371 0.06274509803921556 0.07450980392156849 0.06013071895424824 0.06339869281045737 0.06666666666666653 0.08235294117647045
0.061403508771929835 0.0888888888888889 0.05964912280701752 0.07134502923976599 0.06491228070175437 0.06374269005847946 0.05497076023391812 0.0707602339181286 0.06608187134502923 0.0678362573099415 0.06432748538011697 0.06081871345029241 0.05730994152046784 0.08771929824561404 0.060233918128654966
0.0649999999999999 0.0577777777777777 0.06111111111111103 0.06222222222222211 0.06611111111111104 0.0733333333333332 0.0927777777777777 0.06944444444444438 0.06388888888888881 0.07333333333333324 0.061666666666666564 0.07166666666666659 0.05833333333333325 0.06111111111111103 0.06222222222222215
0.06666666666666653 0.06274509803921555 0.06274509803921555 0.0660130718954247 0.07320261437908483 0.06274509803921556 0.06470588235294103 0.07058823529411751 0.06797385620915018 0.06732026143790835 0.06862745098039204 0.06928104575163384 0.06535947712418287 0.06601307189542471 0.0660130718954247
0.0625 0.0625 0.06458333333333334 0.0625 0.0625 0.06388888888888888 0.1125 0.06388888888888888 0.0625 0.06527777777777778 0.06319444444444444 0.06319444444444444 0.06319444444444444 0.06388888888888888 0.06388888888888888
0.06805555555555555 0.06597222222222222 0.06527777777777778 0.06597222222222222 0.06805555555555555 0.06597222222222222 0.06319444444444444 0.06875 0.06527777777777778 0.06944444444444445 0.06527777777777778 0.06805555555555555 0.06666666666666667 0.06736111111111111 0.06666666666666667
0.05444444444444437 0.1077777777777777 0.05444444444444437 0.05777777777777768 0.058333333333333244 0.057222222222222126 0.1055555555555554 0.06888888888888879 0.06722222222222216 0.06277777777777767 0.06222222222222214 0.05444444444444437 0.0799999999999999 0.05555555555555547 0.053333333333333253
0.06470588235294104 0.06797385620915018 0.06339869281045739 0.06732026143790835 0.06732026143790837 0.072549019607843 0.06078431372549007 0.06732026143790834 0.06732026143790835 0.06862745098039201 0.06666666666666653 0.06470588235294104 0.06274509803921555 0.07647058823529397 0.06209150326797373
0.06535947712418289 0.06535947712418287 0.06797385620915018 0.06928104575163385 0.06928104575163385 0.06339869281045737 0.06078431372549007 0.06209150326797373 0.07647058823529398 0.06405228758169922 0.08300653594771228 0.0640522875816992 0.06274509803921556 0.06274509803921555 0.06339869281045737
0.060784313725490056 0.06405228758169922 0.059477124183006415 0.0614379084967319 0.06601307189542473 0.0660130718954247 0.062091503267973726 0.06535947712418289 0.06666666666666654 0.06405228758169922 0.061437908496731884 0.06078431372549007 0.11372549019607826 0.06274509803921555 0.06535947712418287
0.056725146198830394 0.05789473684210523 0.060233918128654945 0.05906432748538011 0.05964912280701756 0.06023391812865494 0.05789473684210525 0.06315789473684211 0.06491228070175438 0.06315789473684208 0.05672514619883037 0.05789473684210524 0.08830409356725147 0.134502923976608 0.0596491228070175
0.04814814814814808 0.051851851851851774 0.048677248677248604 0.04920634920634913 0.05026455026455019 0.05026455026455019 0.050264550264550206 0.051851851851851774 0.050793650793650724 0.05291005291005284 0.048677248677248604 0.04867724867724861 0.04814814814814808 0.29999999999999966 0.050264550264550185
0.06319444444444444 0.06319444444444444 0.09722222222222222 0.06319444444444444 0.08194444444444444 0.0625 0.0625 0.06319444444444444 0.06319444444444444 0.0625 0.06388888888888888 0.06388888888888888 0.06388888888888888 0.06319444444444444 0.0625
0.05802469135802457 0.05925925925925915 0.12160493827160485 0.06234567901234555 0.09753086419753071 0.06049382716049371 0.06604938271604927 0.06049382716049371 0.058641975308641875 0.061728395061728274 0.058024691358024585 0.05740740740740729 0.058641975308641854 0.05925925925925915 0.06049382716049371
0.05882352941176457 0.05882352941176457 0.12941176470588225 0.05882352941176457 0.10130718954248354 0.059477124183006415 0.05882352941176457 0.05882352941176457 0.0594771241830064 0.06013071895424824 0.0594771241830064 0.0594771241830064 0.059477124183006415 0.05882352941176457 0.05882352941176457
0.06319444444444444 0.0625 0.06319444444444444 0.0625 0.06319444444444444 0.06388888888888888 0.06388888888888888 0.06597222222222222 0.06319444444444444 0.06458333333333334 0.06458333333333334 0.11041666666666666 0.06319444444444444 0.06319444444444444 0.0625
0.057070707070707105 0.06010101010101011 0.08383838383838392 0.0681818181818182 0.059595959595959674 0.06161616161616167 0.048989898989899 0.06464646464646467 0.09949494949494955 0.07828282828282837 0.05555555555555559 0.0494949494949495 0.10000000000000006 0.05959595959595966 0.053535353535353554
0.0766081871345028 0.053801169590643266 0.0567251461988304 0.09122807017543866 0.05789473684210525 0.07777777777777779 0.05497076023391813 0.06081871345029236 0.057309941520467846 0.059649122807017535 0.061988304093567224 0.05789473684210523 0.0584795321637427 0.06374269005847952 0.11111111111111108
0.06597222222222222 0.06944444444444445 0.06736111111111111 0.07013888888888889 0.06597222222222222 0.06458333333333334 0.06666666666666667 0.06736111111111111 0.06805555555555555 0.06805555555555555 0.06458333333333334 0.06319444444444444 0.06666666666666667 0.06597222222222222 0.06597222222222222
0.07724867724867714 0.05820105820105812 0.06455026455026447 0.09470899470899471 0.06084656084656077 0.06402116402116391 0.06507936507936501 0.058730158730158646 0.0576719576719576 0.07089947089947084 0.058201058201058115 0.053968253968253894 0.10264550264550255 0.05873015873015866 0.05449735449735442
0.06319444444444444 0.06597222222222222 0.06527777777777778 0.06458333333333334 0.06875 0.06597222222222222 0.06388888888888888 0.06944444444444445 0.06458333333333334 0.06527777777777778 0.06527777777777778 0.08333333333333333 0.06597222222222222 0.06527777777777778 0.06319444444444444
0.06274509803921555 0.06535947712418287 0.06666666666666654 0.06862745098039201 0.06470588235294103 0.06339869281045739 0.06928104575163387 0.06862745098039202 0.0679738562091502 0.07712418300653578 0.07124183006535934 0.06013071895424823 0.06274509803921556 0.06601307189542471 0.06535947712418289
0.06543209876543199 0.09197530864197521 0.06111111111111099 0.06975308641975296 0.06543209876543199 0.08765432098765423 0.05555555555555545 0.0722222222222221 0.06358024691358014 0.06481481481481471 0.05864197530864187 0.058641975308641854 0.058641975308641854 0.06481481481481469 0.061728395061728294
0.06666666666666657 0.05777777777777769 0.05777777777777768 0.11111111111111141 0.11833333333333337 0.05777777777777768 0.056666666666666574 0.0616666666666666 0.054999999999999924 0.06055555555555547 0.05499999999999991 0.06333333333333321 0.053333333333333253 0.06277777777777771 0.062222222222222116
0.06862745098039202 0.07058823529411751 0.06339869281045737 0.06993464052287567 0.0679738562091502 0.06274509803921556 0.0614379084967319 0.06339869281045737 0.06535947712418286 0.06535947712418289 0.06078431372549007 0.08169934640522859 0.06209150326797371 0.07124183006535935 0.06535947712418287
0.06257309941520466 0.06374269005847952 0.061403508771929835 0.0935672514619882 0.09532163742690063 0.057309941520467825 0.0590643274853801 0.06198830409356724 0.0614035087719298 0.06842105263157895 0.06081871345029235 0.060233918128654945 0.059649122807017514 0.06842105263157895 0.06608187134502919
0.06666666666666654 0.062091503267973726 0.10261437908496715 0.06732026143790837 0.07189542483660116 0.06209150326797373 0.06013071895424823 0.07320261437908486 0.06535947712418287 0.06013071895424823 0.06601307189542473 0.059477124183006415 0.06013071895424823 0.062091503267973726 0.06078431372549007
0.06319444444444444 0.0625 0.06388888888888888 0.06319444444444444 0.06388888888888888 0.0625 0.06319444444444444 0.06458333333333334 0.06388888888888888 0.0625 0.06388888888888888 0.11319444444444444 0.06319444444444444 0.06388888888888888 0.0625
0.0625 0.12222222222222222 0.0625 0.0625 0.0625 0.0625 0.0625 0.0625 0.0625 0.06388888888888888 0.0625 0.06388888888888888 0.0625 0.0625 0.0625
0.05888888888888879 0.16833333333333345 0.05111111111111102 0.05444444444444437 0.0627777777777777 0.056666666666666574 0.08499999999999994 0.05611111111111101 0.07666666666666663 0.052222222222222135 0.05722222222222214 0.053888888888888806 0.05611111111111103 0.05999999999999991 0.05055555555555547
0.07083333333333333 0.06319444444444444 0.06736111111111111 0.06944444444444445 0.06736111111111111 0.06458333333333334 0.06388888888888888 0.06458333333333334 0.06736111111111111 0.07291666666666667 0.07222222222222222 0.06319444444444444 0.06388888888888888 0.06527777777777778 0.06388888888888888
0.0625 0.12430555555555556 0.0625 0.0625 0.0625 0.0625 0.0625 0.0625 0.0625 0.0625 0.0625 0.0625 0.06319444444444444 0.0625 0.0625
0.06358024691358014 0.07222222222222212 0.06975308641975299 0.06481481481481469 0.07283950617283937 0.06851851851851841 0.06172839506172829 0.06666666666666655 0.06419753086419742 0.06234567901234556 0.06666666666666655 0.07222222222222212 0.06358024691358014 0.0679012345679011 0.06296296296296283
0.06736111111111111 0.06736111111111111 0.06597222222222222 0.06666666666666667 0.06597222222222222 0.06666666666666667 0.06388888888888888 0.06875 0.06805555555555555 0.06527777777777778 0.06597222222222222 0.06388888888888888 0.06666666666666667 0.06666666666666667 0.07083333333333333
0.06388888888888888 0.06388888888888888 0.08333333333333333 0.06388888888888888 0.0763888888888889 0.06527777777777778 0.06666666666666667 0.06319444444444444 0.06597222222222222 0.06597222222222222 0.06597222222222222 0.06388888888888888 0.06388888888888888 0.06319444444444444 0.06458333333333334
0.07222222222222222 0.06388888888888888 0.06944444444444445 0.06805555555555555 0.06458333333333334 0.06597222222222222 0.06666666666666667 0.06736111111111111 0.06527777777777778 0.07013888888888889 0.07152777777777777 0.0625 0.06319444444444444 0.06458333333333334 0.06458333333333334
0.06078431372549007 0.06339869281045739 0.09084967320261424 0.062091503267973726 0.07647058823529397 0.06078431372549007 0.07124183006535935 0.06797385620915018 0.06535947712418286 0.06601307189542471 0.06274509803921555 0.06470588235294104 0.0614379084967319 0.06339869281045737 0.06274509803921555
0.06339869281045739 0.07450980392156849 0.06274509803921555 0.07058823529411752 0.07124183006535935 0.06732026143790837 0.0660130718954247 0.06993464052287568 0.0614379084967319 0.0640522875816992 0.06862745098039202 0.06470588235294103 0.0640522875816992 0.0679738562091502 0.06339869281045739
0.06777777777777767 0.06555555555555548 0.061666666666666585 0.06499999999999989 0.08555555555555547 0.05611111111111103 0.08833333333333325 0.05833333333333324 0.09111111111111106 0.06222222222222214 0.06499999999999989 0.055555555555555455 0.056666666666666594 0.06333333333333323 0.05777777777777768
0.062091503267973726 0.0660130718954247 0.08235294117647045 0.060784313725490056 0.08039215686274494 0.0614379084967319 0.08366013071895409 0.06274509803921556 0.07385620915032666 0.0594771241830064 0.06274509803921556 0.060784313725490056 0.06209150326797373 0.0614379084967319 0.06013071895424823
0.07134502923976606 0.05847953216374267 0.09649122807017539 0.06842105263157894 0.07602339181286547 0.057309941520467825 0.07192982456140347 0.06198830409356726 0.07426900584795326 0.06783625730994151 0.06257309941520468 0.05555555555555554 0.05614035087719295 0.061403508771929814 0.06023391812865492
0.06458333333333334 0.06319444444444444 0.06875 0.06666666666666667 0.07361111111111111 0.075 0.0625 0.06597222222222222 0.06527777777777778 0.06805555555555555 0.06388888888888888 0.06527777777777778 0.06597222222222222 0.06527777777777778 0.06597222222222222
0.07843137254901947 0.0594771241830064 0.06013071895424824 0.09542483660130703 0.06013071895424824 0.05882352941176457 0.06078431372549007 0.062091503267973726 0.06339869281045737 0.10130718954248345 0.05882352941176457 0.06013071895424823 0.059477124183006415 0.06013071895424824 0.061437908496731905
0.06339869281045739 0.06013071895424824 0.09999999999999983 0.06862745098039202 0.06470588235294103 0.06470588235294103 0.06013071895424824 0.07843137254901945 0.0640522875816992 0.0594771241830064 0.06274509803921555 0.06209150326797373 0.06209150326797373 0.06078431372549007 0.068627450980392
0.0625 0.0625 0.0625 0.06319444444444444 0.0625 0.0625 0.0625 0.06319444444444444 0.12222222222222222 0.0625 0.06388888888888888 0.0625 0.0625 0.0625 0.0625
0.07058823529411751 0.06535947712418287 0.06666666666666654 0.06666666666666651 0.06732026143790838 0.072549019607843 0.06274509803921556 0.0640522875816992 0.06862745098039201 0.07320261437908482 0.06535947712418287 0.06535947712418286 0.0614379084967319 0.06993464052287568 0.06013071895424824
0.06388888888888888 0.0625 0.06458333333333334 0.06319444444444444 0.09097222222222222 0.06388888888888888 0.0625 0.06319444444444444 0.06944444444444445 0.07222222222222222 0.06388888888888888 0.06388888888888888 0.0625 0.06944444444444445 0.06388888888888888
0.061728395061728274 0.0641975308641974 0.061111111111111005 0.06543209876543198 0.06358024691358012 0.06419753086419742 0.05864197530864187 0.06111111111111099 0.05864197530864187 0.06296296296296286 0.06049382716049371 0.135185185185185 0.061111111111111005 0.06111111111111099 0.06049382716049371
0.07469135802469128 0.06604938271604927 0.061111111111111005 0.0716049382716048 0.06666666666666655 0.06049382716049371 0.06172839506172829 0.06851851851851841 0.06543209876543199 0.06728395061728383 0.06111111111111099 0.06728395061728382 0.07098765432098755 0.0759259259259258 0.06111111111111099
0.06900584795321633 0.0637426900584795 0.05906432748538009 0.08128654970760227 0.0678362573099415 0.07251461988304093 0.0567251461988304 0.07426900584795315 0.0590643274853801 0.0654970760233918 0.05847953216374269 0.061988304093567245 0.06081871345029237 0.07602339181286548 0.07368421052631578
0.06597222222222222 0.06736111111111111 0.06527777777777778 0.06805555555555555 0.06597222222222222 0.06597222222222222 0.06388888888888888 0.06597222222222222 0.06458333333333334 0.06597222222222222 0.06527777777777778 0.06875 0.07013888888888889 0.06597222222222222 0.07083333333333333
0.06944444444444438 0.05888888888888879 0.05611111111111103 0.06611111111111101 0.07055555555555545 0.06833333333333326 0.05499999999999991 0.06944444444444435 0.06111111111111102 0.11222222222222222 0.07333333333333324 0.06611111111111101 0.0538888888888888 0.061666666666666585 0.0577777777777777
0.05555555555555554 0.05614035087719296 0.10643274853801164 0.06374269005847949 0.09473684210526305 0.07076023391812865 0.058479532163742666 0.06140350877192977 0.05906432748538011 0.05847953216374267 0.05847953216374265 0.0567251461988304 0.08479532163742687 0.05614035087719297 0.059064327485380076
0.06296296296296286 0.05925925925925915 0.0987654320987653 0.0648148148148147 0.08148148148148135 0.07160493827160483 0.05740740740740729 0.06234567901234558 0.062345679012345556 0.06419753086419741 0.06975308641975296 0.06296296296296285 0.06234567901234556 0.05925925925925915 0.0604938271604937
0.06419753086419741 0.06049382716049372 0.09444444444444429 0.06234567901234556 0.07901234567901222 0.06049382716049371 0.05802469135802457 0.058024691358024585 0.05987654320987642 0.06296296296296286 0.059876543209876426 0.06111111111111099 0.09753086419753075 0.06296296296296285 0.05864197530864187
0.06388888888888879 0.05444444444444435 0.11777777777777777 0.06666666666666658 0.05833333333333324 0.05444444444444435 0.05555555555555547 0.061666666666666585 0.05666666666666658 0.09944444444444442 0.06222222222222213 0.053333333333333253 0.08388888888888878 0.05555555555555548 0.05611111111111102
0.06481481481481469 0.06234567901234556 0.07283950617283937 0.07654320987654309 0.058641975308641854 0.06975308641975296 0.05925925925925916 0.06666666666666653 0.08641975308641964 0.07407407407407393 0.06666666666666655 0.05864197530864187 0.06049382716049371 0.061728395061728274 0.061111111111111005
0.06728395061728383 0.061728395061728274 0.06728395061728382 0.0641975308641974 0.06481481481481469 0.07345679012345667 0.058024691358024585 0.06296296296296285 0.06296296296296285 0.06666666666666657 0.07222222222222209 0.07222222222222209 0.07469135802469126 0.06913580246913568 0.06234567901234556
0.08271604938271591 0.0648148148148147 0.06543209876543196 0.082716049382716 0.06296296296296286 0.07098765432098755 0.05679012345679001 0.059876543209876426 0.05925925925925914 0.06481481481481469 0.06296296296296285 0.08024691358024677 0.058024691358024585 0.06358024691358011 0.0648148148148147
0.06719576719576709 0.06031746031746025 0.0576719576719576 0.06878306878306872 0.06243386243386234 0.06084656084656078 0.051851851851851774 0.059788359788359724 0.05714285714285705 0.10211640211640201 0.08412698412698406 0.08783068783068776 0.061375661375661306 0.059788359788359724 0.058730158730158646
0.10158730158730155 0.06560846560846553 0.05714285714285706 0.06402116402116391 0.06031746031746022 0.06402116402116394 0.056084656084656015 0.06613756613756606 0.06931216931216921 0.06243386243386236 0.07142857142857131 0.07989417989417981 0.057142857142857065 0.0703703703703703 0.05449735449735442
0.06851851851851842 0.0648148148148147 0.06234567901234556 0.06296296296296285 0.06296296296296286 0.0679012345679011 0.05617283950617273 0.06666666666666655 0.06234567901234556 0.07037037037037025 0.0790123456790122 0.09259259259259248 0.061728395061728294 0.06049382716049372 0.06111111111111099
0.06543209876543198 0.05864197530864187 0.06172839506172829 0.06358024691358012 0.06666666666666653 0.06419753086419742 0.05555555555555545 0.07654320987654309 0.06419753086419742 0.07283950617283938 0.06913580246913568 0.06481481481481469 0.058641975308641854 0.09259259259259243 0.06543209876543198
0.06736111111111111 0.06875 0.06736111111111111 0.06319444444444444 0.06875 0.06736111111111111 0.06388888888888888 0.06666666666666667 0.06805555555555555 0.06458333333333334 0.06527777777777778 0.06736111111111111 0.07083333333333333 0.06527777777777778 0.06527777777777778
0.07345679012345667 0.06481481481481469 0.06604938271604927 0.06234567901234556 0.06728395061728383 0.06419753086419742 0.06419753086419742 0.07222222222222209 0.06851851851851841 0.06419753086419742 0.06666666666666655 0.06358024691358014 0.0759259259259258 0.05925925925925915 0.06728395061728383
0.06975308641975296 0.06728395061728383 0.07592592592592581 0.06666666666666655 0.06543209876543196 0.061111111111110984 0.06172839506172829 0.06728395061728384 0.06358024691358014 0.06604938271604927 0.06543209876543199 0.06296296296296285 0.0746913580246912 0.06604938271604927 0.06604938271604929
0.06900584795321635 0.0614035087719298 0.0631578947368421 0.06081871345029239 0.06257309941520463 0.06725146198830406 0.05614035087719296 0.06374269005847953 0.06783625730994149 0.05906432748538012 0.06725146198830405 0.0625730994152046 0.10818713450292392 0.061988304093567224 0.06900584795321633
0.06666666666666653 0.06470588235294106 0.06732026143790837 0.06666666666666654 0.06535947712418287 0.0679738562091502 0.06339869281045739 0.06470588235294103 0.06535947712418289 0.06928104575163385 0.06732026143790835 0.07320261437908482 0.06732026143790837 0.06666666666666653 0.06405228758169922
0.062091503267973726 0.07450980392156849 0.06274509803921555 0.06601307189542469 0.06666666666666653 0.072549019607843 0.06078431372549007 0.06535947712418287 0.06405228758169922 0.0640522875816992 0.0836601307189541 0.0614379084967319 0.0640522875816992 0.06666666666666655 0.06535947712418287
0.058024691358024585 0.058024691358024585 0.058641975308641875 0.059876543209876426 0.058641975308641854 0.059876543209876426 0.09938271604938252 0.05925925925925915 0.05925925925925915 0.059876543209876426 0.05802469135802459 0.05679012345679002 0.05925925925925914 0.08209876543209861 0.11296296296296277
0.0614379084967319 0.062091503267973726 0.06535947712418287 0.06470588235294103 0.06470588235294103 0.06339869281045739 0.10653594771241807 0.06666666666666651 0.0633986928104574 0.062091503267973726 0.062091503267973726 0.06535947712418287 0.06470588235294103 0.06470588235294106 0.06274509803921555
0.06944444444444445 0.06458333333333334 0.07013888888888889 0.06527777777777778 0.06666666666666667 0.06875 0.06388888888888888 0.07569444444444444 0.06388888888888888 0.06388888888888888 0.06666666666666667 0.06319444444444444 0.06319444444444444 0.06597222222222222 0.06875
0.07013888888888889 0.06527777777777778 0.06736111111111111 0.06527777777777778 0.06597222222222222 0.06805555555555555 0.06458333333333334 0.06736111111111111 0.07013888888888889 0.06319444444444444 0.06527777777777778 0.06805555555555555 0.06875 0.06597222222222222 0.06458333333333334
0.061437908496731905 0.06470588235294106 0.06209150326797373 0.06666666666666654 0.06470588235294103 0.06470588235294104 0.06274509803921555 0.07843137254901947 0.06535947712418287 0.06732026143790835 0.06078431372549007 0.06339869281045737 0.06339869281045737 0.06339869281045737 0.09084967320261421
0.06234567901234556 0.061728395061728294 0.06172839506172829 0.06604938271604927 0.06296296296296285 0.06296296296296285 0.06111111111111101 0.0722222222222221 0.06358024691358012 0.06975308641975296 0.07777777777777765 0.06296296296296285 0.06234567901234556 0.06419753086419741 0.08827160493827146
0.06527777777777778 0.06388888888888888 0.06319444444444444 0.06319444444444444 0.06458333333333334 0.06319444444444444 0.0625 0.0763888888888889 0.06319444444444444 0.06388888888888888 0.0625 0.06458333333333334 0.06458333333333334 0.06666666666666667 0.09236111111111112
0.07469135802469123 0.06604938271604928 0.06543209876543199 0.06604938271604928 0.06666666666666655 0.06666666666666655 0.06604938271604927 0.06604938271604928 0.06543209876543198 0.06604938271604925 0.0691358024691357 0.06604938271604925 0.0648148148148147 0.06666666666666655 0.06419753086419741
0.0625 0.06458333333333334 0.0625 0.06458333333333334 0.06527777777777778 0.06388888888888888 0.0625 0.0625 0.06388888888888888 0.06388888888888888 0.06388888888888888 0.06458333333333334 0.0625 0.11041666666666666 0.0625
0.06388888888888888 0.06319444444444444 0.0625 0.07083333333333333 0.06736111111111111 0.06736111111111111 0.06319444444444444 0.06458333333333334 0.06527777777777778 0.06458333333333334 0.06875 0.07291666666666667 0.06875 0.06875 0.06805555555555555
0.05789473684210525 0.055555555555555546 0.05789473684210525 0.061403508771929786 0.057309941520467804 0.059649122807017514 0.05789473684210525 0.05789473684210524 0.05555555555555554 0.05789473684210525 0.05906432748538012 0.19356725146198836 0.05497076023391813 0.0567251461988304 0.056725146198830394
0.059477124183006415 0.06666666666666655 0.0614379084967319 0.0660130718954247 0.0614379084967319 0.0640522875816992 0.05882352941176457 0.06535947712418287 0.0640522875816992 0.0640522875816992 0.06797385620915018 0.11503267973856186 0.062091503267973726 0.0640522875816992 0.0594771241830064
0.0641975308641974 0.06296296296296286 0.06481481481481469 0.07283950617283937 0.06481481481481469 0.065432098765432 0.06111111111111099 0.07098765432098751 0.06296296296296286 0.07839506172839497 0.06975308641975296 0.06975308641975296 0.06234567901234556 0.06481481481481473 0.06481481481481469
0.06470588235294104 0.06732026143790837 0.06274509803921555 0.06862745098039201 0.06274509803921555 0.06928104575163387 0.0640522875816992 0.07058823529411752 0.06274509803921555 0.06797385620915018 0.07124183006535935 0.07450980392156849 0.06013071895424824 0.06928104575163385 0.0640522875816992
0.06805555555555555 0.07152777777777777 0.06597222222222222 0.06458333333333334 0.06875 0.06458333333333334 0.0625 0.06666666666666667 0.06458333333333334 0.06944444444444445 0.06319444444444444 0.06944444444444445 0.06597222222222222 0.07013888888888889 0.06458333333333334
0.06078431372549007 0.0660130718954247 0.06013071895424824 0.06274509803921555 0.09281045751633969 0.06405228758169922 0.05882352941176457 0.06535947712418287 0.06666666666666653 0.0679738562091502 0.07320261437908483 0.0614379084967319 0.061437908496731884 0.06862745098039201 0.06993464052287567
0.06111111111111099 0.12098765432098746 0.059876543209876426 0.059876543209876426 0.06049382716049371 0.06049382716049372 0.05925925925925914 0.07407407407407393 0.07469135802469126 0.07037037037037026 0.06049382716049371 0.058024691358024585 0.05987654320987644 0.058641975308641854 0.06172839506172829
0.09938271604938256 0.05925925925925914 0.059876543209876426 0.08703703703703693 0.0870370370370369 0.06604938271604925 0.05740740740740729 0.061728395061728274 0.061111111111111005 0.058641975308641854 0.05864197530864187 0.06296296296296283 0.058641975308641854 0.06172839506172829 0.06049382716049371
0.06234567901234556 0.06234567901234556 0.10493827160493814 0.06604938271604927 0.07222222222222209 0.06666666666666655 0.058641975308641854 0.06728395061728384 0.061728395061728274 0.06358024691358014 0.06296296296296285 0.06296296296296285 0.06543209876543198 0.05740740740740729 0.065432098765432
0.06458333333333334 0.06527777777777778 0.06458333333333334 0.06805555555555555 0.06944444444444445 0.06666666666666667 0.06319444444444444 0.06875 0.06527777777777778 0.06875 0.06458333333333334 0.07083333333333333 0.06527777777777778 0.06805555555555555 0.06666666666666667
0.06604938271604925 0.10987654320987635 0.061111111111111005 0.05864197530864187 0.06728395061728384 0.062345679012345556 0.05679012345679001 0.06851851851851841 0.06419753086419741 0.06358024691358014 0.06604938271604925 0.06111111111111099 0.06296296296296285 0.06913580246913567 0.06234567901234556
0.06913580246913568 0.06728395061728384 0.0759259259259258 0.06543209876543199 0.07407407407407396 0.06419753086419741 0.059876543209876426 0.06234567901234556 0.06543209876543198 0.06234567901234556 0.06666666666666655 0.07037037037037026 0.06358024691358012 0.06666666666666654 0.06666666666666657
0.06274509803921556 0.08104575163398679 0.06274509803921555 0.06339869281045739 0.06405228758169922 0.06535947712418289 0.06209150326797373 0.0705882352941175 0.06601307189542471 0.06339869281045737 0.06535947712418287 0.06339869281045737 0.06666666666666651 0.07777777777777763 0.06535947712418289
0.06111111111111101 0.08555555555555547 0.05888888888888879 0.05666666666666658 0.07166666666666657 0.06222222222222214 0.05444444444444437 0.07722222222222212 0.08111111111111102 0.07055555555555547 0.05888888888888881 0.05722222222222214 0.06166666666666658 0.07333333333333324 0.06944444444444436
0.0625 0.11388888888888889 0.0625 0.06388888888888888 0.06458333333333334 0.06388888888888888 0.0625 0.06527777777777778 0.0625 0.0625 0.06319444444444444 0.0625 0.06319444444444444 0.06319444444444444 0.06388888888888888
0.06928104575163384 0.06470588235294103 0.0614379084967319 0.06666666666666654 0.06535947712418287 0.061437908496731884 0.0614379084967319 0.07058823529411751 0.06078431372549007 0.07516339869281034 0.09019607843137242 0.06405228758169922 0.06078431372549007 0.0633986928104574 0.06470588235294103
0.055555555555555615 0.10656565656565661 0.05202020202020203 0.053030303030303025 0.05404040404040407 0.05555555555555559 0.04747474747474746 0.0560606060606061 0.05151515151515153 0.0565656565656566 0.08232323232323238 0.053030303030303046 0.05151515151515153 0.06363636363636371 0.16111111111111118
0.06374269005847949 0.0654970760233918 0.06491228070175438 0.06198830409356722 0.061403508771929786 0.06374269005847952 0.06140350877192979 0.06608187134502923 0.0637426900584795 0.06257309941520466 0.06491228070175437 0.05789473684210525 0.06023391812865494 0.06257309941520466 0.119298245614035
0.06111111111111102 0.06111111111111102 0.09611111111111105 0.059999999999999935 0.06277777777777768 0.06166666666666658 0.05333333333333324 0.06444444444444435 0.06444444444444436 0.05944444444444435 0.06277777777777771 0.05888888888888881 0.1155555555555555 0.05944444444444435 0.05888888888888881
0.06597222222222222 0.06527777777777778 0.06805555555555555 0.06597222222222222 0.06666666666666667 0.07013888888888889 0.06458333333333334 0.07013888888888889 0.06666666666666667 0.06666666666666667 0.06597222222222222 0.06805555555555555 0.06527777777777778 0.06666666666666667 0.06388888888888888
0.05277777777777771 0.053888888888888806 0.0538888888888888 0.126666666666667 0.15055555555555553 0.058888888888888796 0.052222222222222135 0.05444444444444436 0.05444444444444436 0.0527777777777777 0.05444444444444436 0.06944444444444432 0.052222222222222135 0.05944444444444435 0.0538888888888888
0.062091503267973726 0.1071895424836599 0.06274509803921555 0.06274509803921557 0.06666666666666654 0.06470588235294106 0.06013071895424823 0.0679738562091502 0.06535947712418287 0.06209150326797371 0.06078431372549007 0.062091503267973726 0.06470588235294104 0.06993464052287568 0.06078431372549007
0.06470588235294104 0.06732026143790837 0.06470588235294104 0.0614379084967319 0.06601307189542471 0.06928104575163384 0.06078431372549007 0.06732026143790837 0.07450980392156849 0.0679738562091502 0.06535947712418287 0.06470588235294104 0.06470588235294104 0.0771241830065358 0.06405228758169922
0.06481481481481469 0.06296296296296285 0.07777777777777764 0.06358024691358015 0.07654320987654309 0.07037037037037024 0.05740740740740729 0.06234567901234555 0.07037037037037022 0.06543209876543199 0.06913580246913567 0.0604938271604937 0.062345679012345556 0.07407407407407393 0.06234567901234556
0.07089947089947085 0.056084656084656015 0.08095238095238083 0.057142857142857086 0.06613756613756606 0.06243386243386236 0.050264550264550185 0.06825396825396816 0.07301587301587298 0.06402116402116396 0.07513227513227505 0.05238095238095231 0.056084656084656015 0.10952380952380941 0.057671957671957604
