2.4863252113376433E-4 2.4863252113376433E-4 2.4863252113376433E-4 0.7710094480358032 2.4863252113376433E-4 2.4863252113376433E-4 2.4863252113376433E-4 2.4863252113376433E-4 2.4863252113376433E-4 2.4863252113376433E-4 2.4863252113376433E-4 2.4863252113376433E-4 2.4863252113376433E-4 0.22401790154152162 2.4863252113376433E-4 2.4863252113376433E-4 2.4863252113376433E-4 2.4863252113376433E-4 2.4863252113376433E-4 2.4863252113376433E-4 2.4863252113376433E-4 2.4863252113376433E-4
5.070993914807302E-4 5.070993914807302E-4 5.070993914807302E-4 5.070993914807302E-4 5.070993914807302E-4 0.07657200811359027 5.070993914807302E-4 5.070993914807302E-4 0.025862068965517244 5.070993914807302E-4 5.070993914807302E-4 5.070993914807302E-4 5.070993914807302E-4 0.5836713995943205 5.070993914807302E-4 5.070993914807302E-4 5.070993914807302E-4 5.070993914807302E-4 5.070993914807302E-4 0.30476673427991885 5.070993914807302E-4 5.070993914807302E-4
3.4223134839151266E-4 3.4223134839151266E-4 3.4223134839151266E-4 3.4223134839151266E-4 3.4223134839151266E-4 3.4223134839151266E-4 3.4223134839151266E-4 3.4223134839151266E-4 3.4223134839151266E-4 3.4223134839151266E-4 3.4223134839151266E-4 3.4223134839151266E-4 3.4223134839151266E-4 3.4223134839151266E-4 3.4223134839151266E-4 3.4223134839151266E-4 3.4223134839151266E-4 0.9928131416837783 3.4223134839151266E-4 3.4223134839151266E-4 3.4223134839151266E-4 3.4223134839151266E-4
0.6624372559955382 1.3943112102621306E-4 1.3943112102621306E-4 1.3943112102621306E-4 1.3943112102621306E-4 1.3943112102621306E-4 1.3943112102621306E-4 1.3943112102621306E-4 1.3943112102621306E-4 1.3943112102621306E-4 1.3943112102621306E-4 1.3943112102621306E-4 1.3943112102621306E-4 0.33477412158393755 1.3943112102621306E-4 1.3943112102621306E-4 1.3943112102621306E-4 1.3943112102621306E-4 1.3943112102621306E-4 1.3943112102621306E-4 1.3943112102621306E-4 1.3943112102621306E-4
3.660054168801698E-5 3.660054168801698E-5 3.660054168801698E-5 3.660054168801698E-5 3.660054168801698E-5 3.660054168801698E-5 3.660054168801698E-5 3.660054168801698E-5 3.660054168801698E-5 3.660054168801698E-5 3.660054168801698E-5 0.005526681794890564 3.660054168801698E-5 0.10068809018373472 0.001866627626088866 3.660054168801698E-5 3.660054168801698E-5 0.8912597906449015 3.660054168801698E-5 3.660054168801698E-5 3.660054168801698E-5 3.660054168801698E-5
8.017960230917255E-5 0.8459749839640796 8.017960230917255E-5 8.017960230917255E-5 8.017960230917255E-5 8.017960230917255E-5 8.017960230917255E-5 8.017960230917255E-5 8.017960230917255E-5 8.017960230917255E-5 8.017960230917255E-5 8.017960230917255E-5 8.017960230917255E-5 0.15242142398973701 8.017960230917255E-5 8.017960230917255E-5 8.017960230917255E-5 8.017960230917255E-5 8.017960230917255E-5 8.017960230917255E-5 8.017960230917255E-5 8.017960230917255E-5
6.3403499873193E-5 6.3403499873193E-5 0.003233578493532843 6.3403499873193E-5 6.3403499873193E-5 6.3403499873193E-5 6.3403499873193E-5 6.3403499873193E-5 6.3403499873193E-5 6.3403499873193E-5 6.3403499873193E-5 6.3403499873193E-5 6.3403499873193E-5 0.31074055287851887 6.3403499873193E-5 6.3403499873193E-5 6.3403499873193E-5 6.3403499873193E-5 6.3403499873193E-5 6.3403499873193E-5 0.6848212021303577 6.3403499873193E-5
9.240436148586214E-5 9.240436148586214E-5 9.240436148586214E-5 9.240436148586214E-5 9.240436148586214E-5 0.5406579190537794 9.240436148586214E-5 9.240436148586214E-5 9.240436148586214E-5 9.240436148586214E-5 9.240436148586214E-5 9.240436148586214E-5 9.240436148586214E-5 0.4574939937165034 9.240436148586214E-5 9.240436148586214E-5 9.240436148586214E-5 9.240436148586214E-5 9.240436148586214E-5 9.240436148586214E-5 9.240436148586214E-5 9.240436148586214E-5
7.649938800489597E-5 7.649938800489597E-5 7.649938800489597E-5 7.649938800489597E-5 7.649938800489597E-5 7.649938800489597E-5 7.649938800489597E-5 7.649938800489597E-5 7.649938800489597E-5 7.649938800489597E-5 7.649938800489597E-5 7.649938800489597E-5 7.649938800489597E-5 0.43229804161566704 7.649938800489597E-5 7.649938800489597E-5 7.649938800489597E-5 7.649938800489597E-5 7.649938800489597E-5 7.649938800489597E-5 7.649938800489597E-5 0.5661719706242351
3.4397358282883873E-5 3.4397358282883873E-5 3.4397358282883873E-5 3.4397358282883873E-5 3.4397358282883873E-5 3.4397358282883873E-5 3.4397358282883873E-5 3.4397358282883873E-5 3.4397358282883873E-5 3.4397358282883873E-5 3.4397358282883873E-5 3.4397358282883873E-5 3.4397358282883873E-5 0.3956040176114474 3.4397358282883873E-5 3.4397358282883873E-5 3.4397358282883873E-5 0.6037080352228948 3.4397358282883873E-5 3.4397358282883873E-5 3.4397358282883873E-5 3.4397358282883873E-5
8.604371020478404E-5 8.604371020478404E-5 8.604371020478404E-5 8.604371020478404E-5 8.604371020478404E-5 8.604371020478404E-5 8.604371020478404E-5 8.604371020478404E-5 8.604371020478404E-5 8.604371020478404E-5 0.008690414730683188 8.604371020478404E-5 8.604371020478404E-5 0.9895887110652212 8.604371020478404E-5 8.604371020478404E-5 8.604371020478404E-5 8.604371020478404E-5 8.604371020478404E-5 8.604371020478404E-5 8.604371020478404E-5 8.604371020478404E-5
8.181966944853544E-5 8.181966944853544E-5 8.181966944853544E-5 8.181966944853544E-5 8.181966944853544E-5 8.181966944853544E-5 8.181966944853544E-5 8.181966944853544E-5 8.181966944853544E-5 8.181966944853544E-5 8.181966944853544E-5 8.181966944853544E-5 8.181966944853544E-5 0.9982817869415808 8.181966944853544E-5 8.181966944853544E-5 8.181966944853544E-5 8.181966944853544E-5 8.181966944853544E-5 8.181966944853544E-5 8.181966944853544E-5 8.181966944853544E-5
1.2016342225426581E-4 1.2016342225426581E-4 1.2016342225426581E-4 1.2016342225426581E-4 1.2016342225426581E-4 1.2016342225426581E-4 1.2016342225426581E-4 1.2016342225426581E-4 1.2016342225426581E-4 1.2016342225426581E-4 1.2016342225426581E-4 1.2016342225426581E-4 1.2016342225426581E-4 1.2016342225426581E-4 1.2016342225426581E-4 1.2016342225426581E-4 1.2016342225426581E-4 1.2016342225426581E-4 0.9974765681326605 1.2016342225426581E-4 1.2016342225426581E-4 1.2016342225426581E-4
8.050233456770246E-5 8.050233456770246E-5 8.050233456770246E-5 8.050233456770246E-5 8.050233456770246E-5 8.050233456770246E-5 8.050233456770246E-5 8.050233456770246E-5 8.050233456770246E-5 8.050233456770246E-5 8.050233456770246E-5 8.050233456770246E-5 8.050233456770246E-5 0.24158750603767512 0.004105619062952826 8.050233456770246E-5 8.050233456770246E-5 8.050233456770246E-5 0.7527773305425858 8.050233456770246E-5 8.050233456770246E-5 8.050233456770246E-5
1.295001295001295E-4 1.295001295001295E-4 1.295001295001295E-4 1.295001295001295E-4 1.295001295001295E-4 1.295001295001295E-4 1.295001295001295E-4 1.295001295001295E-4 1.295001295001295E-4 1.295001295001295E-4 1.295001295001295E-4 1.295001295001295E-4 1.295001295001295E-4 0.3692048692048692 0.6282051282051282 1.295001295001295E-4 1.295001295001295E-4 1.295001295001295E-4 1.295001295001295E-4 1.295001295001295E-4 1.295001295001295E-4 1.295001295001295E-4
6.862475981334066E-5 6.862475981334066E-5 6.862475981334066E-5 6.862475981334066E-5 6.862475981334066E-5 6.862475981334066E-5 6.862475981334066E-5 6.862475981334066E-5 6.862475981334066E-5 0.4255421356025254 6.862475981334066E-5 6.862475981334066E-5 6.862475981334066E-5 0.5730853692012078 6.862475981334066E-5 6.862475981334066E-5 6.862475981334066E-5 6.862475981334066E-5 6.862475981334066E-5 6.862475981334066E-5 6.862475981334066E-5 6.862475981334066E-5
1.4040999719180006E-4 1.4040999719180006E-4 1.4040999719180006E-4 1.4040999719180006E-4 1.4040999719180006E-4 1.4040999719180006E-4 1.4040999719180006E-4 1.4040999719180006E-4 1.4040999719180006E-4 1.4040999719180006E-4 1.4040999719180006E-4 1.4040999719180006E-4 1.4040999719180006E-4 0.23883740522325192 1.4040999719180006E-4 0.014181409716371806 1.4040999719180006E-4 1.4040999719180006E-4 0.7443133951137321 1.4040999719180006E-4 1.4040999719180006E-4 1.4040999719180006E-4
1.1803588290840416E-4 1.1803588290840416E-4 1.1803588290840416E-4 1.1803588290840416E-4 1.1803588290840416E-4 1.1803588290840416E-4 1.1803588290840416E-4 1.1803588290840416E-4 1.1803588290840416E-4 1.1803588290840416E-4 1.1803588290840416E-4 1.1803588290840416E-4 1.1803588290840416E-4 0.6021010387157696 1.1803588290840416E-4 1.1803588290840416E-4 1.1803588290840416E-4 1.1803588290840416E-4 0.3896364494806421 1.1803588290840416E-4 0.006019830028328612 1.1803588290840416E-4
1.594387755102041E-4 1.594387755102041E-4 1.594387755102041E-4 1.594387755102041E-4 1.594387755102041E-4 1.594387755102041E-4 1.594387755102041E-4 1.594387755102041E-4 1.594387755102041E-4 1.594387755102041E-4 0.40672831632653067 1.594387755102041E-4 1.594387755102041E-4 0.5900829081632653 1.594387755102041E-4 1.594387755102041E-4 1.594387755102041E-4 1.594387755102041E-4 1.594387755102041E-4 1.594387755102041E-4 1.594387755102041E-4 1.594387755102041E-4
7.620789513793629E-5 7.620789513793629E-5 7.620789513793629E-5 7.620789513793629E-5 7.620789513793629E-5 7.620789513793629E-5 7.620789513793629E-5 7.620789513793629E-5 7.620789513793629E-5 7.620789513793629E-5 7.620789513793629E-5 7.620789513793629E-5 7.620789513793629E-5 0.9983996342021033 7.620789513793629E-5 7.620789513793629E-5 7.620789513793629E-5 7.620789513793629E-5 7.620789513793629E-5 7.620789513793629E-5 7.620789513793629E-5 7.620789513793629E-5
7.395355716609969E-5 7.395355716609969E-5 7.395355716609969E-5 7.395355716609969E-5 7.395355716609969E-5 7.395355716609969E-5 7.395355716609969E-5 7.395355716609969E-5 7.395355716609969E-5 7.395355716609969E-5 7.395355716609969E-5 7.395355716609969E-5 0.9984469752995119 7.395355716609969E-5 7.395355716609969E-5 7.395355716609969E-5 7.395355716609969E-5 7.395355716609969E-5 7.395355716609969E-5 7.395355716609969E-5 7.395355716609969E-5 7.395355716609969E-5
8.950948800572861E-5 8.950948800572861E-5 8.950948800572861E-5 8.950948800572861E-5 8.950948800572861E-5 8.950948800572861E-5 8.950948800572861E-5 8.950948800572861E-5 8.950948800572861E-5 8.950948800572861E-5 0.5371464375223773 8.950948800572861E-5 8.950948800572861E-5 0.461063372717508 8.950948800572861E-5 8.950948800572861E-5 8.950948800572861E-5 8.950948800572861E-5 8.950948800572861E-5 8.950948800572861E-5 8.950948800572861E-5 8.950948800572861E-5
7.861635220125786E-4 7.861635220125786E-4 7.861635220125786E-4 7.861635220125786E-4 7.861635220125786E-4 7.861635220125786E-4 7.861635220125786E-4 0.07940251572327044 7.861635220125786E-4 7.861635220125786E-4 7.861635220125786E-4 7.861635220125786E-4 7.861635220125786E-4 0.9048742138364779 7.861635220125786E-4 7.861635220125786E-4 7.861635220125786E-4 7.861635220125786E-4 7.861635220125786E-4 7.861635220125786E-4 7.861635220125786E-4 7.861635220125786E-4
2.965599051008304E-4 2.965599051008304E-4 2.965599051008304E-4 2.965599051008304E-4 2.965599051008304E-4 2.965599051008304E-4 2.965599051008304E-4 2.965599051008304E-4 2.965599051008304E-4 2.965599051008304E-4 2.965599051008304E-4 2.965599051008304E-4 2.965599051008304E-4 2.965599051008304E-4 2.965599051008304E-4 2.965599051008304E-4 2.965599051008304E-4 2.965599051008304E-4 0.889976275207592 2.965599051008304E-4 2.965599051008304E-4 0.10409252669039146
4.215851602023609E-4 4.215851602023609E-4 4.215851602023609E-4 4.215851602023609E-4 4.215851602023609E-4 4.215851602023609E-4 4.215851602023609E-4 4.215851602023609E-4 4.215851602023609E-4 4.215851602023609E-4 4.215851602023609E-4 4.215851602023609E-4 0.9911467116357505 4.215851602023609E-4 4.215851602023609E-4 4.215851602023609E-4 4.215851602023609E-4 4.215851602023609E-4 4.215851602023609E-4 4.215851602023609E-4 4.215851602023609E-4 4.215851602023609E-4
3.965107057890563E-4 3.965107057890563E-4 3.965107057890563E-4 3.965107057890563E-4 3.965107057890563E-4 3.965107057890563E-4 3.965107057890563E-4 3.965107057890563E-4 3.965107057890563E-4 3.965107057890563E-4 3.965107057890563E-4 3.965107057890563E-4 0.7537668517049961 0.23830293417922285 3.965107057890563E-4 3.965107057890563E-4 3.965107057890563E-4 3.965107057890563E-4 3.965107057890563E-4 3.965107057890563E-4 3.965107057890563E-4 3.965107057890563E-4
9.328358208955224E-4 9.328358208955224E-4 9.328358208955224E-4 9.328358208955224E-4 9.328358208955224E-4 9.328358208955224E-4 0.32742537313432835 9.328358208955224E-4 0.04757462686567164 9.328358208955224E-4 9.328358208955224E-4 9.328358208955224E-4 9.328358208955224E-4 0.607276119402985 9.328358208955224E-4 9.328358208955224E-4 9.328358208955224E-4 9.328358208955224E-4 9.328358208955224E-4 9.328358208955224E-4 9.328358208955224E-4 9.328358208955224E-4
1.7946877243359656E-4 1.7946877243359656E-4 1.7946877243359656E-4 1.7946877243359656E-4 1.7946877243359656E-4 0.7988155061019382 1.7946877243359656E-4 1.7946877243359656E-4 1.7946877243359656E-4 1.7946877243359656E-4 1.7946877243359656E-4 1.7946877243359656E-4 1.7946877243359656E-4 0.19759511844938982 1.7946877243359656E-4 1.7946877243359656E-4 1.7946877243359656E-4 1.7946877243359656E-4 1.7946877243359656E-4 1.7946877243359656E-4 1.7946877243359656E-4 1.7946877243359656E-4
4.128819157720892E-4 4.128819157720892E-4 4.128819157720892E-4 4.128819157720892E-4 4.128819157720892E-4 4.128819157720892E-4 4.128819157720892E-4 4.128819157720892E-4 0.7023121387283238 4.128819157720892E-4 4.128819157720892E-4 4.128819157720892E-4 4.128819157720892E-4 0.2894302229562345 4.128819157720892E-4 4.128819157720892E-4 4.128819157720892E-4 4.128819157720892E-4 4.128819157720892E-4 4.128819157720892E-4 4.128819157720892E-4 4.128819157720892E-4
5.739869130983814E-5 5.739869130983814E-5 5.739869130983814E-5 5.739869130983814E-5 5.739869130983814E-5 0.20382275284123522 5.739869130983814E-5 0.011537136953277464 5.739869130983814E-5 5.739869130983814E-5 5.739869130983814E-5 5.739869130983814E-5 5.739869130983814E-5 0.7778096659396165 0.005797267822293652 5.739869130983814E-5 5.739869130983814E-5 5.739869130983814E-5 5.739869130983814E-5 5.739869130983814E-5 5.739869130983814E-5 5.739869130983814E-5
6.67913438418381E-5 6.67913438418381E-5 6.67913438418381E-5 6.67913438418381E-5 6.67913438418381E-5 6.67913438418381E-5 6.67913438418381E-5 6.67913438418381E-5 6.67913438418381E-5 6.67913438418381E-5 6.67913438418381E-5 6.67913438418381E-5 6.67913438418381E-5 0.28726956986374563 6.67913438418381E-5 0.7113946032594176 6.67913438418381E-5 6.67913438418381E-5 6.67913438418381E-5 6.67913438418381E-5 6.67913438418381E-5 6.67913438418381E-5
6.164468006411048E-5 6.164468006411048E-5 6.164468006411048E-5 6.164468006411048E-5 6.164468006411048E-5 0.5517815312538529 6.164468006411048E-5 6.164468006411048E-5 6.164468006411048E-5 6.164468006411048E-5 6.164468006411048E-5 6.164468006411048E-5 6.164468006411048E-5 0.44698557514486503 6.164468006411048E-5 6.164468006411048E-5 6.164468006411048E-5 6.164468006411048E-5 6.164468006411048E-5 6.164468006411048E-5 6.164468006411048E-5 6.164468006411048E-5
3.364511136531862E-5 3.364511136531862E-5 3.364511136531862E-5 3.364511136531862E-5 3.364511136531862E-5 3.364511136531862E-5 3.364511136531862E-5 3.364511136531862E-5 3.364511136531862E-5 3.364511136531862E-5 0.6443375277572168 3.364511136531862E-5 3.364511136531862E-5 0.35498957001547676 3.364511136531862E-5 3.364511136531862E-5 3.364511136531862E-5 3.364511136531862E-5 3.364511136531862E-5 3.364511136531862E-5 3.364511136531862E-5 3.364511136531862E-5
0.002353266888150609 4.614248800295312E-5 4.614248800295312E-5 4.614248800295312E-5 4.614248800295312E-5 4.614248800295312E-5 4.614248800295312E-5 4.614248800295312E-5 4.614248800295312E-5 4.614248800295312E-5 4.614248800295312E-5 4.614248800295312E-5 4.614248800295312E-5 0.3299649317091178 4.614248800295312E-5 4.614248800295312E-5 4.614248800295312E-5 4.614248800295312E-5 4.614248800295312E-5 4.614248800295312E-5 0.6621908453303802 0.004660391288298265
1.7176228100309173E-4 1.7176228100309173E-4 1.7176228100309173E-4 1.7176228100309173E-4 1.7176228100309173E-4 1.7176228100309173E-4 1.7176228100309173E-4 1.7176228100309173E-4 1.7176228100309173E-4 1.7176228100309173E-4 1.7176228100309173E-4 1.7176228100309173E-4 0.8933356234970801 0.10322913088285812 1.7176228100309173E-4 1.7176228100309173E-4 1.7176228100309173E-4 1.7176228100309173E-4 1.7176228100309173E-4 1.7176228100309173E-4 1.7176228100309173E-4 1.7176228100309173E-4
5.564210994880926E-5 5.564210994880926E-5 5.564210994880926E-5 5.564210994880926E-5 5.564210994880926E-5 5.564210994880926E-5 5.564210994880926E-5 5.564210994880926E-5 5.564210994880926E-5 5.564210994880926E-5 5.564210994880926E-5 5.564210994880926E-5 5.564210994880926E-5 0.8680725573113732 5.564210994880926E-5 5.564210994880926E-5 5.564210994880926E-5 5.564210994880926E-5 5.564210994880926E-5 5.564210994880926E-5 5.564210994880926E-5 0.13081460048965057
5.148800329523221E-5 5.148800329523221E-5 5.148800329523221E-5 5.148800329523221E-5 5.148800329523221E-5 5.148800329523221E-5 5.148800329523221E-5 5.148800329523221E-5 5.148800329523221E-5 5.148800329523221E-5 5.148800329523221E-5 5.148800329523221E-5 5.148800329523221E-5 0.9989187519308 5.148800329523221E-5 5.148800329523221E-5 5.148800329523221E-5 5.148800329523221E-5 5.148800329523221E-5 5.148800329523221E-5 5.148800329523221E-5 5.148800329523221E-5
9.155832265152902E-5 9.155832265152902E-5 9.155832265152902E-5 9.155832265152902E-5 9.155832265152902E-5 9.155832265152902E-5 9.155832265152902E-5 9.155832265152902E-5 9.155832265152902E-5 0.663889397546237 9.155832265152902E-5 9.155832265152902E-5 9.155832265152902E-5 0.33427943600073246 9.155832265152902E-5 9.155832265152902E-5 9.155832265152902E-5 9.155832265152902E-5 9.155832265152902E-5 9.155832265152902E-5 9.155832265152902E-5 9.155832265152902E-5
6.280618012812461E-5 6.280618012812461E-5 6.280618012812461E-5 6.280618012812461E-5 6.280618012812461E-5 6.280618012812461E-5 6.280618012812461E-5 6.280618012812461E-5 6.280618012812461E-5 6.280618012812461E-5 0.6092827534229368 6.280618012812461E-5 6.280618012812461E-5 0.3894611229745007 6.280618012812461E-5 6.280618012812461E-5 6.280618012812461E-5 6.280618012812461E-5 6.280618012812461E-5 6.280618012812461E-5 6.280618012812461E-5 6.280618012812461E-5
1.1944577161968467E-4 1.1944577161968467E-4 1.1944577161968467E-4 1.1944577161968467E-4 1.1944577161968467E-4 1.1944577161968467E-4 1.1944577161968467E-4 1.1944577161968467E-4 1.1944577161968467E-4 1.1944577161968467E-4 1.1944577161968467E-4 1.1944577161968467E-4 1.1944577161968467E-4 0.37040133779264217 1.1944577161968467E-4 1.1944577161968467E-4 1.1944577161968467E-4 1.1944577161968467E-4 1.1944577161968467E-4 1.1944577161968467E-4 1.1944577161968467E-4 0.6272097467749641
1.6605778811026238E-4 1.6605778811026238E-4 1.6605778811026238E-4 1.6605778811026238E-4 1.6605778811026238E-4 1.6605778811026238E-4 1.6605778811026238E-4 1.6605778811026238E-4 1.6605778811026238E-4 1.6605778811026238E-4 0.7723347725008303 1.6605778811026238E-4 1.6605778811026238E-4 0.22434407173696447 1.6605778811026238E-4 1.6605778811026238E-4 1.6605778811026238E-4 1.6605778811026238E-4 1.6605778811026238E-4 1.6605778811026238E-4 1.6605778811026238E-4 1.6605778811026238E-4
4.969684921975947E-5 4.969684921975947E-5 4.969684921975947E-5 4.969684921975947E-5 4.969684921975947E-5 4.969684921975947E-5 4.969684921975947E-5 4.969684921975947E-5 4.969684921975947E-5 4.969684921975947E-5 4.969684921975947E-5 4.969684921975947E-5 4.969684921975947E-5 0.17895835404035385 4.969684921975947E-5 4.969684921975947E-5 4.969684921975947E-5 4.969684921975947E-5 0.8200477089752509 4.969684921975947E-5 4.969684921975947E-5 4.969684921975947E-5
0.4483135223001117 2.5398760540485624E-5 2.5398760540485624E-5 2.5398760540485624E-5 2.5398760540485624E-5 2.5398760540485624E-5 2.5398760540485624E-5 2.5398760540485624E-5 2.5398760540485624E-5 2.5398760540485624E-5 2.5398760540485624E-5 2.5398760540485624E-5 2.5398760540485624E-5 0.5511785024890785 2.5398760540485624E-5 2.5398760540485624E-5 2.5398760540485624E-5 2.5398760540485624E-5 2.5398760540485624E-5 2.5398760540485624E-5 2.5398760540485624E-5 2.5398760540485624E-5
2.5463434508046446E-5 2.5463434508046446E-5 2.5463434508046446E-5 2.5463434508046446E-5 2.5463434508046446E-5 2.5463434508046446E-5 2.5463434508046446E-5 2.5463434508046446E-5 2.5463434508046446E-5 2.5463434508046446E-5 2.5463434508046446E-5 2.5463434508046446E-5 2.5463434508046446E-5 0.999465267875331 2.5463434508046446E-5 2.5463434508046446E-5 2.5463434508046446E-5 2.5463434508046446E-5 2.5463434508046446E-5 2.5463434508046446E-5 2.5463434508046446E-5 2.5463434508046446E-5
5.019576347756249E-5 5.019576347756249E-5 5.019576347756249E-5 5.019576347756249E-5 5.019576347756249E-5 5.019576347756249E-5 5.019576347756249E-5 5.019576347756249E-5 0.005069772111233812 5.019576347756249E-5 5.019576347756249E-5 5.019576347756249E-5 5.019576347756249E-5 0.2560485894990463 5.019576347756249E-5 5.019576347756249E-5 5.019576347756249E-5 5.019576347756249E-5 5.019576347756249E-5 5.019576347756249E-5 5.019576347756249E-5 0.7379279188836462
0.8780378037803781 4.500450045004501E-4 4.500450045004501E-4 4.500450045004501E-4 4.500450045004501E-4 4.500450045004501E-4 4.500450045004501E-4 4.500450045004501E-4 4.500450045004501E-4 4.500450045004501E-4 4.500450045004501E-4 4.500450045004501E-4 0.11296129612961296 4.500450045004501E-4 4.500450045004501E-4 4.500450045004501E-4 4.500450045004501E-4 4.500450045004501E-4 4.500450045004501E-4 4.500450045004501E-4 4.500450045004501E-4 4.500450045004501E-4
2.0031248748046953E-5 2.0031248748046953E-5 2.0031248748046953E-5 2.0031248748046953E-5 2.0031248748046953E-5 2.0031248748046953E-5 2.0031248748046953E-5 2.0031248748046953E-5 2.0031248748046953E-5 2.0031248748046953E-5 2.0031248748046953E-5 2.0031248748046953E-5 2.0031248748046953E-5 0.4266856295821481 2.0031248748046953E-5 2.0031248748046953E-5 0.5729137454428909 2.0031248748046953E-5 2.0031248748046953E-5 2.0031248748046953E-5 2.0031248748046953E-5 2.0031248748046953E-5
4.908698213233851E-5 4.908698213233851E-5 4.908698213233851E-5 4.908698213233851E-5 4.908698213233851E-5 4.908698213233851E-5 0.002503436088749264 4.908698213233851E-5 4.908698213233851E-5 4.908698213233851E-5 0.6578146475554683 4.908698213233851E-5 4.908698213233851E-5 0.33874926369526803 4.908698213233851E-5 4.908698213233851E-5 4.908698213233851E-5 4.908698213233851E-5 4.908698213233851E-5 4.908698213233851E-5 4.908698213233851E-5 4.908698213233851E-5
4.8026126212659685E-5 4.8026126212659685E-5 4.8026126212659685E-5 4.8026126212659685E-5 4.8026126212659685E-5 4.8026126212659685E-5 4.8026126212659685E-5 4.8026126212659685E-5 4.8026126212659685E-5 4.8026126212659685E-5 4.8026126212659685E-5 0.7588608202862357 4.8026126212659685E-5 0.2401786571895111 4.8026126212659685E-5 4.8026126212659685E-5 4.8026126212659685E-5 4.8026126212659685E-5 4.8026126212659685E-5 4.8026126212659685E-5 4.8026126212659685E-5 4.8026126212659685E-5
6.724045185583648E-5 6.724045185583648E-5 6.724045185583648E-5 6.724045185583648E-5 6.724045185583648E-5 6.724045185583648E-5 6.724045185583648E-5 6.724045185583648E-5 0.759884346422808 6.724045185583648E-5 6.724045185583648E-5 6.724045185583648E-5 6.724045185583648E-5 0.2387708445400753 6.724045185583648E-5 6.724045185583648E-5 6.724045185583648E-5 6.724045185583648E-5 6.724045185583648E-5 6.724045185583648E-5 6.724045185583648E-5 6.724045185583648E-5
6.862475981334066E-5 6.862475981334066E-5 6.862475981334066E-5 6.862475981334066E-5 6.862475981334066E-5 6.862475981334066E-5 6.862475981334066E-5 0.0034998627504803734 6.862475981334066E-5 6.862475981334066E-5 6.862475981334066E-5 0.0034998627504803734 6.862475981334066E-5 0.9916964040625857 6.862475981334066E-5 6.862475981334066E-5 6.862475981334066E-5 6.862475981334066E-5 6.862475981334066E-5 6.862475981334066E-5 6.862475981334066E-5 6.862475981334066E-5
3.21316110789795E-5 3.21316110789795E-5 3.21316110789795E-5 3.21316110789795E-5 3.21316110789795E-5 3.21316110789795E-5 3.21316110789795E-5 3.21316110789795E-5 3.21316110789795E-5 3.21316110789795E-5 0.6217788059893322 3.21316110789795E-5 3.21316110789795E-5 0.3775785617890881 3.21316110789795E-5 3.21316110789795E-5 3.21316110789795E-5 3.21316110789795E-5 3.21316110789795E-5 3.21316110789795E-5 3.21316110789795E-5 3.21316110789795E-5
4.837461300309598E-5 4.837461300309598E-5 4.837461300309598E-5 4.837461300309598E-5 4.837461300309598E-5 4.837461300309598E-5 4.837461300309598E-5 4.837461300309598E-5 0.5829624613003096 4.837461300309598E-5 4.837461300309598E-5 4.837461300309598E-5 4.837461300309598E-5 0.4160700464396285 4.837461300309598E-5 4.837461300309598E-5 4.837461300309598E-5 4.837461300309598E-5 4.837461300309598E-5 4.837461300309598E-5 4.837461300309598E-5 4.837461300309598E-5
3.27632527357316E-5 3.27632527357316E-5 3.27632527357316E-5 3.27632527357316E-5 3.27632527357316E-5 3.27632527357316E-5 3.27632527357316E-5 3.27632527357316E-5 3.27632527357316E-5 3.27632527357316E-5 0.5897713124959045 3.27632527357316E-5 3.27632527357316E-5 0.40793525981259415 3.27632527357316E-5 0.0016709258895223117 3.27632527357316E-5 3.27632527357316E-5 3.27632527357316E-5 3.27632527357316E-5 3.27632527357316E-5 3.27632527357316E-5
2.3685457129322596E-4 2.3685457129322596E-4 2.3685457129322596E-4 2.3685457129322596E-4 2.3685457129322596E-4 2.3685457129322596E-4 2.3685457129322596E-4 0.03576504026527712 2.3685457129322596E-4 2.3685457129322596E-4 2.3685457129322596E-4 2.3685457129322596E-4 0.8173851255329228 0.1423495973472288 2.3685457129322596E-4 2.3685457129322596E-4 2.3685457129322596E-4 2.3685457129322596E-4 2.3685457129322596E-4 2.3685457129322596E-4 2.3685457129322596E-4 2.3685457129322596E-4
6.656903208627346E-5 6.656903208627346E-5 6.656903208627346E-5 6.656903208627346E-5 6.656903208627346E-5 6.656903208627346E-5 6.656903208627346E-5 6.656903208627346E-5 6.656903208627346E-5 6.656903208627346E-5 0.8454932765277593 6.656903208627346E-5 6.656903208627346E-5 0.15317534283051526 6.656903208627346E-5 6.656903208627346E-5 6.656903208627346E-5 6.656903208627346E-5 6.656903208627346E-5 6.656903208627346E-5 6.656903208627346E-5 6.656903208627346E-5
2.723311546840959E-4 2.723311546840959E-4 2.723311546840959E-4 2.723311546840959E-4 2.723311546840959E-4 2.723311546840959E-4 2.723311546840959E-4 2.723311546840959E-4 2.723311546840959E-4 2.723311546840959E-4 2.723311546840959E-4 2.723311546840959E-4 2.723311546840959E-4 0.994281045751634 2.723311546840959E-4 2.723311546840959E-4 2.723311546840959E-4 2.723311546840959E-4 2.723311546840959E-4 2.723311546840959E-4 2.723311546840959E-4 2.723311546840959E-4
4.3913578078341826E-5 4.3913578078341826E-5 4.3913578078341826E-5 4.3913578078341826E-5 4.3913578078341826E-5 4.3913578078341826E-5 0.7443790620059723 4.3913578078341826E-5 4.3913578078341826E-5 4.3913578078341826E-5 4.3913578078341826E-5 4.3913578078341826E-5 0.004435271385912524 0.25035130862462673 4.3913578078341826E-5 4.3913578078341826E-5 4.3913578078341826E-5 4.3913578078341826E-5 4.3913578078341826E-5 4.3913578078341826E-5 4.3913578078341826E-5 4.3913578078341826E-5
4.45990545000446E-5 4.45990545000446E-5 4.45990545000446E-5 4.45990545000446E-5 4.45990545000446E-5 4.45990545000446E-5 4.45990545000446E-5 4.45990545000446E-5 4.45990545000446E-5 4.45990545000446E-5 0.6266613147801267 4.45990545000446E-5 4.45990545000446E-5 0.37244670412987246 4.45990545000446E-5 4.45990545000446E-5 4.45990545000446E-5 4.45990545000446E-5 4.45990545000446E-5 4.45990545000446E-5 4.45990545000446E-5 4.45990545000446E-5
6.320313487548983E-5 6.320313487548983E-5 6.320313487548983E-5 6.320313487548983E-5 6.320313487548983E-5 6.320313487548983E-5 6.320313487548983E-5 6.320313487548983E-5 6.320313487548983E-5 6.320313487548983E-5 6.320313487548983E-5 6.320313487548983E-5 6.320313487548983E-5 0.4740867147010492 6.320313487548983E-5 6.320313487548983E-5 6.320313487548983E-5 6.320313487548983E-5 0.5246492226014411 6.320313487548983E-5 6.320313487548983E-5 6.320313487548983E-5
3.244435792615664E-5 3.244435792615664E-5 3.244435792615664E-5 3.244435792615664E-5 3.244435792615664E-5 0.39585361105703715 3.244435792615664E-5 3.244435792615664E-5 3.244435792615664E-5 3.244435792615664E-5 3.244435792615664E-5 3.244435792615664E-5 3.244435792615664E-5 0.6034975017844396 3.244435792615664E-5 3.244435792615664E-5 3.244435792615664E-5 3.244435792615664E-5 3.244435792615664E-5 3.244435792615664E-5 3.244435792615664E-5 3.244435792615664E-5
3.108292925525301E-5 3.108292925525301E-5 3.108292925525301E-5 3.108292925525301E-5 3.108292925525301E-5 3.108292925525301E-5 3.108292925525301E-5 0.05598035558871068 3.108292925525301E-5 3.108292925525301E-5 3.108292925525301E-5 3.108292925525301E-5 3.108292925525301E-5 0.9433979858261842 3.108292925525301E-5 3.108292925525301E-5 3.108292925525301E-5 3.108292925525301E-5 3.108292925525301E-5 3.108292925525301E-5 3.108292925525301E-5 3.108292925525301E-5
8.050233456770246E-5 8.050233456770246E-5 8.050233456770246E-5 8.050233456770246E-5 8.050233456770246E-5 8.050233456770246E-5 8.050233456770246E-5 8.050233456770246E-5 8.050233456770246E-5 8.050233456770246E-5 8.050233456770246E-5 8.050233456770246E-5 0.7366768636290453 0.2617130896796007 8.050233456770246E-5 8.050233456770246E-5 8.050233456770246E-5 8.050233456770246E-5 8.050233456770246E-5 8.050233456770246E-5 8.050233456770246E-5 8.050233456770246E-5
1.7692226035879835E-5 1.7692226035879835E-5 1.7692226035879835E-5 1.7692226035879835E-5 0.5697073705813666 1.7692226035879835E-5 1.7692226035879835E-5 1.7692226035879835E-5 1.7692226035879835E-5 1.7692226035879835E-5 1.7692226035879835E-5 1.7692226035879835E-5 1.7692226035879835E-5 0.4299387848979158 1.7692226035879835E-5 1.7692226035879835E-5 1.7692226035879835E-5 1.7692226035879835E-5 1.7692226035879835E-5 1.7692226035879835E-5 1.7692226035879835E-5 1.7692226035879835E-5
9.414422895876483E-5 9.414422895876483E-5 9.414422895876483E-5 9.414422895876483E-5 9.414422895876483E-5 9.414422895876483E-5 9.414422895876483E-5 9.414422895876483E-5 9.414422895876483E-5 9.414422895876483E-5 9.414422895876483E-5 9.414422895876483E-5 9.414422895876483E-5 0.998022971191866 9.414422895876483E-5 9.414422895876483E-5 9.414422895876483E-5 9.414422895876483E-5 9.414422895876483E-5 9.414422895876483E-5 9.414422895876483E-5 9.414422895876483E-5
1.0785159620362382E-4 1.0785159620362382E-4 0.06481880931837791 1.0785159620362382E-4 1.0785159620362382E-4 1.0785159620362382E-4 1.0785159620362382E-4 1.0785159620362382E-4 1.0785159620362382E-4 1.0785159620362382E-4 1.0785159620362382E-4 1.0785159620362382E-4 1.0785159620362382E-4 0.9330241587575496 1.0785159620362382E-4 1.0785159620362382E-4 1.0785159620362382E-4 1.0785159620362382E-4 1.0785159620362382E-4 1.0785159620362382E-4 1.0785159620362382E-4 1.0785159620362382E-4
4.646408326363721E-5 4.646408326363721E-5 4.646408326363721E-5 4.646408326363721E-5 4.646408326363721E-5 4.646408326363721E-5 4.646408326363721E-5 4.646408326363721E-5 4.646408326363721E-5 4.646408326363721E-5 4.646408326363721E-5 4.646408326363721E-5 4.646408326363721E-5 0.9827618251091905 4.646408326363721E-5 4.646408326363721E-5 0.01630889322553666 4.646408326363721E-5 4.646408326363721E-5 4.646408326363721E-5 4.646408326363721E-5 4.646408326363721E-5
6.164468006411048E-5 0.006226112686475157 6.164468006411048E-5 0.9925409937122426 6.164468006411048E-5 6.164468006411048E-5 6.164468006411048E-5 6.164468006411048E-5 6.164468006411048E-5 6.164468006411048E-5 6.164468006411048E-5 6.164468006411048E-5 6.164468006411048E-5 6.164468006411048E-5 6.164468006411048E-5 6.164468006411048E-5 6.164468006411048E-5 6.164468006411048E-5 6.164468006411048E-5 6.164468006411048E-5 6.164468006411048E-5 6.164468006411048E-5
3.524601720005639E-5 3.524601720005639E-5 3.524601720005639E-5 3.524601720005639E-5 3.524601720005639E-5 3.524601720005639E-5 3.524601720005639E-5 3.524601720005639E-5 0.0070844494572113335 0.001797546877202876 3.524601720005639E-5 3.524601720005639E-5 3.524601720005639E-5 0.9886860284787817 3.524601720005639E-5 3.524601720005639E-5 3.524601720005639E-5 3.524601720005639E-5 3.524601720005639E-5 3.524601720005639E-5 3.524601720005639E-5 0.001797546877202876
8.494733265375468E-5 8.494733265375468E-5 8.494733265375468E-5 0.004332313965341488 8.494733265375468E-5 8.494733265375468E-5 8.494733265375468E-5 8.494733265375468E-5 8.494733265375468E-5 8.494733265375468E-5 8.494733265375468E-5 0.5777268093781855 8.494733265375468E-5 0.4163268773360516 8.494733265375468E-5 8.494733265375468E-5 8.494733265375468E-5 8.494733265375468E-5 8.494733265375468E-5 8.494733265375468E-5 8.494733265375468E-5 8.494733265375468E-5
3.7006883280290134E-5 3.7006883280290134E-5 3.7006883280290134E-5 3.7006883280290134E-5 3.7006883280290134E-5 3.7006883280290134E-5 3.7006883280290134E-5 3.7006883280290134E-5 3.7006883280290134E-5 3.7006883280290134E-5 3.7006883280290134E-5 3.7006883280290134E-5 3.7006883280290134E-5 0.9992228554511138 3.7006883280290134E-5 3.7006883280290134E-5 3.7006883280290134E-5 3.7006883280290134E-5 3.7006883280290134E-5 3.7006883280290134E-5 3.7006883280290134E-5 3.7006883280290134E-5
4.9329123914759274E-5 4.9329123914759274E-5 4.9329123914759274E-5 4.9329123914759274E-5 4.9329123914759274E-5 4.9329123914759274E-5 4.9329123914759274E-5 4.9329123914759274E-5 4.9329123914759274E-5 0.002515785319652723 4.9329123914759274E-5 4.9329123914759274E-5 4.9329123914759274E-5 0.9940311760063141 4.9329123914759274E-5 4.9329123914759274E-5 4.9329123914759274E-5 4.9329123914759274E-5 4.9329123914759274E-5 4.9329123914759274E-5 4.9329123914759274E-5 0.002515785319652723
2.6974536037980147E-5 2.6974536037980147E-5 0.0013757013379369874 2.6974536037980147E-5 2.6974536037980147E-5 2.6974536037980147E-5 2.6974536037980147E-5 2.6974536037980147E-5 2.6974536037980147E-5 2.6974536037980147E-5 2.6974536037980147E-5 2.6974536037980147E-5 2.6974536037980147E-5 0.4936609840310746 2.6974536037980147E-5 2.6974536037980147E-5 2.6974536037980147E-5 0.5031020716443677 2.6974536037980147E-5 2.6974536037980147E-5 2.6974536037980147E-5 0.0013757013379369874
0.7000271837622326 0.0023106197897789053 4.530627038782167E-5 4.530627038782167E-5 4.530627038782167E-5 4.530627038782167E-5 4.530627038782167E-5 4.530627038782167E-5 4.530627038782167E-5 4.530627038782167E-5 4.530627038782167E-5 4.530627038782167E-5 4.530627038782167E-5 0.2945360637912287 4.530627038782167E-5 4.530627038782167E-5 4.530627038782167E-5 4.530627038782167E-5 4.530627038782167E-5 4.530627038782167E-5 0.0023106197897789053 4.530627038782167E-5
4.614248800295312E-5 4.614248800295312E-5 4.614248800295312E-5 0.6944905869324474 4.614248800295312E-5 4.614248800295312E-5 4.614248800295312E-5 4.614248800295312E-5 4.614248800295312E-5 4.614248800295312E-5 4.614248800295312E-5 4.614248800295312E-5 4.614248800295312E-5 0.30458656330749356 4.614248800295312E-5 4.614248800295312E-5 4.614248800295312E-5 4.614248800295312E-5 4.614248800295312E-5 4.614248800295312E-5 4.614248800295312E-5 4.614248800295312E-5
4.712091226086137E-5 4.712091226086137E-5 4.712091226086137E-5 4.712091226086137E-5 4.712091226086137E-5 4.712091226086137E-5 0.7304212609556121 4.712091226086137E-5 4.712091226086137E-5 4.712091226086137E-5 4.712091226086137E-5 4.712091226086137E-5 4.712091226086137E-5 0.26863632079917066 4.712091226086137E-5 4.712091226086137E-5 4.712091226086137E-5 4.712091226086137E-5 4.712091226086137E-5 4.712091226086137E-5 4.712091226086137E-5 4.712091226086137E-5
2.9051188193597116E-5 2.9051188193597116E-5 2.9051188193597116E-5 2.9051188193597116E-5 2.9051188193597116E-5 2.9051188193597116E-5 2.9051188193597116E-5 2.9051188193597116E-5 2.9051188193597116E-5 2.9051188193597116E-5 2.9051188193597116E-5 2.9051188193597116E-5 2.9051188193597116E-5 0.9993899250479343 2.9051188193597116E-5 2.9051188193597116E-5 2.9051188193597116E-5 2.9051188193597116E-5 2.9051188193597116E-5 2.9051188193597116E-5 2.9051188193597116E-5 2.9051188193597116E-5
0.8001502961718681 4.420475643179206E-5 4.420475643179206E-5 4.420475643179206E-5 4.420475643179206E-5 4.420475643179206E-5 4.420475643179206E-5 4.420475643179206E-5 4.420475643179206E-5 4.420475643179206E-5 4.420475643179206E-5 4.420475643179206E-5 4.420475643179206E-5 0.19896560869949606 4.420475643179206E-5 4.420475643179206E-5 4.420475643179206E-5 4.420475643179206E-5 4.420475643179206E-5 4.420475643179206E-5 4.420475643179206E-5 4.420475643179206E-5
7.620789513793629E-5 7.620789513793629E-5 7.620789513793629E-5 7.620789513793629E-5 7.620789513793629E-5 7.620789513793629E-5 7.620789513793629E-5 7.620789513793629E-5 7.620789513793629E-5 7.620789513793629E-5 7.620789513793629E-5 7.620789513793629E-5 7.620789513793629E-5 0.18297515622618504 7.620789513793629E-5 0.8078798963572627 7.620789513793629E-5 7.620789513793629E-5 7.620789513793629E-5 7.620789513793629E-5 7.620789513793629E-5 0.007696997408931565
4.3817369205152925E-5 4.3817369205152925E-5 4.3817369205152925E-5 0.006616422749978091 4.3817369205152925E-5 4.3817369205152925E-5 4.3817369205152925E-5 4.3817369205152925E-5 4.3817369205152925E-5 4.3817369205152925E-5 4.3817369205152925E-5 4.3817369205152925E-5 4.3817369205152925E-5 0.9925072298659188 4.3817369205152925E-5 4.3817369205152925E-5 4.3817369205152925E-5 4.3817369205152925E-5 4.3817369205152925E-5 4.3817369205152925E-5 4.3817369205152925E-5 4.3817369205152925E-5
3.568624652059096E-5 3.568624652059096E-5 3.568624652059096E-5 3.568624652059096E-5 3.568624652059096E-5 3.568624652059096E-5 3.568624652059096E-5 3.568624652059096E-5 3.568624652059096E-5 3.568624652059096E-5 3.568624652059096E-5 0.00895724787666833 3.568624652059096E-5 0.30872171864963244 3.568624652059096E-5 3.568624652059096E-5 3.568624652059096E-5 3.568624652059096E-5 3.568624652059096E-5 0.6816429947898079 3.568624652059096E-5 3.568624652059096E-5
1.641443156823479E-5 1.641443156823479E-5 1.641443156823479E-5 1.641443156823479E-5 1.641443156823479E-5 1.641443156823479E-5 0.6771117166212534 1.641443156823479E-5 1.641443156823479E-5 1.641443156823479E-5 1.641443156823479E-5 1.641443156823479E-5 1.641443156823479E-5 0.3225599947473819 1.641443156823479E-5 1.641443156823479E-5 1.641443156823479E-5 1.641443156823479E-5 1.641443156823479E-5 1.641443156823479E-5 1.641443156823479E-5 1.641443156823479E-5
6.526563111865292E-5 6.526563111865292E-5 6.526563111865292E-5 6.526563111865292E-5 6.526563111865292E-5 6.526563111865292E-5 6.526563111865292E-5 6.526563111865292E-5 6.526563111865292E-5 6.526563111865292E-5 6.526563111865292E-5 6.526563111865292E-5 6.526563111865292E-5 0.19586215898707743 6.526563111865292E-5 6.526563111865292E-5 6.526563111865292E-5 0.7995692468346169 0.0033285471870512988 6.526563111865292E-5 6.526563111865292E-5 6.526563111865292E-5
1.641443156823479E-5 1.641443156823479E-5 1.641443156823479E-5 1.641443156823479E-5 1.641443156823479E-5 1.641443156823479E-5 0.7165063523850168 8.371360099799744E-4 1.641443156823479E-5 1.641443156823479E-5 1.641443156823479E-5 1.641443156823479E-5 1.641443156823479E-5 0.28234463740520666 1.641443156823479E-5 1.641443156823479E-5 1.641443156823479E-5 1.641443156823479E-5 1.641443156823479E-5 1.641443156823479E-5 1.641443156823479E-5 1.641443156823479E-5
5.007009813739235E-5 5.007009813739235E-5 5.007009813739235E-5 5.007009813739235E-5 5.007009813739235E-5 5.007009813739235E-5 0.017574604446224714 0.7410875225315441 5.007009813739235E-5 5.007009813739235E-5 5.007009813739235E-5 5.007009813739235E-5 5.007009813739235E-5 0.24038654115762065 5.007009813739235E-5 5.007009813739235E-5 5.007009813739235E-5 5.007009813739235E-5 5.007009813739235E-5 5.007009813739235E-5 5.007009813739235E-5 5.007009813739235E-5
1.4909351145038167E-5 1.4909351145038167E-5 1.4909351145038167E-5 0.7663555582061068 1.4909351145038167E-5 1.4909351145038167E-5 1.4909351145038167E-5 1.4909351145038167E-5 1.4909351145038167E-5 1.4909351145038167E-5 1.4909351145038167E-5 1.4909351145038167E-5 1.4909351145038167E-5 0.23334625477099236 1.4909351145038167E-5 1.4909351145038167E-5 1.4909351145038167E-5 1.4909351145038167E-5 1.4909351145038167E-5 1.4909351145038167E-5 1.4909351145038167E-5 1.4909351145038167E-5
