0.05617283950617273 0.05617283950617273 0.05987654320987642 0.17592592592592565 0.06049382716049371 0.058024691358024585 0.05925925925925915 0.058641975308641875 0.059876543209876426 0.058641975308641875 0.06296296296296285 0.05679012345679001 0.06296296296296283 0.05679012345679001 0.05740740740740729
0.058024691358024585 0.058024691358024585 0.06296296296296285 0.06666666666666655 0.11111111111111094 0.05740740740740729 0.07407407407407395 0.07098765432098753 0.06666666666666655 0.06481481481481469 0.05925925925925916 0.06296296296296286 0.06543209876543199 0.06049382716049371 0.06111111111111099
0.06481481481481469 0.05740740740740729 0.06172839506172829 0.061728395061728274 0.06728395061728383 0.06234567901234556 0.08024691358024681 0.05987654320987642 0.06111111111111099 0.13024691358024668 0.05617283950617273 0.05679012345679001 0.06481481481481471 0.05740740740740729 0.058024691358024585
0.19277777777777752 0.05166666666666657 0.0672222222222221 0.058333333333333244 0.0549999999999999 0.05277777777777769 0.052222222222222135 0.05555555555555547 0.053888888888888806 0.05444444444444436 0.05444444444444436 0.05111111111111103 0.09166666666666663 0.0527777777777777 0.05611111111111102
0.05438596491228069 0.05380116959064327 0.05730994152046784 0.055555555555555546 0.05730994152046782 0.05321637426900585 0.05497076023391812 0.10760233918128645 0.11052631578947363 0.10526315789473684 0.05789473684210524 0.06666666666666665 0.05380116959064327 0.05380116959064329 0.05789473684210525
0.05291005291005283 0.056084656084656015 0.056084656084655994 0.060846560846560746 0.0693121693121692 0.057671957671957576 0.057142857142857086 0.12063492063492058 0.053968253968253894 0.14391534391534375 0.051851851851851774 0.058730158730158646 0.05343915343915337 0.05238095238095231 0.05502645502645495
0.04879227053140105 0.05362318840579719 0.05555555555555568 0.06521739130434792 0.09951690821256051 0.056521739130434866 0.04927536231884067 0.1942028985507247 0.046859903381642594 0.06183574879227062 0.06183574879227063 0.053140096618357564 0.057004830917874484 0.04637681159420299 0.05024154589371988
0.06388888888888888 0.0625 0.0625 0.06527777777777778 0.07361111111111111 0.0625 0.06458333333333334 0.10555555555555556 0.06319444444444444 0.0625 0.0625 0.0625 0.0625 0.0625 0.06388888888888888
0.10864197530864177 0.05555555555555545 0.05802469135802457 0.05802469135802457 0.0746913580246912 0.058641975308641854 0.05802469135802457 0.13209876543209867 0.05679012345679001 0.05802469135802457 0.05679012345679001 0.05740740740740729 0.05617283950617273 0.05555555555555545 0.05555555555555545
0.09415204678362572 0.05438596491228069 0.05789473684210525 0.05730994152046782 0.08011695906432743 0.059649122807017514 0.05730994152046784 0.13333333333333322 0.05321637426900584 0.057309941520467846 0.07777777777777779 0.055555555555555546 0.0543859649122807 0.053801169590643266 0.05380116959064329
0.058888888888888796 0.05111111111111102 0.06888888888888878 0.0638888888888888 0.05944444444444436 0.05499999999999991 0.06999999999999992 0.05777777777777769 0.11111111111111101 0.07499999999999991 0.06333333333333326 0.05166666666666658 0.09666666666666658 0.05444444444444435 0.06277777777777767
0.045370370370370325 0.0430555555555555 0.04999999999999996 0.0634259259259259 0.05324074074074073 0.04768518518518516 0.05509259259259257 0.06712962962962966 0.1949074074074074 0.050925925925925895 0.09398148148148143 0.04814814814814813 0.09027777777777773 0.05 0.046759259259259216
0.07222222222222209 0.06049382716049371 0.0574074074074073 0.06049382716049372 0.05679012345679001 0.05740740740740729 0.05679012345679002 0.05987654320987642 0.12962962962962943 0.05864197530864187 0.061111111111111005 0.08888888888888877 0.05925925925925914 0.06049382716049371 0.0604938271604937
0.04814814814814808 0.05238095238095231 0.12222222222222208 0.055555555555555476 0.05661375661375651 0.053968253968253894 0.051851851851851774 0.07619047619047611 0.05185185185185177 0.1423280423280422 0.04973544973544967 0.051851851851851774 0.08412698412698408 0.051851851851851774 0.05132275132275125
0.052631578947368425 0.06666666666666665 0.07368421052631571 0.05789473684210527 0.057309941520467804 0.05438596491228071 0.05730994152046782 0.056725146198830394 0.05555555555555555 0.057309941520467846 0.054970760233918115 0.053801169590643266 0.09181286549707608 0.15438596491228052 0.055555555555555546
0.05679012345679001 0.05864197530864187 0.08333333333333323 0.07469135802469123 0.06296296296296283 0.06481481481481469 0.07345679012345664 0.06358024691358012 0.05802469135802457 0.08641975308641961 0.058641975308641854 0.061111111111110984 0.061728395061728274 0.07222222222222212 0.06358024691358012
0.05555555555555554 0.05555555555555555 0.06549707602339179 0.06725146198830405 0.05847953216374269 0.056725146198830394 0.06959064327485374 0.05847953216374267 0.059649122807017535 0.11286549707602332 0.06140350877192977 0.0590643274853801 0.06081871345029239 0.08771929824561403 0.07134502923976613
0.06597222222222222 0.06527777777777778 0.06736111111111111 0.07361111111111111 0.06666666666666667 0.07013888888888889 0.06597222222222222 0.06944444444444445 0.06805555555555555 0.06319444444444444 0.06527777777777778 0.06458333333333334 0.06458333333333334 0.06458333333333334 0.06527777777777778
0.06319444444444444 0.0625 0.06388888888888888 0.06319444444444444 0.0625 0.0625 0.0625 0.06319444444444444 0.06319444444444444 0.06319444444444444 0.06319444444444444 0.06319444444444444 0.0625 0.06388888888888888 0.11736111111111111
0.0625 0.0625 0.0625 0.0625 0.0625 0.0625 0.0625 0.0625 0.0625 0.06319444444444444 0.12361111111111112 0.0625 0.0625 0.0625 0.06319444444444444
0.05555555555555545 0.05555555555555545 0.05555555555555545 0.05555555555555545 0.22098765432098721 0.05617283950617273 0.05555555555555545 0.05555555555555545 0.05555555555555545 0.05555555555555545 0.05555555555555545 0.05617283950617273 0.05555555555555545 0.05555555555555545 0.05555555555555545
0.05882352941176457 0.059477124183006415 0.0594771241830064 0.0594771241830064 0.05882352941176457 0.0594771241830064 0.0594771241830064 0.11503267973856184 0.05882352941176457 0.0594771241830064 0.06078431372549007 0.09869281045751614 0.05882352941176457 0.05882352941176457 0.07450980392156849
0.059477124183006415 0.0594771241830064 0.06274509803921555 0.0614379084967319 0.08496732026143773 0.06535947712418287 0.06013071895424824 0.12026143790849655 0.06013071895424824 0.06339869281045737 0.06013071895424823 0.06013071895424823 0.06078431372549007 0.0594771241830064 0.062091503267973726
0.060784313725490056 0.05882352941176457 0.061437908496731884 0.06274509803921555 0.06732026143790834 0.06405228758169922 0.07058823529411752 0.11045751633986911 0.0653594771241829 0.06862745098039201 0.0614379084967319 0.062091503267973726 0.06209150326797373 0.062091503267973726 0.062091503267973726
0.05882352941176457 0.06274509803921555 0.06078431372549007 0.062091503267973726 0.0614379084967319 0.0614379084967319 0.06274509803921555 0.06339869281045739 0.07777777777777764 0.06078431372549007 0.06339869281045739 0.12222222222222201 0.06013071895424823 0.06013071895424823 0.062091503267973726
0.0625 0.0625 0.0625 0.06319444444444444 0.0625 0.0625 0.0625 0.06319444444444444 0.12013888888888889 0.0625 0.06319444444444444 0.06388888888888888 0.06319444444444444 0.0625 0.06319444444444444
0.07320261437908483 0.118300653594771 0.06078431372549007 0.06209150326797375 0.0594771241830064 0.05882352941176457 0.06013071895424824 0.05882352941176457 0.06013071895424824 0.06274509803921556 0.05882352941176457 0.08692810457516323 0.06013071895424823 0.0594771241830064 0.06013071895424824
0.05864197530864187 0.11975308641975288 0.06543209876543199 0.06975308641975297 0.058024691358024585 0.059876543209876426 0.058641975308641854 0.061728395061728274 0.07098765432098754 0.06419753086419742 0.05925925925925914 0.06543209876543198 0.0685185185185184 0.05925925925925915 0.06049382716049372
0.05740740740740729 0.18271604938271577 0.05802469135802457 0.05617283950617273 0.05802469135802457 0.05679012345679001 0.0574074074074073 0.05679012345679001 0.058024691358024585 0.05555555555555545 0.05740740740740729 0.07654320987654308 0.05555555555555545 0.05617283950617273 0.05740740740740729
0.05617283950617273 0.11234567901234546 0.06049382716049373 0.07345679012345667 0.07901234567901225 0.08950617283950606 0.05802469135802457 0.05925925925925915 0.058024691358024585 0.06666666666666654 0.05617283950617273 0.05617283950617273 0.05987654320987642 0.05555555555555545 0.05925925925925914
0.06388888888888888 0.07083333333333333 0.06666666666666667 0.06597222222222222 0.06527777777777778 0.06736111111111111 0.06875 0.07013888888888889 0.06666666666666667 0.07013888888888889 0.06527777777777778 0.06458333333333334 0.06597222222222222 0.06319444444444444 0.06527777777777778
0.05882352941176457 0.05882352941176457 0.062091503267973726 0.07973856209150311 0.07450980392156849 0.0594771241830064 0.06013071895424823 0.060784313725490056 0.0614379084967319 0.06470588235294103 0.11699346405228732 0.05882352941176457 0.06274509803921555 0.05882352941176457 0.062091503267973726
0.0625 0.0625 0.06319444444444444 0.06388888888888888 0.0625 0.0625 0.06388888888888888 0.06527777777777778 0.0625 0.06527777777777778 0.06319444444444444 0.06319444444444444 0.06388888888888888 0.1125 0.06319444444444444
0.06013071895424824 0.09215686274509786 0.06013071895424824 0.06013071895424824 0.118300653594771 0.05882352941176457 0.0594771241830064 0.05882352941176457 0.06013071895424823 0.06078431372549008 0.05882352941176457 0.06078431372549007 0.060784313725490056 0.06862745098039204 0.062091503267973726
0.0625 0.0625 0.0625 0.0625 0.06319444444444444 0.0625 0.0625 0.0625 0.0625 0.0625 0.12291666666666666 0.0625 0.0625 0.06319444444444444 0.06319444444444444
0.0574074074074073 0.08333333333333316 0.07098765432098755 0.06975308641975296 0.05740740740740729 0.05925925925925915 0.07037037037037025 0.0604938271604937 0.05864197530864187 0.05987654320987642 0.05740740740740729 0.05679012345679001 0.10925925925925915 0.06790123456790112 0.06111111111111099
0.05740740740740729 0.06111111111111099 0.0679012345679011 0.07654320987654308 0.05802469135802457 0.06111111111111099 0.058024691358024585 0.05925925925925915 0.05864197530864187 0.059876543209876426 0.05925925925925914 0.05740740740740729 0.08765432098765417 0.1148148148148146 0.06296296296296287
0.0594771241830064 0.06078431372549007 0.06274509803921555 0.06339869281045737 0.06797385620915021 0.06470588235294104 0.09934640522875801 0.0614379084967319 0.06274509803921555 0.062091503267973726 0.06470588235294104 0.06078431372549007 0.06078431372549007 0.0594771241830064 0.08954248366013058
0.0625 0.06319444444444444 0.11944444444444445 0.0625 0.0625 0.06319444444444444 0.0625 0.0625 0.06388888888888888 0.0625 0.0625 0.0625 0.06458333333333334 0.06319444444444444 0.0625
0.06388888888888888 0.06319444444444444 0.0625 0.06319444444444444 0.0625 0.06319444444444444 0.06319444444444444 0.06319444444444444 0.06527777777777778 0.0625 0.06388888888888888 0.06388888888888888 0.1125 0.0625 0.06458333333333334
0.15555555555555525 0.053801169590643266 0.0567251461988304 0.05906432748538009 0.05321637426900585 0.10292397660818715 0.07836257309941515 0.05497076023391814 0.05614035087719296 0.0543859649122807 0.05380116959064327 0.0543859649122807 0.05906432748538011 0.052631578947368425 0.05497076023391812
0.05925925925925915 0.05864197530864187 0.061728395061728274 0.07469135802469125 0.06543209876543199 0.12345679012345664 0.05987654320987644 0.07592592592592579 0.05679012345679001 0.062345679012345556 0.05679012345679001 0.05617283950617273 0.06296296296296283 0.05987654320987642 0.06604938271604928
0.058479532163742666 0.05906432748538011 0.06374269005847953 0.06491228070175438 0.05906432748538012 0.0573099415204678 0.06608187134502923 0.0637426900584795 0.05555555555555555 0.07953216374269005 0.06842105263157892 0.10409356725146195 0.05789473684210523 0.05672514619883037 0.08538011695906428
0.052631578947368425 0.05321637426900584 0.052631578947368425 0.0543859649122807 0.05321637426900585 0.05321637426900585 0.052631578947368425 0.0543859649122807 0.05321637426900586 0.05321637426900584 0.058479532163742645 0.052631578947368425 0.0543859649122807 0.2491228070175441 0.052631578947368425
0.06388888888888888 0.0625 0.06458333333333334 0.07083333333333333 0.06458333333333334 0.06527777777777778 0.07361111111111111 0.06458333333333334 0.06597222222222222 0.06527777777777778 0.07916666666666666 0.06527777777777778 0.06458333333333334 0.0625 0.06736111111111111
0.08954248366013054 0.06078431372549007 0.06078431372549007 0.0699346405228757 0.06013071895424824 0.06078431372549007 0.062091503267973726 0.06013071895424824 0.05882352941176457 0.062091503267973726 0.060784313725490056 0.0594771241830064 0.0594771241830064 0.11503267973856188 0.06013071895424824
0.05321637426900585 0.055555555555555546 0.0719298245614035 0.11871345029239752 0.07368421052631577 0.0742690058479532 0.05672514619883039 0.05964912280701752 0.055555555555555546 0.059064327485380076 0.056140350877193 0.056725146198830394 0.0982456140350877 0.05555555555555555 0.05497076023391812
0.06339869281045737 0.0614379084967319 0.06274509803921555 0.06535947712418289 0.06274509803921555 0.061437908496731884 0.06666666666666654 0.06339869281045737 0.06078431372549007 0.11045751633986908 0.06209150326797371 0.062091503267973726 0.06535947712418289 0.06535947712418289 0.06666666666666653
0.06527777777777778 0.06458333333333334 0.06458333333333334 0.06388888888888888 0.06388888888888888 0.0625 0.06388888888888888 0.0625 0.06388888888888888 0.1 0.06388888888888888 0.06388888888888888 0.06458333333333334 0.06458333333333334 0.06805555555555555
0.06319444444444444 0.06388888888888888 0.06666666666666667 0.10277777777777777 0.06388888888888888 0.06388888888888888 0.06319444444444444 0.06388888888888888 0.06388888888888888 0.06458333333333334 0.06319444444444444 0.06319444444444444 0.06736111111111111 0.06388888888888888 0.0625
0.05555555555555545 0.05617283950617273 0.05617283950617273 0.05555555555555545 0.05679012345679002 0.2166666666666663 0.05555555555555545 0.05555555555555545 0.05740740740740729 0.05679012345679001 0.05555555555555545 0.05555555555555545 0.05555555555555545 0.05555555555555545 0.05555555555555545
0.04222222222222225 0.04133333333333336 0.04088888888888891 0.0417777777777778 0.04933333333333337 0.37333333333333296 0.04222222222222225 0.0417777777777778 0.045777777777777806 0.04044444444444447 0.0417777777777778 0.0755555555555556 0.04133333333333336 0.04044444444444447 0.04177777777777781
0.05882352941176457 0.06013071895424824 0.06405228758169922 0.0640522875816992 0.06078431372549007 0.11633986928104553 0.06078431372549007 0.06339869281045737 0.07189542483660116 0.059477124183006415 0.06013071895424824 0.0594771241830064 0.061437908496731905 0.05882352941176457 0.08039215686274497
0.16023391812865473 0.0567251461988304 0.059649122807017514 0.06432748538011696 0.055555555555555566 0.05730994152046784 0.0847953216374269 0.05614035087719296 0.0590643274853801 0.05730994152046784 0.05438596491228069 0.059649122807017514 0.06081871345029239 0.054970760233918115 0.05906432748538007
0.11944444444444445 0.0625 0.0625 0.06319444444444444 0.0625 0.06388888888888888 0.0625 0.06319444444444444 0.06319444444444444 0.06319444444444444 0.0625 0.06319444444444444 0.06319444444444444 0.0625 0.0625
0.06388888888888888 0.06458333333333334 0.07361111111111111 0.06736111111111111 0.06388888888888888 0.06875 0.06875 0.06597222222222222 0.06458333333333334 0.06666666666666667 0.06666666666666667 0.06736111111111111 0.06805555555555555 0.06388888888888888 0.06597222222222222
0.052631578947368425 0.052631578947368425 0.052631578947368425 0.05321637426900586 0.05321637426900585 0.052631578947368425 0.05438596491228069 0.05321637426900584 0.05321637426900585 0.05321637426900584 0.052631578947368425 0.05321637426900585 0.0543859649122807 0.2561403508771932 0.052631578947368425
0.05617283950617273 0.05802469135802457 0.08456790123456777 0.06419753086419742 0.05555555555555545 0.05925925925925915 0.061728395061728274 0.06172839506172827 0.1216049382716047 0.059876543209876426 0.05679012345679001 0.05740740740740729 0.06481481481481471 0.05987654320987644 0.07839506172839496
0.0594771241830064 0.062091503267973726 0.06928104575163387 0.07647058823529397 0.060784313725490056 0.06013071895424823 0.06470588235294104 0.061437908496731905 0.0614379084967319 0.06013071895424823 0.11437908496732004 0.06209150326797373 0.06274509803921555 0.0594771241830064 0.06535947712418286
0.04973544973544967 0.050793650793650724 0.06084656084656077 0.06455026455026448 0.05238095238095232 0.05555555555555548 0.055555555555555476 0.05396825396825389 0.0634920634920634 0.05661375661375654 0.0978835978835978 0.04973544973544967 0.052910052910052824 0.16878306878306856 0.06719576719576711
0.11049382716049364 0.05679012345679001 0.07654320987654309 0.06728395061728383 0.06296296296296285 0.07592592592592579 0.07098765432098753 0.05864197530864187 0.05679012345679001 0.059876543209876426 0.06543209876543199 0.05802469135802457 0.06172839506172829 0.05925925925925915 0.05925925925925915
0.11960784313725467 0.06078431372549007 0.06274509803921556 0.06274509803921555 0.06274509803921556 0.060784313725490056 0.06274509803921555 0.06666666666666651 0.06209150326797371 0.06339869281045737 0.0614379084967319 0.06470588235294104 0.06209150326797373 0.06339869281045739 0.0640522875816992
0.17000000000000004 0.05166666666666658 0.05444444444444437 0.06055555555555547 0.05611111111111103 0.06111111111111102 0.08555555555555544 0.05611111111111103 0.05277777777777769 0.05833333333333325 0.05166666666666658 0.07666666666666656 0.0549999999999999 0.053888888888888806 0.05611111111111102
0.06388888888888888 0.06597222222222222 0.06666666666666667 0.06736111111111111 0.06666666666666667 0.06944444444444445 0.06875 0.06736111111111111 0.06597222222222222 0.06388888888888888 0.06805555555555555 0.06666666666666667 0.06666666666666667 0.06666666666666667 0.06597222222222222
0.11699346405228732 0.0594771241830064 0.05882352941176457 0.05882352941176457 0.05882352941176457 0.0594771241830064 0.05882352941176457 0.059477124183006415 0.06405228758169922 0.05882352941176457 0.05882352941176457 0.11111111111111087 0.05882352941176457 0.05882352941176457 0.05882352941176457
0.09082125603864746 0.047342995169082205 0.05024154589371989 0.05458937198067641 0.1589371980676329 0.14589371980676333 0.0507246376811595 0.05410628019323681 0.05024154589371988 0.04830917874396143 0.0473429951690822 0.0507246376811595 0.05072463768115951 0.04927536231884066 0.0507246376811595
0.05497076023391813 0.0549707602339181 0.057309941520467825 0.05789473684210524 0.056725146198830415 0.05614035087719297 0.05730994152046782 0.05730994152046782 0.09941520467836254 0.056725146198830394 0.16374269005847922 0.05789473684210525 0.05672514619883039 0.05614035087719298 0.056725146198830415
0.1516666666666668 0.05666666666666658 0.053888888888888806 0.05833333333333322 0.05333333333333324 0.05777777777777769 0.056666666666666574 0.071111111111111 0.05833333333333325 0.055555555555555476 0.0538888888888888 0.11166666666666658 0.05611111111111102 0.0527777777777777 0.05222222222222214
0.06783625730994147 0.05847953216374269 0.06491228070175435 0.06432748538011694 0.0637426900584795 0.06491228070175438 0.08654970760233914 0.0824561403508771 0.06491228070175435 0.06491228070175434 0.05672514619883039 0.06432748538011693 0.06608187134502921 0.05847953216374267 0.07134502923976603
0.06274509803921555 0.06470588235294103 0.06013071895424824 0.060784313725490056 0.05882352941176457 0.06535947712418289 0.06209150326797373 0.06339869281045739 0.06862745098039204 0.06405228758169922 0.06078431372549007 0.12549019607843115 0.06274509803921556 0.06013071895424823 0.06013071895424824
0.1497354497354496 0.059259259259259164 0.056084656084656015 0.05343915343915337 0.05238095238095229 0.0555555555555555 0.07724867724867718 0.05820105820105812 0.059259259259259164 0.053968253968253894 0.05343915343915335 0.1079365079365078 0.05608465608465602 0.05185185185185179 0.05555555555555548
0.11830065359477102 0.06013071895424824 0.061437908496731905 0.0594771241830064 0.06535947712418289 0.08104575163398677 0.06339869281045737 0.06078431372549007 0.0594771241830064 0.0614379084967319 0.06274509803921555 0.0614379084967319 0.06078431372549007 0.06078431372549007 0.06339869281045739
0.06319444444444444 0.0625 0.11527777777777778 0.06527777777777778 0.06319444444444444 0.06319444444444444 0.0625 0.06319444444444444 0.06388888888888888 0.0625 0.0625 0.06319444444444444 0.0625 0.06388888888888888 0.06319444444444444
0.09883040935672516 0.05614035087719296 0.0573099415204678 0.0637426900584795 0.0614035087719298 0.06725146198830409 0.06725146198830406 0.06081871345029239 0.06725146198830408 0.08538011695906432 0.05730994152046782 0.060233918128654966 0.06666666666666665 0.06315789473684205 0.06725146198830403
0.05291005291005285 0.048677248677248604 0.04920634920634913 0.04973544973544966 0.04973544973544967 0.04867724867724859 0.050264550264550185 0.10211640211640204 0.10846560846560838 0.04920634920634913 0.102116402116402 0.048677248677248604 0.04973544973544967 0.048677248677248604 0.14179894179894167
0.09523809523809512 0.15026455026455013 0.04920634920634913 0.04973544973544967 0.048677248677248604 0.050264550264550185 0.04973544973544967 0.05132275132275124 0.05449735449735441 0.09100529100529092 0.04920634920634914 0.09259259259259243 0.04973544973544966 0.04920634920634914 0.0693121693121692
0.0625 0.0625 0.0625 0.06319444444444444 0.0625 0.0625 0.0625 0.0625 0.12152777777777778 0.06319444444444444 0.0625 0.06319444444444444 0.0625 0.0625 0.06388888888888888
0.06458333333333334 0.06319444444444444 0.06666666666666667 0.06666666666666667 0.06388888888888888 0.06388888888888888 0.06388888888888888 0.06388888888888888 0.09305555555555556 0.06388888888888888 0.07013888888888889 0.06458333333333334 0.06319444444444444 0.06319444444444444 0.06527777777777778
0.0625 0.0625 0.11805555555555555 0.06388888888888888 0.06319444444444444 0.06319444444444444 0.06319444444444444 0.0625 0.06319444444444444 0.06388888888888888 0.0625 0.0625 0.0625 0.06388888888888888 0.0625
0.05497076023391812 0.05555555555555554 0.05672514619883037 0.09766081871345035 0.06842105263157892 0.056725146198830394 0.0614035087719298 0.09883040935672519 0.05497076023391812 0.057309941520467804 0.06081871345029237 0.05555555555555554 0.05789473684210526 0.10350877192982454 0.05964912280701752
0.0594771241830064 0.06405228758169922 0.06078431372549007 0.06666666666666651 0.06405228758169922 0.061437908496731905 0.11764705882352919 0.06405228758169922 0.06601307189542469 0.06405228758169922 0.06078431372549007 0.06274509803921556 0.06339869281045737 0.06013071895424824 0.06470588235294104
0.05882352941176457 0.05882352941176457 0.06013071895424824 0.06013071895424823 0.059477124183006415 0.05882352941176457 0.14248366013071878 0.05882352941176457 0.0862745098039214 0.05882352941176457 0.05882352941176457 0.06013071895424823 0.059477124183006415 0.0594771241830064 0.0594771241830064
0.06388888888888888 0.06458333333333334 0.09027777777777778 0.07013888888888889 0.06388888888888888 0.06597222222222222 0.06458333333333334 0.06458333333333334 0.06805555555555555 0.06319444444444444 0.06319444444444444 0.06388888888888888 0.06458333333333334 0.06388888888888888 0.06527777777777778
0.0625 0.06319444444444444 0.12013888888888889 0.06388888888888888 0.0625 0.06319444444444444 0.0625 0.0625 0.06319444444444444 0.0625 0.0625 0.0625 0.0625 0.06319444444444444 0.06319444444444444
0.06013071895424823 0.059477124183006415 0.06209150326797373 0.06013071895424824 0.06274509803921555 0.0614379084967319 0.06535947712418287 0.06470588235294103 0.0614379084967319 0.06470588235294104 0.12679738562091478 0.0594771241830064 0.0640522875816992 0.06078431372549007 0.06666666666666653
0.06319444444444444 0.06458333333333334 0.07291666666666667 0.07847222222222222 0.06388888888888888 0.06458333333333334 0.06388888888888888 0.0625 0.06458333333333334 0.06458333333333334 0.06458333333333334 0.0625 0.08055555555555556 0.06458333333333334 0.06458333333333334
0.06013071895424824 0.059477124183006415 0.062091503267973726 0.06274509803921555 0.0614379084967319 0.0594771241830064 0.062091503267973726 0.06013071895424823 0.06274509803921556 0.06274509803921555 0.0594771241830064 0.059477124183006415 0.05882352941176457 0.14967320261437883 0.059477124183006415
0.06319444444444444 0.08263888888888889 0.07083333333333333 0.0625 0.06388888888888888 0.06388888888888888 0.06666666666666667 0.06388888888888888 0.06388888888888888 0.06597222222222222 0.06458333333333334 0.0625 0.06527777777777778 0.0763888888888889 0.06388888888888888
0.05502645502645496 0.05555555555555548 0.06878306878306871 0.0825396825396825 0.06613756613756608 0.08571428571428558 0.06349206349206339 0.054497354497354406 0.06455026455026448 0.057671957671957604 0.053439153439153377 0.05978835978835972 0.06031746031746024 0.11375661375661365 0.058730158730158646
0.06013071895424824 0.059477124183006415 0.06339869281045739 0.0594771241830064 0.06274509803921555 0.06078431372549007 0.06209150326797371 0.06078431372549007 0.059477124183006415 0.06274509803921555 0.06013071895424824 0.06013071895424823 0.0594771241830064 0.1483660130718952 0.06078431372549007
0.04259259259259253 0.04351851851851846 0.04351851851851847 0.045833333333333295 0.04351851851851847 0.045833333333333295 0.04351851851851845 0.04351851851851847 0.3120370370370369 0.041666666666666616 0.0888888888888888 0.0726851851851852 0.043518518518518456 0.04490740740740736 0.0444444444444444
0.058479532163742694 0.06257309941520466 0.07076023391812862 0.09415204678362568 0.05614035087719299 0.05847953216374269 0.07660818713450286 0.06081871345029239 0.058479532163742666 0.06315789473684208 0.061403508771929814 0.06666666666666662 0.07251461988304089 0.07836257309941515 0.06140350877192979
0.059477124183006415 0.05882352941176457 0.10326797385620894 0.0640522875816992 0.06013071895424824 0.0614379084967319 0.06274509803921555 0.06405228758169922 0.06470588235294104 0.06078431372549007 0.061437908496731905 0.05882352941176457 0.09673202614379069 0.0614379084967319 0.06209150326797373
0.059477124183006415 0.06078431372549007 0.05882352941176457 0.0594771241830064 0.05882352941176457 0.0614379084967319 0.0594771241830064 0.059477124183006415 0.06013071895424823 0.10915032679738539 0.06078431372549007 0.09869281045751614 0.059477124183006415 0.0594771241830064 0.07450980392156849
0.05964912280701754 0.06023391812865496 0.057309941520467825 0.05964912280701752 0.060233918128654966 0.05906432748538009 0.05906432748538009 0.1116959064327485 0.0614035087719298 0.07134502923976609 0.056725146198830394 0.1099415204678362 0.05614035087719298 0.05497076023391812 0.06257309941520466
0.0625 0.0625 0.0625 0.0625 0.125 0.0625 0.0625 0.0625 0.0625 0.0625 0.0625 0.0625 0.0625 0.0625 0.0625
0.06274509803921555 0.06013071895424824 0.0614379084967319 0.06274509803921556 0.11437908496732004 0.06666666666666651 0.0614379084967319 0.0640522875816992 0.06078431372549007 0.06666666666666653 0.06339869281045739 0.060784313725490056 0.06797385620915018 0.06274509803921556 0.06405228758169922
0.062091503267973726 0.0614379084967319 0.06078431372549007 0.06339869281045739 0.062091503267973726 0.06339869281045739 0.06535947712418286 0.06535947712418286 0.0614379084967319 0.06339869281045739 0.061437908496731905 0.0614379084967319 0.06274509803921555 0.11699346405228732 0.06862745098039204
0.06319444444444444 0.0625 0.06458333333333334 0.06527777777777778 0.06388888888888888 0.06458333333333334 0.06458333333333334 0.06527777777777778 0.06458333333333334 0.06319444444444444 0.0625 0.0625 0.10555555555555556 0.06458333333333334 0.06319444444444444
0.06388888888888888 0.06666666666666667 0.06527777777777778 0.06388888888888888 0.06597222222222222 0.07013888888888889 0.06875 0.06597222222222222 0.06736111111111111 0.06875 0.06458333333333334 0.06666666666666667 0.06805555555555555 0.06597222222222222 0.06805555555555555
0.06458333333333334 0.06736111111111111 0.06527777777777778 0.07083333333333333 0.06805555555555555 0.06527777777777778 0.06666666666666667 0.06458333333333334 0.06388888888888888 0.07361111111111111 0.06458333333333334 0.06319444444444444 0.07361111111111111 0.06458333333333334 0.06388888888888888
0.0625 0.06388888888888888 0.07152777777777777 0.06319444444444444 0.06319444444444444 0.06319444444444444 0.07291666666666667 0.06319444444444444 0.0625 0.06319444444444444 0.0625 0.0625 0.1 0.06319444444444444 0.0625
0.05925925925925916 0.05679012345679001 0.06666666666666657 0.0777777777777777 0.059876543209876426 0.05864197530864187 0.05864197530864187 0.10370370370370365 0.05617283950617273 0.06172839506172827 0.05925925925925915 0.05617283950617273 0.0716049382716048 0.09135802469135788 0.062345679012345556
0.0625 0.06597222222222222 0.06527777777777778 0.06736111111111111 0.07083333333333333 0.06666666666666667 0.06666666666666667 0.06944444444444445 0.06666666666666667 0.06527777777777778 0.06666666666666667 0.06319444444444444 0.06805555555555555 0.06875 0.06666666666666667
0.0625 0.0625 0.11666666666666667 0.06388888888888888 0.06458333333333334 0.06319444444444444 0.0625 0.06319444444444444 0.06319444444444444 0.06319444444444444 0.0625 0.0625 0.06388888888888888 0.06319444444444444 0.0625
0.06339869281045737 0.0660130718954247 0.07058823529411752 0.07189542483660118 0.06405228758169922 0.0679738562091502 0.07385620915032666 0.06405228758169922 0.06535947712418287 0.06666666666666653 0.06862745098039201 0.06274509803921555 0.06862745098039202 0.062091503267973726 0.06405228758169922
0.059477124183006415 0.07320261437908482 0.0614379084967319 0.06013071895424823 0.06013071895424824 0.059477124183006415 0.06339869281045737 0.06013071895424823 0.06013071895424824 0.06013071895424824 0.0594771241830064 0.05882352941176457 0.0614379084967319 0.1392156862745096 0.06339869281045739
0.06319444444444444 0.06458333333333334 0.06944444444444445 0.06805555555555555 0.06527777777777778 0.06597222222222222 0.07013888888888889 0.06736111111111111 0.06388888888888888 0.075 0.06527777777777778 0.06666666666666667 0.06458333333333334 0.06527777777777778 0.06527777777777778
0.10467836257309941 0.05380116959064327 0.05614035087719296 0.053801169590643266 0.17894736842105266 0.06842105263157892 0.052631578947368425 0.053801169590643266 0.0543859649122807 0.053801169590643266 0.05555555555555554 0.0543859649122807 0.05438596491228071 0.052631578947368425 0.052631578947368425
0.12222222222222222 0.0625 0.0625 0.0625 0.0625 0.0625 0.0625 0.06319444444444444 0.06319444444444444 0.0625 0.06319444444444444 0.0625 0.06319444444444444 0.0625 0.0625
0.1125 0.0625 0.0625 0.06527777777777778 0.06319444444444444 0.06388888888888888 0.06319444444444444 0.06388888888888888 0.0625 0.06388888888888888 0.06458333333333334 0.0625 0.0625 0.06319444444444444 0.06388888888888888
0.05679012345679001 0.059876543209876426 0.0574074074074073 0.06296296296296285 0.05740740740740729 0.07777777777777765 0.05679012345679001 0.05925925925925915 0.05925925925925915 0.05925925925925915 0.11419753086419732 0.07962962962962948 0.05925925925925914 0.07962962962962948 0.06049382716049371
0.05679012345679001 0.05679012345679001 0.05679012345679001 0.05802469135802457 0.1901234567901232 0.0685185185185184 0.05617283950617273 0.05679012345679001 0.05617283950617273 0.05802469135802457 0.058024691358024585 0.05555555555555545 0.058641975308641854 0.05617283950617273 0.0574074074074073
0.05882352941176457 0.05882352941176457 0.06013071895424824 0.05882352941176457 0.08366013071895408 0.08888888888888871 0.0594771241830064 0.05882352941176457 0.06470588235294104 0.05882352941176457 0.0594771241830064 0.11111111111111087 0.0594771241830064 0.0594771241830064 0.059477124183006415
0.06319444444444444 0.0625 0.0625 0.0625 0.12361111111111112 0.0625 0.0625 0.0625 0.0625 0.06319444444444444 0.0625 0.0625 0.0625 0.0625 0.0625
0.06319444444444444 0.06319444444444444 0.06319444444444444 0.06597222222222222 0.07013888888888889 0.06666666666666667 0.06319444444444444 0.06527777777777778 0.06388888888888888 0.06319444444444444 0.09652777777777778 0.0625 0.06527777777777778 0.06458333333333334 0.06319444444444444
0.06319444444444444 0.0625 0.07083333333333333 0.06875 0.06527777777777778 0.06458333333333334 0.06319444444444444 0.06666666666666667 0.07430555555555556 0.0625 0.06388888888888888 0.06388888888888888 0.06458333333333334 0.0625 0.08333333333333333
0.0625 0.06319444444444444 0.06319444444444444 0.06319444444444444 0.06319444444444444 0.0625 0.06388888888888888 0.0625 0.06458333333333334 0.06458333333333334 0.06597222222222222 0.06319444444444444 0.06388888888888888 0.11041666666666666 0.06319444444444444
0.05722222222222215 0.05055555555555547 0.0527777777777777 0.05111111111111103 0.07555555555555545 0.12166666666666665 0.05333333333333324 0.08333333333333325 0.04999999999999991 0.053888888888888806 0.1416666666666668 0.053333333333333253 0.05111111111111102 0.05111111111111103 0.05333333333333324
0.0625 0.06319444444444444 0.06458333333333334 0.06319444444444444 0.06597222222222222 0.11319444444444444 0.06319444444444444 0.06388888888888888 0.06319444444444444 0.0625 0.0625 0.0625 0.0625 0.06319444444444444 0.06388888888888888
0.06339869281045739 0.06405228758169923 0.06797385620915021 0.0653594771241829 0.06862745098039201 0.06928104575163387 0.06732026143790838 0.07189542483660118 0.07124183006535934 0.0633986928104574 0.06535947712418287 0.06274509803921555 0.06470588235294104 0.06470588235294106 0.06993464052287567
0.052631578947368425 0.052631578947368425 0.24035087719298256 0.05614035087719299 0.05614035087719299 0.052631578947368425 0.054970760233918115 0.05321637426900584 0.05438596491228069 0.05614035087719298 0.05497076023391813 0.052631578947368425 0.05614035087719298 0.0543859649122807 0.052631578947368425
0.0625 0.0625 0.06388888888888888 0.06319444444444444 0.06875 0.06527777777777778 0.09583333333333334 0.06319444444444444 0.06319444444444444 0.06666666666666667 0.06388888888888888 0.06319444444444444 0.0625 0.06388888888888888 0.07152777777777777
0.0625 0.12430555555555556 0.0625 0.0625 0.0625 0.06319444444444444 0.0625 0.0625 0.0625 0.0625 0.0625 0.0625 0.0625 0.0625 0.0625
0.0625 0.0625 0.06319444444444444 0.06319444444444444 0.06319444444444444 0.0625 0.0625 0.0625 0.0625 0.0625 0.0625 0.0625 0.0625 0.12222222222222222 0.06319444444444444
0.05802469135802457 0.05740740740740729 0.061111111111111005 0.059876543209876426 0.06111111111111099 0.05679012345679001 0.058024691358024585 0.05925925925925915 0.06234567901234556 0.05925925925925915 0.058024691358024585 0.05925925925925915 0.05679012345679001 0.17345679012345652 0.05925925925925916
0.0625 0.0625 0.0625 0.0625 0.0625 0.0625 0.0625 0.0625 0.0625 0.0625 0.125 0.0625 0.0625 0.0625 0.0625
0.06198830409356722 0.10526315789473681 0.05906432748538009 0.07076023391812865 0.05906432748538012 0.06023391812865494 0.06315789473684205 0.056725146198830415 0.0614035087719298 0.10409356725146193 0.0614035087719298 0.060818713450292376 0.056725146198830394 0.05789473684210523 0.0614035087719298
0.15185185185185165 0.052380952380952306 0.049735449735449674 0.05132275132275124 0.05343915343915335 0.07724867724867716 0.05449735449735442 0.04920634920634913 0.05132275132275125 0.05767195767195758 0.050793650793650724 0.05502645502645496 0.050793650793650724 0.04814814814814808 0.14656084656084645
0.06257309941520466 0.05438596491228071 0.05380116959064327 0.055555555555555546 0.05672514619883042 0.2099415204678363 0.055555555555555546 0.055555555555555546 0.053801169590643266 0.06315789473684211 0.05555555555555554 0.05321637426900584 0.05614035087719297 0.056725146198830394 0.057309941520467825
0.05166666666666658 0.050555555555555465 0.05277777777777769 0.05777777777777769 0.05222222222222214 0.05166666666666658 0.05222222222222213 0.05555555555555547 0.05444444444444436 0.0538888888888888 0.058333333333333244 0.05611111111111102 0.052222222222222135 0.053888888888888806 0.24666666666666665
0.06458333333333334 0.0625 0.07083333333333333 0.06597222222222222 0.06527777777777778 0.06527777777777778 0.06458333333333334 0.06458333333333334 0.06388888888888888 0.06388888888888888 0.06458333333333334 0.06527777777777778 0.08888888888888889 0.06597222222222222 0.06388888888888888
0.11172839506172817 0.05617283950617273 0.05802469135802457 0.05925925925925915 0.05617283950617273 0.05925925925925914 0.13333333333333322 0.05740740740740729 0.0641975308641974 0.06049382716049371 0.05617283950617273 0.05740740740740729 0.05679012345679001 0.05679012345679002 0.05679012345679001
0.062091503267973726 0.0614379084967319 0.06732026143790835 0.07058823529411752 0.06732026143790837 0.06339869281045739 0.06928104575163384 0.09019607843137241 0.06274509803921555 0.06797385620915017 0.06274509803921555 0.06470588235294103 0.06405228758169923 0.06078431372549007 0.06535947712418287
0.06458333333333334 0.06527777777777778 0.06805555555555555 0.07013888888888889 0.06527777777777778 0.0625 0.06597222222222222 0.07361111111111111 0.06388888888888888 0.07083333333333333 0.06875 0.06805555555555555 0.06388888888888888 0.06319444444444444 0.06597222222222222
0.06405228758169922 0.06339869281045739 0.06274509803921556 0.072549019607843 0.06339869281045737 0.06339869281045739 0.06339869281045739 0.06470588235294104 0.07647058823529397 0.06666666666666654 0.06405228758169922 0.06470588235294103 0.07189542483660115 0.07254901960784299 0.06601307189542473
0.06458333333333334 0.06666666666666667 0.07083333333333333 0.06805555555555555 0.06597222222222222 0.06597222222222222 0.06666666666666667 0.06597222222222222 0.06944444444444445 0.06805555555555555 0.06458333333333334 0.06527777777777778 0.06944444444444445 0.06458333333333334 0.06388888888888888
0.05617283950617273 0.05617283950617273 0.05679012345679002 0.05925925925925915 0.05617283950617273 0.05555555555555545 0.05679012345679001 0.058024691358024585 0.05555555555555545 0.05555555555555545 0.05679012345679001 0.05679012345679001 0.05740740740740729 0.20617283950617254 0.05679012345679001
0.0594771241830064 0.06013071895424823 0.0614379084967319 0.0614379084967319 0.06013071895424823 0.05882352941176457 0.0594771241830064 0.0614379084967319 0.05882352941176457 0.060784313725490056 0.06013071895424823 0.059477124183006415 0.06013071895424823 0.15816993464052265 0.06013071895424824
0.0625 0.06458333333333334 0.07083333333333333 0.06875 0.06597222222222222 0.06388888888888888 0.06458333333333334 0.06527777777777778 0.06527777777777778 0.06666666666666667 0.06805555555555555 0.06458333333333334 0.06527777777777778 0.07777777777777778 0.06597222222222222
0.05438596491228071 0.05614035087719296 0.0614035087719298 0.06959064327485372 0.17368421052631558 0.05906432748538009 0.0543859649122807 0.05789473684210525 0.054970760233918115 0.06608187134502923 0.057309941520467825 0.05438596491228069 0.06549707602339178 0.05614035087719298 0.05906432748538014
0.06319444444444444 0.06319444444444444 0.06944444444444445 0.07083333333333333 0.06458333333333334 0.0625 0.0625 0.06319444444444444 0.0625 0.0625 0.06319444444444444 0.06319444444444444 0.10347222222222222 0.0625 0.06319444444444444
0.06319444444444444 0.06388888888888888 0.07083333333333333 0.08333333333333333 0.06597222222222222 0.06319444444444444 0.06666666666666667 0.06666666666666667 0.06458333333333334 0.06388888888888888 0.06597222222222222 0.06666666666666667 0.06527777777777778 0.06458333333333334 0.06527777777777778
