0.05444444444444437 0.05777777777777769 0.06055555555555546 0.05222222222222213 0.05777777777777769 0.05333333333333324 0.05333333333333324 0.05611111111111102 0.054999999999999924 0.06111111111111103 0.09888888888888878 0.05999999999999989 0.061666666666666606 0.16444444444444442 0.05333333333333324
0.06805555555555555 0.0625 0.0625 0.06805555555555555 0.07708333333333334 0.06319444444444444 0.0625 0.06388888888888888 0.0625 0.09722222222222222 0.0625 0.0625 0.0625 0.0625 0.0625
0.0640522875816992 0.059477124183006415 0.06797385620915018 0.06078431372549007 0.06470588235294106 0.06078431372549007 0.060784313725490056 0.06862745098039202 0.07189542483660116 0.06535947712418287 0.05882352941176457 0.062091503267973726 0.06078431372549007 0.11503267973856188 0.05882352941176457
0.062345679012345556 0.05679012345679002 0.06296296296296283 0.06296296296296285 0.05864197530864187 0.05679012345679001 0.05864197530864187 0.10370370370370362 0.06358024691358014 0.07222222222222212 0.05617283950617273 0.06049382716049372 0.05740740740740729 0.05679012345679001 0.11049382716049361
0.05679012345679001 0.058024691358024585 0.05617283950617273 0.05802469135802457 0.13148148148148137 0.05925925925925914 0.05802469135802457 0.061728395061728274 0.06358024691358014 0.10864197530864185 0.05555555555555545 0.05864197530864187 0.05987654320987642 0.05617283950617273 0.058024691358024585
0.05555555555555545 0.05555555555555545 0.07160493827160479 0.05802469135802457 0.06728395061728382 0.05679012345679001 0.061728395061728294 0.065432098765432 0.058641975308641875 0.05740740740740729 0.05555555555555545 0.0574074074074073 0.05555555555555545 0.05617283950617273 0.16728395061728374
0.0573099415204678 0.06081871345029235 0.060233918128654966 0.11169590643274847 0.071345029239766 0.0567251461988304 0.08187134502923969 0.05730994152046782 0.05614035087719296 0.11228070175438595 0.0543859649122807 0.055555555555555546 0.0549707602339181 0.05614035087719299 0.05321637426900584
0.058333333333333244 0.06222222222222214 0.06388888888888879 0.12722222222222218 0.06444444444444435 0.06833333333333327 0.06444444444444436 0.06499999999999989 0.0638888888888888 0.07055555555555547 0.05333333333333324 0.0699999999999999 0.056666666666666594 0.056666666666666574 0.054999999999999924
0.05802469135802457 0.05617283950617273 0.05740740740740729 0.05617283950617273 0.05802469135802457 0.05555555555555545 0.19938271604938246 0.05802469135802457 0.058641975308641854 0.05617283950617273 0.05555555555555545 0.0574074074074073 0.05617283950617273 0.05740740740740729 0.059876543209876426
0.05944444444444434 0.061666666666666585 0.06555555555555546 0.058333333333333244 0.07166666666666655 0.0666666666666666 0.05611111111111103 0.0616666666666666 0.06333333333333326 0.06777777777777771 0.058888888888888796 0.08499999999999992 0.06055555555555546 0.05777777777777768 0.10555555555555543
0.06243386243386236 0.06931216931216924 0.06560846560846552 0.05714285714285706 0.09047619047619038 0.08095238095238086 0.05714285714285704 0.07142857142857137 0.06931216931216921 0.07407407407407401 0.05343915343915337 0.06825396825396819 0.06137566137566131 0.07037037037037026 0.048677248677248604
0.11522633744855963 0.048148148148148176 0.04115226337448564 0.05637860082304532 0.07078189300411528 0.04362139917695476 0.2390946502057612 0.046502057613168765 0.04197530864197535 0.05802469135802476 0.06790123456790131 0.050205761316872495 0.04362139917695477 0.039506172839506214 0.037860082304526796
0.06736111111111111 0.06805555555555555 0.07152777777777777 0.06527777777777778 0.06736111111111111 0.06597222222222222 0.06527777777777778 0.06875 0.06805555555555555 0.06597222222222222 0.06458333333333334 0.06458333333333334 0.06736111111111111 0.06597222222222222 0.06388888888888888
0.06140350877192979 0.06140350877192979 0.06725146198830405 0.057309941520467804 0.06842105263157887 0.06257309941520464 0.11578947368421044 0.07251461988304095 0.058479532163742694 0.0754385964912281 0.05614035087719297 0.05847953216374265 0.06023391812865496 0.06608187134502917 0.058479532163742666
0.055555555555555476 0.16402116402116385 0.06613756613756604 0.05132275132275125 0.06560846560846552 0.058730158730158646 0.05873015873015864 0.06243386243386234 0.0576719576719576 0.06560846560846555 0.05978835978835972 0.0613756613756613 0.06719576719576713 0.053968253968253894 0.05185185185185177
0.05396825396825389 0.056084656084656015 0.08412698412698402 0.058201058201058115 0.08571428571428569 0.057142857142857065 0.05714285714285708 0.0883597883597883 0.06031746031746024 0.06931216931216921 0.05714285714285706 0.06031746031746024 0.056084656084656 0.05449735449735442 0.10158730158730146
0.10333333333333322 0.0538888888888888 0.05444444444444435 0.0549999999999999 0.06333333333333321 0.05166666666666658 0.13888888888888895 0.05166666666666658 0.05166666666666658 0.07833333333333324 0.08166666666666655 0.06222222222222213 0.05166666666666657 0.05166666666666658 0.050555555555555465
0.05277777777777769 0.054999999999999924 0.13000000000000003 0.06777777777777769 0.07166666666666656 0.06333333333333326 0.05277777777777769 0.06055555555555548 0.060555555555555446 0.06388888888888881 0.052222222222222135 0.07222222222222215 0.09500000000000003 0.05166666666666658 0.050555555555555465
0.06527777777777778 0.06458333333333334 0.06805555555555555 0.06458333333333334 0.06597222222222222 0.07152777777777777 0.06666666666666667 0.06805555555555555 0.07083333333333333 0.06666666666666667 0.06597222222222222 0.06666666666666667 0.06527777777777778 0.06458333333333334 0.06527777777777778
0.10925925925925907 0.0870370370370369 0.05987654320987644 0.05925925925925915 0.05864197530864187 0.06296296296296283 0.05987654320987642 0.06049382716049371 0.061111111111111005 0.061111111111111005 0.06049382716049371 0.07098765432098754 0.06975308641975296 0.05987654320987644 0.05925925925925916
0.06388888888888888 0.06319444444444444 0.06597222222222222 0.06319444444444444 0.06458333333333334 0.06527777777777778 0.06666666666666667 0.06527777777777778 0.06597222222222222 0.06597222222222222 0.06319444444444444 0.06388888888888888 0.06319444444444444 0.07013888888888889 0.08958333333333333
0.061437908496731884 0.06339869281045737 0.06274509803921556 0.062091503267973726 0.07973856209150314 0.06862745098039201 0.06666666666666654 0.06993464052287568 0.06535947712418287 0.07254901960784298 0.06732026143790834 0.06535947712418287 0.06601307189542471 0.06339869281045737 0.06535947712418287
0.06388888888888888 0.06666666666666667 0.06666666666666667 0.06458333333333334 0.06736111111111111 0.06597222222222222 0.06597222222222222 0.06527777777777778 0.06805555555555555 0.06666666666666667 0.07013888888888889 0.06944444444444445 0.06666666666666667 0.06527777777777778 0.06736111111111111
0.06666666666666667 0.06458333333333334 0.06527777777777778 0.06666666666666667 0.06875 0.07291666666666667 0.06388888888888888 0.07291666666666667 0.06458333333333334 0.06875 0.06597222222222222 0.06736111111111111 0.06319444444444444 0.06527777777777778 0.06319444444444444
0.06023391812865499 0.06432748538011691 0.06315789473684208 0.06783625730994149 0.0719298245614035 0.06842105263157897 0.060233918128654924 0.08245614035087714 0.06959064327485379 0.07602339181286545 0.06257309941520466 0.07076023391812857 0.05906432748538012 0.06432748538011693 0.05906432748538011
0.06013071895424824 0.06274509803921555 0.060784313725490056 0.06274509803921556 0.06405228758169922 0.06666666666666653 0.06274509803921555 0.06862745098039202 0.06470588235294104 0.06601307189542471 0.10980392156862724 0.06601307189542469 0.060784313725490056 0.06470588235294104 0.0594771241830064
0.06315789473684205 0.060818713450292376 0.06315789473684208 0.05789473684210524 0.07543859649122811 0.06432748538011691 0.05906432748538012 0.1269005847953215 0.06900584795321638 0.06549707602339173 0.06023391812865496 0.05847953216374265 0.059649122807017514 0.060818713450292376 0.055555555555555566
0.05925925925925915 0.0870370370370369 0.05925925925925916 0.05864197530864187 0.06604938271604925 0.05864197530864187 0.05925925925925914 0.13333333333333314 0.061111111111111005 0.07037037037037026 0.05740740740740729 0.05740740740740729 0.05617283950617273 0.05925925925925916 0.05679012345679001
0.06358024691358012 0.06419753086419741 0.06049382716049372 0.1388888888888887 0.05864197530864187 0.05925925925925914 0.07037037037037024 0.0716049382716048 0.06172839506172829 0.061111111111111005 0.05802469135802457 0.05802469135802457 0.06049382716049372 0.05740740740740729 0.05617283950617273
0.0640522875816992 0.06339869281045739 0.07450980392156846 0.06013071895424823 0.07320261437908482 0.06666666666666654 0.06339869281045737 0.07450980392156849 0.06797385620915017 0.0699346405228757 0.06732026143790838 0.06274509803921555 0.06732026143790837 0.06339869281045737 0.0614379084967319
0.06913580246913567 0.059876543209876426 0.06728395061728383 0.0648148148148147 0.0648148148148147 0.06234567901234556 0.06296296296296283 0.06419753086419742 0.0691358024691357 0.06543209876543198 0.07469135802469122 0.07407407407407396 0.08024691358024678 0.059876543209876426 0.061111111111111005
0.05252525252525256 0.055555555555555594 0.05707070707070715 0.05505050505050508 0.056060606060606075 0.06161616161616168 0.05050505050505053 0.05606060606060608 0.0560606060606061 0.06111111111111118 0.05404040404040407 0.06161616161616168 0.22575757575757577 0.05050505050505052 0.04646464646464645
0.05847953216374269 0.06608187134502923 0.0678362573099415 0.06315789473684205 0.06081871345029239 0.06432748538011696 0.06666666666666664 0.06725146198830408 0.06023391812865497 0.06432748538011694 0.06666666666666667 0.06900584795321635 0.11637426900584785 0.0543859649122807 0.0543859649122807
0.061437908496731884 0.06013071895424823 0.06078431372549007 0.0614379084967319 0.06470588235294104 0.06405228758169922 0.06013071895424823 0.06666666666666654 0.062091503267973726 0.061437908496731884 0.07058823529411754 0.06339869281045739 0.12091503267973838 0.062091503267973726 0.06013071895424823
0.05438596491228072 0.05321637426900586 0.13333333333333316 0.052631578947368425 0.05497076023391812 0.0567251461988304 0.052631578947368425 0.0543859649122807 0.05438596491228069 0.053801169590643266 0.09064327485380116 0.061988304093567266 0.1216374269005847 0.052631578947368425 0.052631578947368425
0.06055555555555548 0.06722222222222216 0.08166666666666658 0.05833333333333324 0.07555555555555546 0.07666666666666655 0.05777777777777769 0.06999999999999992 0.05944444444444436 0.07611111111111103 0.06055555555555546 0.0627777777777777 0.0738888888888888 0.06333333333333324 0.05611111111111102
0.06527777777777778 0.06597222222222222 0.07013888888888889 0.06458333333333334 0.06944444444444445 0.07083333333333333 0.06388888888888888 0.06875 0.06458333333333334 0.06805555555555555 0.06388888888888888 0.06805555555555555 0.06458333333333334 0.06597222222222222 0.06597222222222222
0.05789473684210526 0.05964912280701752 0.11637426900584787 0.058479532163742666 0.0637426900584795 0.09473684210526316 0.06198830409356724 0.06959064327485373 0.05789473684210524 0.06140350877192982 0.059064327485380125 0.060233918128654924 0.059064327485380125 0.0596491228070175 0.060233918128654966
0.06470588235294104 0.07189542483660116 0.072549019607843 0.06274509803921555 0.06601307189542471 0.06928104575163385 0.062091503267973726 0.0679738562091502 0.06666666666666653 0.06666666666666653 0.06732026143790835 0.06666666666666653 0.06405228758169922 0.06928104575163387 0.06209150326797373
0.06388888888888888 0.06388888888888888 0.06666666666666667 0.06666666666666667 0.06458333333333334 0.06458333333333334 0.06527777777777778 0.06597222222222222 0.06736111111111111 0.06458333333333334 0.06597222222222222 0.07222222222222222 0.08125 0.06319444444444444 0.06388888888888888
0.06388888888888888 0.06319444444444444 0.06388888888888888 0.06388888888888888 0.06666666666666667 0.07708333333333334 0.0625 0.09652777777777778 0.06388888888888888 0.06388888888888888 0.06319444444444444 0.06388888888888888 0.0625 0.0625 0.0625
0.05679012345679001 0.12469135802469117 0.05802469135802457 0.05864197530864187 0.06111111111111099 0.05925925925925914 0.058024691358024585 0.06358024691358014 0.058024691358024585 0.05925925925925914 0.0574074074074073 0.05925925925925915 0.05740740740740729 0.11111111111111095 0.05740740740740729
0.06013071895424824 0.11241830065359455 0.06274509803921555 0.0594771241830064 0.07254901960784298 0.06535947712418289 0.06274509803921556 0.06470588235294103 0.06339869281045739 0.06797385620915018 0.062091503267973726 0.06209150326797373 0.06274509803921555 0.0614379084967319 0.06013071895424823
0.06274509803921555 0.12026143790849654 0.06013071895424824 0.059477124183006415 0.06928104575163385 0.0640522875816992 0.05882352941176457 0.06405228758169922 0.060784313725490056 0.06601307189542469 0.059477124183006415 0.07581699346405214 0.05882352941176457 0.06013071895424824 0.06013071895424823
0.06732026143790838 0.11307189542483635 0.0640522875816992 0.06732026143790834 0.07385620915032666 0.06078431372549007 0.059477124183006415 0.0594771241830064 0.059477124183006415 0.06470588235294104 0.061437908496731884 0.06666666666666653 0.06274509803921557 0.06013071895424823 0.0594771241830064
0.06549707602339179 0.06023391812865496 0.1134502923976607 0.0818713450292397 0.057309941520467804 0.07543859649122804 0.05380116959064329 0.07368421052631581 0.06081871345029236 0.06432748538011696 0.05906432748538014 0.06432748538011694 0.056725146198830394 0.05614035087719298 0.057309941520467825
0.05343915343915337 0.05555555555555547 0.056084656084656 0.053439153439153356 0.13386243386243377 0.06243386243386238 0.05343915343915337 0.06560846560846553 0.06560846560846552 0.11693121693121677 0.05608465608465599 0.06772486772486766 0.059259259259259185 0.050264550264550185 0.05026455026455019
0.06458333333333334 0.0625 0.0625 0.0625 0.07569444444444444 0.06319444444444444 0.06319444444444444 0.10277777777777777 0.06319444444444444 0.06527777777777778 0.0625 0.0625 0.06388888888888888 0.0625 0.06319444444444444
0.07152777777777777 0.06458333333333334 0.06527777777777778 0.06458333333333334 0.06527777777777778 0.06527777777777778 0.06597222222222222 0.07013888888888889 0.06875 0.06597222222222222 0.06597222222222222 0.06666666666666667 0.06527777777777778 0.06944444444444445 0.06527777777777778
0.06666666666666667 0.06319444444444444 0.06736111111111111 0.06458333333333334 0.06805555555555555 0.06458333333333334 0.06597222222222222 0.07291666666666667 0.06736111111111111 0.06805555555555555 0.06736111111111111 0.06527777777777778 0.06527777777777778 0.06388888888888888 0.06944444444444445
0.06388888888888888 0.06319444444444444 0.06805555555555555 0.0625 0.06527777777777778 0.06875 0.06458333333333334 0.06597222222222222 0.06805555555555555 0.07013888888888889 0.06458333333333334 0.08402777777777778 0.06388888888888888 0.06319444444444444 0.06388888888888888
0.07222222222222222 0.06666666666666667 0.06527777777777778 0.06319444444444444 0.06527777777777778 0.06388888888888888 0.06736111111111111 0.07013888888888889 0.06875 0.06805555555555555 0.06458333333333334 0.06597222222222222 0.06527777777777778 0.06805555555555555 0.06527777777777778
0.06274509803921555 0.06013071895424823 0.07058823529411752 0.06274509803921555 0.06601307189542469 0.06535947712418287 0.0660130718954247 0.0660130718954247 0.06339869281045739 0.06928104575163387 0.061437908496731905 0.06862745098039204 0.09281045751633973 0.062091503267973726 0.06274509803921556
0.053535353535353554 0.057070707070707105 0.056060606060606095 0.05656565656565661 0.05808080808080812 0.057070707070707105 0.09292929292929296 0.06414141414141421 0.05757575757575761 0.057575757575757634 0.16111111111111118 0.05606060606060612 0.06212121212121216 0.05757575757575764 0.052525252525252544
0.05614035087719296 0.0614035087719298 0.13567251461988286 0.05497076023391812 0.06374269005847957 0.06608187134502924 0.05555555555555554 0.05906432748538011 0.058479532163742666 0.06198830409356719 0.05438596491228071 0.1023391812865497 0.0584795321637427 0.05497076023391812 0.056725146198830394
0.06458333333333334 0.07013888888888889 0.06458333333333334 0.0625 0.06527777777777778 0.06666666666666667 0.0625 0.0625 0.06527777777777778 0.06666666666666667 0.09375 0.06458333333333334 0.06388888888888888 0.06388888888888888 0.06319444444444444
0.056725146198830415 0.0742690058479532 0.06666666666666662 0.05906432748538009 0.06725146198830405 0.05789473684210526 0.0590643274853801 0.0690058479532163 0.06900584795321638 0.0666666666666666 0.11286549707602331 0.06140350877192982 0.06081871345029237 0.061403508771929814 0.05789473684210524
0.05789473684210524 0.12222222222222207 0.0596491228070175 0.06783625730994146 0.06257309941520466 0.05847953216374267 0.05614035087719295 0.06491228070175438 0.06257309941520467 0.060233918128654945 0.08888888888888885 0.06374269005847949 0.060233918128654966 0.05789473684210523 0.05672514619883037
0.06296296296296285 0.07530864197530852 0.05925925925925915 0.05740740740740729 0.06296296296296286 0.0604938271604937 0.05864197530864187 0.061728395061728274 0.059876543209876426 0.059876543209876426 0.15061728395061705 0.05925925925925915 0.0574074074074073 0.05802469135802457 0.05617283950617273
0.06078431372549007 0.06013071895424824 0.062091503267973726 0.062091503267973726 0.062091503267973726 0.06078431372549007 0.062091503267973726 0.0614379084967319 0.06274509803921555 0.0594771241830064 0.14444444444444424 0.06274509803921555 0.059477124183006415 0.0594771241830064 0.06013071895424823
0.06319444444444444 0.0625 0.06388888888888888 0.0625 0.0625 0.06666666666666667 0.0625 0.06319444444444444 0.06319444444444444 0.06458333333333334 0.0625 0.11527777777777778 0.0625 0.0625 0.0625
0.06597222222222222 0.06388888888888888 0.07083333333333333 0.06319444444444444 0.06527777777777778 0.06666666666666667 0.06527777777777778 0.06736111111111111 0.06458333333333334 0.06666666666666667 0.0763888888888889 0.06736111111111111 0.06944444444444445 0.06319444444444444 0.06388888888888888
0.05906432748538011 0.058479532163742694 0.06608187134502923 0.055555555555555546 0.06374269005847953 0.060233918128654924 0.05847953216374269 0.06549707602339176 0.06491228070175435 0.06491228070175437 0.07719298245614031 0.05789473684210526 0.134502923976608 0.05555555555555554 0.05789473684210526
0.06339869281045737 0.06013071895424823 0.06339869281045739 0.05882352941176457 0.06078431372549007 0.06339869281045737 0.061437908496731884 0.06339869281045737 0.06078431372549007 0.061437908496731884 0.06013071895424824 0.06405228758169922 0.08431372549019593 0.0594771241830064 0.11503267973856186
0.06666666666666667 0.06319444444444444 0.07152777777777777 0.06388888888888888 0.06527777777777778 0.06319444444444444 0.0625 0.07013888888888889 0.06458333333333334 0.06736111111111111 0.06597222222222222 0.06875 0.06388888888888888 0.0798611111111111 0.06319444444444444
0.05555555555555545 0.05679012345679001 0.05555555555555545 0.05679012345679001 0.05617283950617273 0.05555555555555545 0.05555555555555545 0.05617283950617273 0.05740740740740729 0.05679012345679001 0.10555555555555536 0.058024691358024585 0.16296296296296273 0.05555555555555545 0.05555555555555545
0.1146198830409356 0.06900584795321633 0.06725146198830408 0.06432748538011693 0.06315789473684205 0.05906432748538009 0.0584795321637427 0.07660818713450292 0.0619883040935672 0.05906432748538011 0.06081871345029241 0.07192982456140348 0.06023391812865497 0.059649122807017535 0.053801169590643266
0.058333333333333244 0.0999999999999999 0.053333333333333253 0.1116666666666666 0.06555555555555545 0.05055555555555547 0.11111111111111105 0.054999999999999924 0.04999999999999991 0.08277777777777769 0.053333333333333253 0.052222222222222135 0.052222222222222135 0.05277777777777769 0.05111111111111103
0.05222222222222214 0.05166666666666657 0.05277777777777769 0.06111111111111104 0.05444444444444437 0.06055555555555547 0.13777777777777772 0.05277777777777769 0.05666666666666658 0.05444444444444436 0.05111111111111103 0.05611111111111103 0.052222222222222135 0.052222222222222135 0.15388888888888907
0.05277777777777769 0.053333333333333253 0.09944444444444438 0.06611111111111104 0.06944444444444435 0.058333333333333244 0.0772222222222221 0.06666666666666658 0.11777777777777772 0.06222222222222213 0.05333333333333324 0.06333333333333324 0.054999999999999924 0.05166666666666657 0.05333333333333324
0.05321637426900585 0.05321637426900585 0.057309941520467825 0.05672514619883037 0.05614035087719296 0.05555555555555554 0.17602339181286533 0.0543859649122807 0.055555555555555525 0.056140350877193 0.056725146198830415 0.05555555555555555 0.05555555555555554 0.104093567251462 0.05380116959064327
0.0538888888888888 0.059999999999999915 0.07666666666666654 0.05611111111111104 0.07166666666666659 0.05499999999999991 0.06611111111111104 0.06833333333333325 0.06611111111111101 0.058888888888888775 0.06444444444444436 0.058888888888888796 0.06055555555555547 0.07499999999999993 0.10833333333333327
0.06790123456790112 0.062345679012345556 0.06543209876543199 0.06790123456790112 0.07839506172839494 0.0679012345679011 0.06419753086419742 0.06975308641975296 0.06604938271604928 0.06358024691358014 0.06111111111111099 0.06481481481481469 0.06234567901234558 0.07716049382716038 0.06111111111111099
0.05730994152046784 0.05730994152046782 0.061988304093567224 0.0543859649122807 0.10994152046783619 0.05789473684210524 0.05730994152046784 0.06140350877192984 0.07017543859649121 0.09590643274853804 0.055555555555555546 0.061403508771929766 0.05906432748538009 0.054970760233918115 0.08538011695906432
0.0625 0.0625 0.08055555555555556 0.0625 0.0798611111111111 0.06319444444444444 0.06875 0.07430555555555556 0.06597222222222222 0.06388888888888888 0.0625 0.06458333333333334 0.0625 0.06319444444444444 0.06319444444444444
0.06535947712418287 0.0594771241830064 0.06470588235294104 0.06797385620915017 0.07973856209150311 0.06078431372549007 0.06339869281045737 0.06666666666666654 0.0640522875816992 0.08888888888888877 0.06339869281045737 0.06535947712418286 0.07058823529411755 0.06013071895424823 0.0594771241830064
0.061728395061728274 0.061728395061728274 0.08024691358024678 0.0641975308641974 0.07654320987654306 0.06913580246913567 0.07283950617283938 0.06296296296296285 0.06358024691358012 0.09259259259259248 0.058024691358024585 0.06296296296296285 0.05864197530864187 0.05740740740740729 0.0574074074074073
0.06458333333333334 0.06388888888888888 0.06736111111111111 0.0625 0.08333333333333333 0.06736111111111111 0.06527777777777778 0.06666666666666667 0.06597222222222222 0.07291666666666667 0.0625 0.06875 0.06319444444444444 0.06319444444444444 0.0625
0.06172839506172829 0.058641975308641854 0.11604938271604918 0.05925925925925914 0.07283950617283937 0.06358024691358012 0.061111111111111005 0.06234567901234555 0.06172839506172829 0.08641975308641962 0.05802469135802457 0.061728395061728274 0.059876543209876426 0.05679012345679001 0.059876543209876426
0.09227053140096633 0.05120772946859911 0.05603864734299527 0.09033816425120783 0.08405797101449287 0.0710144927536233 0.047342995169082205 0.06183574879227063 0.052173913043478314 0.13188405797101455 0.05169082125603873 0.051690821256038716 0.05507246376811601 0.05507246376811601 0.04830917874396143
0.05617283950617273 0.16913580246913557 0.06358024691358014 0.05617283950617273 0.058641975308641875 0.06604938271604927 0.05555555555555545 0.059876543209876426 0.05679012345679001 0.06419753086419741 0.05617283950617273 0.058641975308641854 0.06604938271604925 0.05679012345679001 0.05617283950617273
0.055555555555555525 0.1064327485380117 0.0637426900584795 0.05847953216374267 0.08070175438596493 0.05847953216374267 0.06959064327485376 0.07192982456140341 0.057309941520467846 0.0783625730994152 0.056725146198830394 0.0596491228070175 0.06023391812865494 0.05614035087719296 0.06666666666666662
0.0543859649122807 0.05321637426900585 0.0543859649122807 0.052631578947368425 0.05438596491228071 0.2461988304093569 0.0543859649122807 0.05555555555555555 0.052631578947368425 0.05380116959064329 0.054385964912280725 0.05497076023391812 0.05321637426900585 0.052631578947368425 0.05321637426900585
0.05925925925925915 0.05925925925925915 0.05987654320987644 0.05925925925925915 0.058024691358024585 0.1716049382716047 0.06851851851851837 0.059876543209876426 0.058641975308641854 0.05925925925925915 0.05617283950617273 0.05802469135802457 0.058024691358024585 0.05679012345679001 0.0574074074074073
0.05555555555555557 0.05614035087719298 0.12690058479532154 0.05321637426900584 0.05847953216374265 0.1076023391812865 0.055555555555555566 0.05906432748538011 0.055555555555555546 0.0543859649122807 0.05321637426900584 0.05497076023391812 0.09941520467836241 0.05614035087719299 0.05380116959064327
0.05925925925925915 0.06172839506172829 0.06419753086419741 0.05864197530864187 0.06296296296296283 0.10308641975308631 0.059876543209876426 0.06296296296296286 0.06419753086419741 0.06543209876543198 0.05925925925925915 0.07777777777777767 0.08580246913580232 0.05679012345679001 0.058024691358024585
0.06013071895424824 0.0614379084967319 0.06470588235294104 0.06339869281045737 0.06666666666666654 0.06666666666666653 0.06274509803921555 0.06274509803921555 0.06013071895424824 0.06274509803921555 0.06013071895424824 0.12222222222222201 0.0614379084967319 0.0594771241830064 0.06535947712418286
0.09883040935672517 0.05321637426900585 0.05789473684210525 0.056725146198830415 0.05555555555555554 0.09181286549707601 0.053801169590643266 0.06023391812865496 0.056725146198830415 0.060233918128654924 0.10000000000000003 0.07134502923976617 0.05847953216374265 0.06959064327485381 0.055555555555555546
0.05555555555555545 0.05555555555555545 0.05740740740740729 0.05555555555555545 0.05740740740740729 0.13271604938271594 0.05617283950617273 0.05740740740740729 0.0574074074074073 0.05555555555555545 0.10555555555555536 0.08518518518518518 0.05679012345679002 0.05617283950617273 0.05555555555555545
0.06140350877192979 0.059649122807017535 0.06198830409356724 0.06257309941520467 0.06491228070175438 0.08771929824561402 0.060818713450292376 0.0614035087719298 0.059649122807017514 0.07251461988304088 0.055555555555555566 0.07017543859649127 0.05847953216374269 0.05847953216374269 0.10467836257309941
0.0625 0.06597222222222222 0.06388888888888888 0.06458333333333334 0.06458333333333334 0.09375 0.06388888888888888 0.06458333333333334 0.06319444444444444 0.06458333333333334 0.06458333333333334 0.07083333333333333 0.06527777777777778 0.06388888888888888 0.06388888888888888
0.05079365079365073 0.05026455026455017 0.05343915343915335 0.04973544973544967 0.050793650793650724 0.1497354497354496 0.048677248677248604 0.05661375661375654 0.04920634920634913 0.05449735449735443 0.04920634920634914 0.17460317460317476 0.050793650793650724 0.06296296296296287 0.04867724867724861
0.09629629629629621 0.050264550264550185 0.055555555555555455 0.05238095238095229 0.06084656084656077 0.09894179894179898 0.05132275132275125 0.08412698412698406 0.05502645502645496 0.05449735449735441 0.10264550264550255 0.07460317460317456 0.059788359788359724 0.05132275132275124 0.052380952380952306
0.0625 0.06388888888888888 0.06388888888888888 0.06319444444444444 0.06388888888888888 0.10347222222222222 0.06319444444444444 0.06319444444444444 0.06388888888888888 0.0625 0.06319444444444444 0.07361111111111111 0.06319444444444444 0.06319444444444444 0.06319444444444444
0.053801169590643294 0.05730994152046784 0.0748538011695906 0.054970760233918115 0.05380116959064327 0.13391812865497058 0.055555555555555525 0.05672514619883039 0.05555555555555554 0.06081871345029239 0.05438596491228069 0.12456140350877197 0.05555555555555554 0.05438596491228069 0.053801169590643266
0.06666666666666651 0.06535947712418287 0.0679738562091502 0.06405228758169922 0.06339869281045737 0.06405228758169922 0.06274509803921555 0.0771241830065358 0.06274509803921556 0.06732026143790835 0.06601307189542469 0.06209150326797373 0.08235294117647042 0.06601307189542471 0.06209150326797373
0.06470588235294104 0.06862745098039202 0.06797385620915018 0.06274509803921556 0.06862745098039202 0.06928104575163384 0.06666666666666653 0.0679738562091502 0.07058823529411752 0.06732026143790835 0.06535947712418286 0.0633986928104574 0.06666666666666653 0.06732026143790834 0.06274509803921556
0.0625 0.0625 0.0625 0.06388888888888888 0.0625 0.0625 0.06388888888888888 0.06319444444444444 0.0625 0.0625 0.0625 0.0625 0.0625 0.0625 0.12152777777777778
0.05497076023391812 0.05614035087719298 0.05789473684210527 0.0567251461988304 0.05789473684210525 0.11812865497076011 0.05964912280701754 0.057309941520467846 0.05789473684210525 0.059064327485380055 0.0701754385964912 0.0690058479532164 0.058479532163742694 0.05789473684210524 0.10877192982456138
0.0616666666666666 0.053333333333333253 0.06111111111111103 0.05611111111111101 0.05611111111111102 0.05888888888888881 0.057222222222222126 0.06111111111111102 0.05888888888888881 0.059999999999999915 0.055555555555555476 0.11277777777777769 0.05611111111111103 0.08555555555555544 0.10555555555555546
0.05333333333333324 0.0538888888888888 0.06055555555555546 0.05333333333333324 0.05499999999999991 0.05722222222222212 0.05055555555555547 0.06499999999999993 0.0577777777777777 0.06333333333333326 0.10833333333333325 0.10388888888888881 0.06111111111111101 0.059999999999999915 0.09666666666666654
0.06388888888888888 0.0625 0.11458333333333333 0.0625 0.0625 0.06597222222222222 0.0625 0.06319444444444444 0.06319444444444444 0.0625 0.06319444444444444 0.06458333333333334 0.06319444444444444 0.06319444444444444 0.0625
0.06274509803921556 0.062091503267973726 0.07189542483660118 0.0594771241830064 0.062091503267973726 0.11241830065359462 0.059477124183006415 0.0640522875816992 0.060784313725490056 0.06209150326797371 0.06274509803921556 0.061437908496731884 0.07843137254901952 0.0614379084967319 0.05882352941176457
0.05864197530864187 0.059876543209876426 0.05987654320987644 0.05987654320987644 0.09444444444444433 0.061728395061728274 0.0574074074074073 0.06111111111111099 0.06049382716049372 0.08148148148148132 0.05740740740740729 0.06049382716049371 0.06049382716049371 0.10802469135802449 0.05864197530864187
0.0625 0.06319444444444444 0.0625 0.0625 0.06388888888888888 0.06319444444444444 0.06388888888888888 0.06319444444444444 0.0625 0.06319444444444444 0.0625 0.0625 0.0625 0.11875 0.06319444444444444
0.05858585858585862 0.06767676767676774 0.05909090909090911 0.1025252525252526 0.06818181818181819 0.07323232323232329 0.06969696969696977 0.09444444444444458 0.0560606060606061 0.06919191919191925 0.06060606060606066 0.05656565656565661 0.053030303030303066 0.058080808080808136 0.05303030303030306
0.06527777777777778 0.06805555555555555 0.06597222222222222 0.06736111111111111 0.06666666666666667 0.06527777777777778 0.06527777777777778 0.06597222222222222 0.07361111111111111 0.06805555555555555 0.07083333333333333 0.06527777777777778 0.06388888888888888 0.06527777777777778 0.06319444444444444
0.0625 0.06319444444444444 0.06319444444444444 0.0625 0.0625 0.0625 0.06388888888888888 0.0625 0.06319444444444444 0.06319444444444444 0.06319444444444444 0.06388888888888888 0.0625 0.06319444444444444 0.11805555555555555
0.05925925925925915 0.1611111111111109 0.058641975308641875 0.06049382716049372 0.06111111111111099 0.062345679012345556 0.05802469135802457 0.059876543209876426 0.06111111111111099 0.059876543209876426 0.05740740740740729 0.06543209876543199 0.06049382716049372 0.05802469135802457 0.05679012345679001
0.05679012345679001 0.05802469135802457 0.05864197530864187 0.06049382716049371 0.05925925925925914 0.06419753086419742 0.05740740740740729 0.062345679012345556 0.05864197530864187 0.06543209876543199 0.15925925925925902 0.06049382716049373 0.06296296296296283 0.05864197530864187 0.05740740740740729
0.06209150326797371 0.0594771241830064 0.0594771241830064 0.06078431372549007 0.06013071895424824 0.0594771241830064 0.0594771241830064 0.06274509803921556 0.0594771241830064 0.06405228758169922 0.152941176470588 0.06013071895424823 0.06078431372549007 0.06013071895424824 0.05882352941176457
0.0625 0.06319444444444444 0.06319444444444444 0.0625 0.0625 0.06458333333333334 0.06319444444444444 0.0625 0.11875 0.0625 0.0625 0.06388888888888888 0.0625 0.0625 0.06319444444444444
0.0594771241830064 0.0614379084967319 0.062091503267973726 0.06078431372549007 0.060784313725490056 0.12679738562091486 0.0614379084967319 0.06470588235294103 0.06274509803921556 0.06013071895424824 0.06078431372549007 0.062091503267973726 0.06470588235294103 0.07320261437908482 0.05882352941176457
0.05925925925925915 0.05679012345679001 0.05864197530864187 0.05802469135802457 0.06111111111111099 0.06172839506172829 0.05987654320987644 0.06296296296296285 0.11543209876543187 0.05925925925925915 0.1117283950617282 0.05925925925925916 0.06049382716049371 0.05679012345679001 0.05864197530864187
0.06875 0.06527777777777778 0.06736111111111111 0.06736111111111111 0.06875 0.06944444444444445 0.06666666666666667 0.06944444444444445 0.06736111111111111 0.06666666666666667 0.06597222222222222 0.06388888888888888 0.06458333333333334 0.0625 0.06597222222222222
0.05614035087719299 0.12046783625730985 0.05847953216374265 0.06023391812865496 0.05789473684210524 0.05789473684210526 0.05438596491228069 0.05789473684210526 0.05614035087719296 0.06081871345029239 0.1374269005847951 0.05438596491228071 0.05789473684210525 0.055555555555555546 0.0543859649122807
0.06797385620915021 0.06535947712418287 0.06666666666666653 0.07058823529411752 0.06339869281045737 0.06470588235294103 0.06666666666666653 0.06666666666666654 0.06666666666666654 0.06666666666666653 0.06862745098039201 0.07189542483660115 0.06535947712418289 0.06666666666666654 0.062091503267973726
0.0684210526315789 0.11345029239766077 0.05789473684210525 0.06081871345029239 0.06842105263157892 0.06315789473684211 0.05964912280701754 0.07192982456140343 0.06257309941520466 0.06959064327485377 0.05497076023391813 0.07076023391812862 0.05847953216374269 0.0637426900584795 0.05614035087719297
0.060233918128654924 0.10643274853801164 0.06257309941520466 0.05847953216374269 0.06023391812865494 0.05906432748538009 0.059649122807017514 0.06140350877192979 0.055555555555555546 0.0631578947368421 0.0596491228070175 0.06315789473684211 0.11461988304093558 0.059649122807017535 0.05614035087719296
0.06388888888888888 0.11527777777777778 0.06319444444444444 0.0625 0.06319444444444444 0.06458333333333334 0.06319444444444444 0.06319444444444444 0.06388888888888888 0.06388888888888888 0.06319444444444444 0.0625 0.0625 0.0625 0.0625
0.06527777777777778 0.06666666666666667 0.06805555555555555 0.06527777777777778 0.06597222222222222 0.06527777777777778 0.06875 0.06805555555555555 0.06666666666666667 0.07152777777777777 0.06666666666666667 0.06458333333333334 0.06805555555555555 0.06319444444444444 0.06597222222222222
0.0625 0.06388888888888888 0.06736111111111111 0.06388888888888888 0.07847222222222222 0.06597222222222222 0.06597222222222222 0.06805555555555555 0.06666666666666667 0.07430555555555556 0.06458333333333334 0.06319444444444444 0.06319444444444444 0.06458333333333334 0.06736111111111111
0.07013888888888889 0.07013888888888889 0.06666666666666667 0.06666666666666667 0.06805555555555555 0.06597222222222222 0.06805555555555555 0.06597222222222222 0.06736111111111111 0.06805555555555555 0.06388888888888888 0.06597222222222222 0.06458333333333334 0.06527777777777778 0.06319444444444444
0.06405228758169922 0.059477124183006415 0.0594771241830064 0.062091503267973726 0.10392156862745079 0.06078431372549007 0.06013071895424824 0.06013071895424824 0.0594771241830064 0.11437908496732019 0.05882352941176457 0.06078431372549007 0.05882352941176457 0.05882352941176457 0.05882352941176457
0.0625 0.0625 0.0625 0.06319444444444444 0.0625 0.06388888888888888 0.06319444444444444 0.06319444444444444 0.0625 0.06458333333333334 0.06319444444444444 0.06527777777777778 0.06388888888888888 0.11458333333333333 0.0625
0.0625 0.0625 0.06388888888888888 0.0625 0.0625 0.0625 0.06319444444444444 0.0625 0.06388888888888888 0.0625 0.06319444444444444 0.06319444444444444 0.0625 0.12013888888888889 0.0625
0.05042735042735039 0.046153846153846115 0.05085470085470081 0.047435897435897406 0.04914529914529911 0.05128205128205126 0.048290598290598265 0.05769230769230763 0.05256410256410252 0.0615384615384615 0.07564102564102558 0.052136752136752076 0.05042735042735039 0.2653846153846155 0.041025641025640984
0.06319444444444444 0.10902777777777778 0.06388888888888888 0.06597222222222222 0.06388888888888888 0.06458333333333334 0.06458333333333334 0.06319444444444444 0.06388888888888888 0.06388888888888888 0.0625 0.06319444444444444 0.06319444444444444 0.0625 0.0625
0.06470588235294103 0.06470588235294104 0.06470588235294104 0.06274509803921555 0.06666666666666653 0.06601307189542471 0.06666666666666653 0.06601307189542469 0.06993464052287568 0.06797385620915017 0.0614379084967319 0.07450980392156849 0.06993464052287568 0.0679738562091502 0.06601307189542471
0.05882352941176457 0.10980392156862721 0.06078431372549007 0.0594771241830064 0.05882352941176457 0.06013071895424823 0.06013071895424823 0.06013071895424823 0.059477124183006415 0.0614379084967319 0.05882352941176457 0.0614379084967319 0.05882352941176457 0.11111111111111087 0.06078431372549007
0.06319444444444444 0.06319444444444444 0.08819444444444445 0.06458333333333334 0.06944444444444445 0.06388888888888888 0.0625 0.06388888888888888 0.06388888888888888 0.06875 0.06388888888888888 0.07222222222222222 0.06736111111111111 0.0625 0.0625
0.06388888888888888 0.06736111111111111 0.07222222222222222 0.06666666666666667 0.06944444444444445 0.06527777777777778 0.06319444444444444 0.07430555555555556 0.06666666666666667 0.06597222222222222 0.06388888888888888 0.06736111111111111 0.06527777777777778 0.06458333333333334 0.06388888888888888
0.06862745098039204 0.06209150326797373 0.06405228758169922 0.07450980392156849 0.07320261437908483 0.06862745098039201 0.0640522875816992 0.0679738562091502 0.06601307189542469 0.06666666666666653 0.06339869281045739 0.06666666666666654 0.06862745098039202 0.062091503267973726 0.06339869281045737
0.16432748538011674 0.05614035087719298 0.05555555555555555 0.05497076023391812 0.06023391812865497 0.06023391812865494 0.05438596491228071 0.06608187134502921 0.06257309941520466 0.06081871345029237 0.07134502923976603 0.0590643274853801 0.06432748538011698 0.0567251461988304 0.05321637426900585
0.1122807017543859 0.06140350877192979 0.05847953216374269 0.055555555555555546 0.0654970760233918 0.0584795321637427 0.05789473684210522 0.06783625730994147 0.11111111111111108 0.0643274853801169 0.05497076023391813 0.060233918128654945 0.061403508771929766 0.05555555555555555 0.05497076023391813
0.06805555555555555 0.06805555555555555 0.06944444444444445 0.06458333333333334 0.07013888888888889 0.06805555555555555 0.06597222222222222 0.06805555555555555 0.06527777777777778 0.06597222222222222 0.06458333333333334 0.06527777777777778 0.06736111111111111 0.06527777777777778 0.06388888888888888
0.06527777777777778 0.06319444444444444 0.06736111111111111 0.06388888888888888 0.06388888888888888 0.06458333333333334 0.06666666666666667 0.06805555555555555 0.06527777777777778 0.06597222222222222 0.06805555555555555 0.07083333333333333 0.07916666666666666 0.06388888888888888 0.06388888888888888
0.05679012345679001 0.058024691358024585 0.05925925925925915 0.05864197530864187 0.05740740740740729 0.05925925925925914 0.05802469135802457 0.0604938271604937 0.06481481481481469 0.06358024691358014 0.06604938271604929 0.06049382716049372 0.16234567901234542 0.05864197530864187 0.05617283950617273
