3.098661378284581E-5 3.098661378284581E-5 3.098661378284581E-5 3.098661378284581E-5 3.098661378284581E-5 3.098661378284581E-5 3.098661378284581E-5 3.098661378284581E-5 3.098661378284581E-5 3.098661378284581E-5 3.098661378284581E-5 3.098661378284581E-5 3.098661378284581E-5 3.098661378284581E-5 3.098661378284581E-5 3.098661378284581E-5 3.098661378284581E-5 3.098661378284581E-5 3.098661378284581E-5 3.098661378284581E-5 0.34243306891422903 0.656947198810114
1.311991603253739E-4 1.311991603253739E-4 1.311991603253739E-4 1.311991603253739E-4 1.311991603253739E-4 1.311991603253739E-4 1.311991603253739E-4 1.311991603253739E-4 1.311991603253739E-4 1.311991603253739E-4 1.311991603253739E-4 1.311991603253739E-4 1.311991603253739E-4 0.9972448176331672 1.311991603253739E-4 1.311991603253739E-4 1.311991603253739E-4 1.311991603253739E-4 1.311991603253739E-4 1.311991603253739E-4 1.311991603253739E-4 1.311991603253739E-4
2.4557956777996074E-4 2.4557956777996074E-4 2.4557956777996074E-4 0.4791257367387034 2.4557956777996074E-4 2.4557956777996074E-4 0.5159626719056974 2.4557956777996074E-4 2.4557956777996074E-4 2.4557956777996074E-4 2.4557956777996074E-4 2.4557956777996074E-4 2.4557956777996074E-4 2.4557956777996074E-4 2.4557956777996074E-4 2.4557956777996074E-4 2.4557956777996074E-4 2.4557956777996074E-4 2.4557956777996074E-4 2.4557956777996074E-4 2.4557956777996074E-4 2.4557956777996074E-4
9.68804495252858E-5 9.68804495252858E-5 9.68804495252858E-5 9.68804495252858E-5 9.68804495252858E-5 9.68804495252858E-5 9.68804495252858E-5 9.68804495252858E-5 9.68804495252858E-5 9.68804495252858E-5 9.68804495252858E-5 9.68804495252858E-5 9.68804495252858E-5 9.68804495252858E-5 0.1987018019763612 9.68804495252858E-5 9.68804495252858E-5 9.68804495252858E-5 9.68804495252858E-5 9.68804495252858E-5 9.68804495252858E-5 0.7993605890331331
1.1965730148853682E-5 0.001806825252476906 1.1965730148853682E-5 1.1965730148853682E-5 1.1965730148853682E-5 1.1965730148853682E-5 1.1965730148853682E-5 1.1965730148853682E-5 1.1965730148853682E-5 1.1965730148853682E-5 1.1965730148853682E-5 1.1965730148853682E-5 0.6688962810510697 1.1965730148853682E-5 0.21240367587230172 1.1965730148853682E-5 1.1965730148853682E-5 1.1965730148853682E-5 1.1965730148853682E-5 1.1965730148853682E-5 1.1965730148853682E-5 0.11667783468147226
1.5238791868580658E-5 1.5238791868580658E-5 1.5238791868580658E-5 1.5238791868580658E-5 1.5238791868580658E-5 1.5238791868580658E-5 1.5238791868580658E-5 7.771783852976136E-4 1.5238791868580658E-5 1.5238791868580658E-5 1.5238791868580658E-5 1.5238791868580658E-5 1.5238791868580658E-5 1.5238791868580658E-5 0.5150864039498948 1.5238791868580658E-5 1.5238791868580658E-5 0.4838468806193045 1.5238791868580658E-5 1.5238791868580658E-5 1.5238791868580658E-5 1.5238791868580658E-5
3.9105271390583454E-5 3.9105271390583454E-5 3.9105271390583454E-5 3.9105271390583454E-5 3.9105271390583454E-5 0.6257234475207257 3.9105271390583454E-5 3.9105271390583454E-5 3.9105271390583454E-5 3.9105271390583454E-5 3.9105271390583454E-5 3.9105271390583454E-5 3.9105271390583454E-5 3.9105271390583454E-5 3.9105271390583454E-5 3.9105271390583454E-5 3.9105271390583454E-5 3.9105271390583454E-5 3.9105271390583454E-5 3.9105271390583454E-5 3.9105271390583454E-5 0.37349444705146256
2.9263724686878144E-5 2.9263724686878144E-5 2.9263724686878144E-5 2.9263724686878144E-5 0.0044188224277185995 2.9263724686878144E-5 2.9263724686878144E-5 2.9263724686878144E-5 2.9263724686878144E-5 2.9263724686878144E-5 2.9263724686878144E-5 2.9263724686878144E-5 2.9263724686878144E-5 2.9263724686878144E-5 0.07318857544188224 2.9263724686878144E-5 2.9263724686878144E-5 2.9263724686878144E-5 2.9263724686878144E-5 2.9263724686878144E-5 2.9263724686878144E-5 0.9218365913613483
7.954183900731785E-5 7.954183900731785E-5 0.008033725739739104 7.954183900731785E-5 7.954183900731785E-5 7.954183900731785E-5 7.954183900731785E-5 7.954183900731785E-5 7.954183900731785E-5 7.954183900731785E-5 0.01996500159083678 7.954183900731785E-5 7.954183900731785E-5 7.954183900731785E-5 7.954183900731785E-5 7.954183900731785E-5 7.954183900731785E-5 7.954183900731785E-5 7.954183900731785E-5 7.954183900731785E-5 7.954183900731785E-5 0.9704899777282852
4.57205559619605E-5 4.57205559619605E-5 4.57205559619605E-5 0.011475859546452085 4.57205559619605E-5 0.6149871982443306 4.57205559619605E-5 0.0023317483540599856 4.57205559619605E-5 4.57205559619605E-5 4.57205559619605E-5 4.57205559619605E-5 4.57205559619605E-5 4.57205559619605E-5 0.12577724945135332 4.57205559619605E-5 4.57205559619605E-5 4.57205559619605E-5 4.57205559619605E-5 4.57205559619605E-5 4.57205559619605E-5 0.24465069495245062
5.1224259809445757E-5 5.1224259809445757E-5 5.1224259809445757E-5 5.1224259809445757E-5 5.1224259809445757E-5 5.1224259809445757E-5 5.1224259809445757E-5 5.1224259809445757E-5 5.1224259809445757E-5 5.1224259809445757E-5 0.6403544718778814 5.1224259809445757E-5 5.1224259809445757E-5 5.1224259809445757E-5 0.3586210429259297 5.1224259809445757E-5 5.1224259809445757E-5 5.1224259809445757E-5 5.1224259809445757E-5 5.1224259809445757E-5 5.1224259809445757E-5 5.1224259809445757E-5
4.500450045004501E-4 4.500450045004501E-4 4.500450045004501E-4 0.13546354635463545 4.500450045004501E-4 4.500450045004501E-4 4.500450045004501E-4 4.500450045004501E-4 4.500450045004501E-4 4.500450045004501E-4 4.500450045004501E-4 4.500450045004501E-4 4.500450045004501E-4 4.500450045004501E-4 4.500450045004501E-4 4.500450045004501E-4 4.500450045004501E-4 4.500450045004501E-4 4.500450045004501E-4 4.500450045004501E-4 4.500450045004501E-4 0.8555355535553556
3.1673634866337256E-5 3.1673634866337256E-5 3.1673634866337256E-5 3.1673634866337256E-5 3.1673634866337256E-5 3.1673634866337256E-5 3.1673634866337256E-5 3.1673634866337256E-5 3.1673634866337256E-5 3.1673634866337256E-5 3.1673634866337256E-5 3.1673634866337256E-5 3.1673634866337256E-5 3.1673634866337256E-5 0.16473457493982008 3.1673634866337256E-5 3.1673634866337256E-5 3.1673634866337256E-5 0.834631952362853 3.1673634866337256E-5 3.1673634866337256E-5 3.1673634866337256E-5
5.98086124401914E-4 5.98086124401914E-4 5.98086124401914E-4 0.6285885167464115 5.98086124401914E-4 5.98086124401914E-4 5.98086124401914E-4 5.98086124401914E-4 5.98086124401914E-4 5.98086124401914E-4 5.98086124401914E-4 5.98086124401914E-4 5.98086124401914E-4 5.98086124401914E-4 5.98086124401914E-4 5.98086124401914E-4 5.98086124401914E-4 5.98086124401914E-4 5.98086124401914E-4 5.98086124401914E-4 5.98086124401914E-4 0.35944976076555024
3.5435861091424523E-4 3.5435861091424523E-4 3.5435861091424523E-4 3.5435861091424523E-4 3.5435861091424523E-4 3.5435861091424523E-4 3.5435861091424523E-4 3.5435861091424523E-4 3.5435861091424523E-4 3.5435861091424523E-4 0.8862508858965273 3.5435861091424523E-4 3.5435861091424523E-4 3.5435861091424523E-4 0.10666194188518781 3.5435861091424523E-4 3.5435861091424523E-4 3.5435861091424523E-4 3.5435861091424523E-4 3.5435861091424523E-4 3.5435861091424523E-4 3.5435861091424523E-4
5.202372281760483E-5 5.202372281760483E-5 5.202372281760483E-5 0.0026532098636978464 0.8220268442409738 0.00785558214545833 5.202372281760483E-5 5.202372281760483E-5 5.202372281760483E-5 5.202372281760483E-5 5.202372281760483E-5 5.202372281760483E-5 5.202372281760483E-5 5.202372281760483E-5 0.16652793673915303 5.202372281760483E-5 5.202372281760483E-5 5.202372281760483E-5 5.202372281760483E-5 5.202372281760483E-5 5.202372281760483E-5 5.202372281760483E-5
3.152386356471849E-5 0.0031839102200365674 3.152386356471849E-5 3.152386356471849E-5 3.152386356471849E-5 3.152386356471849E-5 3.152386356471849E-5 3.152386356471849E-5 3.152386356471849E-5 3.152386356471849E-5 3.152386356471849E-5 3.152386356471849E-5 3.152386356471849E-5 3.152386356471849E-5 3.152386356471849E-5 3.152386356471849E-5 3.152386356471849E-5 3.152386356471849E-5 3.152386356471849E-5 3.152386356471849E-5 3.152386356471849E-5 0.996185612508669
5.428292259255238E-5 5.428292259255238E-5 5.428292259255238E-5 5.428292259255238E-5 5.428292259255238E-5 5.428292259255238E-5 5.428292259255238E-5 5.428292259255238E-5 5.428292259255238E-5 5.428292259255238E-5 5.428292259255238E-5 5.428292259255238E-5 5.428292259255238E-5 5.428292259255238E-5 5.428292259255238E-5 5.428292259255238E-5 5.428292259255238E-5 5.428292259255238E-5 5.428292259255238E-5 5.428292259255238E-5 0.0027684290522201715 0.9961459124959288
6.612881893929374E-5 6.612881893929374E-5 6.612881893929374E-5 6.612881893929374E-5 6.612881893929374E-5 6.612881893929374E-5 6.612881893929374E-5 6.612881893929374E-5 6.612881893929374E-5 0.46627430234096023 6.612881893929374E-5 6.612881893929374E-5 6.612881893929374E-5 6.612881893929374E-5 0.532403121280254 6.612881893929374E-5 6.612881893929374E-5 6.612881893929374E-5 6.612881893929374E-5 6.612881893929374E-5 6.612881893929374E-5 6.612881893929374E-5
3.475601279021271E-5 3.475601279021271E-5 3.475601279021271E-5 3.475601279021271E-5 3.475601279021271E-5 3.475601279021271E-5 3.475601279021271E-5 3.475601279021271E-5 3.475601279021271E-5 3.475601279021271E-5 3.475601279021271E-5 3.475601279021271E-5 3.475601279021271E-5 3.475601279021271E-5 0.8845752815237035 3.475601279021271E-5 3.475601279021271E-5 3.475601279021271E-5 3.475601279021271E-5 3.475601279021271E-5 3.475601279021271E-5 0.11472959822049213
3.1424800452517124E-5 3.1424800452517124E-5 3.1424800452517124E-5 3.1424800452517124E-5 3.1424800452517124E-5 3.1424800452517124E-5 3.1424800452517124E-5 3.1424800452517124E-5 3.1424800452517124E-5 3.1424800452517124E-5 3.1424800452517124E-5 3.1424800452517124E-5 3.1424800452517124E-5 3.1424800452517124E-5 0.18858022751555525 3.1424800452517124E-5 3.1424800452517124E-5 3.1424800452517124E-5 0.8107912764753943 3.1424800452517124E-5 3.1424800452517124E-5 3.1424800452517124E-5
5.773005426625101E-5 5.773005426625101E-5 5.773005426625101E-5 5.773005426625101E-5 5.773005426625101E-5 5.773005426625101E-5 0.0029442327675788015 5.773005426625101E-5 5.773005426625101E-5 5.773005426625101E-5 5.773005426625101E-5 5.773005426625101E-5 5.773005426625101E-5 5.773005426625101E-5 0.14149636300658125 5.773005426625101E-5 5.773005426625101E-5 5.773005426625101E-5 5.773005426625101E-5 0.6985913866759035 5.773005426625101E-5 0.155928876573144
5.398984990821726E-5 5.398984990821726E-5 5.398984990821726E-5 5.398984990821726E-5 5.398984990821726E-5 5.398984990821726E-5 5.398984990821726E-5 5.398984990821726E-5 5.398984990821726E-5 5.398984990821726E-5 5.398984990821726E-5 5.398984990821726E-5 5.398984990821726E-5 5.398984990821726E-5 0.18361947953784688 5.398984990821726E-5 0.8126012309685778 0.00275348234531908 5.398984990821726E-5 5.398984990821726E-5 5.398984990821726E-5 5.398984990821726E-5
5.658669081032141E-5 5.658669081032141E-5 5.658669081032141E-5 5.658669081032141E-5 5.658669081032141E-5 5.658669081032141E-5 5.658669081032141E-5 5.658669081032141E-5 5.658669081032141E-5 5.658669081032141E-5 5.658669081032141E-5 5.658669081032141E-5 5.658669081032141E-5 5.658669081032141E-5 5.658669081032141E-5 5.658669081032141E-5 5.658669081032141E-5 5.658669081032141E-5 5.658669081032141E-5 5.658669081032141E-5 5.658669081032141E-5 0.9988116794929832
2.7305990934411008E-5 2.7305990934411008E-5 2.7305990934411008E-5 2.7305990934411008E-5 2.7305990934411008E-5 2.7305990934411008E-5 2.7305990934411008E-5 2.7305990934411008E-5 2.7305990934411008E-5 2.7305990934411008E-5 2.7305990934411008E-5 2.7305990934411008E-5 2.7305990934411008E-5 2.7305990934411008E-5 0.9980612746436567 2.7305990934411008E-5 2.7305990934411008E-5 2.7305990934411008E-5 2.7305990934411008E-5 2.7305990934411008E-5 0.0013926055376549615 2.7305990934411008E-5
6.202704379109292E-5 6.202704379109292E-5 6.202704379109292E-5 6.202704379109292E-5 6.202704379109292E-5 6.202704379109292E-5 6.202704379109292E-5 6.202704379109292E-5 6.202704379109292E-5 6.202704379109292E-5 6.202704379109292E-5 6.202704379109292E-5 6.202704379109292E-5 6.202704379109292E-5 0.998697432080387 6.202704379109292E-5 6.202704379109292E-5 6.202704379109292E-5 6.202704379109292E-5 6.202704379109292E-5 6.202704379109292E-5 6.202704379109292E-5
6.126700159294204E-5 0.631111383408896 6.126700159294204E-5 6.126700159294204E-5 6.126700159294204E-5 6.126700159294204E-5 6.126700159294204E-5 6.126700159294204E-5 6.126700159294204E-5 6.126700159294204E-5 6.126700159294204E-5 6.126700159294204E-5 6.126700159294204E-5 6.126700159294204E-5 0.3676632765592452 6.126700159294204E-5 6.126700159294204E-5 6.126700159294204E-5 6.126700159294204E-5 6.126700159294204E-5 6.126700159294204E-5 6.126700159294204E-5
5.032206119162641E-5 5.032206119162641E-5 5.032206119162641E-5 5.032206119162641E-5 5.032206119162641E-5 0.7196557971014492 5.032206119162641E-5 5.032206119162641E-5 5.032206119162641E-5 5.032206119162641E-5 5.032206119162641E-5 5.032206119162641E-5 5.032206119162641E-5 5.032206119162641E-5 5.032206119162641E-5 5.032206119162641E-5 5.032206119162641E-5 5.032206119162641E-5 5.032206119162641E-5 5.032206119162641E-5 5.032206119162641E-5 0.2793377616747182
2.26901434017063E-5 2.26901434017063E-5 2.26901434017063E-5 2.26901434017063E-5 2.26901434017063E-5 0.6376157197313487 2.26901434017063E-5 2.26901434017063E-5 2.26901434017063E-5 2.26901434017063E-5 2.26901434017063E-5 2.26901434017063E-5 2.26901434017063E-5 2.26901434017063E-5 0.09759030677073878 0.0011571973134870213 2.26901434017063E-5 2.26901434017063E-5 2.26901434017063E-5 2.26901434017063E-5 2.26901434017063E-5 0.26322835360319474
9.928514694201748E-5 9.928514694201748E-5 9.928514694201748E-5 9.928514694201748E-5 9.928514694201748E-5 0.6553812549642574 9.928514694201748E-5 9.928514694201748E-5 9.928514694201748E-5 9.928514694201748E-5 9.928514694201748E-5 9.928514694201748E-5 9.928514694201748E-5 9.928514694201748E-5 9.928514694201748E-5 9.928514694201748E-5 9.928514694201748E-5 9.928514694201748E-5 9.928514694201748E-5 9.928514694201748E-5 9.928514694201748E-5 0.34263304209690226
6.401229035974907E-5 6.401229035974907E-5 6.401229035974907E-5 0.33932915119702983 6.401229035974907E-5 6.401229035974907E-5 6.401229035974907E-5 6.401229035974907E-5 6.401229035974907E-5 6.401229035974907E-5 6.401229035974907E-5 6.401229035974907E-5 6.401229035974907E-5 6.401229035974907E-5 0.1760978107796697 6.401229035974907E-5 6.401229035974907E-5 6.401229035974907E-5 0.4833568045064653 6.401229035974907E-5 6.401229035974907E-5 6.401229035974907E-5
7.13165026387106E-5 7.13165026387106E-5 7.13165026387106E-5 7.13165026387106E-5 7.13165026387106E-5 7.13165026387106E-5 7.13165026387106E-5 7.13165026387106E-5 7.13165026387106E-5 7.13165026387106E-5 7.13165026387106E-5 7.13165026387106E-5 7.13165026387106E-5 7.13165026387106E-5 0.5171159606332906 7.13165026387106E-5 7.13165026387106E-5 7.13165026387106E-5 0.4814577093139353 7.13165026387106E-5 7.13165026387106E-5 7.13165026387106E-5
5.2295784959732244E-5 5.2295784959732244E-5 5.2295784959732244E-5 0.00789666352891957 0.7635707561970505 5.2295784959732244E-5 5.2295784959732244E-5 0.0026670850329463445 5.2295784959732244E-5 5.2295784959732244E-5 0.0026670850329463445 5.2295784959732244E-5 5.2295784959732244E-5 5.2295784959732244E-5 0.21969459261583515 5.2295784959732244E-5 0.0026670850329463445 5.2295784959732244E-5 5.2295784959732244E-5 5.2295784959732244E-5 5.2295784959732244E-5 5.2295784959732244E-5
1.2162490878131841E-4 1.2162490878131841E-4 1.2162490878131841E-4 1.2162490878131841E-4 1.2162490878131841E-4 1.2162490878131841E-4 1.2162490878131841E-4 1.2162490878131841E-4 1.2162490878131841E-4 1.2162490878131841E-4 1.2162490878131841E-4 1.2162490878131841E-4 1.2162490878131841E-4 1.2162490878131841E-4 1.2162490878131841E-4 1.2162490878131841E-4 1.2162490878131841E-4 1.2162490878131841E-4 1.2162490878131841E-4 1.2162490878131841E-4 1.2162490878131841E-4 0.9974458769155924
6.526563111865292E-5 6.526563111865292E-5 6.526563111865292E-5 6.526563111865292E-5 6.526563111865292E-5 6.526563111865292E-5 6.526563111865292E-5 6.526563111865292E-5 6.526563111865292E-5 6.526563111865292E-5 6.526563111865292E-5 6.526563111865292E-5 6.526563111865292E-5 6.526563111865292E-5 6.526563111865292E-5 6.526563111865292E-5 6.526563111865292E-5 6.526563111865292E-5 6.526563111865292E-5 6.526563111865292E-5 6.526563111865292E-5 0.9986294217465083
3.828190797029324E-5 3.828190797029324E-5 3.828190797029324E-5 3.828190797029324E-5 3.828190797029324E-5 3.828190797029324E-5 3.828190797029324E-5 3.828190797029324E-5 3.828190797029324E-5 3.828190797029324E-5 3.828190797029324E-5 3.828190797029324E-5 3.828190797029324E-5 3.828190797029324E-5 3.828190797029324E-5 3.828190797029324E-5 3.828190797029324E-5 0.001952377306484955 3.828190797029324E-5 3.828190797029324E-5 3.828190797029324E-5 0.997281984534109
4.9945060433523126E-5 4.9945060433523126E-5 4.9945060433523126E-5 4.9945060433523126E-5 4.9945060433523126E-5 4.9945060433523126E-5 4.9945060433523126E-5 4.9945060433523126E-5 4.9945060433523126E-5 4.9945060433523126E-5 4.9945060433523126E-5 4.9945060433523126E-5 4.9945060433523126E-5 4.9945060433523126E-5 4.9945060433523126E-5 4.9945060433523126E-5 4.9945060433523126E-5 4.9945060433523126E-5 4.9945060433523126E-5 4.9945060433523126E-5 4.9945060433523126E-5 0.9989511537308959
7.261109497531223E-5 7.261109497531223E-5 7.261109497531223E-5 7.261109497531223E-5 7.261109497531223E-5 7.261109497531223E-5 7.261109497531223E-5 7.261109497531223E-5 7.261109497531223E-5 7.261109497531223E-5 7.261109497531223E-5 7.261109497531223E-5 7.261109497531223E-5 7.261109497531223E-5 0.0037031658437409235 7.261109497531223E-5 7.261109497531223E-5 7.261109497531223E-5 7.261109497531223E-5 7.261109497531223E-5 7.261109497531223E-5 0.9948446122567528
4.1542040545031575E-5 4.1542040545031575E-5 4.1542040545031575E-5 4.1542040545031575E-5 4.1542040545031575E-5 4.1542040545031575E-5 4.1542040545031575E-5 4.1542040545031575E-5 4.1542040545031575E-5 4.1542040545031575E-5 4.1542040545031575E-5 4.1542040545031575E-5 4.1542040545031575E-5 4.1542040545031575E-5 0.29499002991026924 4.1542040545031575E-5 4.1542040545031575E-5 4.1542040545031575E-5 4.1542040545031575E-5 4.1542040545031575E-5 4.1542040545031575E-5 0.7041791292788302
4.679019277559424E-5 4.679019277559424E-5 4.679019277559424E-5 4.679019277559424E-5 4.679019277559424E-5 4.679019277559424E-5 4.679019277559424E-5 0.3158805914280367 4.679019277559424E-5 4.679019277559424E-5 4.679019277559424E-5 4.679019277559424E-5 4.679019277559424E-5 4.679019277559424E-5 4.679019277559424E-5 4.679019277559424E-5 4.679019277559424E-5 4.679019277559424E-5 4.679019277559424E-5 4.679019277559424E-5 4.679019277559424E-5 0.6831836047164513
0.4465397720596875 5.8747503231112676E-5 5.8747503231112676E-5 5.8747503231112676E-5 5.8747503231112676E-5 5.8747503231112676E-5 5.8747503231112676E-5 5.8747503231112676E-5 0.0029961226647867464 5.8747503231112676E-5 5.8747503231112676E-5 5.8747503231112676E-5 5.8747503231112676E-5 5.8747503231112676E-5 0.49060039948302203 5.8747503231112676E-5 5.8747503231112676E-5 5.8747503231112676E-5 5.8747503231112676E-5 5.8747503231112676E-5 5.8747503231112676E-5 0.05880625073434379
5.658669081032141E-5 5.658669081032141E-5 5.658669081032141E-5 5.658669081032141E-5 5.658669081032141E-5 5.658669081032141E-5 5.658669081032141E-5 5.658669081032141E-5 5.658669081032141E-5 5.658669081032141E-5 5.658669081032141E-5 5.658669081032141E-5 5.658669081032141E-5 5.658669081032141E-5 5.658669081032141E-5 5.658669081032141E-5 5.658669081032141E-5 5.658669081032141E-5 5.658669081032141E-5 5.658669081032141E-5 5.658669081032141E-5 0.9988116794929832
7.056167090036692E-5 7.056167090036692E-5 7.056167090036692E-5 7.056167090036692E-5 7.056167090036692E-5 7.056167090036692E-5 7.056167090036692E-5 7.056167090036692E-5 7.056167090036692E-5 7.056167090036692E-5 7.056167090036692E-5 7.056167090036692E-5 7.056167090036692E-5 7.056167090036692E-5 0.9985182049110922 7.056167090036692E-5 7.056167090036692E-5 7.056167090036692E-5 7.056167090036692E-5 7.056167090036692E-5 7.056167090036692E-5 7.056167090036692E-5
1.254390366281987E-4 1.254390366281987E-4 1.254390366281987E-4 1.254390366281987E-4 1.254390366281987E-4 1.254390366281987E-4 1.254390366281987E-4 1.254390366281987E-4 1.254390366281987E-4 1.254390366281987E-4 1.254390366281987E-4 1.254390366281987E-4 1.254390366281987E-4 1.254390366281987E-4 1.254390366281987E-4 1.254390366281987E-4 1.254390366281987E-4 1.254390366281987E-4 1.254390366281987E-4 1.254390366281987E-4 1.254390366281987E-4 0.9973657802308079
7.649938800489597E-5 7.649938800489597E-5 7.649938800489597E-5 7.649938800489597E-5 7.649938800489597E-5 7.649938800489597E-5 7.649938800489597E-5 7.649938800489597E-5 7.649938800489597E-5 7.649938800489597E-5 7.649938800489597E-5 7.649938800489597E-5 7.649938800489597E-5 7.649938800489597E-5 0.9983935128518971 7.649938800489597E-5 7.649938800489597E-5 7.649938800489597E-5 7.649938800489597E-5 7.649938800489597E-5 7.649938800489597E-5 7.649938800489597E-5
5.428292259255238E-5 5.428292259255238E-5 5.428292259255238E-5 5.428292259255238E-5 5.428292259255238E-5 5.428292259255238E-5 5.428292259255238E-5 5.428292259255238E-5 5.428292259255238E-5 5.428292259255238E-5 5.428292259255238E-5 5.428292259255238E-5 5.428292259255238E-5 5.428292259255238E-5 5.428292259255238E-5 5.428292259255238E-5 5.428292259255238E-5 5.428292259255238E-5 5.428292259255238E-5 5.428292259255238E-5 5.428292259255238E-5 0.9988600586255564
4.036815759728726E-5 4.036815759728726E-5 4.036815759728726E-5 4.036815759728726E-5 4.036815759728726E-5 4.036815759728726E-5 4.036815759728726E-5 0.4602373647666721 4.036815759728726E-5 4.036815759728726E-5 4.036815759728726E-5 4.036815759728726E-5 4.036815759728726E-5 4.036815759728726E-5 0.2846358792184725 4.036815759728726E-5 4.036815759728726E-5 4.036815759728726E-5 4.036815759728726E-5 4.036815759728726E-5 4.036815759728726E-5 0.254359761020507
2.5593775593775592E-5 2.5593775593775592E-5 0.5541308353808353 2.5593775593775592E-5 2.5593775593775592E-5 2.5593775593775592E-5 2.5593775593775592E-5 2.5593775593775592E-5 2.5593775593775592E-5 2.5593775593775592E-5 2.5593775593775592E-5 2.5593775593775592E-5 2.5593775593775592E-5 2.5593775593775592E-5 0.44535728910728906 2.5593775593775592E-5 2.5593775593775592E-5 2.5593775593775592E-5 2.5593775593775592E-5 2.5593775593775592E-5 2.5593775593775592E-5 2.5593775593775592E-5
6.016123210203345E-5 6.016123210203345E-5 6.016123210203345E-5 6.016123210203345E-5 6.016123210203345E-5 6.016123210203345E-5 6.016123210203345E-5 6.016123210203345E-5 6.016123210203345E-5 6.016123210203345E-5 6.016123210203345E-5 0.8302851642401636 6.016123210203345E-5 6.016123210203345E-5 0.1685116111177957 6.016123210203345E-5 6.016123210203345E-5 6.016123210203345E-5 6.016123210203345E-5 6.016123210203345E-5 6.016123210203345E-5 6.016123210203345E-5
5.3129316756986504E-5 0.005366060992455637 5.3129316756986504E-5 5.3129316756986504E-5 5.3129316756986504E-5 5.3129316756986504E-5 5.3129316756986504E-5 5.3129316756986504E-5 5.3129316756986504E-5 5.3129316756986504E-5 5.3129316756986504E-5 5.3129316756986504E-5 5.3129316756986504E-5 5.3129316756986504E-5 0.15412814791201787 5.3129316756986504E-5 0.8394963340771437 5.3129316756986504E-5 5.3129316756986504E-5 5.3129316756986504E-5 5.3129316756986504E-5 5.3129316756986504E-5
5.1224259809445757E-5 5.1224259809445757E-5 5.1224259809445757E-5 5.1224259809445757E-5 0.770976334391968 5.1224259809445757E-5 5.1224259809445757E-5 5.1224259809445757E-5 5.1224259809445757E-5 5.1224259809445757E-5 5.1224259809445757E-5 5.1224259809445757E-5 5.1224259809445757E-5 5.1224259809445757E-5 0.22799918041184303 5.1224259809445757E-5 5.1224259809445757E-5 5.1224259809445757E-5 5.1224259809445757E-5 5.1224259809445757E-5 5.1224259809445757E-5 5.1224259809445757E-5
3.330890680167876E-5 3.330890680167876E-5 3.330890680167876E-5 3.330890680167876E-5 3.330890680167876E-5 3.330890680167876E-5 3.330890680167876E-5 3.330890680167876E-5 3.330890680167876E-5 3.330890680167876E-5 3.330890680167876E-5 3.330890680167876E-5 3.330890680167876E-5 3.330890680167876E-5 0.3048098061421624 0.6945240157218039 3.330890680167876E-5 3.330890680167876E-5 3.330890680167876E-5 3.330890680167876E-5 3.330890680167876E-5 3.330890680167876E-5
1.6202203499675956E-4 1.6202203499675956E-4 1.6202203499675956E-4 1.6202203499675956E-4 1.6202203499675956E-4 1.6202203499675956E-4 1.6202203499675956E-4 1.6202203499675956E-4 1.6202203499675956E-4 1.6202203499675956E-4 1.6202203499675956E-4 1.6202203499675956E-4 0.5915424497731692 1.6202203499675956E-4 0.2512961762799741 1.6202203499675956E-4 1.6202203499675956E-4 1.6202203499675956E-4 1.6202203499675956E-4 1.6202203499675956E-4 1.6202203499675956E-4 0.15408295528191834
2.6231572320444885E-5 2.6231572320444885E-5 2.6231572320444885E-5 2.6231572320444885E-5 2.6231572320444885E-5 2.6231572320444885E-5 2.6231572320444885E-5 2.6231572320444885E-5 2.6231572320444885E-5 2.6231572320444885E-5 2.6231572320444885E-5 2.6231572320444885E-5 2.6231572320444885E-5 2.6231572320444885E-5 0.24660301138450239 2.6231572320444885E-5 2.6231572320444885E-5 0.7528723571690886 2.6231572320444885E-5 2.6231572320444885E-5 2.6231572320444885E-5 2.6231572320444885E-5
1.7946877243359656E-4 1.7946877243359656E-4 1.7946877243359656E-4 1.7946877243359656E-4 1.7946877243359656E-4 1.7946877243359656E-4 1.7946877243359656E-4 1.7946877243359656E-4 1.7946877243359656E-4 1.7946877243359656E-4 1.7946877243359656E-4 0.8706030150753769 1.7946877243359656E-4 1.7946877243359656E-4 0.12580760947595118 1.7946877243359656E-4 1.7946877243359656E-4 1.7946877243359656E-4 1.7946877243359656E-4 1.7946877243359656E-4 1.7946877243359656E-4 1.7946877243359656E-4
7.182876023559834E-5 7.182876023559834E-5 7.182876023559834E-5 7.182876023559834E-5 7.182876023559834E-5 7.182876023559834E-5 7.182876023559834E-5 7.182876023559834E-5 7.182876023559834E-5 7.182876023559834E-5 7.182876023559834E-5 7.182876023559834E-5 0.003663266772015515 7.182876023559834E-5 0.8009625053871571 7.182876023559834E-5 7.182876023559834E-5 7.182876023559834E-5 7.182876023559834E-5 7.182876023559834E-5 7.182876023559834E-5 0.1940094813963511
4.18025248725023E-5 4.18025248725023E-5 4.18025248725023E-5 0.6793328317030348 4.18025248725023E-5 4.18025248725023E-5 4.18025248725023E-5 4.18025248725023E-5 4.18025248725023E-5 4.18025248725023E-5 4.18025248725023E-5 4.18025248725023E-5 4.18025248725023E-5 4.18025248725023E-5 0.3198311177995151 4.18025248725023E-5 4.18025248725023E-5 4.18025248725023E-5 4.18025248725023E-5 4.18025248725023E-5 4.18025248725023E-5 4.18025248725023E-5
1.4040999719180006E-4 1.4040999719180006E-4 1.4040999719180006E-4 1.4040999719180006E-4 1.4040999719180006E-4 1.4040999719180006E-4 1.4040999719180006E-4 1.4040999719180006E-4 1.4040999719180006E-4 1.4040999719180006E-4 1.4040999719180006E-4 1.4040999719180006E-4 1.4040999719180006E-4 1.4040999719180006E-4 0.1967144060657119 1.4040999719180006E-4 1.4040999719180006E-4 1.4040999719180006E-4 1.4040999719180006E-4 1.4040999719180006E-4 0.681128896377422 0.11948890761022185
4.814172925091469E-5 4.814172925091469E-5 4.814172925091469E-5 4.814172925091469E-5 4.814172925091469E-5 4.814172925091469E-5 0.0024552281917966496 0.5681205468900443 4.814172925091469E-5 4.814172925091469E-5 4.814172925091469E-5 4.814172925091469E-5 4.814172925091469E-5 4.814172925091469E-5 0.42610244559984595 4.814172925091469E-5 4.814172925091469E-5 0.0024552281917966496 4.814172925091469E-5 4.814172925091469E-5 4.814172925091469E-5 4.814172925091469E-5
1.7325017325017325E-4 0.02616077616077616 1.7325017325017325E-4 1.7325017325017325E-4 1.7325017325017325E-4 1.7325017325017325E-4 1.7325017325017325E-4 1.7325017325017325E-4 1.7325017325017325E-4 1.7325017325017325E-4 1.7325017325017325E-4 0.9617117117117117 1.7325017325017325E-4 0.008835758835758836 1.7325017325017325E-4 1.7325017325017325E-4 1.7325017325017325E-4 1.7325017325017325E-4 1.7325017325017325E-4 1.7325017325017325E-4 1.7325017325017325E-4 1.7325017325017325E-4
2.875877142528471E-5 2.875877142528471E-5 2.875877142528471E-5 2.875877142528471E-5 2.875877142528471E-5 2.875877142528471E-5 0.419906821580582 2.875877142528471E-5 2.875877142528471E-5 2.875877142528471E-5 2.875877142528471E-5 2.875877142528471E-5 2.875877142528471E-5 2.875877142528471E-5 0.14382261589784884 2.875877142528471E-5 2.875877142528471E-5 2.875877142528471E-5 2.875877142528471E-5 2.875877142528471E-5 2.875877142528471E-5 0.4357241458644886
4.723219346306443E-5 4.723219346306443E-5 4.723219346306443E-5 4.723219346306443E-5 4.723219346306443E-5 4.723219346306443E-5 4.723219346306443E-5 4.723219346306443E-5 0.9494143208010579 4.723219346306443E-5 4.723219346306443E-5 4.723219346306443E-5 4.723219346306443E-5 4.723219346306443E-5 0.049641035329680706 4.723219346306443E-5 4.723219346306443E-5 4.723219346306443E-5 4.723219346306443E-5 4.723219346306443E-5 4.723219346306443E-5 4.723219346306443E-5
2.9698265621287714E-5 2.9698265621287714E-5 2.9698265621287714E-5 0.853854834877643 2.9698265621287714E-5 2.9698265621287714E-5 2.9698265621287714E-5 2.9698265621287714E-5 2.9698265621287714E-5 2.9698265621287714E-5 2.9698265621287714E-5 2.9698265621287714E-5 2.9698265621287714E-5 2.9698265621287714E-5 0.1455511998099311 2.9698265621287714E-5 2.9698265621287714E-5 2.9698265621287714E-5 2.9698265621287714E-5 2.9698265621287714E-5 2.9698265621287714E-5 2.9698265621287714E-5
5.2709255745308875E-5 5.2709255745308875E-5 5.2709255745308875E-5 5.2709255745308875E-5 5.2709255745308875E-5 5.2709255745308875E-5 5.2709255745308875E-5 5.2709255745308875E-5 5.2709255745308875E-5 5.2709255745308875E-5 5.2709255745308875E-5 5.2709255745308875E-5 0.002688172043010753 5.2709255745308875E-5 0.5640417457305503 5.2709255745308875E-5 5.2709255745308875E-5 5.2709255745308875E-5 5.2709255745308875E-5 5.2709255745308875E-5 0.4322686063672781 5.2709255745308875E-5
9.155832265152902E-5 9.155832265152902E-5 0.00466947445522798 9.155832265152902E-5 9.155832265152902E-5 9.155832265152902E-5 9.155832265152902E-5 9.155832265152902E-5 9.155832265152902E-5 9.155832265152902E-5 9.155832265152902E-5 9.155832265152902E-5 9.155832265152902E-5 9.155832265152902E-5 0.9934993590917415 9.155832265152902E-5 9.155832265152902E-5 9.155832265152902E-5 9.155832265152902E-5 9.155832265152902E-5 9.155832265152902E-5 9.155832265152902E-5
2.6094671468086216E-5 2.6094671468086216E-5 2.6094671468086216E-5 2.6094671468086216E-5 2.6094671468086216E-5 2.6094671468086216E-5 2.6094671468086216E-5 2.6094671468086216E-5 2.6094671468086216E-5 2.6094671468086216E-5 0.5349668597672355 2.6094671468086216E-5 2.6094671468086216E-5 2.6094671468086216E-5 0.27532487865977767 2.6094671468086216E-5 2.6094671468086216E-5 2.6094671468086216E-5 2.6094671468086216E-5 2.6094671468086216E-5 2.6094671468086216E-5 0.18921246281509316
8.679048776254123E-5 8.679048776254123E-5 0.6900711681999654 8.679048776254123E-5 8.679048776254123E-5 8.679048776254123E-5 8.679048776254123E-5 8.679048776254123E-5 8.679048776254123E-5 8.679048776254123E-5 8.679048776254123E-5 8.679048776254123E-5 8.679048776254123E-5 8.679048776254123E-5 0.3081930220447839 8.679048776254123E-5 8.679048776254123E-5 8.679048776254123E-5 8.679048776254123E-5 8.679048776254123E-5 8.679048776254123E-5 8.679048776254123E-5
5.6110425317023906E-5 5.6110425317023906E-5 5.6110425317023906E-5 5.6110425317023906E-5 5.6110425317023906E-5 5.6110425317023906E-5 5.6110425317023906E-5 5.6110425317023906E-5 5.6110425317023906E-5 5.6110425317023906E-5 5.6110425317023906E-5 5.6110425317023906E-5 5.6110425317023906E-5 5.6110425317023906E-5 5.6110425317023906E-5 5.6110425317023906E-5 5.6110425317023906E-5 5.6110425317023906E-5 5.6110425317023906E-5 5.6110425317023906E-5 5.6110425317023906E-5 0.9988216810683425
6.463288521199587E-5 6.463288521199587E-5 6.463288521199587E-5 0.8079756980351603 6.463288521199587E-5 6.463288521199587E-5 6.463288521199587E-5 6.463288521199587E-5 6.463288521199587E-5 6.463288521199587E-5 6.463288521199587E-5 6.463288521199587E-5 6.463288521199587E-5 6.463288521199587E-5 0.1907316442605998 6.463288521199587E-5 6.463288521199587E-5 6.463288521199587E-5 6.463288521199587E-5 6.463288521199587E-5 6.463288521199587E-5 6.463288521199587E-5
5.3129316756986504E-5 5.3129316756986504E-5 5.3129316756986504E-5 5.3129316756986504E-5 5.3129316756986504E-5 5.3129316756986504E-5 5.3129316756986504E-5 5.3129316756986504E-5 5.3129316756986504E-5 5.3129316756986504E-5 5.3129316756986504E-5 5.3129316756986504E-5 5.3129316756986504E-5 5.3129316756986504E-5 0.32148549569652535 5.3129316756986504E-5 0.6774519179683349 5.3129316756986504E-5 5.3129316756986504E-5 5.3129316756986504E-5 5.3129316756986504E-5 5.3129316756986504E-5
1.6469038208168644E-4 1.6469038208168644E-4 1.6469038208168644E-4 1.6469038208168644E-4 1.6469038208168644E-4 1.6469038208168644E-4 1.6469038208168644E-4 1.6469038208168644E-4 1.6469038208168644E-4 1.6469038208168644E-4 1.6469038208168644E-4 1.6469038208168644E-4 1.6469038208168644E-4 1.6469038208168644E-4 0.3542490118577075 0.6424571805006587 1.6469038208168644E-4 1.6469038208168644E-4 1.6469038208168644E-4 1.6469038208168644E-4 1.6469038208168644E-4 1.6469038208168644E-4
6.320313487548983E-5 6.320313487548983E-5 6.320313487548983E-5 6.320313487548983E-5 6.320313487548983E-5 6.320313487548983E-5 6.320313487548983E-5 6.320313487548983E-5 6.320313487548983E-5 6.320313487548983E-5 6.320313487548983E-5 0.8375047402351156 6.320313487548983E-5 6.320313487548983E-5 0.16123119706737454 6.320313487548983E-5 6.320313487548983E-5 6.320313487548983E-5 6.320313487548983E-5 6.320313487548983E-5 6.320313487548983E-5 6.320313487548983E-5
2.658019244059327E-5 2.658019244059327E-5 2.658019244059327E-5 2.658019244059327E-5 2.658019244059327E-5 2.658019244059327E-5 2.658019244059327E-5 2.658019244059327E-5 2.658019244059327E-5 0.5728297272872255 2.658019244059327E-5 2.658019244059327E-5 2.658019244059327E-5 2.658019244059327E-5 0.4266386688639625 2.658019244059327E-5 2.658019244059327E-5 2.658019244059327E-5 2.658019244059327E-5 2.658019244059327E-5 2.658019244059327E-5 2.658019244059327E-5
6.126700159294204E-5 6.126700159294204E-5 0.0031246170812400443 6.126700159294204E-5 6.126700159294204E-5 6.126700159294204E-5 6.126700159294204E-5 6.126700159294204E-5 6.126700159294204E-5 6.126700159294204E-5 6.126700159294204E-5 0.8424825389045459 6.126700159294204E-5 6.126700159294204E-5 0.15322877098394805 6.126700159294204E-5 6.126700159294204E-5 6.126700159294204E-5 6.126700159294204E-5 6.126700159294204E-5 6.126700159294204E-5 6.126700159294204E-5
1.8443378827001107E-4 0.7010328292143121 1.8443378827001107E-4 1.8443378827001107E-4 1.8443378827001107E-4 1.8443378827001107E-4 1.8443378827001107E-4 1.8443378827001107E-4 1.8443378827001107E-4 1.8443378827001107E-4 1.8443378827001107E-4 1.8443378827001107E-4 1.8443378827001107E-4 1.8443378827001107E-4 1.8443378827001107E-4 1.8443378827001107E-4 1.8443378827001107E-4 1.8443378827001107E-4 1.8443378827001107E-4 1.8443378827001107E-4 1.8443378827001107E-4 0.29527849502028775
2.4863252113376433E-4 2.4863252113376433E-4 2.4863252113376433E-4 2.4863252113376433E-4 2.4863252113376433E-4 2.4863252113376433E-4 2.4863252113376433E-4 2.4863252113376433E-4 0.01268025857782198 2.4863252113376433E-4 2.4863252113376433E-4 2.4863252113376433E-4 2.4863252113376433E-4 2.4863252113376433E-4 0.9699154649428146 2.4863252113376433E-4 2.4863252113376433E-4 0.01268025857782198 2.4863252113376433E-4 2.4863252113376433E-4 2.4863252113376433E-4 2.4863252113376433E-4
3.918188229762558E-5 3.918188229762558E-5 0.0019982759971789044 3.918188229762558E-5 3.918188229762558E-5 3.918188229762558E-5 3.918188229762558E-5 0.18027584045137526 3.918188229762558E-5 3.918188229762558E-5 3.918188229762558E-5 3.918188229762558E-5 3.918188229762558E-5 3.918188229762558E-5 3.918188229762558E-5 3.918188229762558E-5 3.918188229762558E-5 3.918188229762558E-5 3.918188229762558E-5 3.918188229762558E-5 3.918188229762558E-5 0.8169814277877909
3.925879396984925E-5 3.925879396984925E-5 3.925879396984925E-5 3.925879396984925E-5 3.925879396984925E-5 3.925879396984925E-5 3.925879396984925E-5 0.5830323492462312 3.925879396984925E-5 3.925879396984925E-5 3.925879396984925E-5 3.925879396984925E-5 3.925879396984925E-5 3.925879396984925E-5 0.4161824748743719 3.925879396984925E-5 3.925879396984925E-5 3.925879396984925E-5 3.925879396984925E-5 3.925879396984925E-5 3.925879396984925E-5 3.925879396984925E-5
6.909894969596462E-5 6.909894969596462E-5 6.909894969596462E-5 6.909894969596462E-5 6.909894969596462E-5 6.909894969596462E-5 6.909894969596462E-5 6.909894969596462E-5 6.909894969596462E-5 6.909894969596462E-5 6.909894969596462E-5 6.909894969596462E-5 6.909894969596462E-5 6.909894969596462E-5 6.909894969596462E-5 6.909894969596462E-5 6.909894969596462E-5 6.909894969596462E-5 6.909894969596462E-5 6.909894969596462E-5 6.909894969596462E-5 0.9985489220563847
2.8883368956155044E-5 2.8883368956155044E-5 2.8883368956155044E-5 2.8883368956155044E-5 2.8883368956155044E-5 2.8883368956155044E-5 2.8883368956155044E-5 2.8883368956155044E-5 2.8883368956155044E-5 0.6961180752122926 2.8883368956155044E-5 0.0029172202645716596 2.8883368956155044E-5 2.8883368956155044E-5 0.23542834036161978 2.8883368956155044E-5 2.8883368956155044E-5 2.8883368956155044E-5 2.8883368956155044E-5 2.8883368956155044E-5 2.8883368956155044E-5 0.065016463520305
4.7911077041011885E-5 4.7911077041011885E-5 4.7911077041011885E-5 4.7911077041011885E-5 4.7911077041011885E-5 4.7911077041011885E-5 4.7911077041011885E-5 4.7911077041011885E-5 4.7911077041011885E-5 4.7911077041011885E-5 0.6444518972786508 0.002443464929091606 4.7911077041011885E-5 4.7911077041011885E-5 0.3521943273284784 4.7911077041011885E-5 4.7911077041011885E-5 4.7911077041011885E-5 4.7911077041011885E-5 4.7911077041011885E-5 4.7911077041011885E-5 4.7911077041011885E-5
5.148800329523221E-5 5.148800329523221E-5 5.148800329523221E-5 0.002625888168056843 5.148800329523221E-5 0.5072083204613326 5.148800329523221E-5 5.148800329523221E-5 5.148800329523221E-5 5.148800329523221E-5 0.002625888168056843 5.148800329523221E-5 5.148800329523221E-5 5.148800329523221E-5 5.148800329523221E-5 5.148800329523221E-5 5.148800329523221E-5 5.148800329523221E-5 5.148800329523221E-5 5.148800329523221E-5 5.148800329523221E-5 0.4866131191432397
7.53465943339361E-5 7.53465943339361E-5 7.53465943339361E-5 7.53465943339361E-5 7.53465943339361E-5 0.7083333333333334 7.53465943339361E-5 7.53465943339361E-5 7.53465943339361E-5 7.53465943339361E-5 7.53465943339361E-5 7.53465943339361E-5 7.53465943339361E-5 7.53465943339361E-5 7.53465943339361E-5 7.53465943339361E-5 7.53465943339361E-5 7.53465943339361E-5 0.0038426763110307417 7.53465943339361E-5 7.53465943339361E-5 0.2863924050632911
1.2735284378900181E-5 1.2735284378900181E-5 1.2735284378900181E-5 1.2735284378900181E-5 1.2735284378900181E-5 1.2735284378900181E-5 1.2735284378900181E-5 1.2735284378900181E-5 1.2735284378900181E-5 1.2735284378900181E-5 1.2735284378900181E-5 1.2735284378900181E-5 1.2735284378900181E-5 0.4814064848068057 0.5183388095056163 1.2735284378900181E-5 1.2735284378900181E-5 1.2735284378900181E-5 1.2735284378900181E-5 1.2735284378900181E-5 1.2735284378900181E-5 1.2735284378900181E-5
2.117746717492588E-4 2.117746717492588E-4 2.117746717492588E-4 2.117746717492588E-4 2.117746717492588E-4 2.117746717492588E-4 2.117746717492588E-4 2.117746717492588E-4 2.117746717492588E-4 2.117746717492588E-4 2.117746717492588E-4 2.117746717492588E-4 2.117746717492588E-4 2.117746717492588E-4 2.117746717492588E-4 2.117746717492588E-4 2.117746717492588E-4 2.117746717492588E-4 2.117746717492588E-4 2.117746717492588E-4 2.117746717492588E-4 0.9955527318932655
