7.261109497531223E-5 7.261109497531223E-5 7.261109497531223E-5 7.261109497531223E-5 7.261109497531223E-5 7.261109497531223E-5 7.261109497531223E-5 7.261109497531223E-5 7.261109497531223E-5 7.261109497531223E-5 7.261109497531223E-5 7.261109497531223E-5 7.261109497531223E-5 7.261109497531223E-5 7.261109497531223E-5 7.261109497531223E-5 7.261109497531223E-5 7.261109497531223E-5 7.261109497531223E-5 7.261109497531223E-5 7.261109497531223E-5 0.9984751670055184
7.478312892611427E-5 7.478312892611427E-5 7.478312892611427E-5 0.003813939575231828 7.478312892611427E-5 7.478312892611427E-5 7.478312892611427E-5 7.478312892611427E-5 7.478312892611427E-5 7.478312892611427E-5 7.478312892611427E-5 0.7703410110679031 7.478312892611427E-5 0.01877056536045468 7.478312892611427E-5 7.478312892611427E-5 7.478312892611427E-5 7.478312892611427E-5 7.478312892611427E-5 7.478312892611427E-5 7.478312892611427E-5 0.20572838767574037
1.0557432432432433E-4 1.0557432432432433E-4 1.0557432432432433E-4 1.0557432432432433E-4 1.0557432432432433E-4 1.0557432432432433E-4 1.0557432432432433E-4 1.0557432432432433E-4 1.0557432432432433E-4 1.0557432432432433E-4 1.0557432432432433E-4 1.0557432432432433E-4 1.0557432432432433E-4 1.0557432432432433E-4 1.0557432432432433E-4 1.0557432432432433E-4 1.0557432432432433E-4 0.9080447635135136 1.0557432432432433E-4 1.0557432432432433E-4 1.0557432432432433E-4 0.08984375
0.04056958624395486 2.6867275658248256E-4 2.6867275658248256E-4 2.6867275658248256E-4 2.6867275658248256E-4 2.6867275658248256E-4 0.01370231058570661 2.6867275658248256E-4 2.6867275658248256E-4 2.6867275658248256E-4 2.6867275658248256E-4 2.6867275658248256E-4 2.6867275658248256E-4 2.6867275658248256E-4 2.6867275658248256E-4 2.6867275658248256E-4 2.6867275658248256E-4 2.6867275658248256E-4 2.6867275658248256E-4 2.6867275658248256E-4 2.6867275658248256E-4 0.9406233207952713
2.0955574182732607E-4 2.0955574182732607E-4 2.0955574182732607E-4 2.0955574182732607E-4 2.0955574182732607E-4 2.0955574182732607E-4 2.0955574182732607E-4 0.08403185247275775 2.0955574182732607E-4 2.0955574182732607E-4 2.0955574182732607E-4 2.0955574182732607E-4 2.0955574182732607E-4 2.0955574182732607E-4 2.0955574182732607E-4 0.04212070410729254 2.0955574182732607E-4 2.0955574182732607E-4 2.0955574182732607E-4 2.0955574182732607E-4 2.0955574182732607E-4 0.8698658843252305
8.45880561664693E-5 8.45880561664693E-5 8.45880561664693E-5 8.45880561664693E-5 8.45880561664693E-5 8.45880561664693E-5 8.45880561664693E-5 8.45880561664693E-5 0.008543393672813399 8.45880561664693E-5 8.45880561664693E-5 0.008543393672813399 8.45880561664693E-5 8.45880561664693E-5 8.45880561664693E-5 0.025461004906107258 8.45880561664693E-5 0.7656064963627136 8.45880561664693E-5 8.45880561664693E-5 8.45880561664693E-5 0.1904077144307224
1.1465260261407935E-4 1.1465260261407935E-4 1.1465260261407935E-4 1.1465260261407935E-4 1.1465260261407935E-4 1.1465260261407935E-4 1.1465260261407935E-4 1.1465260261407935E-4 1.1465260261407935E-4 1.1465260261407935E-4 1.1465260261407935E-4 1.1465260261407935E-4 1.1465260261407935E-4 1.1465260261407935E-4 1.1465260261407935E-4 1.1465260261407935E-4 1.1465260261407935E-4 0.9975922953451044 1.1465260261407935E-4 1.1465260261407935E-4 1.1465260261407935E-4 1.1465260261407935E-4
1.8615040953090097E-4 1.8615040953090097E-4 0.7354802680565897 1.8615040953090097E-4 1.8615040953090097E-4 1.8615040953090097E-4 1.8615040953090097E-4 1.8615040953090097E-4 1.8615040953090097E-4 1.8615040953090097E-4 1.8615040953090097E-4 1.8615040953090097E-4 1.8615040953090097E-4 0.00949367088607595 1.8615040953090097E-4 1.8615040953090097E-4 1.8615040953090097E-4 1.8615040953090097E-4 1.8615040953090097E-4 1.8615040953090097E-4 1.8615040953090097E-4 0.2514892032762472
1.8615040953090097E-4 1.8615040953090097E-4 1.8615040953090097E-4 1.8615040953090097E-4 1.8615040953090097E-4 1.8615040953090097E-4 1.8615040953090097E-4 1.8615040953090097E-4 1.8615040953090097E-4 1.8615040953090097E-4 1.8615040953090097E-4 1.8615040953090097E-4 1.8615040953090097E-4 1.8615040953090097E-4 1.8615040953090097E-4 1.8615040953090097E-4 1.8615040953090097E-4 0.7261727475800447 1.8615040953090097E-4 1.8615040953090097E-4 1.8615040953090097E-4 0.2701042442293373
3.3647375504710633E-4 3.3647375504710633E-4 3.3647375504710633E-4 3.3647375504710633E-4 3.3647375504710633E-4 3.3647375504710633E-4 3.3647375504710633E-4 3.3647375504710633E-4 3.3647375504710633E-4 3.3647375504710633E-4 3.3647375504710633E-4 3.3647375504710633E-4 3.3647375504710633E-4 3.3647375504710633E-4 3.3647375504710633E-4 3.3647375504710633E-4 3.3647375504710633E-4 0.2022207267833109 3.3647375504710633E-4 3.3647375504710633E-4 3.3647375504710633E-4 0.791049798115747
2.8392958546280523E-4 2.8392958546280523E-4 2.8392958546280523E-4 2.8392958546280523E-4 2.8392958546280523E-4 2.8392958546280523E-4 2.8392958546280523E-4 2.8392958546280523E-4 2.8392958546280523E-4 2.8392958546280523E-4 2.8392958546280523E-4 2.8392958546280523E-4 2.8392958546280523E-4 2.8392958546280523E-4 2.8392958546280523E-4 2.8392958546280523E-4 2.8392958546280523E-4 0.994037478705281 2.8392958546280523E-4 2.8392958546280523E-4 2.8392958546280523E-4 2.8392958546280523E-4
1.763046544428773E-4 1.763046544428773E-4 1.763046544428773E-4 1.763046544428773E-4 1.763046544428773E-4 0.008991537376586742 1.763046544428773E-4 1.763046544428773E-4 0.03543723554301833 1.763046544428773E-4 1.763046544428773E-4 1.763046544428773E-4 1.763046544428773E-4 1.763046544428773E-4 1.763046544428773E-4 1.763046544428773E-4 1.763046544428773E-4 0.9434062059238364 1.763046544428773E-4 0.008991537376586742 1.763046544428773E-4 1.763046544428773E-4
2.3408239700374532E-4 2.3408239700374532E-4 2.3408239700374532E-4 2.3408239700374532E-4 2.3408239700374532E-4 2.3408239700374532E-4 2.3408239700374532E-4 2.3408239700374532E-4 2.3408239700374532E-4 2.3408239700374532E-4 2.3408239700374532E-4 2.3408239700374532E-4 2.3408239700374532E-4 2.3408239700374532E-4 2.3408239700374532E-4 2.3408239700374532E-4 2.3408239700374532E-4 0.807818352059925 2.3408239700374532E-4 2.3408239700374532E-4 2.3408239700374532E-4 0.1875
1.498800959232614E-4 1.498800959232614E-4 1.498800959232614E-4 1.498800959232614E-4 1.498800959232614E-4 1.498800959232614E-4 1.498800959232614E-4 1.498800959232614E-4 1.498800959232614E-4 1.498800959232614E-4 1.498800959232614E-4 1.498800959232614E-4 1.498800959232614E-4 1.498800959232614E-4 1.498800959232614E-4 1.498800959232614E-4 1.498800959232614E-4 0.831984412470024 1.498800959232614E-4 1.498800959232614E-4 1.498800959232614E-4 0.1650179856115108
7.261109497531223E-5 7.261109497531223E-5 7.261109497531223E-5 7.261109497531223E-5 7.261109497531223E-5 7.261109497531223E-5 7.261109497531223E-5 7.261109497531223E-5 7.261109497531223E-5 7.261109497531223E-5 7.261109497531223E-5 7.261109497531223E-5 7.261109497531223E-5 7.261109497531223E-5 7.261109497531223E-5 7.261109497531223E-5 7.261109497531223E-5 0.6317891373801917 0.0037031658437409235 7.261109497531223E-5 7.261109497531223E-5 0.36312808597153645
7.954183900731785E-5 7.954183900731785E-5 7.954183900731785E-5 7.954183900731785E-5 7.954183900731785E-5 7.954183900731785E-5 7.954183900731785E-5 7.954183900731785E-5 7.954183900731785E-5 7.954183900731785E-5 7.954183900731785E-5 0.2824530703149857 7.954183900731785E-5 7.954183900731785E-5 7.954183900731785E-5 7.954183900731785E-5 7.954183900731785E-5 0.7159560929048681 7.954183900731785E-5 7.954183900731785E-5 7.954183900731785E-5 7.954183900731785E-5
1.254390366281987E-4 1.254390366281987E-4 1.254390366281987E-4 1.254390366281987E-4 1.254390366281987E-4 1.254390366281987E-4 1.254390366281987E-4 1.254390366281987E-4 1.254390366281987E-4 1.254390366281987E-4 1.254390366281987E-4 1.254390366281987E-4 1.254390366281987E-4 1.254390366281987E-4 1.254390366281987E-4 1.254390366281987E-4 1.254390366281987E-4 0.9409182137481185 1.254390366281987E-4 1.254390366281987E-4 1.254390366281987E-4 0.05657300551931761
1.9912385503783353E-4 1.9912385503783353E-4 1.9912385503783353E-4 1.9912385503783353E-4 1.9912385503783353E-4 1.9912385503783353E-4 1.9912385503783353E-4 1.9912385503783353E-4 1.9912385503783353E-4 1.9912385503783353E-4 1.9912385503783353E-4 1.9912385503783353E-4 0.6971326164874552 1.9912385503783353E-4 1.9912385503783353E-4 1.9912385503783353E-4 1.9912385503783353E-4 1.9912385503783353E-4 1.9912385503783353E-4 1.9912385503783353E-4 1.9912385503783353E-4 0.2988849064117881
2.760905577029266E-4 2.760905577029266E-4 2.760905577029266E-4 2.760905577029266E-4 2.760905577029266E-4 2.760905577029266E-4 2.760905577029266E-4 2.760905577029266E-4 2.760905577029266E-4 2.760905577029266E-4 2.760905577029266E-4 2.760905577029266E-4 2.760905577029266E-4 2.760905577029266E-4 2.760905577029266E-4 2.760905577029266E-4 2.760905577029266E-4 0.8699613473219217 2.760905577029266E-4 2.760905577029266E-4 2.760905577029266E-4 0.12451684152401987
6.260956674179815E-5 6.260956674179815E-5 0.0031930879038317055 6.260956674179815E-5 6.260956674179815E-5 6.260956674179815E-5 6.260956674179815E-5 6.260956674179815E-5 6.260956674179815E-5 6.260956674179815E-5 6.260956674179815E-5 6.260956674179815E-5 0.00945404457801152 6.260956674179815E-5 6.260956674179815E-5 6.260956674179815E-5 6.260956674179815E-5 6.260956674179815E-5 6.260956674179815E-5 6.260956674179815E-5 6.260956674179815E-5 0.9861632857500625
6.10798924993892E-5 6.10798924993892E-5 0.03976301001710237 6.10798924993892E-5 6.10798924993892E-5 6.10798924993892E-5 6.10798924993892E-5 6.10798924993892E-5 6.10798924993892E-5 6.10798924993892E-5 6.10798924993892E-5 6.10798924993892E-5 6.10798924993892E-5 6.10798924993892E-5 6.10798924993892E-5 6.10798924993892E-5 6.10798924993892E-5 0.14665282189103349 6.10798924993892E-5 6.10798924993892E-5 6.10798924993892E-5 0.8124236501343757
1.6202203499675956E-4 1.6202203499675956E-4 1.6202203499675956E-4 1.6202203499675956E-4 1.6202203499675956E-4 1.6202203499675956E-4 1.6202203499675956E-4 1.6202203499675956E-4 1.6202203499675956E-4 1.6202203499675956E-4 1.6202203499675956E-4 1.6202203499675956E-4 1.6202203499675956E-4 1.6202203499675956E-4 1.6202203499675956E-4 1.6202203499675956E-4 1.6202203499675956E-4 0.7130589760207388 1.6202203499675956E-4 1.6202203499675956E-4 1.6202203499675956E-4 0.283700583279326
3.0795762503079576E-5 3.0795762503079576E-5 3.0795762503079576E-5 3.0795762503079576E-5 3.0795762503079576E-5 3.0795762503079576E-5 3.0795762503079576E-5 3.0795762503079576E-5 3.0795762503079576E-5 3.0795762503079576E-5 0.5204791820645478 3.0795762503079576E-5 3.0795762503079576E-5 0.0015705838876570583 3.0795762503079576E-5 3.0795762503079576E-5 0.0015705838876570583 3.0795762503079576E-5 3.0795762503079576E-5 3.0795762503079576E-5 3.0795762503079576E-5 0.47582532643508246
2.1404109589041097E-4 2.1404109589041097E-4 2.1404109589041097E-4 2.1404109589041097E-4 2.1404109589041097E-4 0.5995291095890412 2.1404109589041097E-4 2.1404109589041097E-4 2.1404109589041097E-4 2.1404109589041097E-4 2.1404109589041097E-4 2.1404109589041097E-4 2.1404109589041097E-4 2.1404109589041097E-4 2.1404109589041097E-4 2.1404109589041097E-4 2.1404109589041097E-4 2.1404109589041097E-4 2.1404109589041097E-4 2.1404109589041097E-4 2.1404109589041097E-4 0.39619006849315075
1.1022927689594357E-4 1.1022927689594357E-4 1.1022927689594357E-4 1.1022927689594357E-4 1.1022927689594357E-4 1.1022927689594357E-4 1.1022927689594357E-4 1.1022927689594357E-4 1.1022927689594357E-4 1.1022927689594357E-4 1.1022927689594357E-4 1.1022927689594357E-4 1.1022927689594357E-4 1.1022927689594357E-4 1.1022927689594357E-4 1.1022927689594357E-4 1.1022927689594357E-4 1.1022927689594357E-4 1.1022927689594357E-4 1.1022927689594357E-4 1.1022927689594357E-4 0.9976851851851852
3.902895948794005E-5 3.902895948794005E-5 3.902895948794005E-5 3.902895948794005E-5 3.902895948794005E-5 3.902895948794005E-5 3.902895948794005E-5 3.902895948794005E-5 3.902895948794005E-5 3.902895948794005E-5 3.902895948794005E-5 0.6635313402544687 3.902895948794005E-5 3.902895948794005E-5 3.902895948794005E-5 3.902895948794005E-5 3.902895948794005E-5 0.1268831472952931 3.902895948794005E-5 3.902895948794005E-5 3.902895948794005E-5 0.20884396221996718
2.9222676797194627E-4 2.9222676797194627E-4 2.9222676797194627E-4 2.9222676797194627E-4 2.9222676797194627E-4 2.9222676797194627E-4 2.9222676797194627E-4 2.9222676797194627E-4 2.9222676797194627E-4 2.9222676797194627E-4 2.9222676797194627E-4 0.6285797779076564 2.9222676797194627E-4 2.9222676797194627E-4 2.9222676797194627E-4 2.9222676797194627E-4 2.9222676797194627E-4 2.9222676797194627E-4 2.9222676797194627E-4 2.9222676797194627E-4 2.9222676797194627E-4 0.36557568673290475
1.487652484379649E-4 1.487652484379649E-4 1.487652484379649E-4 1.487652484379649E-4 1.487652484379649E-4 0.8332341565010414 1.487652484379649E-4 1.487652484379649E-4 1.487652484379649E-4 1.487652484379649E-4 1.487652484379649E-4 0.16379053853019934 1.487652484379649E-4 1.487652484379649E-4 1.487652484379649E-4 1.487652484379649E-4 1.487652484379649E-4 1.487652484379649E-4 1.487652484379649E-4 1.487652484379649E-4 1.487652484379649E-4 1.487652484379649E-4
2.0955574182732607E-4 2.0955574182732607E-4 2.0955574182732607E-4 2.0955574182732607E-4 0.7965213746856664 2.0955574182732607E-4 2.0955574182732607E-4 2.0955574182732607E-4 2.0955574182732607E-4 2.0955574182732607E-4 2.0955574182732607E-4 2.0955574182732607E-4 2.0955574182732607E-4 2.0955574182732607E-4 2.0955574182732607E-4 2.0955574182732607E-4 2.0955574182732607E-4 2.0955574182732607E-4 2.0955574182732607E-4 2.0955574182732607E-4 2.0955574182732607E-4 0.1992875104777871
1.0078613182826043E-4 1.0078613182826043E-4 1.0078613182826043E-4 1.0078613182826043E-4 1.0078613182826043E-4 1.0078613182826043E-4 1.0078613182826043E-4 1.0078613182826043E-4 1.0078613182826043E-4 1.0078613182826043E-4 1.0078613182826043E-4 0.7005644023382384 1.0078613182826043E-4 1.0078613182826043E-4 1.0078613182826043E-4 0.07065107841161056 1.0078613182826043E-4 1.0078613182826043E-4 1.0078613182826043E-4 1.0078613182826043E-4 1.0078613182826043E-4 0.22686958274541424
9.59508731529457E-5 9.59508731529457E-5 0.8636538092496643 9.59508731529457E-5 9.59508731529457E-5 9.59508731529457E-5 9.59508731529457E-5 9.59508731529457E-5 9.59508731529457E-5 9.59508731529457E-5 9.59508731529457E-5 9.59508731529457E-5 9.59508731529457E-5 9.59508731529457E-5 9.59508731529457E-5 9.59508731529457E-5 9.59508731529457E-5 0.01928612550374208 9.59508731529457E-5 9.59508731529457E-5 9.59508731529457E-5 0.11523699865668778
6.769564040075819E-5 6.769564040075819E-5 6.769564040075819E-5 6.769564040075819E-5 6.769564040075819E-5 6.769564040075819E-5 6.769564040075819E-5 6.769564040075819E-5 6.769564040075819E-5 6.769564040075819E-5 6.769564040075819E-5 6.769564040075819E-5 6.769564040075819E-5 6.769564040075819E-5 6.769564040075819E-5 6.769564040075819E-5 6.769564040075819E-5 6.769564040075819E-5 6.769564040075819E-5 6.769564040075819E-5 6.769564040075819E-5 0.998578391551584
1.2465719272001995E-4 1.2465719272001995E-4 0.4738219895287958 1.2465719272001995E-4 1.2465719272001995E-4 1.2465719272001995E-4 1.2465719272001995E-4 1.2465719272001995E-4 1.2465719272001995E-4 1.2465719272001995E-4 1.2465719272001995E-4 0.11854899027673897 1.2465719272001995E-4 1.2465719272001995E-4 1.2465719272001995E-4 1.2465719272001995E-4 1.2465719272001995E-4 1.2465719272001995E-4 1.2465719272001995E-4 0.043754674644727 1.2465719272001995E-4 0.3616305160807779
2.3969319271332696E-4 2.3969319271332696E-4 2.3969319271332696E-4 2.3969319271332696E-4 2.3969319271332696E-4 0.9949664429530201 2.3969319271332696E-4 2.3969319271332696E-4 2.3969319271332696E-4 2.3969319271332696E-4 2.3969319271332696E-4 2.3969319271332696E-4 2.3969319271332696E-4 2.3969319271332696E-4 2.3969319271332696E-4 2.3969319271332696E-4 2.3969319271332696E-4 2.3969319271332696E-4 2.3969319271332696E-4 2.3969319271332696E-4 2.3969319271332696E-4 2.3969319271332696E-4
1.0028078620136383E-4 1.0028078620136383E-4 1.0028078620136383E-4 1.0028078620136383E-4 1.0028078620136383E-4 1.0028078620136383E-4 0.015142398716405938 1.0028078620136383E-4 0.005114320096269555 1.0028078620136383E-4 1.0028078620136383E-4 0.69705174488568 1.0028078620136383E-4 1.0028078620136383E-4 1.0028078620136383E-4 1.0028078620136383E-4 1.0028078620136383E-4 1.0028078620136383E-4 1.0028078620136383E-4 1.0028078620136383E-4 1.0028078620136383E-4 0.2808864821500201
1.1873664212776063E-4 1.1873664212776063E-4 1.1873664212776063E-4 1.1873664212776063E-4 1.1873664212776063E-4 1.1873664212776063E-4 1.1873664212776063E-4 1.1873664212776063E-4 1.1873664212776063E-4 1.1873664212776063E-4 1.1873664212776063E-4 1.1873664212776063E-4 1.1873664212776063E-4 0.9025172168131086 1.1873664212776063E-4 1.1873664212776063E-4 1.1873664212776063E-4 1.1873664212776063E-4 1.1873664212776063E-4 1.1873664212776063E-4 1.1873664212776063E-4 0.09510805034433627
1.2703252032520327E-4 1.2703252032520327E-4 0.8766514227642277 1.2703252032520327E-4 1.2703252032520327E-4 1.2703252032520327E-4 1.2703252032520327E-4 1.2703252032520327E-4 1.2703252032520327E-4 1.2703252032520327E-4 1.2703252032520327E-4 1.2703252032520327E-4 1.2703252032520327E-4 1.2703252032520327E-4 1.2703252032520327E-4 1.2703252032520327E-4 1.2703252032520327E-4 1.2703252032520327E-4 1.2703252032520327E-4 1.2703252032520327E-4 1.2703252032520327E-4 0.12080792682926829
1.238850346878097E-4 1.238850346878097E-4 1.238850346878097E-4 1.238850346878097E-4 1.238850346878097E-4 1.238850346878097E-4 1.238850346878097E-4 1.238850346878097E-4 1.238850346878097E-4 1.238850346878097E-4 1.238850346878097E-4 1.238850346878097E-4 1.238850346878097E-4 1.238850346878097E-4 1.238850346878097E-4 1.238850346878097E-4 1.238850346878097E-4 0.5328295341922695 1.238850346878097E-4 1.238850346878097E-4 1.238850346878097E-4 0.4646927651139742
0.00530035335689046 1.0392849719393058E-4 1.0392849719393058E-4 1.0392849719393058E-4 1.0392849719393058E-4 1.0392849719393058E-4 1.0392849719393058E-4 1.0392849719393058E-4 1.0392849719393058E-4 0.00530035335689046 1.0392849719393058E-4 1.0392849719393058E-4 1.0392849719393058E-4 1.0392849719393058E-4 1.0392849719393058E-4 1.0392849719393058E-4 1.0392849719393058E-4 0.9874246518395344 1.0392849719393058E-4 1.0392849719393058E-4 1.0392849719393058E-4 1.0392849719393058E-4
7.450454477723141E-5 7.450454477723141E-5 7.450454477723141E-5 7.450454477723141E-5 7.450454477723141E-5 7.450454477723141E-5 7.450454477723141E-5 7.450454477723141E-5 0.8270749515720459 7.450454477723141E-5 7.450454477723141E-5 7.450454477723141E-5 7.450454477723141E-5 0.003799731783638802 7.450454477723141E-5 7.450454477723141E-5 7.450454477723141E-5 7.450454477723141E-5 7.450454477723141E-5 7.450454477723141E-5 7.450454477723141E-5 0.1677097302935479
2.0316944331572534E-4 2.0316944331572534E-4 2.0316944331572534E-4 2.0316944331572534E-4 2.0316944331572534E-4 2.0316944331572534E-4 2.0316944331572534E-4 2.0316944331572534E-4 0.6300284437220642 2.0316944331572534E-4 2.0316944331572534E-4 2.0316944331572534E-4 2.0316944331572534E-4 2.0316944331572534E-4 2.0316944331572534E-4 2.0316944331572534E-4 2.0316944331572534E-4 2.0316944331572534E-4 2.0316944331572534E-4 2.0316944331572534E-4 2.0316944331572534E-4 0.36590816741162135
6.034274680183442E-5 6.034274680183442E-5 6.034274680183442E-5 0.0030774800868935553 6.034274680183442E-5 6.034274680183442E-5 6.034274680183442E-5 6.034274680183442E-5 6.034274680183442E-5 6.034274680183442E-5 6.034274680183442E-5 6.034274680183442E-5 0.33194545015689114 6.034274680183442E-5 6.034274680183442E-5 6.034274680183442E-5 6.034274680183442E-5 0.10566014965001208 6.034274680183442E-5 6.034274680183442E-5 6.034274680183442E-5 0.5582307506637703
2.117746717492588E-4 2.117746717492588E-4 2.117746717492588E-4 2.117746717492588E-4 2.117746717492588E-4 2.117746717492588E-4 2.117746717492588E-4 2.117746717492588E-4 2.117746717492588E-4 2.117746717492588E-4 2.117746717492588E-4 2.117746717492588E-4 2.117746717492588E-4 0.9955527318932655 2.117746717492588E-4 2.117746717492588E-4 2.117746717492588E-4 2.117746717492588E-4 2.117746717492588E-4 2.117746717492588E-4 2.117746717492588E-4 2.117746717492588E-4
7.708911501695961E-5 7.708911501695961E-5 7.708911501695961E-5 7.708911501695961E-5 7.708911501695961E-5 7.708911501695961E-5 7.708911501695961E-5 7.708911501695961E-5 7.708911501695961E-5 7.708911501695961E-5 7.708911501695961E-5 7.708911501695961E-5 7.708911501695961E-5 7.708911501695961E-5 7.708911501695961E-5 7.708911501695961E-5 7.708911501695961E-5 7.708911501695961E-5 7.708911501695961E-5 0.6861702127659575 7.708911501695961E-5 0.31228800493370334
3.6075036075036075E-4 3.6075036075036075E-4 3.6075036075036075E-4 3.6075036075036075E-4 3.6075036075036075E-4 3.6075036075036075E-4 3.6075036075036075E-4 3.6075036075036075E-4 3.6075036075036075E-4 3.6075036075036075E-4 3.6075036075036075E-4 3.6075036075036075E-4 3.6075036075036075E-4 3.6075036075036075E-4 3.6075036075036075E-4 3.6075036075036075E-4 0.46933621933621933 3.6075036075036075E-4 3.6075036075036075E-4 3.6075036075036075E-4 3.6075036075036075E-4 0.5234487734487735
5.857544517338332E-5 5.857544517338332E-5 5.857544517338332E-5 5.857544517338332E-5 5.857544517338332E-5 5.857544517338332E-5 5.857544517338332E-5 5.857544517338332E-5 5.857544517338332E-5 5.857544517338332E-5 5.857544517338332E-5 0.032275070290534204 5.857544517338332E-5 5.857544517338332E-5 5.857544517338332E-5 5.857544517338332E-5 5.857544517338332E-5 0.966553420805998 5.857544517338332E-5 5.857544517338332E-5 5.857544517338332E-5 5.857544517338332E-5
3.244435792615664E-5 3.244435792615664E-5 3.244435792615664E-5 3.244435792615664E-5 3.244435792615664E-5 3.244435792615664E-5 3.244435792615664E-5 3.244435792615664E-5 3.244435792615664E-5 3.244435792615664E-5 3.244435792615664E-5 3.244435792615664E-5 3.244435792615664E-5 3.244435792615664E-5 3.244435792615664E-5 3.244435792615664E-5 3.244435792615664E-5 3.244435792615664E-5 3.244435792615664E-5 0.6732528713256763 3.244435792615664E-5 0.3260982415158004
9.782821365681864E-5 9.782821365681864E-5 0.9979456075132068 9.782821365681864E-5 9.782821365681864E-5 9.782821365681864E-5 9.782821365681864E-5 9.782821365681864E-5 9.782821365681864E-5 9.782821365681864E-5 9.782821365681864E-5 9.782821365681864E-5 9.782821365681864E-5 9.782821365681864E-5 9.782821365681864E-5 9.782821365681864E-5 9.782821365681864E-5 9.782821365681864E-5 9.782821365681864E-5 9.782821365681864E-5 9.782821365681864E-5 9.782821365681864E-5
1.8789928598271328E-4 1.8789928598271328E-4 0.7799699361142427 1.8789928598271328E-4 1.8789928598271328E-4 1.8789928598271328E-4 1.8789928598271328E-4 1.8789928598271328E-4 1.8789928598271328E-4 1.8789928598271328E-4 1.8789928598271328E-4 1.8789928598271328E-4 1.8789928598271328E-4 1.8789928598271328E-4 1.8789928598271328E-4 1.8789928598271328E-4 1.8789928598271328E-4 1.8789928598271328E-4 1.8789928598271328E-4 1.8789928598271328E-4 1.8789928598271328E-4 0.21627207816610297
2.0955574182732607E-4 2.0955574182732607E-4 2.0955574182732607E-4 2.0955574182732607E-4 2.0955574182732607E-4 2.0955574182732607E-4 2.0955574182732607E-4 2.0955574182732607E-4 2.0955574182732607E-4 2.0955574182732607E-4 2.0955574182732607E-4 2.0955574182732607E-4 2.0955574182732607E-4 2.0955574182732607E-4 2.0955574182732607E-4 2.0955574182732607E-4 2.0955574182732607E-4 2.0955574182732607E-4 2.0955574182732607E-4 2.0955574182732607E-4 0.021165129924559933 0.9746437552388936
1.1335298118340512E-4 1.1335298118340512E-4 1.1335298118340512E-4 1.1335298118340512E-4 1.1335298118340512E-4 1.1335298118340512E-4 1.1335298118340512E-4 1.1335298118340512E-4 1.1335298118340512E-4 1.1335298118340512E-4 1.1335298118340512E-4 1.1335298118340512E-4 1.1335298118340512E-4 1.1335298118340512E-4 1.1335298118340512E-4 1.1335298118340512E-4 1.1335298118340512E-4 0.8956019043300839 1.1335298118340512E-4 1.1335298118340512E-4 1.1335298118340512E-4 0.10213103604624801
3.721345638582911E-5 3.721345638582911E-5 3.721345638582911E-5 3.721345638582911E-5 3.721345638582911E-5 3.721345638582911E-5 3.721345638582911E-5 3.721345638582911E-5 3.721345638582911E-5 3.721345638582911E-5 3.721345638582911E-5 3.721345638582911E-5 3.721345638582911E-5 3.721345638582911E-5 3.721345638582911E-5 3.721345638582911E-5 3.721345638582911E-5 3.721345638582911E-5 3.721345638582911E-5 0.7331423042572193 3.721345638582911E-5 0.266113426615064
1.763046544428773E-4 1.763046544428773E-4 1.763046544428773E-4 1.763046544428773E-4 1.763046544428773E-4 1.763046544428773E-4 1.763046544428773E-4 1.763046544428773E-4 1.763046544428773E-4 1.763046544428773E-4 1.763046544428773E-4 1.763046544428773E-4 1.763046544428773E-4 1.763046544428773E-4 1.763046544428773E-4 1.763046544428773E-4 0.5467207334273625 1.763046544428773E-4 1.763046544428773E-4 1.763046544428773E-4 1.763046544428773E-4 0.44975317348378
6.862475981334066E-5 6.862475981334066E-5 6.862475981334066E-5 6.862475981334066E-5 6.862475981334066E-5 6.862475981334066E-5 6.862475981334066E-5 6.862475981334066E-5 6.862475981334066E-5 6.862475981334066E-5 6.862475981334066E-5 6.862475981334066E-5 6.862475981334066E-5 6.862475981334066E-5 6.862475981334066E-5 0.47701070546253094 6.862475981334066E-5 6.862475981334066E-5 6.862475981334066E-5 0.0034998627504803734 6.862475981334066E-5 0.5181855613505353
1.1271415689810641E-4 1.1271415689810641E-4 1.1271415689810641E-4 1.1271415689810641E-4 0.6256762849413886 1.1271415689810641E-4 1.1271415689810641E-4 1.1271415689810641E-4 1.1271415689810641E-4 1.1271415689810641E-4 1.1271415689810641E-4 1.1271415689810641E-4 1.1271415689810641E-4 1.1271415689810641E-4 1.1271415689810641E-4 1.1271415689810641E-4 1.1271415689810641E-4 1.1271415689810641E-4 1.1271415689810641E-4 1.1271415689810641E-4 1.1271415689810641E-4 0.37206943192064923
1.7029972752043596E-4 1.7029972752043596E-4 1.7029972752043596E-4 1.7029972752043596E-4 0.6473092643051771 1.7029972752043596E-4 1.7029972752043596E-4 1.7029972752043596E-4 1.7029972752043596E-4 1.7029972752043596E-4 1.7029972752043596E-4 1.7029972752043596E-4 1.7029972752043596E-4 1.7029972752043596E-4 1.7029972752043596E-4 1.7029972752043596E-4 1.7029972752043596E-4 1.7029972752043596E-4 1.7029972752043596E-4 1.7029972752043596E-4 1.7029972752043596E-4 0.3492847411444142
0.5222291149710504 1.0339123242349049E-4 1.0339123242349049E-4 0.005272952853598015 1.0339123242349049E-4 1.0339123242349049E-4 1.0339123242349049E-4 1.0339123242349049E-4 1.0339123242349049E-4 1.0339123242349049E-4 1.0339123242349049E-4 1.0339123242349049E-4 1.0339123242349049E-4 1.0339123242349049E-4 1.0339123242349049E-4 1.0339123242349049E-4 1.0339123242349049E-4 1.0339123242349049E-4 1.0339123242349049E-4 1.0339123242349049E-4 1.0339123242349049E-4 0.47053349875930517
6.815703380588877E-5 6.815703380588877E-5 6.815703380588877E-5 6.815703380588877E-5 0.5930343511450382 6.815703380588877E-5 6.815703380588877E-5 6.815703380588877E-5 6.815703380588877E-5 6.815703380588877E-5 6.815703380588877E-5 6.815703380588877E-5 6.815703380588877E-5 6.815703380588877E-5 6.815703380588877E-5 6.815703380588877E-5 6.815703380588877E-5 6.815703380588877E-5 6.815703380588877E-5 6.815703380588877E-5 6.815703380588877E-5 0.405602508178844
5.857544517338332E-5 5.857544517338332E-5 5.857544517338332E-5 5.857544517338332E-5 0.6151007497656983 5.857544517338332E-5 5.857544517338332E-5 5.857544517338332E-5 5.857544517338332E-5 5.857544517338332E-5 5.857544517338332E-5 5.857544517338332E-5 5.857544517338332E-5 5.857544517338332E-5 5.857544517338332E-5 5.857544517338332E-5 5.857544517338332E-5 5.857544517338332E-5 5.857544517338332E-5 5.857544517338332E-5 5.857544517338332E-5 0.38372774133083415
1.0902747492368077E-4 1.0902747492368077E-4 1.0902747492368077E-4 1.0902747492368077E-4 1.0902747492368077E-4 1.0902747492368077E-4 1.0902747492368077E-4 1.0902747492368077E-4 1.0902747492368077E-4 1.0902747492368077E-4 1.0902747492368077E-4 1.0902747492368077E-4 1.0902747492368077E-4 1.0902747492368077E-4 1.0902747492368077E-4 1.0902747492368077E-4 1.0902747492368077E-4 0.877780200610554 1.0902747492368077E-4 1.0902747492368077E-4 1.0902747492368077E-4 0.12003924989097252
2.8676301904106445E-5 0.0014624913971094287 2.8676301904106445E-5 2.8676301904106445E-5 0.5592165634319798 2.8676301904106445E-5 2.8676301904106445E-5 2.8676301904106445E-5 2.8676301904106445E-5 2.8676301904106445E-5 2.8676301904106445E-5 2.8676301904106445E-5 2.8676301904106445E-5 2.8676301904106445E-5 2.8676301904106445E-5 2.8676301904106445E-5 2.8676301904106445E-5 2.8676301904106445E-5 2.8676301904106445E-5 2.8676301904106445E-5 2.8676301904106445E-5 0.43877609543473267
2.0316944331572534E-4 2.0316944331572534E-4 2.0316944331572534E-4 2.0316944331572534E-4 2.0316944331572534E-4 2.0316944331572534E-4 2.0316944331572534E-4 2.0316944331572534E-4 2.0316944331572534E-4 2.0316944331572534E-4 2.0316944331572534E-4 2.0316944331572534E-4 2.0316944331572534E-4 2.0316944331572534E-4 2.0316944331572534E-4 2.0316944331572534E-4 0.467492889069484 2.0316944331572534E-4 2.0316944331572534E-4 2.0316944331572534E-4 2.0316944331572534E-4 0.5284437220642015
6.505334374186833E-5 6.505334374186833E-5 6.505334374186833E-5 6.505334374186833E-5 6.505334374186833E-5 6.505334374186833E-5 6.505334374186833E-5 6.505334374186833E-5 6.505334374186833E-5 6.505334374186833E-5 6.505334374186833E-5 6.505334374186833E-5 6.505334374186833E-5 0.8002211813687224 6.505334374186833E-5 6.505334374186833E-5 6.505334374186833E-5 6.505334374186833E-5 6.505334374186833E-5 6.505334374186833E-5 6.505334374186833E-5 0.19847775175644028
1.6605778811026238E-4 1.6605778811026238E-4 1.6605778811026238E-4 1.6605778811026238E-4 1.6605778811026238E-4 1.6605778811026238E-4 1.6605778811026238E-4 1.6605778811026238E-4 1.6605778811026238E-4 1.6605778811026238E-4 0.6893058784456991 1.6605778811026238E-4 1.6605778811026238E-4 1.6605778811026238E-4 1.6605778811026238E-4 1.6605778811026238E-4 1.6605778811026238E-4 1.6605778811026238E-4 1.6605778811026238E-4 1.6605778811026238E-4 1.6605778811026238E-4 0.30737296579209566
2.5497195308516065E-4 2.5497195308516065E-4 2.5497195308516065E-4 2.5497195308516065E-4 2.5497195308516065E-4 2.5497195308516065E-4 2.5497195308516065E-4 2.5497195308516065E-4 2.5497195308516065E-4 2.5497195308516065E-4 2.5497195308516065E-4 2.5497195308516065E-4 2.5497195308516065E-4 2.5497195308516065E-4 2.5497195308516065E-4 2.5497195308516065E-4 2.5497195308516065E-4 0.9946455889852116 2.5497195308516065E-4 2.5497195308516065E-4 2.5497195308516065E-4 2.5497195308516065E-4
2.42600679281902E-4 2.42600679281902E-4 2.42600679281902E-4 2.42600679281902E-4 2.42600679281902E-4 2.42600679281902E-4 2.42600679281902E-4 2.42600679281902E-4 2.42600679281902E-4 2.42600679281902E-4 2.42600679281902E-4 2.42600679281902E-4 2.42600679281902E-4 0.9706453178068898 2.42600679281902E-4 2.42600679281902E-4 2.42600679281902E-4 2.42600679281902E-4 0.024502668607472102 2.42600679281902E-4 2.42600679281902E-4 2.42600679281902E-4
1.487652484379649E-4 1.487652484379649E-4 1.487652484379649E-4 1.487652484379649E-4 1.487652484379649E-4 1.487652484379649E-4 1.487652484379649E-4 1.487652484379649E-4 1.487652484379649E-4 1.487652484379649E-4 1.487652484379649E-4 1.487652484379649E-4 1.487652484379649E-4 1.487652484379649E-4 1.487652484379649E-4 1.487652484379649E-4 1.487652484379649E-4 0.9968759297828028 1.487652484379649E-4 1.487652484379649E-4 1.487652484379649E-4 1.487652484379649E-4
7.368110816386678E-5 7.368110816386678E-5 7.368110816386678E-5 7.368110816386678E-5 7.368110816386678E-5 7.368110816386678E-5 7.368110816386678E-5 7.368110816386678E-5 0.007441791924550545 7.368110816386678E-5 7.368110816386678E-5 7.368110816386678E-5 7.368110816386678E-5 7.368110816386678E-5 7.368110816386678E-5 7.368110816386678E-5 7.368110816386678E-5 0.9910845859121721 7.368110816386678E-5 7.368110816386678E-5 7.368110816386678E-5 7.368110816386678E-5
6.202704379109292E-5 6.202704379109292E-5 6.202704379109292E-5 6.202704379109292E-5 6.202704379109292E-5 6.202704379109292E-5 6.202704379109292E-5 6.202704379109292E-5 6.202704379109292E-5 6.202704379109292E-5 6.202704379109292E-5 6.202704379109292E-5 6.202704379109292E-5 0.9149609229624116 6.202704379109292E-5 6.202704379109292E-5 6.202704379109292E-5 6.202704379109292E-5 6.202704379109292E-5 6.202704379109292E-5 6.202704379109292E-5 0.08379853616176652
3.4818941504178273E-4 3.4818941504178273E-4 3.4818941504178273E-4 3.4818941504178273E-4 3.4818941504178273E-4 3.4818941504178273E-4 3.4818941504178273E-4 3.4818941504178273E-4 3.4818941504178273E-4 3.4818941504178273E-4 3.4818941504178273E-4 3.4818941504178273E-4 3.4818941504178273E-4 0.6619080779944291 3.4818941504178273E-4 3.4818941504178273E-4 3.4818941504178273E-4 3.4818941504178273E-4 3.4818941504178273E-4 3.4818941504178273E-4 0.1048050139275766 0.22667130919220055
5.2295784959732244E-5 5.2295784959732244E-5 5.2295784959732244E-5 5.2295784959732244E-5 5.2295784959732244E-5 5.2295784959732244E-5 5.2295784959732244E-5 5.2295784959732244E-5 5.2295784959732244E-5 5.2295784959732244E-5 5.2295784959732244E-5 5.2295784959732244E-5 5.2295784959732244E-5 5.2295784959732244E-5 5.2295784959732244E-5 5.2295784959732244E-5 0.7478820207091308 5.2295784959732244E-5 5.2295784959732244E-5 5.2295784959732244E-5 5.2295784959732244E-5 0.2510720635916745
2.5176233635448137E-4 2.5176233635448137E-4 2.5176233635448137E-4 2.5176233635448137E-4 2.5176233635448137E-4 2.5176233635448137E-4 2.5176233635448137E-4 2.5176233635448137E-4 2.5176233635448137E-4 2.5176233635448137E-4 2.5176233635448137E-4 2.5176233635448137E-4 2.5176233635448137E-4 2.5176233635448137E-4 2.5176233635448137E-4 2.5176233635448137E-4 2.5176233635448137E-4 2.5176233635448137E-4 2.5176233635448137E-4 0.7303625377643506 2.5176233635448137E-4 0.26460221550855995
8.832361773538245E-5 8.832361773538245E-5 8.832361773538245E-5 8.832361773538245E-5 8.832361773538245E-5 8.832361773538245E-5 8.832361773538245E-5 8.832361773538245E-5 8.832361773538245E-5 8.832361773538245E-5 0.5432785726903374 8.832361773538245E-5 8.832361773538245E-5 8.832361773538245E-5 8.832361773538245E-5 8.832361773538245E-5 8.832361773538245E-5 8.832361773538245E-5 8.832361773538245E-5 8.832361773538245E-5 8.832361773538245E-5 0.4549549549549549
9.326618168252192E-5 9.326618168252192E-5 9.326618168252192E-5 9.326618168252192E-5 9.326618168252192E-5 9.326618168252192E-5 9.326618168252192E-5 9.326618168252192E-5 9.326618168252192E-5 9.326618168252192E-5 0.004756575265808618 9.326618168252192E-5 9.326618168252192E-5 9.326618168252192E-5 9.326618168252192E-5 9.326618168252192E-5 9.326618168252192E-5 0.9747248647640366 9.326618168252192E-5 9.326618168252192E-5 9.326618168252192E-5 0.018746502518186905
6.016123210203345E-5 6.016123210203345E-5 6.016123210203345E-5 6.016123210203345E-5 6.016123210203345E-5 6.016123210203345E-5 6.016123210203345E-5 6.016123210203345E-5 6.016123210203345E-5 6.016123210203345E-5 6.016123210203345E-5 6.016123210203345E-5 6.016123210203345E-5 6.016123210203345E-5 6.016123210203345E-5 6.016123210203345E-5 0.5475273733606064 6.016123210203345E-5 6.016123210203345E-5 6.016123210203345E-5 6.016123210203345E-5 0.45126940199735294
6.126700159294204E-5 6.126700159294204E-5 6.126700159294204E-5 6.126700159294204E-5 6.126700159294204E-5 6.126700159294204E-5 6.126700159294204E-5 6.126700159294204E-5 6.126700159294204E-5 6.126700159294204E-5 6.126700159294204E-5 6.126700159294204E-5 6.126700159294204E-5 0.992586692807254 6.126700159294204E-5 6.126700159294204E-5 6.126700159294204E-5 6.126700159294204E-5 6.126700159294204E-5 6.126700159294204E-5 6.126700159294204E-5 0.0061879671608871464
3.1525851197982345E-4 3.1525851197982345E-4 3.1525851197982345E-4 3.1525851197982345E-4 0.016078184110971 3.1525851197982345E-4 3.1525851197982345E-4 3.1525851197982345E-4 3.1525851197982345E-4 3.1525851197982345E-4 3.1525851197982345E-4 3.1525851197982345E-4 3.1525851197982345E-4 0.5204918032786886 3.1525851197982345E-4 3.1525851197982345E-4 3.1525851197982345E-4 3.1525851197982345E-4 0.03184110970996217 3.1525851197982345E-4 3.1525851197982345E-4 0.4259142496847415
2.723311546840959E-4 2.723311546840959E-4 2.723311546840959E-4 2.723311546840959E-4 2.723311546840959E-4 2.723311546840959E-4 2.723311546840959E-4 2.723311546840959E-4 2.723311546840959E-4 2.723311546840959E-4 2.723311546840959E-4 2.723311546840959E-4 2.723311546840959E-4 2.723311546840959E-4 2.723311546840959E-4 2.723311546840959E-4 2.723311546840959E-4 2.723311546840959E-4 2.723311546840959E-4 2.723311546840959E-4 2.723311546840959E-4 0.994281045751634
1.072731173567904E-4 1.072731173567904E-4 0.09665307873846814 1.072731173567904E-4 1.072731173567904E-4 1.072731173567904E-4 1.072731173567904E-4 1.072731173567904E-4 1.072731173567904E-4 1.072731173567904E-4 1.072731173567904E-4 1.072731173567904E-4 1.072731173567904E-4 0.4613816777515554 1.072731173567904E-4 1.072731173567904E-4 1.072731173567904E-4 1.072731173567904E-4 1.072731173567904E-4 1.072731173567904E-4 1.072731173567904E-4 0.43992705428019735
9.326618168252192E-5 9.326618168252192E-5 9.326618168252192E-5 9.326618168252192E-5 9.326618168252192E-5 9.326618168252192E-5 9.326618168252192E-5 9.326618168252192E-5 9.326618168252192E-5 9.326618168252192E-5 9.326618168252192E-5 9.326618168252192E-5 9.326618168252192E-5 0.9607349375116583 9.326618168252192E-5 9.326618168252192E-5 9.326618168252192E-5 9.326618168252192E-5 9.326618168252192E-5 9.326618168252192E-5 9.326618168252192E-5 0.037399738854691285
6.165228113440197E-4 6.165228113440197E-4 6.165228113440197E-4 6.165228113440197E-4 6.165228113440197E-4 0.8637484586929717 6.165228113440197E-4 6.165228113440197E-4 6.165228113440197E-4 6.165228113440197E-4 6.165228113440197E-4 0.12392108508014796 6.165228113440197E-4 6.165228113440197E-4 6.165228113440197E-4 6.165228113440197E-4 6.165228113440197E-4 6.165228113440197E-4 6.165228113440197E-4 6.165228113440197E-4 6.165228113440197E-4 6.165228113440197E-4
2.42600679281902E-4 2.42600679281902E-4 0.012372634643377001 2.42600679281902E-4 2.42600679281902E-4 2.42600679281902E-4 2.42600679281902E-4 2.42600679281902E-4 2.42600679281902E-4 2.42600679281902E-4 2.42600679281902E-4 0.6310043668122272 2.42600679281902E-4 0.3520135856380398 2.42600679281902E-4 2.42600679281902E-4 2.42600679281902E-4 2.42600679281902E-4 2.42600679281902E-4 2.42600679281902E-4 2.42600679281902E-4 2.42600679281902E-4
1.465845793022574E-4 1.465845793022574E-4 1.465845793022574E-4 1.465845793022574E-4 1.465845793022574E-4 1.465845793022574E-4 1.465845793022574E-4 1.465845793022574E-4 1.465845793022574E-4 1.465845793022574E-4 1.465845793022574E-4 1.465845793022574E-4 1.465845793022574E-4 1.465845793022574E-4 1.465845793022574E-4 1.465845793022574E-4 1.465845793022574E-4 0.3226326590442686 1.465845793022574E-4 1.465845793022574E-4 1.465845793022574E-4 0.6744356493696863
3.6075036075036075E-4 3.6075036075036075E-4 3.6075036075036075E-4 3.6075036075036075E-4 3.6075036075036075E-4 3.6075036075036075E-4 3.6075036075036075E-4 3.6075036075036075E-4 3.6075036075036075E-4 3.6075036075036075E-4 3.6075036075036075E-4 0.8661616161616162 3.6075036075036075E-4 3.6075036075036075E-4 3.6075036075036075E-4 3.6075036075036075E-4 3.6075036075036075E-4 3.6075036075036075E-4 3.6075036075036075E-4 3.6075036075036075E-4 3.6075036075036075E-4 0.1266233766233766
1.763046544428773E-4 1.763046544428773E-4 1.763046544428773E-4 1.763046544428773E-4 1.763046544428773E-4 1.763046544428773E-4 1.763046544428773E-4 1.763046544428773E-4 1.763046544428773E-4 1.763046544428773E-4 1.763046544428773E-4 1.763046544428773E-4 1.763046544428773E-4 1.763046544428773E-4 1.763046544428773E-4 1.763046544428773E-4 0.5202750352609309 0.008991537376586742 1.763046544428773E-4 1.763046544428773E-4 1.763046544428773E-4 0.4673836389280677
